$ufftopology
nxtnei12
    1     3
          2     4    11
    2     3
          1     3     7
    3     3
          2     6    12
    4     3
          1     5    10
    5     3
          4     6    13
    6     3
          3     5     9
    7     2
          2     8
    8     1
          7
    9     1
          6
   10     1
          4
   11     1
          1
   12     1
          3
   13     4
          5    14    15    16
   14     4
         13    17    21    22
   15     1
         13
   16     1
         13
   17     3
         14    18    19
   18     1
         17
   19     2
         17    20
   20     1
         19
   21     3
         14    23    24
   22     1
         14
   23     1
         21
   24     1
         21
nxtnei13
    1     4
          3     7     5    10
    2     5
          4    11     6    12     8
    3     4
          1     7     5     9
    4     4
          2    11     6    13
    5     7
          1    10     3     9    14    15    16
    6     4
          2    12     4    13
    7     2
          1     3
    8     1
          2
    9     2
          3     5
   10     2
          1     5
   11     2
          2     4
   12     2
          2     6
   13     5
          4     6    17    21    22
   14     7
          5    15    16    18    19    23    24
   15     3
          5    14    16
   16     3
          5    14    15
   17     4
         13    21    22    20
   18     2
         14    19
   19     2
         14    18
   20     1
         17
   21     3
         13    17    22
   22     3
         13    17    21
   23     2
         14    24
   24     2
         14    23
nxtnei14
    1     4
          6    12     8    13
    2     3
          5    10     9
    3     4
          4    11     8    13
    4     6
          3     7     9    14    15    16
    5     6
          2    11    12    17    21    22
    6     6
          1     7    10    14    15    16
    7     4
          4    11     6    12
    8     2
          1     3
    9     4
          2    12     4    13
   10     4
          2    11     6    13
   11     4
          3     7     5    10
   12     4
          1     7     5     9
   13     8
          1    10     3     9    18    19    23    24
   14     3
          4     6    20
   15     5
          4     6    17    21    22
   16     5
          4     6    17    21    22
   17     5
          5    15    16    23    24
   18     4
         13    21    22    20
   19     3
         13    21    22
   20     2
         14    18
   21     5
          5    15    16    18    19
   22     7
          5    15    16    18    19    23    24
   23     3
         13    17    22
   24     3
         13    17    22
connectivity (= bond)
                    24
     1     2   2.569751   2.000000
     1     4   2.565308   2.000000
     1    11   2.049802   1.000000
     2     3   2.555079   2.000000
     2     7   2.642438   1.000000
     3     6   2.564687   2.000000
     3    12   2.049663   1.000000
     4     5   2.573758   2.000000
     4    10   2.054433   1.000000
     5     6   2.572475   2.000000
     5    13   2.861398   1.000000
     6     9   2.053946   1.000000
     7     8   1.916587   1.000000
    13    14   2.911464   1.000000
    13    15   2.104771   1.000000
    13    16   2.104726   1.000000
    14    17   2.890935   1.000000
    14    21   2.790399   1.000000
    14    22   2.106170   1.000000
    17    18   2.625990   1.000000
    17    19   2.635228   1.000000
    19    20   1.906239   1.000000
    21    23   1.981487   1.000000
    21    24   1.984025   1.000000
angle
                    38
     1     2     3     2     119.62       1.00       4.00
     1     2     7     2     121.65       1.00       5.00
     1     4     5     2     120.26       2.00       8.00
     1     4    10     2     119.36       2.00       9.00
     2     1     4     2     120.18       1.00       2.00
     2     1    11     2     120.12       1.00       3.00
     2     3     6     2     120.44       4.00       6.00
     2     3    12     2     118.86       4.00       7.00
     2     7     8     9     114.06       5.00      13.00
     3     2     7     2     118.73       4.00       5.00
     3     6     5     2     120.21       6.00      10.00
     3     6     9     2     119.54       6.00      12.00
     4     1    11     2     119.71       2.00       3.00
     4     5     6     2     119.28       8.00      10.00
     4     5    13     2     120.33       8.00      11.00
     5     4    10     2     120.38       8.00       9.00
     5     6     9     2     120.25      10.00      12.00
     5    13    14     9     111.56      11.00      14.00
     5    13    15     9     110.03      11.00      15.00
     5    13    16     9     109.52      11.00      16.00
     6     3    12     2     120.70       6.00       7.00
     6     5    13     2     120.36      10.00      11.00
    13    14    17     9     110.67      14.00      17.00
    13    14    21     9     109.25      14.00      18.00
    13    14    22     9     108.77      14.00      19.00
    14    13    15     9     109.79      14.00      15.00
    14    13    16     9     109.80      14.00      16.00
    14    17    18     2     119.90      17.00      20.00
    14    17    19     2     121.33      17.00      21.00
    14    21    23     9     109.04      18.00      23.00
    14    21    24     9     109.75      18.00      24.00
    15    13    16     9     105.99      15.00      16.00
    17    14    21     9     112.69      17.00      18.00
    17    14    22     9     106.60      17.00      19.00
    17    19    20     9     112.32      21.00      22.00
    18    17    19     2     118.70      20.00      21.00
    21    14    22     9     108.74      18.00      19.00
    23    21    24     9     105.62      23.00      24.00
torsion
                    55
     4     1     2     3     1     3 359.89810525 120.17524203 119.62175428
     4     1     2     7     1     3 180.01433292 120.17524203 121.64930607
    11     1     2     3     1     3 179.75770734 120.11932506 119.62175428
    11     1     2     7     1     3 359.87393500 120.11932506 121.64930607
     2     1     4     5     2     3 359.61440155 120.17524203 120.25794313
     2     1     4    10     2     3 179.68298551 120.17524203 119.35863068
    11     1     4     5     2     3 179.75421698 119.70528482 120.25794313
    11     1     4    10     2     3 359.82280094 119.70528482 119.35863068
     1     2     3     6     4     3   0.19555207 119.62175428 120.44480023
     1     2     3    12     4     3 180.49658534 119.62175428 118.85595100
     7     2     3     6     4     3 180.08272130 118.72884016 120.44480023
     7     2     3    12     4     3   0.38375458 118.72884016 118.85595100
     1     2     7     8     5     3 359.99184192 121.64930607 114.05910177
     3     2     7     8     5     3 180.10706266 118.72884016 114.05910177
     2     3     6     5     6     3   0.19811168 120.44480023 120.21259128
     2     3     6     9     6     3 180.92492499 120.44480023 119.53595744
    12     3     6     5     6     3 179.89148712 120.69855433 120.21259128
    12     3     6     9     6     3   0.61830043 120.69855433 119.53595744
     1     4     5     6     8     3   0.77225321 120.25794313 119.28339062
     1     4     5    13     8     3 179.12705471 120.25794313 120.33410397
    10     4     5     6     8     3 180.70296107 120.38339037 119.28339062
    10     4     5    13     8     3 359.05776257 120.38339037 120.33410397
     4     5     6     3    10     3 359.32103518 119.28339062 120.21259128
     4     5     6     9    10     3 178.58901487 119.28339062 120.24743899
    13     5     6     3    10     3 180.96670111 120.36189698 120.21259128
    13     5     6     9    10     3   0.23468081 120.36189698 120.24743899
     4     5    13    14    11    22 265.25475202 120.33410397 111.56008275
     4     5    13    15    11    22 143.14281537 120.33410397 110.02862163
     4     5    13    16    11    22  27.01814907 120.33410397 109.51745299
     6     5    13    14    11    22  83.59169970 120.36189698 111.56008275
     6     5    13    15    11    22 321.47976305 120.36189698 110.02862163
     6     5    13    16    11    22 205.35509675 120.36189698 109.51745299
     5    13    14    17    14     1 166.93908239 111.56008275 110.66606120
     5    13    14    21    14     1 291.58131774 111.56008275 109.24894738
     5    13    14    22    14     1  50.14500841 111.56008275 108.77232215
    15    13    14    17    14     1 289.18654916 109.79317610 110.66606120
    15    13    14    21    14     1  53.82878451 109.79317610 109.24894738
    15    13    14    22    14     1 172.39247518 109.79317610 108.77232215
    16    13    14    17    14     1  45.33709431 109.79634380 110.66606120
    16    13    14    21    14     1 169.97932966 109.79634380 109.24894738
    16    13    14    22    14     1 288.54302033 109.79634380 108.77232215
    13    14    17    18    17    22  91.09304174 110.66606120 119.90017595
    13    14    17    19    17    22 274.03067633 110.66606120 121.33367717
    21    14    17    18    17    22 328.43408914 112.69276927 119.90017595
    21    14    17    19    17    22 151.37172374 112.69276927 121.33367717
    22    14    17    18    17    22 209.21741790 106.60483526 119.90017595
    22    14    17    19    17    22  32.15505249 106.60483526 121.33367717
    13    14    21    23    18     1 174.21434144 109.24894738 109.04017569
    13    14    21    24    18     1 289.45636697 109.24894738 109.74745647
    17    14    21    23    18     1 297.66408889 112.69276927 109.04017569
    17    14    21    24    18     1  52.90611443 112.69276927 109.74745647
    22    14    21    23    18     1  55.63150955 108.74162471 109.04017569
    22    14    21    24    18     1 170.87353508 108.74162471 109.74745647
    14    17    19    20    21     3   1.42636179 121.33367717 112.32408434
    18    17    19    20    21     3 184.32970681 118.70256682 112.32408434
inversion
                     8
     1     2     4    11    11    11    11    0.121    0.121    0.121
     2     1     3     7    10    11    11   -0.099   -0.101   -0.098
     3     2     6    12    11    11    11   -0.264   -0.260   -0.264
     4     1     5    10    11    11    11   -0.060   -0.059   -0.060
     5     4     6    13    11    11    11    1.420    1.435    1.435
     6     3     5     9    11    11    11   -0.632   -0.628   -0.633
    17    14    18    19    10    10    11   -2.509   -2.546   -2.480
    21    14    23    24     9     9     9   58.356   58.763   56.677
nonbond
                   214
    1     6    5.125
    1     8    4.792
    1     9    7.179
    1    12    6.278
    1    13    7.083
    1    14    8.593
    1    15    8.449
    1    16    7.502
    1    17   11.111
    1    18   13.155
    1    19   11.869
    1    20   10.669
    1    21    9.519
    1    22    7.946
    1    23   10.838
    1    24   10.819
    2     5    5.154
    2     9    6.297
    2    10    6.305
    2    13    8.015
    2    14    9.456
    2    15    8.967
    2    16    8.950
    2    17   12.207
    2    18   13.951
    2    19   13.404
    2    20   12.431
    2    21    9.661
    2    22    9.086
    2    23   11.003
    2    24   10.802
    3     4    5.122
    3     8    6.129
    3    10    7.176
    3    11    6.292
    3    13    7.081
    3    14    8.454
    3    15    7.584
    3    16    8.487
    3    17   11.246
    3    18   12.613
    3    19   12.878
    3    20   12.245
    3    21    8.099
    3    22    8.562
    3    23    9.562
    3    24    8.953
    4     7    6.890
    4     8    7.346
    4     9    6.311
    4    12    7.172
    4    14    6.374
    4    15    6.302
    4    16    4.968
    4    17    8.702
    4    18   10.784
    4    19    9.419
    4    20    8.307
    4    21    7.770
    4    22    5.901
    4    23    9.190
    4    24    9.006
    5     7    7.796
    5     8    8.780
    5    11    6.311
    5    12    6.320
    5    17    7.298
    5    18    8.984
    5    19    8.661
    5    20    8.039
    5    21    5.719
    5    22    5.079
    5    23    7.413
    5    24    6.675
    6     7    6.839
    6     8    8.283
    6    10    6.313
    6    11    7.175
    6    14    6.188
    6    15    5.080
    6    16    6.363
    6    17    8.877
    6    18   10.116
    6    19   10.667
    6    20   10.259
    6    21    5.944
    6    22    6.713
    6    23    7.643
    6    24    6.646
    7     9    8.470
    7    10    8.543
    7    11    5.008
    7    12    4.843
    7    13   10.657
    7    14   12.007
    7    15   11.550
    7    16   11.553
    7    17   14.791
    7    18   16.536
    7    19   15.947
    7    20   14.894
    7    21   12.028
    7    22   11.509
    7    23   13.238
    7    24   13.180
    8     9   10.071
    8    10    8.657
    8    11    4.415
    8    12    6.735
    8    13   11.603
    8    14   12.956
    8    15   12.692
    8    16   12.230
    8    17   15.653
    8    18   17.585
    8    19   16.536
    8    20   15.305
    8    21   13.276
    8    22   12.234
    8    23   14.425
    8    24   14.552
    9    10    8.022
    9    11    9.228
    9    12    4.624
    9    13    5.101
    9    14    6.234
    9    15    4.751
    9    16    7.018
    9    17    8.710
    9    18    9.434
    9    19   10.861
    9    20   10.807
    9    21    5.278
    9    22    7.249
    9    23    7.024
    9    24    5.451
   10    11    4.588
   10    12    9.226
   10    13    5.106
   10    14    6.577
   10    15    6.905
   10    16    4.550
   10    17    8.396
   10    18   10.697
   10    19    8.537
   10    20    7.179
   10    21    8.562
   10    22    5.854
   10    23    9.832
   10    24    9.829
   11    12    7.968
   11    13    8.715
   11    14   10.132
   11    15   10.211
   11    16    8.786
   11    17   12.483
   11    18   14.692
   11    19   12.892
   11    20   11.479
   11    21   11.285
   11    22    9.217
   11    23   12.476
   11    24   12.681
   12    13    8.733
   12    14    9.938
   12    15    8.928
   12    16   10.293
   12    17   12.722
   12    18   13.835
   12    19   14.551
   12    20   14.044
   12    21    9.091
   12    22   10.176
   12    23   10.448
   12    24    9.741
   13    18    6.338
   13    19    6.293
   13    20    6.113
   13    23    6.375
   13    24    5.212
   14    20    4.914
   15    17    5.412
   15    18    6.108
   15    19    7.297
   15    20    7.568
   15    21    5.035
   15    22    5.851
   15    23    6.914
   15    24    4.774
   16    17    5.028
   16    18    6.814
   16    19    5.703
   16    20    5.293
   16    21    6.464
   16    22    4.888
   16    23    7.983
   16    24    6.990
   17    23    5.168
   17    24    5.053
   18    20    6.153
   18    21    5.446
   18    22    6.351
   18    23    5.735
   18    24    4.812
   19    21    7.096
   19    22    5.010
   19    23    7.300
   19    24    7.665
   20    21    7.476
   20    22    4.417
   20    23    7.766
   20    24    8.427
   22    23    4.493
   22    24    5.651
qpartial
                    24
        -0.09706    0.24929   -0.04146   -0.12552    0.02028   -0.11432
        -0.68539    0.35608    0.16927    0.13727    0.11804    0.16652
        -0.21108   -0.08983    0.18506    0.05179    0.55866   -0.42170
        -0.62826    0.31523   -0.63928    0.16228    0.27166    0.29247
$end
