$coord                                                                          
   -2.78675996393986      3.29077882123924     -1.87294003066550      c       
   -2.20946871821002      0.86817311012791     -1.21465115363642      c       
    0.19548789644471      0.33506457932327     -0.55537852440538      c       
   -0.95899889168417      5.11693472087123     -1.84813076099644      c       
    1.45793483526299      4.53119706401591     -1.16878061740167      c       
    1.99318438281605      2.10175590604497     -0.53165767763871      c       
    1.17298274745810     -2.03796773810254      0.22189000583174      n       
    4.18874175320469      1.06107002522273      0.20654099072818      c       
    3.76225523860189     -1.40298839741758      0.70370926904361      c       
    0.24636179016944     -3.77537393049046      0.39546777277881      h       
    6.66257427399850      2.47740012749216      0.57273669687029      c       
    9.07274274101503      0.80165073876624      0.51404216144842      c       
    6.53884503753006      3.47693407199373      2.41829991466808      h       
    6.85744619004374      3.93739071629739     -0.92555168919919      h       
   11.38762656860795      2.40867366987378      1.27346129346053      c       
    9.24828224738712     -0.65236074847423     -1.88085032886002      n       
    8.89590025529385     -0.60204519646052      2.06285672418417      h       
    7.78348116044762     -0.20403496208368     -3.13048976104078      h       
   10.89384628833646     -0.37282422564367     -2.90614974247638      h       
   -4.70996480730969      3.77311203264076     -2.41198440339201      h       
   -3.63822709198044     -0.60164653800754     -1.21133158990902      h       
   -1.43646461962591      7.04761929699121     -2.36709456895286      h       
    2.90076049056344      5.99033500747759     -1.13705005072285      h       
    5.15777699911505     -2.74836565227234      1.38583275240895      h       
   11.30025177586792      3.59409494484715      3.61888888442471      o       
   13.55650156627587      2.83845192169990     -0.18552698948445      o       
   13.86320845739928      1.64832491033902     -1.62565657830748      h       
$end                                                                            
