$coord                                                                          
   -2.82567333351852      2.33260643443057      0.37808063093025      c       
   -1.91657296669162      0.15731921068889     -0.65749825717599      c       
    0.58768851812844     -0.01226713106492     -1.11019217258455      c       
   -1.22039369178180      4.27838033485545      0.93372714736014      c       
    1.30272634854958      4.06384490514707      0.45484200770697      c       
    2.17168518316156      1.87787152138236     -0.57501851679393      c       
    1.89913174561087     -2.09789509314158     -2.17466317589113      n       
    4.53195116229210      1.19209319481728     -1.22482440581515      c       
    4.43998111876723     -1.16168192957582     -2.18283967762769      c       
    1.18717424314412     -3.83432022225100     -2.79459043536116      h       
    6.93417506167024      2.73450474429009     -0.97505093956016      c       
    8.71121658924186      1.68329726707100      1.08353114832072      c       
    6.51843607703017      4.75269944287426     -0.56313027043850      h       
    7.92310807170755      2.71954079374116     -2.82827919900897      h       
    7.63075823287961      1.94647641694359      3.76265807454154      c       
   11.17615629083279      2.96420735733275      0.84541823984846      n       
    8.97339344263157     -0.38715417591437      0.78382371608431      h       
   12.31593969094340      2.46204759752400      2.39953837625444      h       
   12.11630797123372      2.26972760968727     -0.74977486398805      h       
   -4.83307027176814      2.51785709645161      0.77330569044455      h       
   -3.16433317612367     -1.40612702812368     -1.10449272148200      h       
   -1.95387193539848      6.00311510822959      1.77646802631171      h       
    2.56334238404265      5.61192114649985      0.92467698079936      h       
    6.06416634484584     -2.21841193299289     -2.86986401431576      h       
    5.75984085833591      3.72441113931050      4.29688246671450      o       
    8.64069475202354      0.49727741682750      5.73045251956203      o       
   10.07597070105234     -0.64547873320501      5.15804396758066      h       
$end                                                                            
