$ufftopology
nxtnei12
    1     3
          2     4    11
    2     3
          1     3     7
    3     3
          2     6    12
    4     3
          1     5    10
    5     3
          4     6    13
    6     3
          3     5     9
    7     2
          2     8
    8     1
          7
    9     1
          6
   10     1
          4
   11     1
          1
   12     1
          3
   13     4
          5    14    15    16
   14     4
         13    17    21    22
   15     1
         13
   16     1
         13
   17     3
         14    18    19
   18     1
         17
   19     2
         17    20
   20     1
         19
   21     3
         14    23    24
   22     1
         14
   23     1
         21
   24     1
         21
nxtnei13
    1     4
          3     7     5    10
    2     5
          4    11     6    12     8
    3     4
          1     7     5     9
    4     4
          2    11     6    13
    5     7
          1    10     3     9    14    15    16
    6     4
          2    12     4    13
    7     2
          1     3
    8     1
          2
    9     2
          3     5
   10     2
          1     5
   11     2
          2     4
   12     2
          2     6
   13     5
          4     6    17    21    22
   14     7
          5    15    16    18    19    23    24
   15     3
          5    14    16
   16     3
          5    14    15
   17     4
         13    21    22    20
   18     2
         14    19
   19     2
         14    18
   20     1
         17
   21     3
         13    17    22
   22     3
         13    17    21
   23     2
         14    24
   24     2
         14    23
nxtnei14
    1     4
          6    12     8    13
    2     3
          5    10     9
    3     4
          4    11     8    13
    4     6
          3     7     9    14    15    16
    5     6
          2    11    12    17    21    22
    6     6
          1     7    10    14    15    16
    7     4
          4    11     6    12
    8     2
          1     3
    9     4
          2    12     4    13
   10     4
          2    11     6    13
   11     4
          3     7     5    10
   12     4
          1     7     5     9
   13     8
          1    10     3     9    18    19    23    24
   14     3
          4     6    20
   15     5
          4     6    17    21    22
   16     5
          4     6    17    21    22
   17     5
          5    15    16    23    24
   18     4
         13    21    22    20
   19     3
         13    21    22
   20     2
         14    18
   21     5
          5    15    16    18    19
   22     7
          5    15    16    18    19    23    24
   23     3
         13    17    22
   24     3
         13    17    22
connectivity (= bond)
                    24
     1     2   2.556785   2.000000
     1     4   2.564991   2.000000
     1    11   2.049480   1.000000
     2     3   2.556576   2.000000
     2     7   2.629415   1.000000
     3     6   2.565276   2.000000
     3    12   2.050312   1.000000
     4     5   2.573919   2.000000
     4    10   2.054729   1.000000
     5     6   2.574712   2.000000
     5    13   2.857994   1.000000
     6     9   2.054275   1.000000
     7     8   1.916217   1.000000
    13    14   2.925749   1.000000
    13    15   2.105571   1.000000
    13    16   2.104737   1.000000
    14    17   2.871457   1.000000
    14    21   2.784347   1.000000
    14    22   2.105737   1.000000
    17    18   2.628149   1.000000
    17    19   2.629452   1.000000
    19    20   1.912146   1.000000
    21    23   1.981027   1.000000
    21    24   1.977372   1.000000
angle
                    38
     1     2     3     2     120.02       1.00       4.00
     1     2     7     2     120.02       1.00       5.00
     1     4     5     2     120.15       2.00       8.00
     1     4    10     2     119.39       2.00       9.00
     2     1     4     2     120.17       1.00       2.00
     2     1    11     2     119.22       1.00       3.00
     2     3     6     2     120.17       4.00       6.00
     2     3    12     2     119.28       4.00       7.00
     2     7     8     9     110.69       5.00      13.00
     3     2     7     2     119.96       4.00       5.00
     3     6     5     2     120.14       6.00      10.00
     3     6     9     2     119.28       6.00      12.00
     4     1    11     2     120.61       2.00       3.00
     4     5     6     2     119.36       8.00      10.00
     4     5    13     2     120.12       8.00      11.00
     5     4    10     2     120.46       8.00       9.00
     5     6     9     2     120.59      10.00      12.00
     5    13    14     9     112.37      11.00      14.00
     5    13    15     9     111.05      11.00      15.00
     5    13    16     9     108.61      11.00      16.00
     6     3    12     2     120.56       6.00       7.00
     6     5    13     2     120.51      10.00      11.00
    13    14    17     9     110.73      14.00      17.00
    13    14    21     9     110.82      14.00      18.00
    13    14    22     9     109.47      14.00      19.00
    14    13    15     9     109.51      14.00      15.00
    14    13    16     9     109.55      14.00      16.00
    14    17    18     2     120.32      17.00      20.00
    14    17    19     2     120.30      17.00      21.00
    14    21    23     9     109.94      18.00      23.00
    14    21    24     9     110.11      18.00      24.00
    15    13    16     9     105.51      15.00      16.00
    17    14    21     9     110.89      17.00      18.00
    17    14    22     9     105.82      17.00      19.00
    17    19    20     9     108.77      21.00      22.00
    18    17    19     2     119.35      20.00      21.00
    21    14    22     9     108.96      18.00      19.00
    23    21    24     9     108.18      23.00      24.00
torsion
                    55
     4     1     2     3     1     3   0.37260051 120.17018565 120.01657483
     4     1     2     7     1     3 180.03254629 120.17018565 120.01830342
    11     1     2     3     1     3 180.59084766 119.21571660 120.01657483
    11     1     2     7     1     3   0.25079344 119.21571660 120.01830342
     2     1     4     5     2     3 359.68943481 120.17018565 120.14630370
     2     1     4    10     2     3 179.86444466 120.17018565 119.38955332
    11     1     4     5     2     3 179.46810186 120.61373332 120.14630370
    11     1     4    10     2     3 359.64311172 120.61373332 119.38955332
     1     2     3     6     4     3 359.64728807 120.01657483 120.16558749
     1     2     3    12     4     3 179.45693787 120.01657483 119.27785081
     7     2     3     6     4     3 179.98715717 119.96424845 120.16558749
     7     2     3    12     4     3 359.79680697 119.96424845 119.27785081
     1     2     7     8     5     3  89.31176615 120.01830342 110.69485692
     3     2     7     8     5     3 268.97189113 119.96424845 110.69485692
     2     3     6     5     6     3   0.27076911 120.16558749 120.13599594
     2     3     6     9     6     3 180.24293645 120.16558749 119.27690938
    12     3     6     5     6     3 180.46357918 120.55628479 120.13599594
    12     3     6     9     6     3   0.43574652 120.55628479 119.27690938
     1     4     5     6     8     3   0.22659559 120.14630370 119.36399817
     1     4     5    13     8     3 179.41043460 120.14630370 120.11602559
    10     4     5     6     8     3 180.04968638 120.46390934 119.36399817
    10     4     5    13     8     3 359.23352538 120.46390934 120.11602559
     4     5     6     3    10     3 359.79322268 119.36399817 120.13599594
     4     5     6     9    10     3 179.82142424 119.36399817 120.58708876
    13     5     6     3    10     3 180.61271286 120.51488939 120.13599594
    13     5     6     9    10     3   0.64091442 120.51488939 120.58708876
     4     5    13    14    11    22 282.77779746 120.11602559 112.37317299
     4     5    13    15    11    22 159.72407613 120.11602559 111.05385728
     4     5    13    16    11    22  44.13536958 120.11602559 108.60662161
     6     5    13    14    11    22 101.95213851 120.51488939 112.37317299
     6     5    13    15    11    22 338.89841718 120.51488939 111.05385728
     6     5    13    16    11    22 223.30971063 120.51488939 108.60662161
     5    13    14    17    14     1 170.93574629 112.37317299 110.73324151
     5    13    14    21    14     1 294.43246793 112.37317299 110.82242743
     5    13    14    22    14     1  54.63887519 112.37317299 109.46697266
    15    13    14    17    14     1 294.85248450 109.50904558 110.73324151
    15    13    14    21    14     1  58.34920614 109.50904558 110.82242743
    15    13    14    22    14     1 178.55561339 109.50904558 109.46697266
    16    13    14    17    14     1  50.11842308 109.54847482 110.73324151
    16    13    14    21    14     1 173.61514471 109.54847482 110.82242743
    16    13    14    22    14     1 293.82155197 109.54847482 109.46697266
    13    14    17    18    17    22 238.76339133 110.73324151 120.31737284
    13    14    17    19    17    22  56.64218565 110.73324151 120.29860090
    21    14    17    18    17    22 115.30624702 110.89112255 120.31737284
    21    14    17    19    17    22 293.18504135 110.89112255 120.29860090
    22    14    17    18    17    22 357.29550987 105.82289438 120.31737284
    22    14    17    19    17    22 175.17430419 105.82289438 120.29860090
    13    14    21    23    18     1 303.80842049 110.82242743 109.93917125
    13    14    21    24    18     1  62.90650701 110.82242743 110.10633901
    17    14    21    23    18     1  67.21430651 110.89112255 109.93917125
    17    14    21    24    18     1 186.31239302 110.89112255 110.10633901
    22    14    21    23    18     1 183.30033314 108.95996774 109.93917125
    22    14    21    24    18     1 302.39841966 108.95996774 110.10633901
    14    17    19    20    21     3 179.04582648 120.29860090 108.76808940
    18    17    19    20    21     3 356.94506118 119.35044882 108.76808940
inversion
                     8
     1     2     4    11    11    11    11   -0.190   -0.189   -0.191
     2     1     3     7    10    11    11    0.294    0.294    0.294
     3     2     6    12    11    11    11    0.166    0.165    0.167
     4     1     5    10    11    11    11   -0.152   -0.151   -0.153
     5     4     6    13    11    11    11    0.706    0.711    0.714
     6     3     5     9    11    11    11    0.024    0.024    0.024
    17    14    18    19    10    10    11    1.831    1.831    1.814
    21    14    23    24     9     9     9   55.139   55.226   54.281
nonbond
                   214
    1     6    5.125
    1     8    5.390
    1     9    7.179
    1    12    6.279
    1    13    7.074
    1    14    8.413
    1    15    8.537
    1    16    7.562
    1    17   11.015
    1    18   12.216
    1    19   12.687
    1    20   14.336
    1    21    9.215
    1    22    7.778
    1    23   10.236
    1    24    7.976
    2     5    5.143
    2     9    6.292
    2    10    6.294
    2    13    8.001
    2    14    9.490
    2    15    8.983
    2    16    8.905
    2    17   12.235
    2    18   13.795
    2    19   13.604
    2    20   15.392
    2    21    9.673
    2    22    9.259
    2    23   10.365
    2    24    8.166
    3     4    5.125
    3     8    5.410
    3    10    7.179
    3    11    6.277
    3    13    7.081
    3    14    8.720
    3    15    7.531
    3    16    8.371
    3    17   11.411
    3    18   13.350
    3    19   12.383
    3    20   14.255
    3    21    8.495
    3    22    9.044
    3    23    8.755
    3    24    7.053
    4     7    6.844
    4     8    7.693
    4     9    6.319
    4    12    7.175
    4    14    6.108
    4    15    6.410
    4    16    5.080
    4    17    8.562
    4    18    9.785
    4    19   10.244
    4    20   11.840
    4    21    7.396
    4    22    5.581
    4    23    8.440
    4    24    6.592
    5     7    7.772
    5     8    8.639
    5    11    6.320
    5    12    6.321
    5    17    7.316
    5    18    9.129
    5    19    8.533
    5    20   10.296
    5    21    5.753
    5    22    5.205
    5    23    6.341
    5    24    5.137
    6     7    6.843
    6     8    7.707
    6    10    6.318
    6    11    7.174
    6    14    6.526
    6    15    4.987
    6    16    6.224
    6    17    9.067
    6    18   11.174
    6    19    9.864
    6    20   11.742
    6    21    6.474
    6    22    7.248
    6    23    6.558
    6    24    5.436
    7     9    8.483
    7    10    8.486
    7    11    4.897
    7    12    4.897
    7    13   10.630
    7    14   12.032
    7    15   11.564
    7    16   11.483
    7    17   14.810
    7    18   16.294
    7    19   16.215
    7    20   18.009
    7    21   12.040
    7    22   11.670
    7    23   12.738
    7    24   10.381
    8     9    9.272
    8    10    9.253
    8    11    5.602
    8    12    5.639
    8    13   11.446
    8    14   12.438
    8    15   12.463
    8    16   12.475
    8    17   15.283
    8    18   16.678
    8    19   16.822
    8    20   18.612
    8    21   12.154
    8    22   11.933
    8    23   12.980
    8    24   10.348
    9    10    8.033
    9    11    9.228
    9    12    4.612
    9    13    5.118
    9    14    6.814
    9    15    4.547
    9    16    6.819
    9    17    9.047
    9    18   11.425
    9    19    9.334
    9    20   11.235
    9    21    6.301
    9    22    8.030
    9    23    5.766
    9    24    5.550
   10    11    4.617
   10    12    9.229
   10    13    5.098
   10    14    6.072
   10    15    7.067
   10    16    4.804
   10    17    8.105
   10    18    8.825
   10    19   10.044
   10    20   11.416
   10    21    7.926
   10    22    5.082
   10    23    9.179
   10    24    7.480
   11    12    7.952
   11    13    8.724
   11    14    9.856
   11    15   10.344
   11    16    8.919
   11    17   12.337
   11    18   13.203
   11    19   14.200
   11    20   15.745
   11    21   10.824
   11    22    8.877
   11    23   12.021
   11    24    9.602
   12    13    8.734
   12    14   10.323
   12    15    8.831
   12    16   10.133
   12    17   12.966
   12    18   15.045
   12    19   13.709
   12    20   15.612
   12    21    9.709
   12    22   10.818
   12    23    9.694
   12    24    8.203
   13    18    6.817
   13    19    5.762
   13    20    7.485
   13    23    5.053
   13    24    5.156
   14    20    6.358
   15    17    5.315
   15    18    7.732
   15    19    5.299
   15    20    7.103
   15    21    5.160
   15    22    5.875
   15    23    4.660
   15    24    5.829
   16    17    5.090
   16    18    6.620
   16    19    6.072
   16    20    7.467
   16    21    6.505
   16    22    4.843
   16    23    6.926
   16    24    7.102
   17    23    5.187
   17    24    6.379
   18    20    4.560
   18    21    6.626
   18    22    4.780
   18    23    7.531
   18    24    8.199
   19    21    5.849
   19    22    6.419
   19    23    5.433
   19    24    7.702
   20    21    7.498
   20    22    7.712
   20    23    7.167
   20    24    9.410
   22    23    5.658
   22    24    4.545
qpartial
                    24
        -0.04750    0.24451   -0.08374   -0.12749   -0.01902   -0.12759
        -0.68905    0.35244    0.13110    0.11918    0.15494    0.13962
        -0.26891   -0.01601    0.20124    0.15159    0.58778   -0.44128
        -0.68369    0.35066   -0.57972    0.14273    0.26268    0.24551
$end
