$coord                                                                          
   -1.14971005376316      2.86063942646627      3.19686726829029      c       
   -0.93619891937740      0.57364093882564      2.02958356691347      c       
    1.11951078700156      0.14262380077253      0.58319248166164      c       
    0.68235464038586      4.65726444134015      2.88792544989974      c       
    2.74034724341060      4.17816134160496      1.41182017448271      c       
    2.91607773326745      1.88438502616906      0.27481388848515      c       
    1.68739808218754     -2.08131097418403     -0.80938100537240      n       
    4.71281577960205      0.96399120104661     -1.25945932348533      c       
    4.03833806666585     -1.38300939338135     -1.96330999022524      c       
    0.67425058374841     -3.77255664791770     -0.94479382736418      h       
    7.04576494072300      2.33424718922816     -2.18431665789935      c       
    6.46384661722149      4.00337842669500     -4.50857225707723      c       
    8.53207997098692      0.93092642010464     -2.68704903532258      h       
    7.82645021882534      3.50613007987888     -0.62713466699670      h       
    5.51473549740048      2.44358867558626     -6.72963062511826      c       
    8.73190178984108      5.46226822428116     -5.20168574893989      n       
    4.90711933045230      5.34565785527221     -4.04422756317018      h       
    9.39508864435623      6.48206996911113     -3.64283946671826      h       
   10.16640585729399      4.21411072091293     -5.76911262323157      h       
   -2.78781888727296      3.25984572235911      4.37072655436873      h       
   -2.37871292111794     -0.86692722839111      2.24465717299998      h       
    0.49334579731564      6.47990228342710      3.81795761030585      h       
    4.18638107041021      5.61186136325176      1.15855715577656      h       
    5.08825458447279     -2.56151315811736     -3.28325747131060      h       
    3.20467017643436      2.99962219903241     -7.84940244488402      o       
    6.91867225006510      0.40832827177936     -7.62406328440313      o       
    6.00720009049586     -0.33955729454523     -9.12966865865332      h       
$end                                                                            
