    27
 Energy =       0.3420817823
c    -1.4235396    2.6054793   -0.0667700  0.00   -0.0463033    0.0382557    0.0025003
c    -1.3072796    1.2134697   -0.1072300  0.00   -0.0851870   -0.0326174    0.0017488
c    -0.0178900    0.6711998   -0.1697000  0.00   -0.0896224   -0.1875910    0.0002765
c    -0.2940599    3.4190890   -0.0891300  0.00   -0.0231879    0.0690208    0.0027147
c     0.9872197    2.8590292   -0.1560400  0.00    0.0103013    0.0638522    0.0006892
c     1.1340797    1.4562096   -0.1970299  0.00    0.0528499    0.0515844    0.0025376
n     0.3879399   -0.6395298   -0.2140799  0.00    0.1461431    0.1102101   -0.0083265
c     2.2666594    0.5727398   -0.2659299  0.00    0.1573268   -0.0885786   -0.0148844
c     1.7555995   -0.7123598   -0.2706899  0.00   -0.0968140   -0.0947609   -0.0031667
h    -0.2400399   -1.4313496   -0.2047299  0.00    0.0357987    0.0474998    0.0010582
c     3.7030089    1.0223397   -0.3320099  0.00   -0.0255360    0.0135781   -0.0347836
c     4.2197688    1.4064496   -1.7267995  0.00    0.0137341    0.0581538    0.0611862
h     4.3261788    0.2093419    0.0639454  0.00   -0.0060920    0.0135370   -0.0047317
h     3.8370289    1.8640295    0.3610799  0.00   -0.0042207   -0.0128137   -0.0047612
c     3.7734089    0.3331939   -2.7369592  0.00   -0.3011832   -0.1492484   -0.1028608
n     5.7205784    1.5052196   -1.8052095  0.00    0.0759380   -0.0652476   -0.0724233
h     3.7949889    2.3605393   -2.0604594  0.00    0.0158686   -0.0115741    0.0021529
h     6.0814483    1.3602996   -0.8566008  0.00   -0.0318706   -0.0043811   -0.0246752
h     6.0587583    0.6873448   -2.3244293  0.00   -0.2708620   -0.1363580   -0.1816197
h    -2.4108593    3.0588691   -0.0157800  0.00   -0.0009276    0.0003159    0.0002089
h    -2.1896094    0.5822398   -0.0890100  0.00   -0.0036493    0.0037148    0.0003458
h    -0.4052699    4.5000487   -0.0535400  0.00    0.0008677    0.0003712    0.0004597
h     1.8590495    3.5066790   -0.1715100  0.00   -0.0009058    0.0030951    0.0008524
h     2.2327294   -1.6813195   -0.3062999  0.00   -0.0412902   -0.0121618    0.0047909
o     2.6230993   -0.0215760   -2.9339992  0.00    0.2713052    0.0803454    0.0761547
o     4.8385586   -0.1871039   -3.4042990  0.00    0.2451889    0.2273380    0.2570100
h     4.6756787    0.0329305   -4.3580588  0.00    0.0023297    0.0144605    0.0375463
    27
 Energy =       0.3118776372
c    -1.4170734    2.6705937   -0.0817952  0.00   -0.0385750    0.0318199    0.0021048
c    -1.3074855    1.2842149   -0.1220925  0.00   -0.0710558   -0.0272556    0.0014945
c    -0.0296025    0.7371843   -0.1788865  0.00   -0.0743047   -0.1563405    0.0006491
c    -0.2859347    3.4745667   -0.1014158  0.00   -0.0194217    0.0575197    0.0022867
c     0.9862389    2.9079752   -0.1633837  0.00    0.0086525    0.0532920    0.0005758
c     1.1171498    1.5127133   -0.2007848  0.00    0.0439153    0.0431883    0.0020793
n     0.3547300   -0.5867186   -0.2315418  0.00    0.1208423    0.0916624   -0.0077421
c     2.2376038    0.6382813   -0.2573925  0.00    0.1309204   -0.0733374   -0.0111679
c     1.7343287   -0.6437525   -0.2516437  0.00   -0.0800492   -0.0789215   -0.0026639
h    -0.2776771   -1.3824701   -0.2380587  0.00    0.0297348    0.0394986    0.0007171
c     3.6806737    1.0717888   -0.3218818  0.00   -0.0280166    0.0100440   -0.0282083
c     4.2482744    1.3062136   -1.7439004  0.00    0.0130719    0.0475367    0.0461271
h     4.2811159    0.2960521    0.1918679  0.00   -0.0021613    0.0054809    0.0000915
h     3.8011608    1.9934366    0.2793204  0.00   -0.0038499   -0.0046158    0.0000984
c     3.7949501    0.1950224   -2.7064476  0.00   -0.2502050   -0.1259614   -0.0881665
n     5.7509645    1.3614412   -1.7833141  0.00    0.0650337   -0.0544810   -0.0617880
h     3.8627281    2.2516009   -2.1633585  0.00    0.0118381   -0.0057936   -0.0000638
h     6.0976783    1.2065931   -0.8270556  0.00   -0.0252131   -0.0035966   -0.0206262
h     6.0831392    0.5285917   -2.2975794  0.00   -0.2293532   -0.1170851   -0.1545406
h    -2.4020708    3.1293042   -0.0351605  0.00   -0.0008017    0.0002655    0.0001779
h    -2.1919089    0.6558077   -0.1096882  0.00   -0.0030559    0.0030755    0.0002844
h    -0.3906373    4.5562768   -0.0679559  0.00    0.0007118    0.0003332    0.0003859
h     1.8637337    3.5478159   -0.1773313  0.00   -0.0005778    0.0025107    0.0006927
h     2.2385348   -1.5996808   -0.2818807  0.00   -0.0341930   -0.0102985    0.0040366
o     2.6134760   -0.1621638   -2.8836167  0.00    0.2257807    0.0669282    0.0637779
o     4.8400478   -0.3443457   -3.3952555  0.00    0.2098458    0.1905434    0.2225564
h     4.7030958   -0.0528401   -4.3410357  0.00    0.0004867    0.0139877    0.0268310
    27
 Energy =       0.3068159927
c    -1.4046724    2.6057215   -0.0483216  0.00   -0.0379787    0.0313203    0.0020699
c    -1.2887292    1.2200728   -0.0890742  0.00   -0.0699498   -0.0268270    0.0014678
c    -0.0089890    0.6791550   -0.1500019  0.00   -0.0731528   -0.1538433    0.0006201
c    -0.2776369    3.4149371   -0.0712471  0.00   -0.0191172    0.0566259    0.0022494
c     0.9962539    2.8544403   -0.1379823  0.00    0.0085611    0.0524407    0.0005532
c     1.1325280    1.4606849   -0.1767513  0.00    0.0431751    0.0426002    0.0019734
n     0.3829980   -0.6440801   -0.2044777  0.00    0.1184471    0.0903535   -0.0075285
c     2.2565395    0.5949173   -0.2455582  0.00    0.1284353   -0.0717797   -0.0102736
c     1.7635159   -0.6897791   -0.2530755  0.00   -0.0782565   -0.0778124   -0.0028027
h    -0.2433310   -1.4453339   -0.2001647  0.00    0.0291600    0.0387604    0.0007061
c     3.6943498    1.0414456   -0.3260159  0.00   -0.0312704    0.0097045   -0.0264015
c     4.2049526    1.3738524   -1.7511473  0.00    0.0122077    0.0461267    0.0433040
h     4.3231155    0.2368016    0.1114422  0.00   -0.0004711    0.0025033    0.0015991
h     3.8246508    1.9252140    0.3319168  0.00   -0.0040054   -0.0027752    0.0017023
c     3.7643291    0.2852811   -2.7433003  0.00   -0.2461809   -0.1241892   -0.0865577
n     5.7028185    1.4860137   -1.8324612  0.00    0.0656971   -0.0530016   -0.0634293
h     3.7677438    2.3238141   -2.1118669  0.00    0.0104882   -0.0031159   -0.0010025
h     6.0875088    1.3653462   -0.8843975  0.00   -0.0229141   -0.0036895   -0.0186689
h     6.0508480    0.6661695   -2.3560659  0.00   -0.2253776   -0.1155904   -0.1519932
h    -2.3916759    3.0597790    0.0014353  0.00   -0.0008061    0.0002681    0.0001759
h    -2.1700328    0.5873891   -0.0739723  0.00   -0.0030225    0.0030170    0.0002793
h    -0.3873086    4.4961488   -0.0374613  0.00    0.0007003    0.0003410    0.0003801
h     1.8711825    3.4977833   -0.1563581  0.00   -0.0005205    0.0024600    0.0006647
h     2.2761010   -1.6402274   -0.3058607  0.00   -0.0334426   -0.0103693    0.0039352
o     2.5821541   -0.0727956   -2.9329044  0.00    0.2220138    0.0657608    0.0624251
o     4.8141807   -0.2206704   -3.4547705  0.00    0.2071574    0.1867975    0.2186971
h     4.6638394    0.0914220   -4.3928261  0.00    0.0004232    0.0139133    0.0258551
    27
 Energy =       0.2941394975
c    -1.3813615    2.5473081   -0.0094472  0.00   -0.0350223    0.0289331    0.0019008
c    -1.2614027    1.1643198   -0.0588545  0.00   -0.0645389   -0.0247892    0.0013611
c     0.0167586    0.6279940   -0.1204100  0.00   -0.0675669   -0.1414454    0.0007570
c    -0.2576284    3.3585803   -0.0272933  0.00   -0.0176284    0.0522668    0.0020527
c     1.0151782    2.8021448   -0.0968376  0.00    0.0079517    0.0483972    0.0004637
c     1.1517998    1.4122939   -0.1425758  0.00    0.0397232    0.0394699    0.0017309
n     0.4091934   -0.6976211   -0.2035333  0.00    0.1093046    0.0829154   -0.0070987
c     2.2754011    0.5579919   -0.2258128  0.00    0.1180413   -0.0657267   -0.0088782
c     1.7940135   -0.7278715   -0.2534458  0.00   -0.0723583   -0.0715730   -0.0024380
h    -0.2129346   -1.5049687   -0.2110423  0.00    0.0268410    0.0356261    0.0005989
c     3.7090670    1.0139416   -0.3321968  0.00   -0.0317873    0.0087366   -0.0228217
c     4.1542779    1.4284527   -1.7595876  0.00    0.0102570    0.0419059    0.0381800
h     4.3635841    0.1896374    0.0326342  0.00    0.0012530   -0.0000643    0.0024878
h     3.8571501    1.8639432    0.3680907  0.00   -0.0038999   -0.0014593    0.0028392
c     3.7203706    0.3642696   -2.7774266  0.00   -0.2270086   -0.1149090   -0.0800107
n     5.6427199    1.5963094   -1.8826896  0.00    0.0617737   -0.0483957   -0.0619553
h     3.6681871    2.3777188   -2.0630921  0.00    0.0084477   -0.0005431   -0.0016276
h     6.0662406    1.5240993   -0.9431515  0.00   -0.0188636   -0.0034552   -0.0147333
h     6.0075078    0.7843370   -2.4105704  0.00   -0.2085494   -0.1074141   -0.1408300
h    -2.3696702    2.9983799    0.0406815  0.00   -0.0007486    0.0002511    0.0001627
h    -2.1405887    0.5285406   -0.0534590  0.00   -0.0028277    0.0027433    0.0002538
h    -0.3700449    4.4393547    0.0113982  0.00    0.0006476    0.0003313    0.0003498
h     1.8892542    3.4466476   -0.1138833  0.00   -0.0004529    0.0022509    0.0005873
h     2.3217066   -1.6682621   -0.3376752  0.00   -0.0305713   -0.0101299    0.0035848
o     2.5282939    0.0022569   -2.9685876  0.00    0.2048109    0.0607128    0.0573796
o     4.7676086   -0.1183884   -3.5140616  0.00    0.1926505    0.1716990    0.2038674
h     4.6225520    0.2420930   -4.4384392  0.00    0.0001218    0.0136656    0.0218361
    27
 Energy =       0.2751403912
c    -1.3443955    2.4982325    0.0395320  0.00   -0.0293995    0.0245548    0.0016091
c    -1.2245449    1.1207703   -0.0452317  0.00   -0.0541279   -0.0215926    0.0011980
c     0.0478472    0.5860819   -0.0987746  0.00   -0.0556142   -0.1125853    0.0029741
c    -0.2217955    3.3064862    0.0546147  0.00   -0.0144673    0.0442097    0.0015742
c     1.0465630    2.7508319   -0.0118787  0.00    0.0067868    0.0410325    0.0001829
c     1.1764105    1.3679792   -0.0855497  0.00    0.0332581    0.0340145    0.0013187
n     0.4298999   -0.7423829   -0.2810131  0.00    0.0905288    0.0638892   -0.0086681
c     2.2946015    0.5281161   -0.1891492  0.00    0.0989464   -0.0534115   -0.0067473
c     1.8247718   -0.7560283   -0.2674998  0.00   -0.0589038   -0.0572989   -0.0003761
h    -0.1926311   -1.5539783   -0.3596595  0.00    0.0201580    0.0266054   -0.0002933
c     3.7254072    0.9894321   -0.3323030  0.00   -0.0287338    0.0068660   -0.0175246
c     4.0958843    1.4682891   -1.7645208  0.00    0.0072925    0.0344004    0.0304594
h     4.4012704    0.1518312   -0.0363788  0.00    0.0027192   -0.0019567    0.0027601
h     3.9008903    1.8115884    0.3960190  0.00   -0.0034277   -0.0005485    0.0034248
c     3.6569689    0.4307693   -2.8027159  0.00   -0.1898691   -0.0963192   -0.0684836
n     5.5705796    1.6857875   -1.9333618  0.00    0.0520600   -0.0403141   -0.0570057
h     3.5657513    2.4134515   -2.0113208  0.00    0.0058137    0.0015789   -0.0018892
h     6.0332025    1.6814684   -1.0041598  0.00   -0.0127464   -0.0026158   -0.0082885
h     5.9517917    0.8714355   -2.4553714  0.00   -0.1777755   -0.0925204   -0.1208419
h    -2.3330702    2.9490281    0.0830820  0.00   -0.0006845    0.0001650    0.0001382
h    -2.1038288    0.4848566   -0.0851347  0.00   -0.0031487    0.0015481    0.0001304
h    -0.3332467    4.3865802    0.1150090  0.00    0.0006042    0.0005362    0.0002945
h     1.9227602    3.3928843   -0.0070741  0.00   -0.0002086    0.0020806    0.0004657
h     2.3748111   -1.6791712   -0.4052749  0.00   -0.0254766   -0.0104376    0.0028495
o     2.4440670    0.0581303   -2.9763174  0.00    0.1715778    0.0508218    0.0484220
o     4.6907533   -0.0498132   -3.5643158  0.00    0.1662189    0.1415101    0.1816326
h     4.5865150    0.4008461   -4.4625197  0.00   -0.0013808    0.0157877    0.0106840
    27
 Energy =       0.2665127732
c    -1.3398362    2.4808339    0.0502844  0.00   -0.0272843    0.0227227    0.0014968
c    -1.2175169    1.1036069   -0.0078174  0.00   -0.0500806   -0.0204353    0.0009978
c     0.0529798    0.5721948   -0.0745660  0.00   -0.0503534   -0.1009165    0.0024815
c    -0.2198508    3.2912816    0.0326065  0.00   -0.0130715    0.0410863    0.0014934
c     1.0469229    2.7378640   -0.0453744  0.00    0.0064342    0.0380966    0.0002307
c     1.1765501    1.3565979   -0.0983333  0.00    0.0309496    0.0319021    0.0012553
n     0.4333519   -0.7681126   -0.1887649  0.00    0.0807770    0.0566825   -0.0074414
c     2.2929692    0.5230362   -0.2052811  0.00    0.0919902   -0.0488193   -0.0062241
c     1.8317777   -0.7636221   -0.2532498  0.00   -0.0508281   -0.0513810   -0.0010170
h    -0.1872218   -1.5894387   -0.2009064  0.00    0.0163976    0.0216502   -0.0001639
c     3.7226093    0.9850221   -0.3533556  0.00   -0.0265777    0.0063820   -0.0161218
c     4.0838268    1.4737592   -1.7820802  0.00    0.0066020    0.0316945    0.0281931
h     4.4010282    0.1462735   -0.0672118  0.00    0.0025359   -0.0018434    0.0025755
h     3.9020086    1.8027600    0.3790543  0.00   -0.0031630   -0.0004872    0.0031773
c     3.6539147    0.4402666   -2.8260104  0.00   -0.1754457   -0.0887795   -0.0625809
n     5.5540854    1.7111216   -1.9462383  0.00    0.0480204   -0.0368747   -0.0525308
h     3.5420804    2.4142894   -2.0219591  0.00    0.0053241    0.0015548   -0.0017449
h     6.0214915    1.6969488   -1.0186521  0.00   -0.0117558   -0.0024187   -0.0075462
h     5.9461630    0.9123582   -2.4858681  0.00   -0.1644660   -0.0860994   -0.1122917
h    -2.3288894    2.9297035    0.1044048  0.00   -0.0007270    0.0001075    0.0001272
h    -2.0951854    0.4632035   -0.0089994  0.00   -0.0035120    0.0009070    0.0001116
h    -0.3328716    4.3721487    0.0758804  0.00    0.0006275    0.0006614    0.0002781
h     1.9221364    3.3813636   -0.0664017  0.00    0.0000875    0.0021391    0.0004168
h     2.3907643   -1.6821416   -0.3869480  0.00   -0.0236780   -0.0097870    0.0025278
o     2.4311986    0.0782542   -3.0143100  0.00    0.1581213    0.0468879    0.0446124
o     4.6856438   -0.0199050   -3.6071313  0.00    0.1548552    0.1274343    0.1731899
h     4.6171033    0.5038344   -4.4740398  0.00   -0.0017795    0.0179331    0.0044973
    27
 Energy =       0.2632006283
c    -1.3384168    2.4711798    0.0519951  0.00   -0.0254553    0.0211972    0.0013940
c    -1.2168102    1.0952517   -0.0046141  0.00   -0.0467313   -0.0190714    0.0009242
c     0.0512144    0.5635167   -0.0737298  0.00   -0.0469654   -0.0941380    0.0022835
c    -0.2185910    3.2800383    0.0313567  0.00   -0.0121983    0.0383354    0.0013940
c     1.0461740    2.7257771   -0.0485262  0.00    0.0060066    0.0355477    0.0002164
c     1.1728331    1.3463462   -0.1007609  0.00    0.0288727    0.0297786    0.0011754
n     0.4282815   -0.7797109   -0.1820579  0.00    0.0753332    0.0528753   -0.0068896
c     2.2866138    0.5156864   -0.2089604  0.00    0.0858490   -0.0455516   -0.0058067
c     1.8284369   -0.7704452   -0.2556914  0.00   -0.0473832   -0.0479094   -0.0010003
h    -0.1924357   -1.6023756   -0.1869285  0.00    0.0152749    0.0201669   -0.0001423
c     3.7171711    0.9758100   -0.3561474  0.00   -0.0248104    0.0059463   -0.0150526
c     4.0762887    1.4686916   -1.7835103  0.00    0.0062255    0.0294976    0.0262572
h     4.3944193    0.1349613   -0.0740815  0.00    0.0023728   -0.0017271    0.0024103
h     3.8992093    1.7910619    0.3783606  0.00   -0.0029491   -0.0004472    0.0029710
c     3.6476842    0.4391210   -2.8312675  0.00   -0.1636803   -0.0822093   -0.0586365
n     5.5448722    1.7143277   -1.9431623  0.00    0.0442603   -0.0339301   -0.0492881
h     3.5300444    2.4079206   -2.0191002  0.00    0.0049723    0.0014785   -0.0016268
h     6.0172040    1.6745874   -1.0177015  0.00   -0.0107819   -0.0022693   -0.0065280
h     5.9424522    0.9344788   -2.5081613  0.00   -0.1541177   -0.0810981   -0.1067270
h    -2.3270461    2.9207052    0.1078022  0.00   -0.0006808    0.0001001    0.0001186
h    -2.0944042    0.4549425   -0.0021773  0.00   -0.0032826    0.0008420    0.0001039
h    -0.3306590    4.3610135    0.0737403  0.00    0.0005854    0.0006184    0.0002600
h     1.9221937    3.3679809   -0.0718756  0.00    0.0000866    0.0019970    0.0003885
h     2.3933421   -1.6852379   -0.3912220  0.00   -0.0220834   -0.0091430    0.0023506
o     2.4145379    0.0973451   -3.0330762  0.00    0.1472948    0.0439165    0.0412503
o     4.6735504   -0.0120590   -3.6272761  0.00    0.1445981    0.0947365    0.1885841
h     4.7190738    0.6625875   -4.4144952  0.00   -0.0006126    0.0404605   -0.0203838
    27
 Energy =       0.2400347133
c    -1.2976148    2.4293578    0.1055900  0.00   -0.0178304    0.0145612    0.0008952
c    -1.1751755    1.0586504    0.0688657  0.00   -0.0327003   -0.0135496    0.0003185
c     0.0832981    0.5289621   -0.0207889  0.00   -0.0319759   -0.0640899    0.0002543
c    -0.1814168    3.2349334    0.0500202  0.00   -0.0082727    0.0268263    0.0010438
c     1.0754291    2.6804676   -0.0498337  0.00    0.0045703    0.0247687    0.0002362
c     1.1933817    1.3087414   -0.0873449  0.00    0.0201091    0.0212634    0.0009514
n     0.4507302   -0.8272200   -0.0831663  0.00    0.0493539    0.0360914   -0.0025961
c     2.2970692    0.4937874   -0.2143919  0.00    0.0602714   -0.0311861   -0.0035688
c     1.8559323   -0.7921258   -0.2355083  0.00   -0.0300640   -0.0320014   -0.0023779
h    -0.1665656   -1.6584715   -0.0281753  0.00    0.0088567    0.0116904    0.0004448
c     3.7255319    0.9521221   -0.3944915  0.00   -0.0189766    0.0040705   -0.0094818
c     4.0269484    1.5045329   -1.8131841  0.00    0.0031434    0.0203315    0.0176985
h     4.4132906    0.0995871   -0.1757740  0.00    0.0029420   -0.0027241    0.0021900
h     3.9375039    1.7382996    0.3646794  0.00   -0.0020732    0.0003945    0.0030387
c     3.6042943    0.5119992   -2.8932952  0.00   -0.1134454   -0.0573165   -0.0411005
n     5.4781956    1.8075373   -1.9841961  0.00    0.0311827   -0.0234530   -0.0355159
h     3.4433029    2.4350085   -1.9965321  0.00    0.0024456    0.0028600   -0.0012484
h     5.9742781    1.7943848   -1.0674522  0.00   -0.0064360   -0.0014877   -0.0038669
h     5.9026605    1.0492748   -2.5678779  0.00   -0.1131851   -0.0617727   -0.0804082
h    -2.2851273    2.8790258    0.1775139  0.00   -0.0006472    0.0000310    0.0000795
h    -2.0501669    0.4158092    0.1078588  0.00   -0.0028452    0.0001668    0.0000787
h    -0.2923286    4.3164305    0.0795372  0.00    0.0004749    0.0005286    0.0001876
h     1.9523745    3.3199136   -0.1016393  0.00    0.0005381    0.0015239    0.0001241
h     2.4462679   -1.6890943   -0.3893578  0.00   -0.0149567   -0.0065924    0.0012869
o     2.3442736    0.1545426   -3.0849124  0.00    0.1019861    0.0303087    0.0295826
o     4.6146514    0.0799067   -3.7280545  0.00    0.1069573    0.0687400    0.1367351
h     4.6162153    0.7271395   -4.5293574  0.00    0.0005771    0.0300165   -0.0149816
    27
 Energy =       0.2250433807
c    -1.2512561    2.4055687    0.1832579  0.00   -0.0119544    0.0095477    0.0004863
c    -1.1314289    1.0393392    0.1437733  0.00   -0.0218789   -0.0088937    0.0000359
c     0.1177853    0.5084331    0.0309044  0.00   -0.0213040   -0.0424539    0.0000065
c    -0.1364555    3.2057418    0.1079493  0.00   -0.0055947    0.0178469    0.0006474
c     1.1122957    2.6485267   -0.0154784  0.00    0.0032726    0.0163514    0.0001031
c     1.2205100    1.2827258   -0.0571937  0.00    0.0131451    0.0142309    0.0007352
n     0.4731908   -0.8551447   -0.0423880  0.00    0.0322883    0.0239330   -0.0013076
c     2.3133086    0.4774752   -0.2124319  0.00    0.0398840   -0.0206600   -0.0018980
c     1.8812601   -0.8065365   -0.2269497  0.00   -0.0198096   -0.0209410   -0.0017624
h    -0.1439802   -1.6892120    0.0258819  0.00    0.0057622    0.0076505    0.0003505
c     3.7388856    0.9320024   -0.4353481  0.00   -0.0134988    0.0025005   -0.0055709
c     3.9814417    1.5261640   -1.8492986  0.00    0.0006377    0.0130787    0.0112549
h     4.4331120    0.0721627   -0.2722746  0.00    0.0030575   -0.0028626    0.0017324
h     3.9845642    1.6959712    0.3366201  0.00   -0.0013592    0.0007399    0.0028101
c     3.5533498    0.5622851   -2.9503355  0.00   -0.0729951   -0.0363365   -0.0283527
n     5.4151475    1.8792175   -2.0398858  0.00    0.0209730   -0.0155600   -0.0253879
h     3.3662571    2.4445867   -1.9885355  0.00    0.0008003    0.0031694   -0.0009230
h     5.9304995    1.9061676   -1.1315084  0.00   -0.0029472   -0.0008183   -0.0013943
h     5.8631355    1.1319862   -2.6271376  0.00   -0.0804296   -0.0456249   -0.0588290
h    -2.2363132    2.8573966    0.2733107  0.00   -0.0006061    0.0000607    0.0000564
h    -2.0055585    0.3972535    0.1978460  0.00   -0.0020052    0.0000703    0.0000402
h    -0.2437381    4.2874434    0.1401861  0.00    0.0002940    0.0003629    0.0001253
h     1.9905834    3.2842707   -0.0825829  0.00    0.0005341    0.0010079    0.0000018
h     2.4863132   -1.6899065   -0.4080124  0.00   -0.0095069   -0.0046494    0.0006713
o     2.2771989    0.1590354   -3.0995210  0.00    0.0652908    0.0186801    0.0211407
o     4.5396635    0.1496043   -3.8277875  0.00    0.0768125    0.0434733    0.1013942
h     4.4574622    0.7409445   -4.6643287  0.00    0.0011378    0.0260959   -0.0161664
    27
 Energy =       0.2187176771
c    -1.2097284    2.4056699    0.2679264  0.00   -0.0096959    0.0072496    0.0003599
c    -1.0929844    1.0410245    0.2332619  0.00   -0.0174538   -0.0069071   -0.0000480
c     0.1495823    0.5077498    0.0922973  0.00   -0.0167459   -0.0332268   -0.0001408
c    -0.0962244    3.2019928    0.1606006  0.00   -0.0043480    0.0141396    0.0005017
c     1.1460981    2.6416769    0.0084115  0.00    0.0029469    0.0127068    0.0000659
c     1.2480763    1.2780459   -0.0293971  0.00    0.0103341    0.0112336    0.0006583
n     0.4972075   -0.8597949    0.0190361  0.00    0.0243849    0.0188375   -0.0006457
c     2.3321121    0.4750245   -0.2128914  0.00    0.0310761   -0.0161480   -0.0012140
c     1.9025026   -0.8079176   -0.2080749  0.00   -0.0149740   -0.0162553   -0.0015930
h    -0.1190838   -1.6940845    0.1114237  0.00    0.0041633    0.0056175    0.0003585
c     3.7516782    0.9254483   -0.4864567  0.00   -0.0102779    0.0017474   -0.0039800
c     3.9424017    1.5265868   -1.9059053  0.00   -0.0003903    0.0096978    0.0081927
h     4.4502956    0.0644868   -0.3542418  0.00    0.0028562   -0.0024683    0.0014010
h     4.0268633    1.6850865    0.2797412  0.00   -0.0009749    0.0007905    0.0026156
c     3.5046760    0.5624195   -3.0025560  0.00   -0.0527175   -0.0254226   -0.0224735
n     5.3618693    1.9114934   -2.1265613  0.00    0.0157633   -0.0113228   -0.0221367
h     3.3048870    2.4321799   -2.0251474  0.00    0.0003143    0.0028568   -0.0008618
h     5.8882499    1.9994343   -1.2258977  0.00   -0.0004736   -0.0002222    0.0014797
h     5.8247520    1.1513749   -2.6890458  0.00   -0.0643516   -0.0378877   -0.0479729
h    -2.1915561    2.8598727    0.3803200  0.00   -0.0007583    0.0000748    0.0000675
h    -1.9662211    0.4003721    0.3132498  0.00   -0.0018875   -0.0001002    0.0000497
h    -0.2002775    4.2840650    0.1899694  0.00    0.0002434    0.0003019    0.0000977
h     2.0241927    3.2747280   -0.0839948  0.00    0.0007254    0.0009287   -0.0000240
h     2.5084506   -1.6867748   -0.4100574  0.00   -0.0071631   -0.0037173    0.0004133
o     2.2333480    0.0889867   -3.0872524  0.00    0.0455183    0.0121476    0.0173639
o     4.4673571    0.1746495   -3.9190557  0.00    0.0638496    0.0296794    0.0872460
h     4.2987090    0.7097060   -4.7809707  0.00    0.0000367    0.0256690   -0.0197811
    27
 Energy =       0.2155531845
c    -1.1631118    2.4382351    0.3434843  0.00   -0.0084471    0.0056344    0.0003343
c    -1.0587114    1.0735176    0.3242264  0.00   -0.0146694   -0.0057717   -0.0000575
c     0.1733703    0.5280442    0.1564151  0.00   -0.0136940   -0.0270942   -0.0002452
c    -0.0463414    3.2225718    0.1952257  0.00   -0.0033170    0.0119027    0.0003901
c     1.1854104    2.6493926    0.0160863  0.00    0.0028980    0.0104672    0.0000223
c     1.2728141    1.2860772   -0.0069796  0.00    0.0087318    0.0093046    0.0005701
n     0.5047244   -0.8454278    0.0961964  0.00    0.0189509    0.0152993   -0.0001725
c     2.3424785    0.4741583   -0.2114597  0.00    0.0254056   -0.0127935   -0.0007936
c     1.9054067   -0.8048482   -0.1735832  0.00   -0.0116956   -0.0134168   -0.0015357
h    -0.1159387   -1.6739589    0.2202233  0.00    0.0028154    0.0039222    0.0004444
c     3.7583255    0.9068866   -0.5345430  0.00   -0.0077348    0.0012889   -0.0032335
c     3.9107162    1.4988152   -1.9630908  0.00   -0.0008448    0.0076415    0.0063406
h     4.4525196    0.0405305   -0.4202451  0.00    0.0025663   -0.0020336    0.0011050
h     4.0649562    1.6678294    0.2185141  0.00   -0.0006136    0.0009850    0.0025302
c     3.4650399    0.5259205   -3.0505556  0.00   -0.0368242   -0.0155547   -0.0175091
n     5.3187775    1.9083630   -2.2076564  0.00    0.0131181   -0.0089489   -0.0184079
h     3.2568234    2.3930908   -2.0744555  0.00    0.0001349    0.0024578   -0.0008400
h     5.8594186    2.0164538   -1.3174812  0.00   -0.0000031   -0.0000962    0.0016233
h     5.7903518    1.1546534   -2.7734582  0.00   -0.0528021   -0.0316840   -0.0397293
h    -2.1377701    2.9024587    0.4770792  0.00   -0.0009603    0.0000834    0.0000920
h    -1.9346235    0.4411184    0.4379200  0.00   -0.0020672   -0.0004050    0.0001075
h    -0.1399381    4.3059456    0.2134430  0.00    0.0002576    0.0003952    0.0000603
h     2.0666869    3.2731409   -0.1082291  0.00    0.0010784    0.0010665   -0.0000815
h     2.5028294   -1.6878224   -0.3846003  0.00   -0.0056973   -0.0030376    0.0002729
o     2.2197023   -0.0492669   -3.0502687  0.00    0.0261467    0.0053236    0.0159933
o     4.3933616    0.1987425   -4.0288084  0.00    0.0583837    0.0208305    0.0738493
h     4.1399559    0.7088807   -4.8846676  0.00   -0.0011169    0.0242331   -0.0211299
    27
 Energy =       0.2152196121
c    -1.1130719    2.4949262    0.4103871  0.00   -0.0078562    0.0043404    0.0004063
c    -1.0223990    1.1298050    0.4205638  0.00   -0.0127668   -0.0053103   -0.0000112
c     0.1975264    0.5685160    0.2279684  0.00   -0.0115790   -0.0226351   -0.0003108
c     0.0062374    3.2639872    0.2089485  0.00   -0.0021766    0.0105526    0.0002532
c     1.2254837    2.6742858    0.0045567  0.00    0.0030377    0.0091481   -0.0000315
c     1.2974232    1.3109069    0.0114249  0.00    0.0077794    0.0079455    0.0004642
n     0.5118842   -0.8109980    0.1947897  0.00    0.0146605    0.0124834    0.0002381
c     2.3508786    0.4858325   -0.2078349  0.00    0.0211248   -0.0099302   -0.0001933
c     1.9053544   -0.7878655   -0.1217094  0.00   -0.0093266   -0.0117135   -0.0014222
h    -0.1123943   -1.6310996    0.3613748  0.00    0.0013550    0.0020628    0.0006376
c     3.7601482    0.8956159   -0.5910046  0.00   -0.0056108    0.0004960   -0.0024108
c     3.8708498    1.4469820   -2.0409552  0.00   -0.0004768    0.0063068    0.0050296
h     4.4495881    0.0261586   -0.4763462  0.00    0.0022161   -0.0016724    0.0008546
h     4.0986058    1.6731345    0.1316557  0.00   -0.0001556    0.0015201    0.0028197
c     3.4058252    0.4416796   -3.0915027  0.00   -0.0253328   -0.0087385   -0.0156160
n     5.2716962    1.8480223   -2.3301543  0.00    0.0046716   -0.0012450   -0.0205198
h     3.2121948    2.3363367   -2.1607914  0.00    0.0001962    0.0021433   -0.0008059
h     5.8089356    2.0678056   -1.4516118  0.00    0.0043871    0.0024395    0.0101869
h     5.7493958    1.0321435   -2.8109575  0.00   -0.0413724   -0.0346662   -0.0373885
h    -2.0788440    2.9719368    0.5633882  0.00   -0.0011734    0.0000452    0.0001332
h    -1.9003872    0.5084705    0.5773098  0.00   -0.0025377   -0.0009387    0.0002231
h    -0.0759615    4.3486927    0.2045100  0.00    0.0003665    0.0006904    0.0000214
h     2.1091810    3.2857829   -0.1624584  0.00    0.0017184    0.0014845   -0.0001899
h     2.4905674   -1.6789088   -0.3348544  0.00   -0.0046067   -0.0025886    0.0001432
o     2.1914456   -0.2080200   -3.0028329  0.00    0.0135222    0.0001106    0.0138004
o     4.2969526    0.1277156   -4.1088068  0.00    0.0544160    0.0118855    0.0690454
h     4.0801180    0.7316580   -4.9163257  0.00   -0.0044798    0.0257840   -0.0253569
    27
 Energy =       0.2147618047
c    -1.0634326    2.5618007    0.4585238  0.00   -0.0070400    0.0033531    0.0004486
c    -0.9955459    1.1964354    0.4905045  0.00   -0.0108510   -0.0046250    0.0000582
c     0.2082758    0.6111132    0.2774159  0.00   -0.0094217   -0.0183222   -0.0003114
c     0.0633249    3.3073030    0.2159013  0.00   -0.0014785    0.0091026    0.0001606
c     1.2661685    2.6929547   -0.0084865  0.00    0.0030144    0.0076955   -0.0001005
c     1.3137422    1.3298072    0.0203714  0.00    0.0067204    0.0065310    0.0003466
n     0.4962854   -0.7754676    0.2638128  0.00    0.0111865    0.0097558    0.0004395
c     2.3463316    0.4846455   -0.2081245  0.00    0.0172849   -0.0074463    0.0000450
c     1.8841943   -0.7795337   -0.0832244  0.00   -0.0072077   -0.0099857   -0.0012368
h    -0.1378158   -1.5823865    0.4603566  0.00    0.0004792    0.0009378    0.0006933
c     3.7549686    0.8606761   -0.6294089  0.00   -0.0040348    0.0002900   -0.0021678
c     3.8479765    1.3879326   -2.0902349  0.00   -0.0003261    0.0051218    0.0038896
h     4.4294387   -0.0201820   -0.5161196  0.00    0.0019382   -0.0014430    0.0006126
h     4.1236779    1.6417429    0.0744159  0.00    0.0000653    0.0016562    0.0026390
c     3.3602548    0.3739177   -3.1234673  0.00   -0.0183811   -0.0023514   -0.0121120
n     5.2485939    1.7712343   -2.4010801  0.00    0.0039485   -0.0004807   -0.0167434
h     3.1959521    2.2814262   -2.2124260  0.00    0.0001619    0.0017413   -0.0006497
h     5.7950415    2.0117556   -1.5348481  0.00    0.0037079    0.0020807    0.0086398
h     5.7184230    0.9404148   -2.8645976  0.00   -0.0334656   -0.0290397   -0.0306993
h    -2.0169639    3.0581025    0.6274105  0.00   -0.0013586    0.0001112    0.0001782
h    -1.8795525    0.5927442    0.6805363  0.00   -0.0026608   -0.0011716    0.0002968
h    -0.0002523    4.3932663    0.1949753  0.00    0.0003575    0.0008944   -0.0000014
h     2.1563381    3.2857943   -0.2071204  0.00    0.0019704    0.0015943   -0.0002586
h     2.4534335   -1.6823869   -0.2919699  0.00   -0.0035837   -0.0022701    0.0000336
o     2.1889210   -0.3488815   -2.9537082  0.00    0.0031097   -0.0035875    0.0134862
o     4.1944229    0.1114970   -4.2058005  0.00    0.0550295   -0.0074944    0.0683505
h     4.0350318    0.8477769   -4.9248761  0.00   -0.0091647    0.0373519   -0.0360371
    27
 Energy =       0.2155463816
c    -1.0348880    2.6440682    0.4426413  0.00   -0.0072036    0.0035416    0.0005073
c    -0.9891458    1.2787313    0.5099583  0.00   -0.0107293   -0.0050103    0.0001546
c     0.2028516    0.6680869    0.3023896  0.00   -0.0092130   -0.0174534   -0.0002847
c     0.1020725    3.3644573    0.1714127  0.00   -0.0012260    0.0093813    0.0000913
c     1.2927400    2.7243247   -0.0472690  0.00    0.0032084    0.0079915   -0.0001810
c     1.3178449    1.3613856    0.0168209  0.00    0.0066483    0.0064051    0.0003011
n     0.4677261   -0.7235183    0.3287250  0.00    0.0105977    0.0086128    0.0005258
c     2.3344636    0.4929090   -0.1956933  0.00    0.0168873   -0.0065161    0.0003497
c     1.8532612   -0.7600033   -0.0274165  0.00   -0.0069043   -0.0104156   -0.0010204
h    -0.1778321   -1.5145720    0.5536808  0.00   -0.0001088    0.0001441    0.0008595
c     3.7478973    0.8310542   -0.6353449  0.00   -0.0038881    0.0001599   -0.0020037
c     3.8481540    1.3217035   -2.1098132  0.00   -0.0007344    0.0050431    0.0035618
h     4.4049563   -0.0607150   -0.5041584  0.00    0.0020318   -0.0017045    0.0005800
h     4.1359420    1.6210088    0.0482824  0.00    0.0001212    0.0019336    0.0027809
c     3.3405849    0.2972408   -3.1245471  0.00   -0.0131149    0.0025733   -0.0119573
n     5.2575909    1.6664654   -2.4312724  0.00    0.0043428    0.0003552   -0.0162174
h     3.2157297    2.2268441   -2.2500327  0.00   -0.0000205    0.0020226   -0.0006217
h     5.8172853    1.8968738   -1.5708058  0.00    0.0038468    0.0021357    0.0083702
h     5.7036291    0.8214550   -2.8961464  0.00   -0.0315019   -0.0283586   -0.0294331
h    -1.9787205    3.1604918    0.6068869  0.00   -0.0015426    0.0002486    0.0002125
h    -1.8811301    0.6945081    0.7242607  0.00   -0.0029505   -0.0014897    0.0003849
h     0.0563243    4.4509271    0.1233160  0.00    0.0003808    0.0014166   -0.0000370
h     2.1912589    3.2971148   -0.2678505  0.00    0.0022569    0.0018760   -0.0003340
h     2.4070286   -1.6780906   -0.2131913  0.00   -0.0032492   -0.0026611   -0.0000647
o     2.2306752   -0.5076347   -2.8770920  0.00   -0.0055665   -0.0084964    0.0158681
o     4.1223100    0.0850895   -4.2588060  0.00    0.0581726   -0.0149525    0.0670222
h     3.9986240    0.8932967   -4.9102036  0.00   -0.0105408    0.0432171   -0.0394150
    27
 Energy =       0.2128070338
c    -1.0130801    2.5978596    0.5223791  0.00   -0.0062502    0.0035653    0.0004209
c    -0.9644700    1.2314710    0.5529038  0.00   -0.0092569   -0.0043768    0.0001775
c     0.2245696    0.6279067    0.3132156  0.00   -0.0078295   -0.0142719   -0.0001792
c     0.1187164    3.3262970    0.2553618  0.00   -0.0013441    0.0083230    0.0000955
c     1.3065543    2.6935529    0.0054393  0.00    0.0028612    0.0070423   -0.0002090
c     1.3336214    1.3298951    0.0325790  0.00    0.0054984    0.0053911    0.0002951
n     0.4898447   -0.7651431    0.2912889  0.00    0.0092233    0.0063713    0.0004176
c     2.3477277    0.4703777   -0.2174840  0.00    0.0145653   -0.0053706    0.0007705
c     1.8718298   -0.7877615   -0.0822736  0.00   -0.0056829   -0.0094105   -0.0006569
h    -0.1523251   -1.5637278    0.4993315  0.00   -0.0002210   -0.0001337    0.0007672
c     3.7542915    0.8244779   -0.6648729  0.00   -0.0036475   -0.0000724   -0.0009609
c     3.8290656    1.3651542   -2.1232078  0.00   -0.0001697    0.0047437    0.0023004
h     4.4148016   -0.0700871   -0.5734432  0.00    0.0021239   -0.0020827    0.0005877
h     4.1504897    1.5921598    0.0391518  0.00    0.0000950    0.0019474    0.0027667
c     3.3054160    0.3719681   -3.1604723  0.00   -0.0037954    0.0063063   -0.0112349
n     5.2303357    1.7282578   -2.4519640  0.00    0.0035791    0.0003646   -0.0141523
h     3.1899356    2.2713757   -2.2242343  0.00   -0.0004137    0.0023354   -0.0006014
h     5.7858854    1.9825845   -1.5962879  0.00    0.0036934    0.0019884    0.0073341
h     5.6893415    0.8854453   -2.9039523  0.00   -0.0269489   -0.0243127   -0.0251591
h    -1.9553187    3.1087677    0.7117746  0.00   -0.0015564    0.0004719    0.0002224
h    -1.8527982    0.6405204    0.7617375  0.00   -0.0025134   -0.0013158    0.0003318
h     0.0708638    4.4137532    0.2358741  0.00    0.0002205    0.0016233   -0.0000264
h     2.2011527    3.2731734   -0.2111581  0.00    0.0019239    0.0016439   -0.0002888
h     2.4270507   -1.6979859   -0.3014167  0.00   -0.0024642   -0.0027558   -0.0001992
o     2.1240320   -0.3488815   -2.9681692  0.00   -0.0125559   -0.0121289    0.0140312
o     4.0952640    0.1326686   -4.2828360  0.00    0.0496683   -0.0130517    0.0564846
h     3.9644363    0.9194232   -4.9505334  0.00   -0.0088024    0.0371655   -0.0333354
    27
 Energy =       0.2106419897
c    -0.9621756    2.5649679    0.6368091  0.00   -0.0056427    0.0033762    0.0004088
c    -0.9114783    1.1987134    0.6402035  0.00   -0.0082904   -0.0034967    0.0002479
c     0.2711071    0.6008028    0.3589406  0.00   -0.0067205   -0.0117184   -0.0000861
c     0.1616829    3.2988771    0.3550597  0.00   -0.0016327    0.0074084    0.0001743
c     1.3428430    2.6719098    0.0633988  0.00    0.0028169    0.0058621   -0.0002690
c     1.3711139    1.3086499    0.0634131  0.00    0.0044779    0.0045591    0.0003409
n     0.5352669   -0.7922002    0.2973876  0.00    0.0074634    0.0049506    0.0005289
c     2.3779566    0.4563949   -0.2327846  0.00    0.0124010   -0.0047694    0.0012458
c     1.9076403   -0.8045241   -0.1139488  0.00   -0.0040221   -0.0082137   -0.0005457
h    -0.1010202   -1.5955327    0.5051075  0.00   -0.0002138   -0.0001467    0.0006470
c     3.7692852    0.8216106   -0.7180835  0.00   -0.0027374   -0.0000702    0.0001363
c     3.7904815    1.3972953   -2.1649865  0.00   -0.0001298    0.0046169    0.0016627
h     4.4332576   -0.0743613   -0.6712141  0.00    0.0024794   -0.0024437    0.0005631
h     4.1891372    1.5728561   -0.0102059  0.00    0.0001051    0.0017959    0.0028070
c     3.2128522    0.4340505   -3.2025634  0.00    0.0024593    0.0082726   -0.0097643
n     5.1796688    1.7630087   -2.5380344  0.00    0.0038717    0.0001514   -0.0128021
h     3.1524502    2.3091802   -2.2185838  0.00   -0.0012097    0.0026782   -0.0005752
h     5.7568479    2.0272709   -1.7003616  0.00    0.0035971    0.0018884    0.0066857
h     5.6316915    0.9228365   -2.9989648  0.00   -0.0226095   -0.0205730   -0.0214021
h    -1.8999540    3.0714990    0.8588840  0.00   -0.0017925    0.0007013    0.0002927
h    -1.7939792    0.6031836    0.8587447  0.00   -0.0022293   -0.0010860    0.0002995
h     0.1124159    4.3864242    0.3568506  0.00    0.0000459    0.0016042    0.0000062
h     2.2310844    3.2561907   -0.1649627  0.00    0.0017473    0.0013852   -0.0002633
h     2.4587680   -1.7081135   -0.3698886  0.00   -0.0016240   -0.0028540   -0.0003846
o     1.9721507   -0.1901284   -3.0256204  0.00   -0.0176648   -0.0141667    0.0117731
o     3.9777082    0.1497770   -4.3305987  0.00    0.0423006   -0.0126999    0.0476053
h     3.8204313    0.9028640   -5.0252661  0.00   -0.0072465    0.0329880   -0.0293329
    27
 Energy =       0.2082686572
c    -0.9980756    2.4897135    0.6439951  0.00   -0.0054255    0.0035608    0.0004841
c    -0.9393168    1.1240370    0.5939302  0.00   -0.0074748   -0.0041485    0.0002690
c     0.2493333    0.5443871    0.3019947  0.00   -0.0061980   -0.0102552    0.0000697
c     0.1242425    3.2410920    0.4040404  0.00   -0.0009820    0.0073928    0.0000463
c     1.3122731    2.6327750    0.1033922  0.00    0.0027361    0.0062963   -0.0002812
c     1.3482808    1.2703394    0.0500338  0.00    0.0042111    0.0040825    0.0002354
n     0.5218231   -0.8448348    0.1841618  0.00    0.0066258    0.0031939    0.0003444
c     2.3648587    0.4374012   -0.2630736  0.00    0.0109142   -0.0034711    0.0014966
c     1.9015442   -0.8308563   -0.2044283  0.00   -0.0039341   -0.0084815   -0.0004134
h    -0.1134703   -1.6606995    0.3463544  0.00   -0.0012289   -0.0015788    0.0008313
c     3.7642308    0.8336023   -0.6999155  0.00   -0.0026687   -0.0006544    0.0003481
c     3.8076221    1.4608390   -2.1238257  0.00   -0.0020955    0.0045258    0.0021563
h     4.4370887   -0.0562410   -0.6705837  0.00    0.0022334   -0.0023937    0.0004659
h     4.1590635    1.5638031    0.0446444  0.00    0.0003658    0.0023657    0.0033205
c     3.2889962    0.5114597   -3.2056767  0.00    0.0050141    0.0105607   -0.0087420
n     5.1920994    1.8907102   -2.4428194  0.00    0.0040224    0.0032015   -0.0129806
h     3.1388093    2.3516608   -2.1651779  0.00   -0.0013737    0.0030432   -0.0002216
h     5.7229280    2.1852995   -1.5836308  0.00    0.0051359    0.0027522    0.0077887
h     5.7001777    1.0701180   -2.8788496  0.00   -0.0178014   -0.0201171   -0.0197338
h    -1.9412558    2.9819828    0.8747877  0.00   -0.0016913    0.0007600    0.0002878
h    -1.8207349    0.5148138    0.7781987  0.00   -0.0024192   -0.0015298    0.0003618
h     0.0684626    4.3281112    0.4472467  0.00    0.0001399    0.0023340   -0.0000005
h     2.1997336    3.2312636   -0.0907218  0.00    0.0020064    0.0018008   -0.0003244
h     2.4664458   -1.7201166   -0.4804120  0.00   -0.0013146   -0.0029197   -0.0004183
o     2.0049908   -0.0516760   -3.1326627  0.00   -0.0249257   -0.0157367    0.0122259
o     4.1304890    0.1973048   -4.2745998  0.00    0.0477781   -0.0259534    0.0484427
h     3.8965942    0.8572129   -5.0476709  0.00   -0.0116500    0.0413699   -0.0360588
    27
 Energy =       0.2041893934
c    -0.9782283    2.4268192    0.7367730  0.00   -0.0044248    0.0034617    0.0004500
c    -0.9107071    1.0641466    0.6441060  0.00   -0.0060216   -0.0032848    0.0002982
c     0.2754319    0.5020116    0.3123411  0.00   -0.0046656   -0.0073779    0.0001462
c     0.1335886    3.1925364    0.4987692  0.00   -0.0012456    0.0061628    0.0001471
c     1.3193226    2.6017872    0.1588982  0.00    0.0024198    0.0050291   -0.0002920
c     1.3632672    1.2426261    0.0638334  0.00    0.0031201    0.0029832    0.0002094
n     0.5544591   -0.8815416    0.1425086  0.00    0.0051969    0.0014278    0.0001541
c     2.3796038    0.4288439   -0.2917955  0.00    0.0085762   -0.0027970    0.0011257
c     1.9283114   -0.8436089   -0.2673150  0.00   -0.0025916   -0.0070215   -0.0004575
h    -0.0725605   -1.7069783    0.2870867  0.00   -0.0011113   -0.0015230    0.0006696
c     3.7675954    0.8519125   -0.7376337  0.00   -0.0024718   -0.0009987    0.0007997
c     3.7721653    1.5091107   -2.1466276  0.00   -0.0035226    0.0023859    0.0014257
h     4.4532433   -0.0283994   -0.7391894  0.00    0.0020094   -0.0022717    0.0003820
h     4.1633822    1.5709479    0.0159796  0.00    0.0001419    0.0018351    0.0027033
c     3.2762960    0.5573906   -3.2353255  0.00    0.0063458    0.0089108   -0.0057432
n     5.1310885    2.0114744   -2.4688308  0.00    0.0037946    0.0053301   -0.0104506
h     3.0633638    2.3704209   -2.1643775  0.00   -0.0019080    0.0034011   -0.0002230
h     5.6425132    2.3440526   -1.6125438  0.00    0.0052429    0.0026439    0.0066389
h     5.6879240    1.2192734   -2.8940376  0.00   -0.0120925   -0.0166900   -0.0156680
h    -1.9203002    2.9054852    0.9992396  0.00   -0.0017505    0.0009762    0.0003439
h    -1.7841889    0.4435797    0.8251551  0.00   -0.0019108   -0.0012124    0.0002900
h     0.0709833    4.2773977    0.5749879  0.00   -0.0000594    0.0023406    0.0000560
h     2.1986762    3.2118638   -0.0337882  0.00    0.0015959    0.0014330   -0.0002449
h     2.4984790   -1.7183670   -0.5778046  0.00   -0.0006113   -0.0027992   -0.0005041
o     1.9638635    0.0628316   -3.2185197  0.00   -0.0236926   -0.0131916    0.0104746
o     4.1447593    0.1895688   -4.2647263  0.00    0.0417590   -0.0284855    0.0436684
h     3.8649014    0.7483169   -5.0984317  0.00   -0.0121224    0.0393321   -0.0363993
    27
 Energy =       0.2019100257
c    -0.9552327    2.3873430    0.8207769  0.00   -0.0041671    0.0028952    0.0004906
c    -0.8718032    1.0267622    0.7175917  0.00   -0.0055182   -0.0026702    0.0003740
c     0.3134142    0.4828066    0.3543593  0.00   -0.0040339   -0.0062206    0.0001676
c     0.1401801    3.1690565    0.5607156  0.00   -0.0011737    0.0054746    0.0001759
c     1.3248478    2.5964524    0.1885744  0.00    0.0024797    0.0041317   -0.0003474
c     1.3844635    1.2392445    0.0851599  0.00    0.0026888    0.0025433    0.0001750
n     0.6063179   -0.8954803    0.1653613  0.00    0.0038026    0.0011574    0.0003291
c     2.4026490    0.4432528   -0.3007807  0.00    0.0070260   -0.0027229    0.0008687
c     1.9700838   -0.8348542   -0.2769635  0.00   -0.0015903   -0.0059023   -0.0005694
h    -0.0059635   -1.7305413    0.3177053  0.00   -0.0011330   -0.0014919    0.0006063
c     3.7703496    0.8926256   -0.7831605  0.00   -0.0014616   -0.0017565    0.0013297
c     3.7157857    1.5294253   -2.2000668  0.00   -0.0057848    0.0005815    0.0014637
h     4.4772483    0.0293397   -0.7911247  0.00    0.0019322   -0.0021975    0.0004795
h     4.1672428    1.6304742   -0.0488835  0.00    0.0003330    0.0017251    0.0025390
c     3.2532419    0.5282396   -3.2598141  0.00    0.0027034    0.0069749   -0.0031118
n     5.0371004    2.1115765   -2.5523893  0.00    0.0047012    0.0086580   -0.0092454
h     2.9552780    2.3479959   -2.2188536  0.00   -0.0030299    0.0044252   -0.0006729
h     5.5380366    2.4931530   -1.7099967  0.00    0.0062166    0.0030598    0.0068218
h     5.6419659    1.3508128   -2.9681864  0.00   -0.0076334   -0.0151227   -0.0133714
h    -1.8972237    2.8517250    1.1084003  0.00   -0.0018637    0.0009562    0.0003979
h    -1.7326825    0.3936522    0.9145233  0.00   -0.0018832   -0.0011134    0.0003069
h     0.0649181    4.2523278    0.6444992  0.00   -0.0000793    0.0020732    0.0000596
h     2.1909440    3.2191329   -0.0238520  0.00    0.0017075    0.0013423   -0.0002939
h     2.5450461   -1.6978360   -0.6110529  0.00   -0.0002348   -0.0025725   -0.0005522
o     1.9386244    0.0462111   -3.2606387  0.00   -0.0200409   -0.0109206    0.0091761
o     4.1470165    0.1010411   -4.2450796  0.00    0.0375062   -0.0290588    0.0368443
h     3.8653851    0.5895637   -5.1180931  0.00   -0.0114693    0.0357517   -0.0344415
    27
 Energy =       0.2025623371
c    -0.9392922    2.3991637    0.8592406  0.00   -0.0043866    0.0026242    0.0005949
c    -0.8411554    1.0375226    0.7835999  0.00   -0.0054512   -0.0030324    0.0003989
c     0.3435984    0.5003947    0.4093613  0.00   -0.0040609   -0.0062225    0.0002221
c     0.1409806    3.1887517    0.5598851  0.00   -0.0006371    0.0056375    0.0000468
c     1.3247749    2.6228143    0.1756078  0.00    0.0025564    0.0044426   -0.0003506
c     1.3993978    1.2642492    0.1023443  0.00    0.0027752    0.0024349    0.0001065
n     0.6496739   -0.8780810    0.2424700  0.00    0.0032601    0.0009533    0.0004230
c     2.4194150    0.4735398   -0.2877840  0.00    0.0063784   -0.0025749    0.0011136
c     2.0036319   -0.8093120   -0.2293925  0.00   -0.0015263   -0.0060335   -0.0004997
h     0.0514677   -1.7179306    0.4248141  0.00   -0.0015953   -0.0021281    0.0007251
c     3.7671371    0.9334343   -0.8164596  0.00   -0.0005824   -0.0029749    0.0024595
c     3.6630541    1.5018278   -2.2618567  0.00   -0.0063826    0.0009720    0.0015908
h     4.4949156    0.0870585   -0.7990614  0.00    0.0021300   -0.0027377    0.0007968
h     4.1606524    1.7137778   -0.1234355  0.00    0.0010604    0.0028084    0.0034154
c     3.2452717    0.4190243   -3.2646700  0.00    0.0013509    0.0058013   -0.0029578
n     4.9460686    2.1460696   -2.6564426  0.00    0.0055895    0.0116545   -0.0092420
h     2.8549753    2.2757637   -2.3096456  0.00   -0.0043727    0.0061428   -0.0014751
h     5.4426950    2.5772900   -1.8343844  0.00    0.0075830    0.0039202    0.0079047
h     5.5874419    1.4099937   -3.0617165  0.00   -0.0051539   -0.0147758   -0.0125664
h    -1.8812018    2.8580967    1.1555716  0.00   -0.0018457    0.0008661    0.0003991
h    -1.6903862    0.3981061    1.0106425  0.00   -0.0021843   -0.0014397    0.0003912
h     0.0539223    4.2728493    0.6212285  0.00    0.0000472    0.0023132    0.0000342
h     2.1782879    3.2514266   -0.0708673  0.00    0.0021572    0.0017408   -0.0004478
h     2.5809584   -1.6706946   -0.5635472  0.00   -0.0002229   -0.0024277   -0.0005402
o     1.9495519   -0.1125420   -3.2428955  0.00   -0.0206003   -0.0118590    0.0074363
o     4.1605950   -0.0409431   -4.2158208  0.00    0.0355115   -0.0305603    0.0337900
h     3.9208023    0.4518519   -5.0980546  0.00   -0.0113975    0.0344546   -0.0337690
    27
 Energy =       0.2009076270
c    -0.9410021    2.3662999    0.8640188  0.00   -0.0044749    0.0027412    0.0006403
c    -0.8484344    1.0060174    0.7580392  0.00   -0.0054011   -0.0033760    0.0003821
c     0.3362952    0.4721527    0.3792377  0.00   -0.0040999   -0.0062219    0.0002496
c     0.1449877    3.1578075    0.5906594  0.00   -0.0004376    0.0058537    0.0000059
c     1.3291429    2.5953365    0.2026181  0.00    0.0025364    0.0048160   -0.0003183
c     1.3978316    1.2382131    0.0975621  0.00    0.0028072    0.0023777    0.0000908
n     0.6371690   -0.9039271    0.1829123  0.00    0.0033100    0.0006128    0.0003660
c     2.4170674    0.4516589   -0.3029597  0.00    0.0062855   -0.0024232    0.0013428
c     1.9948876   -0.8305075   -0.2772812  0.00   -0.0016681   -0.0063979   -0.0004617
h     0.0332234   -1.7448768    0.3411928  0.00   -0.0018368   -0.0025071    0.0007796
c     3.7733901    0.9160237   -0.8053989  0.00   -0.0004271   -0.0035155    0.0030846
c     3.6870422    1.5432274   -2.2282838  0.00   -0.0055483    0.0016864    0.0015489
h     4.4909350    0.0604148   -0.8169154  0.00    0.0023121   -0.0031901    0.0009109
h     4.1719166    1.6655240   -0.0804669  0.00    0.0013828    0.0034232    0.0039873
c     3.2324492    0.5179694   -3.2761707  0.00    0.0027857    0.0057262   -0.0035215
n     4.9912175    2.1588546   -2.5976610  0.00    0.0057758    0.0124613   -0.0091817
h     2.9050408    2.3457412   -2.2467520  0.00   -0.0049250    0.0070523   -0.0017672
h     5.4907517    2.5613958   -1.7624588  0.00    0.0080173    0.0042128    0.0083256
h     5.6141620    1.4110653   -3.0115144  0.00   -0.0045311   -0.0147736   -0.0124019
h    -1.8829492    2.8227099    1.1640116  0.00   -0.0018225    0.0008804    0.0003961
h    -1.7020616    0.3652780    0.9647082  0.00   -0.0022868   -0.0016192    0.0004125
h     0.0623941    4.2408591    0.6761750  0.00    0.0000834    0.0025999    0.0000407
h     2.1876024    3.2257931   -0.0216400  0.00    0.0023044    0.0019493   -0.0004927
h     2.5723592   -1.6874301   -0.6223481  0.00   -0.0002204   -0.0024690   -0.0005554
o     1.9118112    0.0462111   -3.2916971  0.00   -0.0234102   -0.0132830    0.0063541
o     4.1367192    0.0568218   -4.2367894  0.00    0.0363060   -0.0325833    0.0372864
h     3.8432853    0.4948692   -5.1340664  0.00   -0.0128168    0.0359664   -0.0375038
    27
 Energy =       0.1983804922
c    -0.9397461    2.3306472    0.8792446  0.00   -0.0042316    0.0027892    0.0006425
c    -0.8521107    0.9729567    0.7403107  0.00   -0.0049788   -0.0034892    0.0003330
c     0.3309715    0.4439483    0.3506529  0.00   -0.0038284   -0.0057966    0.0002591
c     0.1498213    3.1243893    0.6282109  0.00   -0.0003035    0.0056891   -0.0000083
c     1.3327848    2.5668773    0.2303658  0.00    0.0023312    0.0048727   -0.0002542
c     1.3961347    1.2124994    0.0911779  0.00    0.0026252    0.0021114    0.0000707
n     0.6268817   -0.9284733    0.1219643  0.00    0.0032284    0.0001653    0.0002395
c     2.4136183    0.4317954   -0.3239526  0.00    0.0057890   -0.0021946    0.0014621
c     1.9867092   -0.8490024   -0.3306233  0.00   -0.0016982   -0.0063501   -0.0004112
h     0.0185290   -1.7704788    0.2568159  0.00   -0.0019264   -0.0026910    0.0007692
c     3.7768929    0.9009917   -0.8018705  0.00   -0.0003309   -0.0037587    0.0034157
c     3.7062952    1.5833740   -2.2000343  0.00   -0.0042592    0.0022660    0.0014638
h     4.4856052    0.0388190   -0.8422831  0.00    0.0023205   -0.0033895    0.0009355
h     4.1795039    1.6194924   -0.0476793  0.00    0.0015692    0.0037286    0.0042570
c     3.2232665    0.6154259   -3.2892029  0.00    0.0041156    0.0052690   -0.0038662
n     5.0262599    2.1760573   -2.5452777  0.00    0.0056907    0.0120811   -0.0083805
h     2.9466598    2.4072223   -2.1885834  0.00   -0.0049606    0.0073066   -0.0018665
h     5.5193320    2.5633496   -1.6996252  0.00    0.0076041    0.0040279    0.0078278
h     5.6392899    1.4187723   -2.9560859  0.00   -0.0038129   -0.0136478   -0.0113324
h    -1.8805612    2.7833229    1.1879312  0.00   -0.0016966    0.0008809    0.0003748
h    -1.7084576    0.3305780    0.9295780  0.00   -0.0021838   -0.0016537    0.0003917
h     0.0711957    4.2054832    0.7399669  0.00    0.0000846    0.0027589    0.0000604
h     2.1944962    3.1994030    0.0257245  0.00    0.0022387    0.0019985   -0.0004811
h     2.5646446   -1.7003989   -0.6880318  0.00   -0.0001882   -0.0023658   -0.0005346
o     1.8824703    0.2049642   -3.3419815  0.00   -0.0246330   -0.0135441    0.0049088
o     4.1194695    0.1497404   -4.2539546  0.00    0.0352037   -0.0321007    0.0389421
h     3.7772775    0.5217463   -5.1640259  0.00   -0.0137688    0.0350368   -0.0392187
    27
 Energy =       0.1952030303
c    -0.9349056    2.2918896    0.9059438  0.00   -0.0037651    0.0028133    0.0006250
c    -0.8521193    0.9382801    0.7300450  0.00   -0.0043170   -0.0034288    0.0002628
c     0.3278634    0.4160248    0.3235816  0.00   -0.0033228   -0.0050617    0.0002519
c     0.1567559    3.0882346    0.6751275  0.00   -0.0002519    0.0052706    0.0000117
c     1.3370691    2.5374877    0.2614765  0.00    0.0020200    0.0046872   -0.0001719
c     1.3951588    1.1874051    0.0845293  0.00    0.0023014    0.0016967    0.0000434
n     0.6185644   -0.9511144    0.0581136  0.00    0.0030618   -0.0003767    0.0000521
c     2.4097689    0.4145395   -0.3501555  0.00    0.0050583   -0.0018952    0.0014555
c     1.9790535   -0.8640555   -0.3905833  0.00   -0.0016267   -0.0060033   -0.0003527
h     0.0067168   -1.7940688    0.1691695  0.00   -0.0018948   -0.0027196    0.0007074
c     3.7781967    0.8892648   -0.8059149  0.00   -0.0003300   -0.0036977    0.0034543
c     3.7200396    1.6234247   -2.1774199  0.00   -0.0027344    0.0025774    0.0012918
h     4.4794743    0.0230725   -0.8757646  0.00    0.0021927   -0.0033632    0.0008805
h     4.1845201    1.5766598   -0.0251390  0.00    0.0016087    0.0037309    0.0042341
c     3.2159818    0.7107815   -3.3033369  0.00    0.0052011    0.0045271   -0.0039114
n     5.0506427    2.2001108   -2.5002422  0.00    0.0051392    0.0107714   -0.0072246
h     2.9782183    2.4615777   -2.1352361  0.00   -0.0045733    0.0069804   -0.0017883
h     5.5326395    2.5794524   -1.6456841  0.00    0.0067080    0.0035941    0.0068562
h     5.6599629    1.4369428   -2.9036747  0.00   -0.0031035   -0.0118391   -0.0097397
h    -1.8734991    2.7393667    1.2281975  0.00   -0.0015252    0.0008895    0.0003519
h    -1.7100479    0.2939296    0.9035229  0.00   -0.0019375   -0.0015788    0.0003415
h     0.0820357    4.1662361    0.8162881  0.00    0.0000502    0.0028362    0.0000987
h     2.2008264    3.1723021    0.0747878  0.00    0.0020105    0.0019217   -0.0004226
h     2.5570717   -1.7084968   -0.7636439  0.00   -0.0001233   -0.0021891   -0.0004990
o     1.8594255    0.3637173   -3.3928597  0.00   -0.0244079   -0.0127679    0.0033810
o     4.1066822    0.2336692   -4.2660297  0.00    0.0329684   -0.0294897    0.0392358
h     3.7211375    0.5268689   -5.1863672  0.00   -0.0144068    0.0321145   -0.0394251
    27
 Energy =       0.1916248617
c    -0.9250047    2.2483963    0.9470895  0.00   -0.0031714    0.0028703    0.0006152
c    -0.8472403    0.9008361    0.7287399  0.00   -0.0035341   -0.0032463    0.0001805
c     0.3281178    0.3880058    0.2988977  0.00   -0.0026573   -0.0041076    0.0002323
c     0.1673886    3.0480296    0.7350472  0.00   -0.0003153    0.0047156    0.0000833
c     1.3434628    2.5066547    0.2987053  0.00    0.0016760    0.0043269   -0.0000827
c     1.3961582    1.1628660    0.0790648  0.00    0.0018866    0.0011898    0.0000105
n     0.6131057   -0.9715521   -0.0095613  0.00    0.0028580   -0.0010166   -0.0001958
c     2.4065231    0.4006130   -0.3815513  0.00    0.0042445   -0.0015353    0.0013190
c     1.9725970   -0.8747306   -0.4587489  0.00   -0.0014596   -0.0054694   -0.0003024
h    -0.0013681   -1.8153900    0.0767224  0.00   -0.0017665   -0.0026253    0.0006038
c     3.7777413    0.8824414   -0.8188790  0.00   -0.0004297   -0.0033501    0.0032245
c     3.7263244    1.6650737   -2.1620928  0.00   -0.0011997    0.0025434    0.0009972
h     4.4732271    0.0149649   -0.9195514  0.00    0.0019734   -0.0031534    0.0007555
h     4.1881998    1.5388864   -0.0145154  0.00    0.0014993    0.0034498    0.0039408
c     3.2077688    0.8035370   -3.3193258  0.00    0.0058626    0.0036637   -0.0034932
n     5.0622987    2.2340855   -2.4654357  0.00    0.0041841    0.0088224   -0.0059126
h     2.9966756    2.5103613   -2.0881346  0.00   -0.0038879    0.0061908   -0.0015558
h     5.5303447    2.6113044   -1.6035145  0.00    0.0055259    0.0030112    0.0056177
h     5.6737585    1.4691471   -2.8592781  0.00   -0.0024428   -0.0096282   -0.0078715
h    -1.8601894    2.6885746    1.2883824  0.00   -0.0013652    0.0009318    0.0003475
h    -1.7057360    0.2539713    0.8873691  0.00   -0.0015981   -0.0014227    0.0002710
h     0.0966946    4.1214062    0.9099054  0.00   -0.0000240    0.0028793    0.0001661
h     2.2081314    3.1441902    0.1285046  0.00    0.0016644    0.0017439   -0.0003277
h     2.5497048   -1.7100485   -0.8529744  0.00   -0.0000073   -0.0020201   -0.0004808
o     1.8396509    0.5224704   -3.4449552  0.00   -0.0229556   -0.0111415    0.0020383
o     4.0950151    0.3035590   -4.2721166  0.00    0.0300772   -0.0251113    0.0381290
h     3.6738840    0.5058491   -5.1990619  0.00   -0.0146375    0.0274887   -0.0383100
    27
 Energy =       0.1879418429
c    -0.9084942    2.1978177    1.0052456  0.00   -0.0025533    0.0029939    0.0006448
c    -0.8357291    0.8588815    0.7383890  0.00   -0.0027589   -0.0029772    0.0001004
c     0.3334506    0.3593287    0.2781524  0.00   -0.0019234   -0.0030295    0.0002091
c     0.1829868    3.0020413    0.8104986  0.00   -0.0005248    0.0041314    0.0002287
c     1.3531584    2.4738740    0.3439204  0.00    0.0013780    0.0038436   -0.0000020
c     1.4005756    1.1389148    0.0762560  0.00    0.0014252    0.0006615   -0.0000214
n     0.6124001   -0.9894647   -0.0804495  0.00    0.0026406   -0.0017240   -0.0004935
c     2.4052408    0.3912045   -0.4176921  0.00    0.0034778   -0.0011471    0.0010634
c     1.9688486   -0.8796415   -0.5354241  0.00   -0.0011900   -0.0048419   -0.0002911
h    -0.0035385   -1.8342809   -0.0199199  0.00   -0.0015633   -0.0024309    0.0004693
c     3.7760801    0.8830717   -0.8420625  0.00   -0.0005825   -0.0027850    0.0027812
c     3.7228184    1.7101193   -2.1562072  0.00    0.0000928    0.0021373    0.0005729
h     4.4680022    0.0175669   -0.9752298  0.00    0.0017100   -0.0028065    0.0005739
h     4.1917605    1.5097996   -0.0179226  0.00    0.0012528    0.0029211    0.0034135
c     3.1954173    0.8924654   -3.3381381  0.00    0.0059364    0.0030215   -0.0023068
n     5.0585619    2.2811888   -2.4448226  0.00    0.0029991    0.0066277   -0.0046012
h     2.9985459    2.5550800   -2.0497796  0.00   -0.0030699    0.0051056   -0.0012104
h     5.5109742    2.6620617   -1.5775344  0.00    0.0042464    0.0023695    0.0042974
h     5.6779962    1.5187701   -2.8276666  0.00   -0.0018162   -0.0073191   -0.0059595
h    -1.8390307    2.6276263    1.3714747  0.00   -0.0012736    0.0010251    0.0003855
h    -1.6935828    0.2085308    0.8830002  0.00   -0.0012196   -0.0012104    0.0001911
h     0.1162560    4.0687653    1.0237486  0.00   -0.0001396    0.0029131    0.0002729
h     2.2173523    3.1150462    0.1883840  0.00    0.0012573    0.0014881   -0.0002144
h     2.5437170   -1.7026862   -0.9579428  0.00    0.0001881   -0.0019414   -0.0005223
o     1.8197879    0.6812236   -3.5002616  0.00   -0.0207796   -0.0089361    0.0011298
o     4.0803296    0.3525180   -4.2704222  0.00    0.0270563   -0.0196629    0.0353929
h     3.6333492    0.4536798   -5.1988626  0.00   -0.0142663    0.0215725   -0.0361042
    27
 Energy =       0.1844466733
c    -0.8846681    2.1376121    1.0802315  0.00   -0.0019999    0.0031385    0.0007318
c    -0.8162591    0.8104272    0.7596193  0.00   -0.0021010   -0.0026255    0.0000436
c     0.3453400    0.3293238    0.2625514  0.00   -0.0012193   -0.0019353    0.0001928
c     0.2037402    2.9485641    0.9009819  0.00   -0.0008669    0.0035717    0.0004525
c     1.3664713    2.4388314    0.3970760  0.00    0.0011866    0.0032566    0.0000468
c     1.4094123    1.1156730    0.0769706  0.00    0.0009592    0.0001898   -0.0000433
n     0.6185476   -1.0046708   -0.1526948  0.00    0.0023781   -0.0023871   -0.0007984
c     2.4071576    0.3876605   -0.4573641  0.00    0.0028141   -0.0007866    0.0007196
c     1.9696005   -0.8773585   -0.6189710  0.00   -0.0008048   -0.0041542   -0.0003457
h     0.0027948   -1.8508320   -0.1184321  0.00   -0.0013065   -0.0021472    0.0003183
c     3.7737563    0.8940361   -0.8753311  0.00   -0.0006757   -0.0021256    0.0022013
c     3.7081333    1.7599254   -2.1611207  0.00    0.0008843    0.0014168    0.0000864
h     4.4651088    0.0343234   -1.0417889  0.00    0.0014337   -0.0023539    0.0003598
h     4.1958075    1.4941787   -0.0361203  0.00    0.0009086    0.0022073    0.0027023
c     3.1768265    0.9758969   -3.3604372  0.00    0.0052922    0.0030668   -0.0000729
n     5.0379653    2.3433178   -2.4411151  0.00    0.0018250    0.0046141   -0.0034073
h     2.9819389    2.5972414   -2.0227332  0.00   -0.0022849    0.0039104   -0.0008149
h     5.4738511    2.7339110   -1.5709212  0.00    0.0030503    0.0017594    0.0030720
h     5.6709207    1.5875091   -2.8116933  0.00   -0.0011847   -0.0051983   -0.0041971
h    -1.8094170    2.5528868    1.4768644  0.00   -0.0012789    0.0011530    0.0004795
h    -1.6718717    0.1550261    0.8912276  0.00   -0.0008578   -0.0009632    0.0001154
h     0.1403898    4.0061629    1.1566521  0.00   -0.0002831    0.0029073    0.0004153
h     2.2283593    3.0852724    0.2539148  0.00    0.0008600    0.0011787   -0.0001101
h     2.5410067   -1.6839967   -1.0770036  0.00    0.0004713   -0.0019800   -0.0006532
o     1.7981777    0.8399767   -3.5622116  0.00   -0.0185442   -0.0063972    0.0007816
o     4.0586895    0.3748040   -4.2584224  0.00    0.0244316   -0.0141993    0.0306746
h     3.5954543    0.3678003   -5.1809976  0.00   -0.0130874    0.0148831   -0.0329509
    27
 Energy =       0.1813804969
c    -0.8543375    2.0641808    1.1690278  0.00   -0.0015554    0.0031993    0.0008692
c    -0.7890121    0.7525355    0.7899033  0.00   -0.0016018   -0.0022057    0.0000197
c     0.3638665    0.2964715    0.2509151  0.00   -0.0006202   -0.0009374    0.0001881
c     0.2284326    2.8848487    1.0042958  0.00   -0.0012524    0.0030352    0.0007263
c     1.3824451    2.4002852    0.4573000  0.00    0.0011115    0.0025908    0.0000477
c     1.4224210    1.0924117    0.0808415  0.00    0.0005340   -0.0001714   -0.0000546
n     0.6322992   -1.0177563   -0.2267103  0.00    0.0020231   -0.0028627   -0.0010558
c     2.4124796    0.3905374   -0.4996136  0.00    0.0022295   -0.0004924    0.0003433
c     1.9756075   -0.8671635   -0.7084661  0.00   -0.0003328   -0.0034058   -0.0004634
h     0.0187251   -1.8658666   -0.2196292  0.00   -0.0010316   -0.0018055    0.0001665
c     3.7708474    0.9172561   -0.9164728  0.00   -0.0005995   -0.0014946    0.0015496
c     3.6830726    1.8156657   -2.1757496  0.00    0.0010167    0.0005547   -0.0003117
h     4.4652877    0.0674736   -1.1153981  0.00    0.0011418   -0.0018113    0.0001467
h     4.1993750    1.4954386   -0.0667010  0.00    0.0005352    0.0014070    0.0018764
c     3.1531581    1.0541495   -3.3865067  0.00    0.0040792    0.0038849    0.0027992
n     5.0018347    2.4210141   -2.4520021  0.00    0.0008418    0.0030583   -0.0023998
h     2.9481228    2.6387260   -2.0073718  0.00   -0.0016173    0.0027521   -0.0004270
h     5.4197198    2.8271059   -1.5810509  0.00    0.0020601    0.0012555    0.0020735
h     5.6534987    1.6756779   -2.8086375  0.00   -0.0005261   -0.0034474   -0.0026978
h    -1.7723462    2.4595707    1.6005023  0.00   -0.0013543    0.0012644    0.0006199
h    -1.6404653    0.0899095    0.9089072  0.00   -0.0005579   -0.0007100    0.0000554
h     0.1673641    3.9303259    1.3060628  0.00   -0.0004234    0.0028108    0.0005748
h     2.2398349    3.0544071    0.3248952  0.00    0.0005366    0.0008547   -0.0000416
h     2.5427709   -1.6522002   -1.2083072  0.00    0.0008002   -0.0020774   -0.0008632
o     1.7777841    0.9987298   -3.6352597  0.00   -0.0164694   -0.0036621    0.0008383
o     4.0288635    0.3740714   -4.2350519  0.00    0.0220231   -0.0095563    0.0239329
h     3.5555845    0.2556969   -5.1409912  0.00   -0.0109904    0.0079723   -0.0285128
    27
 Energy =       0.1790296583
c    -0.8197986    1.9755064    1.2656821  0.00   -0.0012355    0.0029988    0.0009952
c    -0.7552579    0.6833582    0.8255660  0.00   -0.0012669   -0.0017246    0.0000345
c     0.3882995    0.2597574    0.2422591  0.00   -0.0001973   -0.0001991    0.0001821
c     0.2542493    2.8096439    1.1149717  0.00   -0.0015164    0.0024791    0.0009615
c     1.3988082    2.3579169    0.5218870  0.00    0.0011153    0.0018797   -0.0000130
c     1.4384566    1.0688112    0.0873213  0.00    0.0002226   -0.0003700   -0.0000619
n     0.6540182   -1.0294493   -0.3006235  0.00    0.0015286   -0.0029340   -0.0011596
c     2.4208746    0.4000710   -0.5420187  0.00    0.0016939   -0.0003104    0.0000166
c     1.9873796   -0.8490125   -0.7999318  0.00    0.0001453   -0.0025796   -0.0005965
h     0.0451092   -1.8803969   -0.3212912  0.00   -0.0007719   -0.0014307    0.0000366
c     3.7670483    0.9537153   -0.9612217  0.00   -0.0003046   -0.0009633    0.0008853
c     3.6495872    1.8759609   -2.1982578  0.00    0.0005129   -0.0001730   -0.0004522
h     4.4692326    0.1179687   -1.1882174  0.00    0.0008239   -0.0012138   -0.0000156
h     4.1999954    1.5172722   -0.1053278  0.00    0.0002235    0.0006696    0.0010413
c     3.1274986    1.1247746   -3.4158999  0.00    0.0028271    0.0045016    0.0047488
n     4.9527396    2.5115993   -2.4737972  0.00    0.0001808    0.0020765   -0.0016165
h     2.8997004    2.6791623   -2.0046969  0.00   -0.0011028    0.0017653   -0.0001043
h     5.3506752    2.9378195   -1.6037763  0.00    0.0013513    0.0009071    0.0013882
h     5.6274645    1.7805621   -2.8151367  0.00    0.0001015   -0.0022017   -0.0015703
h    -1.7305094    2.3449122    1.7343122  0.00   -0.0014188    0.0012708    0.0007566
h    -1.6002046    0.0107585    0.9321116  0.00   -0.0003621   -0.0004841    0.0000231
h     0.1935534    3.8398479    1.4648159  0.00   -0.0005088    0.0025313    0.0006978
h     2.2490420    3.0228664    0.3992347  0.00    0.0003426    0.0005663   -0.0000317
h     2.5502368   -1.6068099   -1.3453138  0.00    0.0010611   -0.0020800   -0.0010698
o     1.7638818    1.1470783   -3.7200047  0.00   -0.0137772   -0.0011466    0.0009047
o     3.9929574    0.3613768   -4.2034466  0.00    0.0182984   -0.0059833    0.0158750
h     3.5121962    0.1384314   -5.0804683  0.00   -0.0079665    0.0021485   -0.0218558
    27
 Energy =       0.1775051845
c    -0.7795306    1.8741889    1.3692571  0.00   -0.0010714    0.0023600    0.0010131
c    -0.7118224    0.6041220    0.8712203  0.00   -0.0011415   -0.0010850    0.0001661
c     0.4215163    0.2205091    0.2423479  0.00    0.0000434    0.0001508    0.0001392
c     0.2807777    2.7270715    1.2279275  0.00   -0.0015850    0.0018399    0.0010646
c     1.4148811    2.3160081    0.5871258  0.00    0.0012000    0.0010770   -0.0002061
c     1.4585917    1.0476365    0.0980532  0.00    0.0000925   -0.0003924   -0.0000813
n     0.6880070   -1.0398541   -0.3630049  0.00    0.0007891   -0.0023979   -0.0009239
c     2.4335895    0.4184680   -0.5804900  0.00    0.0011973   -0.0004001   -0.0002611
c     2.0079649   -0.8223997   -0.8833580  0.00    0.0006674   -0.0015892   -0.0007015
h     0.0877429   -1.8956467   -0.4079879  0.00   -0.0005080   -0.0009666   -0.0000365
c     3.7620265    1.0062659   -1.0081853  0.00    0.0002081   -0.0005946    0.0003204
c     3.6062494    1.9368737   -2.2329218  0.00   -0.0003960   -0.0004877   -0.0003584
h     4.4782845    0.1883945   -1.2538123  0.00    0.0005364   -0.0006844   -0.0000713
h     4.1958581    1.5686780   -0.1530588  0.00    0.0000899    0.0001681    0.0003758
c     3.0954484    1.1792186   -3.4496290  0.00    0.0016611    0.0043257    0.0050989
n     4.8888829    2.6083116   -2.5158509  0.00   -0.0000487    0.0015688   -0.0010431
h     2.8366993    2.7165493   -2.0220948  0.00   -0.0007679    0.0010353    0.0000630
h     5.2679474    3.0601988   -1.6507113  0.00    0.0009371    0.0007074    0.0010129
h     5.5884420    1.8941294   -2.8413792  0.00    0.0005236   -0.0014164   -0.0008206
h    -1.6821482    2.2113492    1.8763352  0.00   -0.0014551    0.0011127    0.0008514
h    -1.5463741   -0.0824406    0.9689151  0.00   -0.0002996   -0.0002786    0.0000435
h     0.2172539    3.7398835    1.6235690  0.00   -0.0005141    0.0019431    0.0006956
h     2.2537075    2.9962288    0.4703426  0.00    0.0003147    0.0003330   -0.0001007
h     2.5668149   -1.5481192   -1.4747064  0.00    0.0011611   -0.0018122   -0.0011505
o     1.7518336    1.2705037   -3.8152207  0.00   -0.0103861    0.0006591    0.0008184
o     3.9458768    0.3341241   -4.1668172  0.00    0.0132644   -0.0039802    0.0077437
h     3.4587133    0.0232495   -5.0071338  0.00   -0.0045128   -0.0011957   -0.0136516
    27
 Energy =       0.1766540414
c    -0.7275335    1.7588964    1.4862384  0.00   -0.0011306    0.0013190    0.0009215
c    -0.6508227    0.5121025    0.9360173  0.00   -0.0012728   -0.0003714    0.0004669
c     0.4696575    0.1778036    0.2580480  0.00    0.0001474    0.0000942    0.0000283
c     0.3105049    2.6389080    1.3450890  0.00   -0.0014378    0.0012278    0.0010317
c     1.4315069    2.2780981    0.6529878  0.00    0.0014017    0.0003110   -0.0005506
c     1.4856097    1.0310310    0.1152830  0.00    0.0001948   -0.0002786   -0.0001536
n     0.7417527   -1.0511890   -0.4044745  0.00   -0.0002366   -0.0014184   -0.0002973
c     2.4524558    0.4487339   -0.6138476  0.00    0.0008127   -0.0007838   -0.0005339
c     2.0418963   -0.7869180   -0.9530922  0.00    0.0012813   -0.0005122   -0.0008025
h     0.1565560   -1.9159733   -0.4668803  0.00   -0.0003107   -0.0005248   -0.0000422
c     3.7544750    1.0799777   -1.0601675  0.00    0.0007726   -0.0004915    0.0000222
c     3.5487086    1.9981806   -2.2863763  0.00   -0.0014686   -0.0001795   -0.0002356
h     4.4929032    0.2844617   -1.3128823  0.00    0.0004078   -0.0004525   -0.0000064
h     4.1844959    1.6594392   -0.2148702  0.00    0.0002595    0.0000827    0.0001595
c     3.0470530    1.2145997   -3.4900567  0.00    0.0005496    0.0036716    0.0042751
n     4.8048198    2.7076143   -2.5929221  0.00    0.0001646    0.0012995   -0.0008330
h     2.7571674    2.7526925   -2.0658087  0.00   -0.0005380    0.0005661    0.0000356
h     5.1695621    3.1933827   -1.7401094  0.00    0.0007918    0.0006814    0.0009348
h     5.5286136    2.0112785   -2.9025663  0.00    0.0005887   -0.0008807   -0.0003333
h    -1.6199360    2.0560942    2.0347172  0.00   -0.0015155    0.0008112    0.0009230
h    -1.4682780   -0.1949924    1.0323263  0.00   -0.0004251   -0.0001603    0.0001331
h     0.2395014    3.6332166    1.7823221  0.00   -0.0004435    0.0011470    0.0005559
h     2.2518765    2.9804600    0.5352412  0.00    0.0004813    0.0002350   -0.0002272
h     2.5970079   -1.4759387   -1.5897891  0.00    0.0010926   -0.0012512   -0.0010553
o     1.7317830    1.3695816   -3.9246682  0.00   -0.0073710    0.0018025    0.0005620
o     3.8743587    0.2849414   -4.1239923  0.00    0.0085431   -0.0040417    0.0006661
h     3.3815383   -0.0929801   -4.9270354  0.00   -0.0013393   -0.0019022   -0.0056448
    27
 Energy =       0.1762703729
c    -0.6733957    1.6419892    1.5924240  0.00   -0.0008994    0.0003003    0.0005602
c    -0.5830570    0.4162388    1.0007876  0.00   -0.0010191   -0.0000592    0.0004736
c     0.5231778    0.1335175    0.2787838  0.00    0.0001177   -0.0001574   -0.0000891
c     0.3366268    2.5533977    1.4468186  0.00   -0.0007217    0.0006924    0.0006261
c     1.4433785    2.2450063    0.7092424  0.00    0.0010547    0.0000505   -0.0005023
c     1.5125457    1.0171043    0.1323592  0.00    0.0003387   -0.0000821   -0.0001988
n     0.8051764   -1.0665803   -0.4287710  0.00   -0.0007213   -0.0004818    0.0001837
c     2.4714972    0.4821801   -0.6406870  0.00    0.0005716   -0.0006216   -0.0004996
c     2.0816758   -0.7525086   -1.0051831  0.00    0.0011333    0.0000173   -0.0006196
h     0.2395113   -1.9433094   -0.5021732  0.00   -0.0002463   -0.0003367   -0.0000179
c     3.7435224    1.1582869   -1.1063688  0.00    0.0006104   -0.0002004   -0.0000201
c     3.4904621    2.0551255   -2.3394350  0.00   -0.0012543    0.0001911   -0.0001267
h     4.5065125    0.3866750   -1.3599324  0.00    0.0003250   -0.0003670    0.0000259
h     4.1641996    1.7612045   -0.2729138  0.00    0.0003227    0.0001776    0.0001743
c     2.9921261    1.2441625   -3.5263424  0.00    0.0008542    0.0017599    0.0023183
n     4.7208781    2.7941342   -2.6759180  0.00    0.0003352    0.0006194   -0.0005450
h     2.6819664    2.7889617   -2.1119035  0.00   -0.0001955    0.0002007   -0.0000147
h     5.0771750    3.3105073   -1.8380391  0.00    0.0004045    0.0003713    0.0005023
h     5.4628011    2.1132399   -2.9749749  0.00    0.0002036   -0.0003041   -0.0000565
h    -1.5545259    1.8973411    2.1778547  0.00   -0.0010457    0.0003586    0.0006398
h    -1.3786430   -0.3150747    1.1001495  0.00   -0.0004740   -0.0001868    0.0001525
h     0.2546243    3.5307141    1.9175567  0.00   -0.0002222    0.0004564    0.0002880
h     2.2408305    2.9727300    0.5882622  0.00    0.0004827    0.0002495   -0.0001812
h     2.6348179   -1.4065322   -1.6783068  0.00    0.0005879   -0.0004562   -0.0005568
o     1.7133989    1.4608680   -4.0343833  0.00   -0.0052876    0.0018929   -0.0002367
o     3.7867196    0.2391878   -4.0775308  0.00    0.0043002   -0.0039764   -0.0024928
h     3.2932314   -0.1650645   -4.8626439  0.00    0.0004448   -0.0001082    0.0002133
    27
 Energy =       0.1761387523
c    -0.6177957    1.5237162    1.6828476  0.00   -0.0006360   -0.0002315    0.0002653
c    -0.5079446    0.3135294    1.0641935  0.00   -0.0006874   -0.0000749    0.0003596
c     0.5829426    0.0809251    0.3032447  0.00    0.0000391   -0.0002219   -0.0001041
c     0.3577571    2.4699509    1.5246836  0.00   -0.0001079    0.0004154    0.0002564
c     1.4496462    2.2120093    0.7478113  0.00    0.0006465    0.0000895   -0.0003247
c     1.5393826    0.9983335    0.1450238  0.00    0.0003902    0.0001224   -0.0001481
n     0.8807875   -1.0964307   -0.4342679  0.00   -0.0007536   -0.0001264    0.0003613
c     2.4914376    0.5078818   -0.6641836  0.00    0.0004278   -0.0000935   -0.0002406
c     2.1297062   -0.7319645   -1.0397899  0.00    0.0007611    0.0000640   -0.0004053
h     0.3402676   -1.9888119   -0.5090931  0.00   -0.0002772   -0.0003738   -0.0000012
c     3.7307600    1.2286629   -1.1497342  0.00    0.0003601    0.0001725    0.0001239
c     3.4295896    2.1134725   -2.3806502  0.00   -0.0004057   -0.0001421   -0.0002093
h     4.5156257    0.4830466   -1.4135090  0.00    0.0002640   -0.0002044   -0.0000343
h     4.1437170    1.8471644   -0.3244549  0.00    0.0000520   -0.0000231   -0.0000453
c     2.9284812    1.2889706   -3.5568723  0.00    0.0014101    0.0001352    0.0008379
n     4.6338153    2.8814581   -2.7441891  0.00    0.0002841    0.0004167   -0.0001946
h     2.6072179    2.8267249   -2.1376018  0.00   -0.0002217    0.0001652    0.0000251
h     4.9856949    3.4184054   -1.9179168  0.00    0.0000739    0.0000283   -0.0000234
h     5.3908799    2.2181679   -3.0440827  0.00    0.0001916   -0.0001444   -0.0000482
h    -1.4870125    1.7385880    2.3004582  0.00   -0.0005627    0.0000389    0.0003402
h    -1.2761884   -0.4451503    1.1736636  0.00   -0.0004588   -0.0002778    0.0001335
h     0.2602275    3.4344679    2.0175421  0.00   -0.0000394    0.0001166    0.0000772
h     2.2195500    2.9672561    0.6178704  0.00    0.0004126    0.0002794   -0.0001063
h     2.6845995   -1.3568058   -1.7380233  0.00    0.0001814   -0.0000411   -0.0001622
o     1.6930983    1.5682222   -4.1340683  0.00   -0.0031181    0.0011095   -0.0008066
o     3.6828757    0.2242171   -4.0425308  0.00    0.0022670   -0.0013306    0.0004280
h     3.1981154   -0.1725048   -4.8376394  0.00   -0.0004932    0.0001319   -0.0003542
    27
 Energy =       0.1761265131
c    -0.6084408    1.5144050    1.6911049  0.00    0.0000401    0.0000091   -0.0000245
c    -0.4955627    0.3040495    1.0736572  0.00    0.0000467    0.0000014   -0.0000313
c     0.5924079    0.0755773    0.3086665  0.00   -0.0000052    0.0000127    0.0000076
c     0.3612843    2.4648781    1.5277743  0.00    0.0000224   -0.0000230   -0.0000235
c     1.4504356    2.2109733    0.7470241  0.00   -0.0000436   -0.0000031    0.0000280
c     1.5433058    0.9970466    0.1455789  0.00   -0.0000209   -0.0000039    0.0000121
n     0.8927926   -1.1014197   -0.4280532  0.00    0.0000464    0.0000117   -0.0000257
c     2.4940826    0.5097290   -0.6661107  0.00   -0.0000298    0.0000201    0.0000266
c     2.1369796   -0.7322123   -1.0385048  0.00   -0.0000550   -0.0000090    0.0000321
h     0.3565207   -1.9962975   -0.4996568  0.00    0.0000100    0.0000154   -0.0000021
c     3.7285716    1.2347282   -1.1557154  0.00   -0.0000240   -0.0000158   -0.0000022
c     3.4203085    2.1182012   -2.3853940  0.00    0.0000166    0.0000153    0.0000120
h     4.5149442    0.4921265   -1.4221184  0.00   -0.0000187    0.0000142    0.0000040
h     4.1419417    1.8546870   -0.3316751  0.00   -0.0000029    0.0000022    0.0000064
c     2.9180184    1.2927610   -3.5606814  0.00   -0.0000594    0.0000143   -0.0000319
n     4.6202851    2.8905061   -2.7522340  0.00   -0.0000162   -0.0000245    0.0000094
h     2.5964642    2.8283302   -2.1394394  0.00    0.0000146   -0.0000092   -0.0000019
h     4.9716381    3.4296335   -1.9271565  0.00   -0.0000024    0.0000005    0.0000052
h     5.3792450    2.2302218   -3.0533465  0.00   -0.0000107    0.0000058    0.0000028
h    -1.4754031    1.7259736    2.3119397  0.00    0.0000415   -0.0000043   -0.0000300
h    -1.2591145   -0.4580486    1.1873154  0.00    0.0000235    0.0000131   -0.0000114
h     0.2613501    3.4294825    2.0197161  0.00    0.0000068   -0.0000070   -0.0000074
h     2.2158151    2.9694627    0.6130781  0.00   -0.0000209   -0.0000141    0.0000084
h     2.6924155   -1.3559681   -1.7369728  0.00   -0.0000172    0.0000025    0.0000156
o     1.6920035    1.5819373   -4.1481108  0.00    0.0001237   -0.0000684    0.0000643
o     3.6640966    0.2198456   -4.0382049  0.00   -0.0001110    0.0000611   -0.0000782
h     3.1808481   -0.1771071   -4.8337493  0.00    0.0000457   -0.0000173    0.0000358
    27
 Energy =       0.1761262804
c    -0.6083987    1.5137632    1.6917180  0.00   -0.0000000   -0.0000000    0.0000001
c    -0.4954075    0.3035408    1.0740101  0.00   -0.0000001   -0.0000000    0.0000001
c     0.5924248    0.0754693    0.3086061  0.00    0.0000001   -0.0000000   -0.0000000
c     0.3610802    2.4645042    1.5282342  0.00   -0.0000000    0.0000000    0.0000001
c     1.4501212    2.2109865    0.7471068  0.00    0.0000001    0.0000000   -0.0000001
c     1.5431200    0.9971770    0.1454214  0.00    0.0000001    0.0000000   -0.0000001
n     0.8929440   -1.1013801   -0.4283186  0.00    0.0000000   -0.0000000   -0.0000000
c     2.4939143    0.5101359   -0.6664847  0.00    0.0000001    0.0000000   -0.0000001
c     2.1370040   -0.7318436   -1.0389517  0.00    0.0000001    0.0000001   -0.0000002
h     0.3568148   -1.9963513   -0.4999812  0.00    0.0000000   -0.0000001    0.0000000
c     3.7284562    1.2352501   -1.1558910  0.00   -0.0000001   -0.0000001    0.0000000
c     3.4205257    2.1185083   -2.3858417  0.00   -0.0000005    0.0000003   -0.0000001
h     4.5149856    0.4926469   -1.4219145  0.00    0.0000000   -0.0000000   -0.0000001
h     4.1415678    1.8553903   -0.3318665  0.00    0.0000000    0.0000000    0.0000000
c     2.9182679    1.2931047   -3.5611719  0.00    0.0000155    0.0000043    0.0000157
n     4.6207369    2.8905025   -2.7526282  0.00   -0.0000004    0.0000004   -0.0000004
h     2.5967490    2.8288219   -2.1401243  0.00    0.0000000    0.0000001    0.0000002
h     4.9716743    3.4301749   -1.9277305  0.00    0.0000000    0.0000002    0.0000003
h     5.3798429    2.2299942   -3.0528733  0.00    0.0000003   -0.0000006   -0.0000002
h    -1.4752466    1.7250035    2.3129035  0.00   -0.0000001   -0.0000000    0.0000001
h    -1.2587463   -0.4587816    1.1878219  0.00   -0.0000000   -0.0000001    0.0000001
h     0.2610563    3.4289985    2.0203926  0.00   -0.0000000    0.0000000    0.0000000
h     2.2153234    2.9696739    0.6130876  0.00    0.0000000    0.0000000   -0.0000000
h     2.6926014   -1.3554747   -1.7374391  0.00    0.0000001    0.0000001   -0.0000002
o     1.6959378    1.5875403   -4.1539040  0.00   -0.0000397    0.0000177   -0.0000131
o     3.6610957    0.2159338   -4.0343395  0.00    0.0000272   -0.0000226    0.0000007
h     3.1787891   -0.1797868   -4.8311097  0.00   -0.0000028    0.0000002   -0.0000028
    27
 Energy =       0.1761262792
c    -0.6084002    1.5137846    1.6917089  0.00    0.0000000   -0.0000000    0.0000000
c    -0.4954149    0.3035575    1.0740091  0.00    0.0000000   -0.0000000    0.0000000
c     0.5924195    0.0754732    0.3086120  0.00    0.0000000   -0.0000000    0.0000000
c     0.3610864    2.4645174    1.5282239  0.00   -0.0000000   -0.0000000    0.0000000
c     1.4501288    2.2109871    0.7471028  0.00    0.0000000   -0.0000000   -0.0000000
c     1.5431214    0.9971733    0.1454252  0.00    0.0000000   -0.0000000    0.0000000
n     0.8929325   -1.1013820   -0.4283059  0.00    0.0000000   -0.0000000    0.0000000
c     2.4939140    0.5101221   -0.6664770  0.00    0.0000000    0.0000000   -0.0000000
c     2.1369960   -0.7318568   -1.0389387  0.00    0.0000000    0.0000000   -0.0000000
h     0.3567981   -1.9963505   -0.4999633  0.00    0.0000000   -0.0000000    0.0000000
c     3.7284572    1.2352302   -1.1558903  0.00   -0.0000000   -0.0000000   -0.0000000
c     3.4205194    2.1184961   -2.3858331  0.00   -0.0000000    0.0000000   -0.0000000
h     4.5149810    0.4926251   -1.4219247  0.00    0.0000000    0.0000000   -0.0000000
h     4.1415779    1.8553638   -0.3318653  0.00   -0.0000000    0.0000000   -0.0000000
c     2.9182715    1.2930912   -3.5611662  0.00    0.0000000    0.0000000    0.0000000
n     4.6207222    2.8905070   -2.7526129  0.00   -0.0000000    0.0000000   -0.0000000
h     2.5967351    2.8287997   -2.1401125  0.00   -0.0000000    0.0000000    0.0000000
h     4.9716654    3.4301629   -1.9277072  0.00   -0.0000000    0.0000000    0.0000000
h     5.3798289    2.2300106   -3.0528820  0.00   -0.0000000   -0.0000000   -0.0000000
h    -1.4752498    1.7250353    2.3128883  0.00    0.0000000   -0.0000000    0.0000000
h    -1.2587602   -0.4587582    1.1878211  0.00    0.0000000   -0.0000000    0.0000000
h     0.2610672    3.4290155    2.0203757  0.00   -0.0000000   -0.0000000    0.0000000
h     2.2153367    2.9696683    0.6130819  0.00   -0.0000000    0.0000000   -0.0000000
h     2.6925878   -1.3554939   -1.7374246  0.00    0.0000000    0.0000000   -0.0000000
o     1.6958390    1.5873331   -4.1537253  0.00   -0.0000000    0.0000000   -0.0000000
o     3.6612015    0.2160768   -4.0344782  0.00    0.0000000   -0.0000000    0.0000000
h     3.1788716   -0.1796868   -4.8312103  0.00   -0.0000000    0.0000000   -0.0000000
