$ufftopology
nxtnei12
    1     3
          2     4    20
    2     3
          1     3    21
    3     3
          2     6     7
    4     3
          1     5    22
    5     3
          4     6    23
    6     3
          3     5     8
    7     3
          3     9    10
    8     3
          6     9    11
    9     3
          7     8    24
   10     1
          7
   11     4
          8    12    13    14
   12     4
         11    15    16    17
   13     1
         11
   14     1
         11
   15     3
         12    25    26
   16     3
         12    18    19
   17     1
         12
   18     1
         16
   19     1
         16
   20     1
          1
   21     1
          2
   22     1
          4
   23     1
          5
   24     1
          9
   25     1
         15
   26     2
         15    27
   27     1
         26
nxtnei13
    1     4
          3    21     5    22
    2     4
          4    20     6     7
    3     6
          1    21     5     8     9    10
    4     4
          2    20     6    23
    5     4
          1    22     3     8
    6     6
          2     7     4    23     9    11
    7     4
          2     6     8    24
    8     7
          3     5     7    24    12    13    14
    9     4
          3    10     6    11
   10     2
          3     9
   11     5
          6     9    15    16    17
   12     7
          8    13    14    25    26    18    19
   13     3
          8    12    14
   14     3
          8    12    13
   15     4
         11    16    17    27
   16     3
         11    15    17
   17     3
         11    15    16
   18     2
         12    19
   19     2
         12    18
   20     2
          2     4
   21     2
          1     3
   22     2
          1     5
   23     2
          4     6
   24     2
          7     8
   25     2
         12    26
   26     2
         12    25
   27     1
         15
nxtnei14
    1     3
          6     7    23
    2     5
          5    22     8     9    10
    3     7
          4    20    23     9    11     8    24
    4     3
          3    21     8
    5     5
          2    20     7     9    11
    6    10
          1    21     9    10    22     7    24    12    13    14
    7     6
          1    21     5     8     6    11
    8     9
          2     7     4    23     3    10    15    16    17
    9     7
          2     6     3     5    12    13    14
   10     4
          2     6     8    24
   11     8
          3     5     7    24    25    26    18    19
   12     3
          6     9    27
   13     5
          6     9    15    16    17
   14     5
          6     9    15    16    17
   15     5
          8    13    14    18    19
   16     5
          8    13    14    25    26
   17     7
          8    13    14    25    26    18    19
   18     3
         11    15    17
   19     3
         11    15    17
   20     4
          3    21     5    22
   21     4
          4    20     6     7
   22     4
          2    20     6    23
   23     4
          1    22     3     8
   24     4
          3    10     6    11
   25     4
         11    16    17    27
   26     3
         11    16    17
   27     2
         12    25
connectivity (= bond)
                    28
     1     2   2.575807   2.000000
     1     4   2.583711   2.000000
     1    20   2.054215   1.000000
     2     3   2.550385   2.000000
     2    21   2.049820   1.000000
     3     6   2.520761   2.000000
     3     7   2.681309   1.000000
     4     5   2.577396   2.000000
     4    22   2.054706   1.000000
     5     6   2.567597   2.000000
     5    23   2.052099   1.000000
     6     8   2.539331   2.000000
     7     9   2.710234   1.000000
     7    10   1.976270   1.000000
     8     9   2.551165   2.000000
     8    11   2.876488   1.000000
     9    24   2.055342   1.000000
    11    12   2.916714   1.000000
    11    13   2.105026   1.000000
    11    14   2.100047   1.000000
    12    15   2.880669   1.000000
    12    16   2.781188   1.000000
    12    17   2.105143   1.000000
    15    25   2.629205   1.000000
    15    26   2.625569   1.000000
    16    18   1.980326   1.000000
    16    19   1.978293   1.000000
    26    27   1.909367   1.000000
angle
                    46
     1     2     3     2     118.29       1.00       4.00
     1     2    21     2     121.17       1.00       5.00
     1     4     5     2     120.34       2.00       8.00
     1     4    22     2     119.85       2.00       9.00
     2     1     4     2     120.25       1.00       2.00
     2     1    20     2     119.86       1.00       3.00
     2     3     6     2     121.90       4.00       6.00
     2     3     7     2     127.13       4.00       7.00
     3     2    21     2     120.54       4.00       5.00
     3     6     5     2     120.80       6.00      10.00
     3     6     8     2     109.46       6.00      12.00
     3     7     9     9     101.05       7.00      13.00
     3     7    10     9     129.39       7.00      14.00
     4     1    20     2     119.90       2.00       3.00
     4     5     6     2     118.42       8.00      10.00
     4     5    23     2     120.12       8.00      11.00
     5     4    22     2     119.81       8.00       9.00
     5     6     8     2     129.73      10.00      12.00
     6     3     7     2     110.97       6.00       7.00
     6     5    23     2     121.47      10.00      11.00
     6     8     9     2     107.85      12.00      15.00
     6     8    11     2     125.28      12.00      16.00
     7     9     8     2     110.65      13.00      15.00
     7     9    24     2     123.67      13.00      17.00
     8     9    24     2     125.68      15.00      17.00
     8    11    12     9     115.13      16.00      18.00
     8    11    13     9     109.21      16.00      19.00
     8    11    14     9     108.17      16.00      20.00
     9     7    10     9     129.56      13.00      14.00
     9     8    11     2     126.76      15.00      16.00
    11    12    15     9     111.70      18.00      21.00
    11    12    16     9     108.33      18.00      22.00
    11    12    17     9     109.40      18.00      23.00
    12    11    13     9     107.40      18.00      19.00
    12    11    14     9     109.32      18.00      20.00
    12    15    25     2     119.61      21.00      24.00
    12    15    26     2     121.25      21.00      25.00
    12    16    18     9     109.22      22.00      26.00
    12    16    19     9     109.17      22.00      27.00
    13    11    14     9     107.35      19.00      20.00
    15    12    16     9     111.48      21.00      22.00
    15    12    17     9     107.05      21.00      23.00
    15    26    27     9     108.63      25.00      28.00
    16    12    17     9     108.82      22.00      23.00
    18    16    19     9     106.20      26.00      27.00
    25    15    26     2     119.11      24.00      25.00
torsion
                    69
     4     1     2     3     1     3   0.19817459 120.24861004 118.28976686
     4     1     2    21     1     3 180.26809642 120.24861004 121.17288759
    20     1     2     3     1     3 180.09224481 119.85540949 118.28976686
    20     1     2    21     1     3   0.16216664 119.85540949 121.17288759
     2     1     4     5     2     3 359.92674233 120.24861004 120.34364219
     2     1     4    22     2     3 179.90241130 120.24861004 119.85094021
    20     1     4     5     2     3 180.03271511 119.89589585 120.34364219
    20     1     4    22     2     3   0.00838409 119.89589585 119.85094021
     1     2     3     6     4     3 359.94835068 118.28976686 121.89537808
     1     2     3     7     4     3 180.87539681 118.28976686 127.12589805
    21     2     3     6     4     3 179.87889072 120.53730823 121.89537808
    21     2     3     7     4     3   0.80593685 120.53730823 127.12589805
     2     3     6     5     6     3 359.77511999 121.89537808 120.80403016
     2     3     6     8     6     3 180.32671047 121.89537808 109.46069987
     7     3     6     5     6     3 178.98354027 110.97328684 120.80403016
     7     3     6     8     6     3 359.53513075 110.97328684 109.46069987
     2     3     7     9     7    22 178.97679922 127.12589805 101.05042626
     2     3     7    10     7    22 359.52110360 127.12589805 129.38797946
     6     3     7     9     7    22 359.81971399 110.97328684 101.05042626
     6     3     7    10     7    22 180.36401837 110.97328684 129.38797946
     1     4     5     6     8     3 359.80330725 120.34364219 118.41764129
     1     4     5    23     8     3 179.77748265 120.34364219 120.11559886
    22     4     5     6     8     3 179.82762720 119.80541314 118.41764129
    22     4     5    23     8     3 359.80180259 119.80541314 120.11559886
     4     5     6     3    10     3   0.34523294 118.41764129 120.80403016
     4     5     6     8    10     3 179.66895596 118.41764129 129.73247392
    23     5     6     3    10     3 180.37142304 121.46675466 120.80403016
    23     5     6     8    10     3 359.69514605 121.46675466 129.73247392
     3     6     8     9    12     3   0.95193304 109.46069987 107.85325442
     3     6     8    11    12     3 177.37850553 109.46069987 125.27806787
     5     6     8     9    12     3 181.56799677 129.73247392 107.85325442
     5     6     8    11    12     3 357.99456926 129.73247392 125.27806787
     3     7     9     8    13     2   0.76838639 101.05042626 110.65158857
     3     7     9    24    13    22 180.57752714 101.05042626 123.67129049
    10     7     9     8    13     2 180.22274191 129.55905052 110.65158857
    10     7     9    24    13    22   0.03188265 129.55905052 123.67129049
     6     8     9     7    15     3 358.91399596 107.85325442 110.65158857
     6     8     9    24    15     3 179.10953378 107.85325442 125.67681618
    11     8     9     7    15     3 182.55537989 126.76055426 110.65158857
    11     8     9    24    15     3   2.75091771 126.76055426 125.67681618
     6     8    11    12    16    22 161.59861238 125.27806787 115.12953176
     6     8    11    13    16    22  40.71905582 125.27806787 109.21211405
     6     8    11    14    16    22 284.18684197 125.27806787 108.17333728
     9     8    11    12    16    22 337.35186021 126.76055426 115.12953176
     9     8    11    13    16    22 216.47230365 126.76055426 109.21211405
     9     8    11    14    16    22  99.94008979 126.76055426 108.17333728
     8    11    12    15    18     1 303.07679979 115.12953176 111.70402254
     8    11    12    16    18     1 179.91007770 115.12953176 108.33224737
     8    11    12    17    18     1  61.41712853 115.12953176 109.39786935
    13    11    12    15    18     1  64.93983336 107.39970121 111.70402254
    13    11    12    16    18     1 301.77311127 107.39970121 108.33224737
    13    11    12    17    18     1 183.28016211 107.39970121 109.39786935
    14    11    12    15    18     1 181.10470746 109.32009367 111.70402254
    14    11    12    16    18     1  57.93798537 109.32009367 108.33224737
    14    11    12    17    18     1 299.44503620 109.32009367 109.39786935
    11    12    15    25    21    22 119.30291042 111.70402254 119.61411322
    11    12    15    26    21    22 300.89290254 111.70402254 121.25447928
    16    12    15    25    21    22 240.66356787 111.48025896 119.61411322
    16    12    15    26    21    22  62.25355999 111.48025896 121.25447928
    17    12    15    25    21    22 359.56957310 107.04924639 119.61411322
    17    12    15    26    21    22 181.15956522 107.04924639 121.25447928
    11    12    16    18    22     1 177.57291049 108.33224737 109.21526329
    11    12    16    19    22     1 293.29131235 108.33224737 109.17037731
    15    12    16    18    22     1  54.27103297 111.48025896 109.21526329
    15    12    16    19    22     1 169.98943483 111.48025896 109.17037731
    17    12    16    18    22     1 296.42908154 108.82457240 109.21526329
    17    12    16    19    22     1  52.14748340 108.82457240 109.17037731
    12    15    26    27    25     3 179.85798344 121.25447928 108.63118204
    25    15    26    27    25     3   1.44016309 119.11263980 108.63118204
inversion
                    11
     1     2     4    20    11    11    11    0.092    0.092    0.092
     2     1     3    21    11    11    11   -0.060   -0.062   -0.061
     3     2     6     7    11    11    11   -0.739   -0.787   -0.672
     4     1     5    22    11    11    11    0.021    0.021    0.021
     5     4     6    23    11    11    11    0.022    0.023    0.023
     6     3     5     8    11    11    11   -0.520   -0.474   -0.581
     7     3     9    10     9     9     9   -0.421   -0.534   -0.536
     8     6     9    11    11    11    11    2.917    3.401    3.466
     9     7     8    24    11    11    11    0.159    0.179    0.183
    15    12    25    26    10    10    11   -1.359   -1.382   -1.353
    16    12    18    19     9     9     9   58.318   58.293   56.803
nonbond
                   277
    1     6    5.105
    1     7    6.961
    1     8    7.613
    1     9    8.458
    1    10    8.021
    1    11    9.792
    1    12   12.348
    1    13    9.733
    1    14   10.250
    1    15   12.739
    1    16   14.358
    1    17   12.998
    1    18   16.059
    1    19   14.728
    1    23    6.338
    1    24   10.498
    1    25   13.820
    1    26   12.762
    1    27   13.568
    2     5    5.183
    2     8    6.559
    2     9    6.670
    2    10    5.498
    2    11    9.193
    2    12   11.413
    2    13    9.590
    2    14    9.832
    2    15   11.637
    2    16   13.745
    2    17   11.754
    2    18   15.282
    2    19   14.185
    2    22    6.333
    2    23    7.235
    2    24    8.610
    2    25   12.296
    2    26   12.022
    2    27   12.679
    3     4    5.086
    3    11    6.908
    3    12    8.951
    3    13    7.591
    3    14    7.695
    3    15    9.254
    3    16   11.377
    3    17    9.218
    3    18   12.847
    3    19   11.855
    3    20    6.271
    3    22    7.141
    3    23    6.295
    3    24    6.156
    3    25    9.914
    3    26    9.922
    3    27   10.690
    4     7    7.747
    4     8    6.867
    4     9    8.443
    4    10    9.252
    4    11    8.415
    4    12   11.167
    4    13    7.987
    4    14    8.744
    4    15   11.808
    4    16   12.817
    4    17   12.102
    4    18   14.628
    4    19   13.129
    4    21    6.346
    4    24   10.475
    4    25   13.327
    4    26   11.637
    4    27   12.693
    5     7    6.721
    5     9    6.634
    5    10    8.540
    5    11    5.854
    5    12    8.637
    5    13    5.469
    5    14    6.270
    5    15    9.465
    5    16   10.244
    5    17    9.649
    5    18   12.061
    5    19   10.576
    5    20    6.336
    5    21    7.233
    5    24    8.555
    5    25   11.152
    5    26    9.460
    5    27   10.709
    6    10    6.202
    6    12    7.267
    6    13    5.231
    6    14    5.589
    6    15    7.942
    6    16    9.399
    6    17    7.924
    6    18   11.040
    6    19    9.842
    6    20    7.159
    6    21    6.285
    6    22    6.290
    6    24    6.100
    6    25    9.213
    6    26    8.452
    6    27    9.570
    7    11    7.124
    7    12    8.399
    7    13    8.324
    7    14    8.049
    7    15    8.481
    7    16   11.083
    7    17    8.166
    7    18   12.251
    7    19   11.620
    7    20    8.678
    7    21    5.224
    7    22    9.800
    7    23    8.324
    7    25    8.475
    7    26    9.673
    7    27   10.233
    8    10    6.245
    8    15    5.781
    8    16    7.255
    8    17    5.402
    8    18    8.759
    8    19    7.775
    8    20    9.664
    8    21    8.130
    8    22    8.605
    8    23    5.266
    8    25    7.031
    8    26    6.860
    8    27    8.105
    9    12    5.746
    9    13    6.374
    9    14    5.929
    9    15    6.117
    9    16    8.451
    9    17    5.470
    9    18    9.569
    9    19    9.016
    9    20   10.404
    9    21    7.688
    9    22   10.383
    9    23    7.666
    9    25    6.354
    9    26    7.692
    9    27    8.517
   10    11    8.967
   10    12    9.942
   10    13   10.239
   10    14    9.862
   10    15    9.807
   10    16   12.681
   10    17    9.459
   10    18   13.688
   10    19   13.226
   10    20    9.461
   10    21    5.275
   10    22   11.298
   10    23   10.236
   10    24    5.112
   10    25    9.325
   10    26   11.088
   10    27   11.409
   11    18    6.359
   11    19    5.096
   11    20   11.825
   11    21   10.902
   11    22    9.744
   11    23    5.414
   11    24    5.509
   11    25    6.803
   11    26    5.870
   11    27    7.563
   12    20   14.397
   12    21   12.906
   12    22   12.551
   12    23    8.219
   12    24    5.344
   12    27    6.374
   13    15    5.283
   13    16    4.996
   13    17    5.828
   13    18    6.798
   13    19    5.747
   13    20   11.684
   13    21   11.448
   13    22    9.004
   13    23    4.502
   13    24    7.254
   13    25    7.681
   13    26    5.361
   13    27    7.148
   14    15    6.601
   14    16    5.047
   14    17    4.752
   14    18    6.893
   14    19    4.675
   14    20   12.226
   14    21   11.567
   14    22    9.911
   14    23    5.614
   14    24    6.541
   14    25    8.482
   14    26    7.815
   14    27    9.569
   15    18    4.997
   15    19    6.377
   15    20   14.727
   15    21   12.956
   15    22   13.265
   15    23    9.299
   15    24    5.591
   16    20   16.378
   16    21   15.375
   16    22   13.900
   16    23    9.311
   16    24    8.046
   16    25    6.689
   16    26    5.832
   16    27    7.511
   17    18    4.589
   17    19    4.448
   17    20   15.046
   17    21   13.045
   17    22   13.643
   17    23    9.501
   17    24    4.469
   17    25    4.805
   17    26    6.461
   17    27    7.742
   18    20   18.092
   18    21   16.808
   18    22   15.769
   18    23   11.208
   18    24    8.797
   18    25    6.480
   18    26    6.236
   18    27    7.595
   19    20   16.731
   19    21   15.836
   19    22   14.145
   19    23    9.563
   19    24    8.635
   19    25    8.193
   19    26    7.715
   19    27    9.430
   20    21    4.660
   20    22    4.630
   20    23    8.028
   20    24   12.422
   20    25   15.761
   20    26   14.640
   20    27   15.362
   21    22    8.042
   21    23    9.285
   21    24    9.422
   21    25   13.266
   21    26   13.443
   21    27   13.906
   22    23    4.628
   22    24   12.389
   22    25   14.982
   22    26   12.852
   22    27   13.959
   23    24    9.370
   23    25   11.350
   23    26    9.097
   23    27   10.561
   24    25    5.182
   24    26    7.672
   24    27    8.361
   25    27    4.541
qpartial
                    27
        -0.13642   -0.09848    0.16769   -0.13267   -0.13323    0.08439
        -0.52735    0.03494    0.04606    0.25554   -0.28858   -0.01896
         0.14518    0.11231    0.57362   -0.57865    0.12589    0.24400
         0.23401    0.12946    0.11984    0.13250    0.11074    0.18423
        -0.51572   -0.62272    0.35238
$end
