    24
 Energy =       0.1943157412
c     1.6703672    2.6182922    0.2614132  0.00    0.0361830    0.0888851    0.0344142
c     0.3248649    2.9356558    0.1418766  0.00   -0.0042048    0.1040655    0.0344632
c    -0.5827484    1.9945952   -0.3219261  0.00   -0.0879242    0.0363598   -0.0019412
c     2.1038063    1.3347474   -0.0833024  0.00    0.0674989   -0.0118707    0.0076427
c     1.2047783    0.3610782   -0.5608861  0.00    0.0162852   -0.0994304   -0.0300883
c    -0.1441045    0.7159142   -0.6796715  0.00   -0.0404595   -0.0672139   -0.0509984
o    -0.1504797    4.1703171    0.4675790  0.00    0.0417063   -0.0055080    0.0029842
h     0.5965194    4.7277081    0.7407382  0.00   -0.0328173   -0.0688063   -0.0261190
h    -0.8895274    0.0262790   -1.0546636  0.00   -0.0163847   -0.2290703   -0.4403708
h     3.1621727    1.0964802    0.0165124  0.00    0.0025434   -0.0002763   -0.0005099
h     2.3926004    3.3457758    0.6178375  0.00    0.0024774   -0.0013851   -0.0005781
h    -1.6336796    2.2563998   -0.4108671  0.00   -0.0035646   -0.0039881   -0.0000757
c     1.7669373   -1.0073413   -0.8964724  0.00   -0.0303777    0.0253207   -0.0000673
c     0.8861134   -2.0194266   -1.6556448  0.00   -0.0063490    0.0153794    0.1445161
h     2.1212937   -1.4658931    0.0371405  0.00   -0.0011558    0.0106551   -0.0090300
h     2.6645729   -0.8285312   -1.5058794  0.00   -0.0117407    0.0077479    0.0124216
c     0.2877588   -1.3395944   -2.9073099  0.00    0.1307507    0.0233887   -0.3778152
o     0.8327661   -1.2278598   -3.9939237  0.00   -0.1239911   -0.0262414    0.2638785
o    -0.9441121   -0.8279107   -2.6380200  0.00    0.0560445    0.2274972    0.4869506
h    -1.5388787   -1.1994019   -3.3379720  0.00    0.0291482   -0.0080618    0.0341366
n     1.5974427   -3.2508470   -2.1301054  0.00   -0.0370244   -0.0766712   -0.0837672
h     0.0358579   -2.3311629   -1.0380560  0.00    0.0151437   -0.0061639   -0.0210357
h     1.2905400   -4.0382287   -1.5473940  0.00    0.0014461    0.0286053   -0.0216354
h     1.2573657   -3.4835548   -3.0659095  0.00   -0.0032338    0.0367828    0.0426245
    24
 Energy =       0.1694770940
c     1.5878041    2.6359992    0.2741824  0.00    0.0319214    0.0773807    0.0299245
c     0.2378381    2.9128142    0.1468856  0.00   -0.0031060    0.0899121    0.0297488
c    -0.6345572    1.9503721   -0.3277372  0.00   -0.0766413    0.0317769   -0.0017015
c     2.0594544    1.3723087   -0.0720063  0.00    0.0589539   -0.0105293    0.0066268
c     1.1952872    0.3806265   -0.5591806  0.00    0.0134387   -0.0857705   -0.0261445
c    -0.1591367    0.6908552   -0.6878662  0.00   -0.0357714   -0.0585703   -0.0445092
o    -0.2835742    4.1322456    0.4800566  0.00    0.0338927   -0.0049851    0.0023739
h     0.4377662    4.7349498    0.7479001  0.00   -0.0270176   -0.0581082   -0.0220551
h    -0.8748605   -0.0257452   -1.0774229  0.00   -0.0145122   -0.2015472   -0.3855403
h     3.1244070    1.1652944    0.0312147  0.00    0.0027453   -0.0004008   -0.0004007
h     2.2831720    3.3846263    0.6412200  0.00    0.0025714   -0.0007441   -0.0002764
h    -1.6918175    2.1838223   -0.4238536  0.00   -0.0035636   -0.0033010   -0.0000967
c     1.8096405   -0.9573106   -0.9237818  0.00   -0.0271387    0.0212308   -0.0001263
c     0.9400570   -2.0002937   -1.6493887  0.00   -0.0063482    0.0144934    0.1257739
h     2.2275170   -1.4086278   -0.0084120  0.00   -0.0000402    0.0079462   -0.0063099
h     2.6729574   -0.7336146   -1.5751963  0.00   -0.0082601    0.0074478    0.0093715
c     0.3199096   -1.3643708   -2.9109091  0.00    0.1128016    0.0204246   -0.3272560
o     0.8941813   -1.2566320   -4.0083529  0.00   -0.1066341   -0.0226186    0.2283554
o    -0.9360551   -0.8792571   -2.6824318  0.00    0.0505947    0.2037579    0.4299775
h    -1.5154068   -1.3347986   -3.3565391  0.00    0.0215239   -0.0105284    0.0249703
n     1.6972706   -3.2142281   -2.0831392  0.00   -0.0301966   -0.0660039   -0.0711255
h     0.1010951   -2.3186270   -1.0155964  0.00    0.0128723   -0.0055283   -0.0181815
h     1.4230059   -4.0010995   -1.4780454  0.00    0.0010959    0.0235840   -0.0182139
h     1.3962720   -3.4858189   -3.0265065  0.00   -0.0031819    0.0306811    0.0348150
    24
 Energy =       0.1479775441
c     1.5262749    2.6486816    0.2747153  0.00    0.0268371    0.0646186    0.0249633
c     0.1757768    2.8970684    0.1412206  0.00   -0.0022186    0.0747956    0.0247527
c    -0.6692010    1.9199539   -0.3380525  0.00   -0.0639818    0.0266287   -0.0014197
c     2.0251432    1.4018494   -0.0699681  0.00    0.0492740   -0.0089916    0.0054928
c     1.1877820    0.3990122   -0.5616763  0.00    0.0110147   -0.0714763   -0.0217482
c    -0.1682698    0.6760718   -0.6957227  0.00   -0.0302186   -0.0489127   -0.0372941
o    -0.3765243    4.1082816    0.4757280  0.00    0.0270636   -0.0045863    0.0018248
h     0.3247093    4.7456115    0.7402611  0.00   -0.0217520   -0.0474318   -0.0180787
h    -0.8625044   -0.0602687   -1.0930705  0.00   -0.0122458   -0.1713677   -0.3263464
h     3.0938004    1.2175849    0.0376517  0.00    0.0025696   -0.0004206   -0.0003142
h     2.2015223    3.4125754    0.6479990  0.00    0.0023633   -0.0003855   -0.0001125
h    -1.7300396    2.1332430   -0.4405704  0.00   -0.0032131   -0.0026597   -0.0000942
c     1.8344212   -0.9213572   -0.9349575  0.00   -0.0223587    0.0173111   -0.0000479
c     0.9786843   -1.9819712   -1.6486903  0.00   -0.0057057    0.0133206    0.1050284
h     2.2719494   -1.3664479   -0.0235320  0.00    0.0000999    0.0064089   -0.0051409
h     2.6865035   -0.6795019   -1.5983967  0.00   -0.0066037    0.0063368    0.0076406
c     0.3455334   -1.3773026   -2.9157800  0.00    0.0936330    0.0166818   -0.2725820
o     0.9467073   -1.2701654   -4.0262529  0.00   -0.0884044   -0.0189172    0.1899378
o    -0.9302580   -0.9153138   -2.7239495  0.00    0.0504948    0.1840270    0.3740308
h    -1.5074856   -1.4935517   -3.3227092  0.00    0.0086878   -0.0193195    0.0101156
n     1.7748459   -3.1785058   -2.0458560  0.00   -0.0238992   -0.0545233   -0.0581230
h     0.1452167   -2.3067025   -1.0062771  0.00    0.0105695   -0.0046622   -0.0151464
h     1.5280361   -3.9639987   -1.4217979  0.00    0.0008727    0.0187751   -0.0147641
h     1.5096035   -3.4813558   -2.9952229  0.00   -0.0028784    0.0247501    0.0274257
    24
 Energy =       0.1422193889
c     1.5114807    2.6549309    0.2683940  0.00    0.0242456    0.0583770    0.0225441
c     0.1624990    2.8977613    0.1320001  0.00   -0.0019636    0.0675628    0.0223675
c    -0.6746913    1.9183990   -0.3486571  0.00   -0.0577865    0.0240637   -0.0012742
c     2.0164857    1.4135371   -0.0749721  0.00    0.0445052   -0.0081424    0.0049507
c     1.1865550    0.4098421   -0.5682180  0.00    0.0099268   -0.0645716   -0.0196407
c    -0.1685125    0.6794395   -0.7045686  0.00   -0.0273384   -0.0442170   -0.0337317
o    -0.3960088    4.1090566    0.4657642  0.00    0.0243601   -0.0042294    0.0016349
h     0.3003636    4.7573958    0.7271749  0.00   -0.0195825   -0.0427510   -0.0163246
h    -0.8579689   -0.0599665   -1.1058925  0.00   -0.0111058   -0.1557251   -0.2962943
h     3.0855604    1.2342925    0.0352929  0.00    0.0023380   -0.0003859   -0.0002832
h     2.1815018    3.4221660    0.6439626  0.00    0.0021495   -0.0003343   -0.0000947
h    -1.7356935    2.1281658   -0.4549682  0.00   -0.0029166   -0.0023918   -0.0000830
c     1.8395120   -0.9082459   -0.9412027  0.00   -0.0201833    0.0156023   -0.0000360
c     0.9860995   -1.9706013   -1.6544734  0.00   -0.0051773    0.0125470    0.0950002
h     2.2760308   -1.3530787   -0.0283068  0.00    0.0000899    0.0057817   -0.0046436
h     2.6925968   -0.6660903   -1.6046802  0.00   -0.0059565    0.0057240    0.0069042
c     0.3552324   -1.3731745   -2.9248997  0.00    0.0842085    0.0142687   -0.2469143
o     0.9681230   -1.2779621   -4.0427514  0.00   -0.0802762   -0.0176058    0.1714271
o    -0.9271258   -0.9171495   -2.7511360  0.00    0.0692874    0.1992655    0.3594742
h    -1.5226452   -1.6523048   -3.1842384  0.00   -0.0150143   -0.0485778   -0.0101945
n     1.7913735   -3.1646767   -2.0330624  0.00   -0.0214331   -0.0491926   -0.0523291
h     0.1514559   -2.2920780   -1.0099199  0.00    0.0094872   -0.0042192   -0.0137087
h     1.5489487   -3.9468648   -1.4009094  0.00    0.0007814    0.0168910   -0.0132861
h     1.5410546   -3.4793028   -2.9846384  0.00   -0.0026454    0.0222601    0.0245357
    24
 Energy =       0.1160796636
c     1.4389209    2.6586903    0.2777986  0.00    0.0179762    0.0427478    0.0164893
c     0.0891189    2.8665569    0.1435583  0.00   -0.0009541    0.0492345    0.0163207
c    -0.7164220    1.8694384   -0.3365405  0.00   -0.0423237    0.0178415   -0.0010387
c     1.9761368    1.4402603   -0.0697265  0.00    0.0326650   -0.0063209    0.0036301
c     1.1774141    0.4233918   -0.5648906  0.00    0.0069410   -0.0470972   -0.0142396
c    -0.1803437    0.6515848   -0.6943172  0.00   -0.0205937   -0.0323778   -0.0249435
o    -0.5030098    4.0680420    0.4818475  0.00    0.0157969   -0.0041804    0.0010470
h     0.1718681    4.7591150    0.7214622  0.00   -0.0129400   -0.0293837   -0.0116192
h    -0.8485513   -0.1090498   -1.0965339  0.00   -0.0086047   -0.1195539   -0.2259291
h     3.0500379    1.2906154    0.0376301  0.00    0.0021719   -0.0004243   -0.0001727
h     2.0859512    3.4437468    0.6570568  0.00    0.0018475    0.0000520    0.0000876
h    -1.7823476    2.0527008   -0.4414599  0.00   -0.0025112   -0.0016021   -0.0000849
c     1.8685675   -0.8712360   -0.9572992  0.00   -0.0143512    0.0109983    0.0000508
c     1.0320531   -1.9606154   -1.6496532  0.00   -0.0044118    0.0105053    0.0693461
h     2.3382633   -1.3065725   -0.0532963  0.00    0.0004153    0.0037233   -0.0030125
h     2.7008459   -0.6043319   -1.6421276  0.00   -0.0037121    0.0045114    0.0046228
c     0.3758187   -1.4073688   -2.9220991  0.00    0.0592113    0.0093627   -0.1792977
o     1.0192560   -1.2823398   -4.0549954  0.00   -0.0568931   -0.0119109    0.1245042
o    -0.9236533   -0.9736920   -2.7811049  0.00    0.0597647    0.1636951    0.2796855
h    -1.4979462   -1.6374369   -3.3429915  0.00   -0.0206089   -0.0475553   -0.0154710
n     1.8847180   -3.1295810   -1.9880420  0.00   -0.0141093   -0.0353617   -0.0367284
h     0.2084010   -2.2906973   -0.9893571  0.00    0.0065914   -0.0032887   -0.0099899
h     1.6721916   -3.9096021   -1.3362329  0.00    0.0006131    0.0112828   -0.0091815
h     1.6749383   -3.4781283   -2.9435924  0.00   -0.0019806    0.0151020    0.0159248
    24
 Energy =       0.0950737058
c     1.3968297    2.6617767    0.2642584  0.00    0.0119885    0.0280516    0.0110218
c     0.0482632    2.8470432    0.1342762  0.00   -0.0003654    0.0323112    0.0110720
c    -0.7375652    1.8337377   -0.3272869  0.00   -0.0279547    0.0117302   -0.0008212
c     1.9531854    1.4574965   -0.0756552  0.00    0.0215819   -0.0043354    0.0024511
c     1.1738530    0.4297706   -0.5583490  0.00    0.0046403   -0.0310568   -0.0094012
c    -0.1841197    0.6288328   -0.6758834  0.00   -0.0139915   -0.0214574   -0.0168792
o    -0.5599668    4.0517076    0.4559297  0.00    0.0070606   -0.0061852    0.0003109
h     0.1048358    4.7844384    0.6307858  0.00   -0.0054012   -0.0154003   -0.0074682
h    -0.8397664   -0.1488437   -1.0678709  0.00   -0.0059180   -0.0858056   -0.1608935
h     3.0296794    1.3280089    0.0278044  0.00    0.0016488   -0.0003229   -0.0000814
h     2.0299588    3.4623248    0.6341334  0.00    0.0014143    0.0001891    0.0001606
h    -1.8062276    1.9990823   -0.4297351  0.00   -0.0018351   -0.0010046   -0.0000870
c     1.8812192   -0.8594598   -0.9456911  0.00   -0.0092997    0.0071036    0.0000726
c     1.0523095   -1.9591532   -1.6317925  0.00   -0.0029086    0.0079943    0.0456447
h     2.3495551   -1.2884907   -0.0362466  0.00    0.0002820    0.0024029   -0.0019630
h     2.7144044   -0.5941085   -1.6324804  0.00   -0.0024244    0.0029476    0.0030417
c     0.3885698   -1.4313958   -2.9064993  0.00    0.0363494    0.0030814   -0.1167135
o     1.0740195   -1.2523965   -4.0411244  0.00   -0.0345032   -0.0061221    0.0807010
o    -0.9282623   -1.0232663   -2.8023940  0.00    0.0511487    0.1305098    0.2110322
h    -1.4652524   -1.5842194   -3.5017447  0.00   -0.0260965   -0.0461400   -0.0247259
n     1.9302173   -3.1155910   -1.9339891  0.00   -0.0087383   -0.0231617   -0.0233957
h     0.2302335   -2.2868886   -0.9631623  0.00    0.0042403   -0.0021614   -0.0065663
h     1.7246353   -3.8910584   -1.2697408  0.00    0.0004357    0.0072478   -0.0059113
h     1.7516190   -3.4858569   -2.8924484  0.00   -0.0013537    0.0095839    0.0093988
    24
 Energy =       0.0919702241
c     1.4674676    2.6347245    0.2828410  0.00    0.0117698    0.0263096    0.0103896
c     0.1262282    2.8622803    0.1419124  0.00   -0.0003527    0.0301566    0.0102699
c    -0.6835289    1.8794356   -0.3431185  0.00   -0.0267847    0.0106407   -0.0009342
c     1.9915682    1.4179661   -0.0633699  0.00    0.0207260   -0.0039342    0.0023875
c     1.1863534    0.4190543   -0.5626439  0.00    0.0045262   -0.0289115   -0.0088275
c    -0.1621640    0.6629188   -0.6975220  0.00   -0.0137759   -0.0201681   -0.0158260
o    -0.4493901    4.0801074    0.4799956  0.00    0.0017159   -0.0091808   -0.0011528
h     0.2350337    4.7771220    0.7332441  0.00   -0.0006816   -0.0098441   -0.0051841
h    -0.8346786   -0.0887928   -1.1084445  0.00   -0.0058514   -0.0801362   -0.1496507
h     3.0626097    1.2538451    0.0519287  0.00    0.0022599   -0.0003310    0.0000230
h     2.1209010    3.4116770    0.6688681  0.00    0.0017847    0.0005878    0.0003797
h    -1.7458552    2.0781211   -0.4565623  0.00   -0.0023793   -0.0008915   -0.0001756
c     1.8508267   -0.8953762   -0.9459440  0.00   -0.0081264    0.0065541    0.0000289
c     0.9834198   -1.9624626   -1.6396122  0.00   -0.0033802    0.0081020    0.0423297
h     2.2938873   -1.3435773   -0.0323832  0.00    0.0005132    0.0018500   -0.0015081
h     2.7001179   -0.6609825   -1.6252939  0.00   -0.0016855    0.0029872    0.0025744
c     0.3595827   -1.4093489   -2.9245884  0.00    0.0335237    0.0030092   -0.1073434
o     1.0870407   -1.2228231   -4.0371227  0.00   -0.0312334   -0.0052939    0.0735654
o    -0.9511969   -0.9684584   -2.8513177  0.00    0.0464987    0.1220126    0.1959275
h    -1.4823871   -1.5073987   -3.5686556  0.00   -0.0246981   -0.0431091   -0.0232638
n     1.8167917   -3.1570674   -1.9237227  0.00   -0.0062741   -0.0219652   -0.0226108
h     0.1383442   -2.2522146   -0.9800160  0.00    0.0030478   -0.0023395   -0.0056374
h     1.5658822   -3.9214484   -1.2598375  0.00    0.0000664    0.0052634   -0.0044673
h     1.6353731   -3.5238106   -2.8835412  0.00   -0.0012087    0.0086316    0.0087060
    24
 Energy =       0.0897796513
c     1.3878552    2.6430728    0.3069655  0.00    0.0117096    0.0255727    0.0101321
c     0.0389387    2.8290154    0.1770282  0.00   -0.0003851    0.0287204    0.0097284
c    -0.7415283    1.8268831   -0.3165299  0.00   -0.0262934    0.0104474   -0.0009032
c     1.9486276    1.4484869   -0.0576312  0.00    0.0205245   -0.0040470    0.0022865
c     1.1735329    0.4301153   -0.5647007  0.00    0.0043546   -0.0276502   -0.0085399
c    -0.1844250    0.6307919   -0.6877095  0.00   -0.0137489   -0.0197306   -0.0153313
o    -0.5757103    4.0224327    0.5386268  0.00    0.0002095   -0.0081419   -0.0009679
h     0.0847853    4.7350631    0.8138087  0.00   -0.0001367   -0.0084796   -0.0046132
h    -0.8386277   -0.1382804   -1.0997269  0.00   -0.0059809   -0.0768889   -0.1432022
h     3.0258467    1.3183610    0.0485924  0.00    0.0028420   -0.0004579    0.0000651
h     2.0182985    3.4359474    0.6996329  0.00    0.0019883    0.0008753    0.0005245
h    -1.8110301    1.9929871   -0.4195733  0.00   -0.0029103   -0.0006779   -0.0001990
c     1.8863413   -0.8523461   -0.9741098  0.00   -0.0074860    0.0057595    0.0000204
c     1.0549272   -1.9495884   -1.6641427  0.00   -0.0038366    0.0084414    0.0404417
h     2.3638699   -1.2919459   -0.0727801  0.00    0.0008175    0.0012009   -0.0010278
h     2.7149456   -0.5749052   -1.6648831  0.00   -0.0006481    0.0032684    0.0018583
c     0.3958001   -1.4164710   -2.9391410  0.00    0.0324561    0.0028890   -0.1024682
o     1.0985988   -1.2031570   -4.0656223  0.00   -0.0294002   -0.0049226    0.0695702
o    -0.9286370   -1.0225027   -2.8480613  0.00    0.0429960    0.1176999    0.1878030
h    -1.4475495   -1.5504073   -3.5806775  0.00   -0.0236463   -0.0415853   -0.0225798
n     1.9345499   -3.1084088   -1.9608999  0.00   -0.0044061   -0.0214510   -0.0224647
h     0.2281537   -2.2762247   -0.9968199  0.00    0.0021758   -0.0025827   -0.0049947
h     1.7246353   -3.8855715   -1.2960367  0.00   -0.0001227    0.0037613   -0.0034438
h     1.7600287   -3.4798572   -2.9205154  0.00   -0.0010725    0.0079795    0.0083053
    24
 Energy =       0.0838474889
c     1.3030937    2.6398420    0.3420416  0.00    0.0103633    0.0221822    0.0087750
c    -0.0509700    2.7834547    0.2223254  0.00   -0.0003047    0.0242496    0.0080781
c    -0.7991665    1.7649811   -0.2841562  0.00   -0.0229882    0.0091976   -0.0007982
c     1.9009721    1.4721899   -0.0445239  0.00    0.0181443   -0.0038325    0.0019315
c     1.1587973    0.4377235   -0.5636748  0.00    0.0037606   -0.0236010   -0.0072617
c    -0.2061860    0.5936257   -0.6751083  0.00   -0.0122908   -0.0172763   -0.0132431
o    -0.7042697    3.9501237    0.6117459  0.00   -0.0016214   -0.0065449   -0.0007851
h    -0.0701491    4.6747568    0.9210137  0.00    0.0006215   -0.0057915   -0.0032986
h    -0.8408979   -0.1908449   -1.0915810  0.00   -0.0057478   -0.0661623   -0.1228489
h     2.9828803    1.3770322    0.0539464  0.00    0.0031090   -0.0005398    0.0000895
h     1.9086900    3.4469267    0.7451405  0.00    0.0019817    0.0011033    0.0006289
h    -1.8744391    1.8978634   -0.3776992  0.00   -0.0031114   -0.0003844   -0.0001845
c     1.9187259   -0.8101810   -1.0008049  0.00   -0.0059201    0.0043251    0.0000365
c     1.1265222   -1.9313386   -1.6977026  0.00   -0.0037644    0.0081023    0.0341159
h     2.4226152   -1.2444181   -0.1104672  0.00    0.0009046    0.0005945   -0.0006521
h     2.7298133   -0.4906673   -1.6961951  0.00    0.0002759    0.0031440    0.0010153
c     0.4365636   -1.4132714   -2.9602825  0.00    0.0275912    0.0012187   -0.0862318
o     1.1274792   -1.1361213   -4.0900955  0.00   -0.0231498   -0.0034719    0.0570610
o    -0.9058909   -1.0840131   -2.8606229  0.00    0.0355484    0.1042577    0.1647935
h    -1.3958632   -1.5642063   -3.6408343  0.00   -0.0213714   -0.0378995   -0.0222876
n     2.0530828   -3.0496479   -2.0072558  0.00   -0.0021171   -0.0186909   -0.0199770
h     0.3174373   -2.2968732   -1.0263489  0.00    0.0010842   -0.0025626   -0.0037815
h     1.8833884   -3.8402138   -1.3446708  0.00   -0.0002153    0.0019152   -0.0021310
h     1.8899985   -3.4232321   -2.9690960  0.00   -0.0007825    0.0064673    0.0069559
    24
 Energy =       0.0766349446
c     1.2126075    2.6258806    0.3843970  0.00    0.0082716    0.0174426    0.0068704
c    -0.1440703    2.7265062    0.2694056  0.00   -0.0001834    0.0184879    0.0060162
c    -0.8568160    1.6928580   -0.2520328  0.00   -0.0182001    0.0073386   -0.0006466
c     1.8484088    1.4879002   -0.0216459  0.00    0.0145451   -0.0032953    0.0014735
c     1.1422919    0.4391293   -0.5558585  0.00    0.0030354   -0.0183151   -0.0054984
c    -0.2269661    0.5492129   -0.6608665  0.00   -0.0099880   -0.0137562   -0.0103642
o    -0.8355749    3.8660606    0.6814013  0.00   -0.0028590   -0.0046430   -0.0005569
h    -0.2289022    4.6026785    1.0207710  0.00    0.0011096   -0.0031565   -0.0019108
h    -0.8391922   -0.2493238   -1.0860522  0.00   -0.0052310   -0.0521326   -0.0965206
h     2.9331057    1.4283408    0.0740113  0.00    0.0030498   -0.0005321    0.0001067
h     1.7909511    3.4465350    0.8000279  0.00    0.0018235    0.0012675    0.0006947
h    -1.9360930    1.7918428   -0.3410662  0.00   -0.0029901   -0.0001276   -0.0001550
c     1.9470995   -0.7746460   -1.0138405  0.00   -0.0039962    0.0029929    0.0002154
c     1.1981552   -1.9094135   -1.7359614  0.00   -0.0034019    0.0074628    0.0256386
h     2.4603949   -1.2090005   -0.1286872  0.00    0.0007149    0.0003175   -0.0004639
h     2.7510313   -0.4164768   -1.7000072  0.00    0.0008433    0.0026460    0.0002920
c     0.4854120   -1.3931208   -2.9832568  0.00    0.0191208   -0.0039922   -0.0615853
o     1.1778287   -0.9905903   -4.0920614  0.00   -0.0107728    0.0009104    0.0361608
o    -0.8800207   -1.1582664   -2.8873237  0.00    0.0253500    0.0880817    0.1407898
h    -1.3239469   -1.5535046   -3.7385498  0.00   -0.0195694   -0.0345689   -0.0261631
n     2.1708843   -2.9818132   -2.0639324  0.00    0.0000760   -0.0148567   -0.0162951
h     0.4043570   -2.3193150   -1.0690999  0.00   -0.0000517   -0.0023656   -0.0022536
h     2.0379721   -3.7899058   -1.4121624  0.00   -0.0002568    0.0001889   -0.0008471
h     2.0233100   -3.3480775   -3.0325160  0.00   -0.0004397    0.0046049    0.0050024
    24
 Energy =       0.0770427143
c     1.1761270    2.6110176    0.4113536  0.00    0.0080137    0.0168441    0.0066381
c    -0.1799865    2.7013856    0.2854214  0.00   -0.0001621    0.0177979    0.0057945
c    -0.8795110    1.6660015   -0.2497062  0.00   -0.0175858    0.0070167   -0.0006459
c     1.8245669    1.4814843    0.0033040  0.00    0.0140805   -0.0031141    0.0014505
c     1.1322839    0.4310000   -0.5448483  0.00    0.0028956   -0.0176661   -0.0052725
c    -0.2372229    0.5306630   -0.6616330  0.00   -0.0096796   -0.0132969   -0.0100058
o    -0.8843622    3.8323437    0.7002112  0.00   -0.0029136   -0.0044664   -0.0005503
h    -0.2870607    4.5710429    1.0518898  0.00    0.0011699   -0.0028732   -0.0017600
h    -0.8409000   -0.2678593   -1.1000735  0.00   -0.0051283   -0.0501451   -0.0927840
h     2.9088026    1.4304298    0.1083360  0.00    0.0030175   -0.0005014    0.0001178
h     1.7440637    3.4334158    0.8377981  0.00    0.0018173    0.0013072    0.0007138
h    -1.9586583    1.7572955   -0.3477053  0.00   -0.0029484   -0.0001298   -0.0001604
c     1.9536297   -0.7720807   -1.0038445  0.00   -0.0039215    0.0032082    0.0004473
c     1.2273977   -1.9007328   -1.7586802  0.00   -0.0036899    0.0075141    0.0247484
h     2.4531515   -1.2159386   -0.1154963  0.00    0.0007332    0.0003186   -0.0002804
h     2.7677245   -0.3985902   -1.6702649  0.00    0.0010630    0.0026516    0.0000498
c     0.5096768   -1.3635192   -2.9927135  0.00    0.0144293   -0.0080295   -0.0520869
o     1.2038146   -0.8318371   -4.0551879  0.00   -0.0035823    0.0052180    0.0260705
o    -0.8666736   -1.1945736   -2.9003252  0.00    0.0216690    0.0847507    0.1369813
h    -1.2918033   -1.5814448   -3.7635704  0.00   -0.0188151   -0.0334395   -0.0255530
n     2.2192704   -2.9473862   -2.1120431  0.00    0.0006729   -0.0144742   -0.0162023
h     0.4385155   -2.3410520   -1.1042820  0.00   -0.0004194   -0.0024601   -0.0018082
h     2.1050280   -3.7707785   -1.4753688  0.00   -0.0003006   -0.0003573   -0.0004278
h     2.0743531   -3.2967958   -3.0874776  0.00   -0.0004151    0.0043267    0.0045257
    24
 Energy =       0.0728422451
c     1.1845407    2.6253787    0.3917086  0.00    0.0075860    0.0156926    0.0062073
c    -0.1732714    2.7081258    0.2829510  0.00   -0.0001963    0.0166140    0.0054149
c    -0.8736984    1.6670427   -0.2386052  0.00   -0.0164695    0.0064926   -0.0006468
c     1.8338042    1.4987853   -0.0213874  0.00    0.0132365   -0.0028611    0.0013954
c     1.1399467    0.4431791   -0.5559409  0.00    0.0027603   -0.0165000   -0.0049211
c    -0.2305598    0.5341210   -0.6534368  0.00   -0.0091371   -0.0123722   -0.0093613
o    -0.8780107    3.8375821    0.7018251  0.00   -0.0027943   -0.0042056   -0.0005438
h    -0.2806775    4.5803396    1.0452180  0.00    0.0011365   -0.0026255   -0.0016139
h    -0.8338382   -0.2723464   -1.0764687  0.00   -0.0047940   -0.0469330   -0.0865078
h     2.9195382    1.4537721    0.0694101  0.00    0.0029375   -0.0004619    0.0001303
h     1.7533496    3.4523521    0.8078717  0.00    0.0017574    0.0012499    0.0006888
h    -1.9545730    1.7515394   -0.3221958  0.00   -0.0028824   -0.0001302   -0.0001725
c     1.9582707   -0.7584987   -1.0210944  0.00   -0.0038509    0.0034401    0.0006167
c     1.2190239   -1.9015600   -1.7414010  0.00   -0.0038427    0.0071570    0.0233743
h     2.4808736   -1.1881659   -0.1384075  0.00    0.0008517    0.0002113    0.0000668
h     2.7549666   -0.3895252   -1.7109544  0.00    0.0012862    0.0026377   -0.0002131
c     0.4997855   -1.3944597   -2.9888013  0.00    0.0083240   -0.0104124   -0.0391206
o     1.1953513   -0.9905903   -4.1144332  0.00    0.0030840    0.0081633    0.0140553
o    -0.8713275   -1.1803394   -2.8962103  0.00    0.0197219    0.0790680    0.1294878
h    -1.3024676   -1.5231098   -3.7739832  0.00   -0.0183599   -0.0314318   -0.0253492
n     2.2029815   -2.9645384   -2.0672559  0.00    0.0010058   -0.0136125   -0.0153556
h     0.4298694   -2.3182738   -1.0717889  0.00   -0.0006307   -0.0024175   -0.0014069
h     2.0770965   -3.7741525   -1.4148858  0.00   -0.0003198   -0.0006957   -0.0001121
h     2.0612530   -3.3331670   -3.0366402  0.00   -0.0004103    0.0039328    0.0038870
    24
 Energy =       0.0658425413
c     1.1732392    2.6362975    0.3793964  0.00    0.0061734    0.0121180    0.0048492
c    -0.1865236    2.6973422    0.2973649  0.00   -0.0003276    0.0128596    0.0041665
c    -0.8785911    1.6461246   -0.2104121  0.00   -0.0130031    0.0050947   -0.0005808
c     1.8327134    1.5232829   -0.0485154  0.00    0.0105843   -0.0023341    0.0011326
c     1.1462810    0.4585164   -0.5693038  0.00    0.0024712   -0.0128520   -0.0038193
c    -0.2253683    0.5258641   -0.6370196  0.00   -0.0074131   -0.0095803   -0.0073471
o    -0.9006206    3.8165578    0.7302637  0.00   -0.0024903   -0.0031587   -0.0004184
h    -0.3103034    4.5671854    1.0696090  0.00    0.0009236   -0.0019321   -0.0011940
h    -0.8219683   -0.2928430   -1.0428592  0.00   -0.0037474   -0.0375543   -0.0684569
h     2.9203917    1.4958772    0.0209726  0.00    0.0026651   -0.0003961    0.0001357
h     1.7359699    3.4719867    0.7854926  0.00    0.0014964    0.0010005    0.0005685
h    -1.9620736    1.7123812   -0.2718910  0.00   -0.0026551   -0.0000593   -0.0001735
c     1.9700903   -0.7325570   -1.0492440  0.00   -0.0031636    0.0030767    0.0006561
c     1.2257201   -1.8945899   -1.7336454  0.00   -0.0034455    0.0056706    0.0185652
h     2.5230823   -1.1458470   -0.1763455  0.00    0.0009736   -0.0000605    0.0005409
h     2.7424525   -0.3603311   -1.7645910  0.00    0.0014314    0.0022883   -0.0005171
c     0.4971325   -1.4262521   -2.9921383  0.00    0.0015317   -0.0090876   -0.0204582
o     1.1809241   -1.1493434   -4.1715950  0.00    0.0075658    0.0080463    0.0006026
o    -0.8701455   -1.1852374   -2.9057768  0.00    0.0179173    0.0634023    0.1083762
h    -1.2925637   -1.4333407   -3.8175625  0.00   -0.0173260   -0.0260337   -0.0266214
n     2.2115042   -2.9639019   -2.0275666  0.00    0.0011490   -0.0107655   -0.0118457
h     0.4416170   -2.2925113   -1.0468606  0.00   -0.0006788   -0.0019813   -0.0008352
h     2.0716363   -3.7650257   -1.3674522  0.00   -0.0002727   -0.0007162    0.0001067
h     2.0876309   -3.3461447   -2.9952266  0.00   -0.0003595    0.0029546    0.0025673
    24
 Energy =       0.0566209712
c     1.1563643    2.6447593    0.3615346  0.00    0.0038993    0.0048461    0.0021370
c    -0.2053105    2.6664182    0.3384872  0.00   -0.0009364    0.0052633    0.0016268
c    -0.8846403    1.5976655   -0.1397754  0.00   -0.0065238    0.0023607   -0.0005300
c     1.8300010    1.5569129   -0.0979900  0.00    0.0057489   -0.0013190    0.0006699
c     1.1545032    0.4758182   -0.5891702  0.00    0.0027596   -0.0054975   -0.0015582
c    -0.2174280    0.5016030   -0.5938550  0.00   -0.0045826   -0.0041277   -0.0034051
o    -0.9319441    3.7670183    0.8028001  0.00   -0.0023951   -0.0009791   -0.0001272
h    -0.3520326    4.5320137    1.1299714  0.00    0.0005746   -0.0004475   -0.0003021
h    -0.8050755   -0.3351262   -0.9677906  0.00   -0.0018503   -0.0207207   -0.0363164
h     2.9199755    1.5613046   -0.0738117  0.00    0.0026582   -0.0002448    0.0001511
h     1.7102161    3.4960232    0.7455136  0.00    0.0011681    0.0005283    0.0003440
h    -1.9715044    1.6311971   -0.1538252  0.00   -0.0027964    0.0000967   -0.0001699
c     1.9837354   -0.7004902   -1.0943287  0.00   -0.0013495    0.0015707    0.0005020
c     1.2352452   -1.8825014   -1.7404697  0.00   -0.0018746    0.0025719    0.0080127
h     2.5726859   -1.0969044   -0.2364707  0.00    0.0008506   -0.0003719    0.0008727
h     2.7251024   -0.3232069   -1.8384483  0.00    0.0012189    0.0012459   -0.0007134
c     0.4892060   -1.4570767   -3.0044791  0.00   -0.0025461   -0.0030119   -0.0018975
o     1.1542667   -1.2855212   -4.2182444  0.00    0.0056585    0.0035706   -0.0067761
o    -0.8775186   -1.2098677   -2.9316425  0.00    0.0172975    0.0337622    0.0780124
h    -1.2681271   -1.2745876   -3.8912977  0.00   -0.0170682   -0.0143382   -0.0366247
n     2.2281070   -2.9511173   -1.9993049  0.00    0.0011016   -0.0041277   -0.0042875
h     0.4617453   -2.2632935   -1.0326949  0.00   -0.0005683   -0.0008988    0.0000068
h     2.0630691   -3.7537491   -1.3466234  0.00   -0.0002524   -0.0005922    0.0005204
h     2.1415855   -3.3338014   -2.9729913  0.00   -0.0001920    0.0008606   -0.0001478
    24
 Energy =       0.0514231699
c     1.1569208    2.6791134    0.2670597  0.00    0.0037039    0.0015671    0.0008993
c    -0.2028996    2.6677220    0.3214974  0.00   -0.0005514    0.0018599    0.0007872
c    -0.8812986    1.5652855   -0.0748657  0.00   -0.0032097   -0.0019563   -0.0011052
c     1.8290016    1.5916225   -0.1876586  0.00    0.0030264    0.0023290    0.0012617
c     1.1532920    0.4768373   -0.5973224  0.00    0.0015773   -0.0010977   -0.0006020
c    -0.2154691    0.4698503   -0.5231429  0.00   -0.0038109   -0.0019067   -0.0011038
o    -0.9271401    3.7713721    0.7829407  0.00   -0.0024358   -0.0026467   -0.0009775
h    -0.3480982    4.5628024    1.0502550  0.00    0.0022507    0.0026429    0.0008918
h    -0.8042359   -0.3928078   -0.8296811  0.00   -0.0023624   -0.0095864   -0.0143577
h     2.9180728    1.6214835   -0.2207627  0.00    0.0024145    0.0006803    0.0003726
h     1.7108941    3.5582298    0.5867605  0.00    0.0020264    0.0017985    0.0007382
h    -1.9676134    1.5725782   -0.0284085  0.00   -0.0026318   -0.0006039   -0.0003280
c     1.9766762   -0.7161681   -1.0736234  0.00   -0.0008956   -0.0007162   -0.0000927
c     1.2268990   -1.8956548   -1.7223361  0.00   -0.0002193    0.0004580    0.0009658
h     2.5431610   -1.1082484   -0.1998358  0.00    0.0002837   -0.0002155    0.0003841
h     2.7361833   -0.3609966   -1.8089865  0.00    0.0004043    0.0002217   -0.0004752
c     0.4895900   -1.4706368   -2.9893717  0.00   -0.0003980   -0.0000841   -0.0004942
o     1.1657838   -1.3021646   -4.1927976  0.00    0.0006526    0.0002423   -0.0009906
o    -0.8792116   -1.2320695   -2.9394001  0.00    0.0087960    0.0124281    0.0358677
h    -1.2289180   -1.1465020   -3.9011869  0.00   -0.0086775   -0.0048719   -0.0212177
n     2.2199190   -2.9654218   -1.9647576  0.00    0.0006130    0.0005255   -0.0002599
h     0.4493353   -2.2722522   -1.0183173  0.00   -0.0001207   -0.0000888    0.0001122
h     2.0268242   -3.7788869   -1.3331028  0.00   -0.0002842   -0.0008121    0.0008134
h     2.1645590   -3.3315967   -2.9478621  0.00   -0.0001516   -0.0001671   -0.0010895
    24
 Energy =       0.0503209071
c     1.1078747    2.7072570    0.1957473  0.00    0.0020089    0.0020392    0.0009606
c    -0.2512232    2.6849957    0.2378389  0.00   -0.0000475    0.0013513    0.0005758
c    -0.9136151    1.5604655   -0.1203128  0.00   -0.0025688   -0.0010217   -0.0006397
c     1.7953613    1.6080830   -0.2077583  0.00    0.0024464    0.0013485    0.0008195
c     1.1358432    0.4711092   -0.5797299  0.00    0.0000208   -0.0010358   -0.0006246
c    -0.2324382    0.4536052   -0.5175646  0.00   -0.0020392   -0.0024032   -0.0010542
o    -0.9909450    3.7998262    0.6483097  0.00   -0.0024648   -0.0006145   -0.0002470
h    -0.4229664    4.6064845    0.8915019  0.00    0.0016419    0.0024068    0.0008353
h    -0.8086538   -0.4264848   -0.7959242  0.00   -0.0018198   -0.0070118   -0.0099299
h     2.8837420    1.6466283   -0.2295440  0.00    0.0016733    0.0003873    0.0002372
h     1.6491207    3.6040999    0.4857009  0.00    0.0014427    0.0018101    0.0007189
h    -1.9995816    1.5593286   -0.0842530  0.00   -0.0017663   -0.0003075   -0.0001844
c     1.9750449   -0.7376663   -0.9888185  0.00   -0.0012779   -0.0013997   -0.0005608
c     1.2511535   -1.9119663   -1.6761758  0.00   -0.0005458    0.0002843    0.0006422
h     2.4811413   -1.1279087   -0.0755914  0.00    0.0013722   -0.0008348    0.0023454
h     2.7848864   -0.4012040   -1.6811241  0.00    0.0019805    0.0004196   -0.0018773
c     0.5562206   -1.4751061   -2.9627976  0.00   -0.0004216   -0.0005009    0.0004204
o     1.2768439   -1.2657558   -4.1352250  0.00    0.0021254    0.0005092   -0.0029632
o    -0.8185526   -1.2633680   -2.9601159  0.00    0.0047487    0.0082913    0.0269954
h    -1.1287346   -1.1261099   -3.9260009  0.00   -0.0064211   -0.0030512   -0.0164901
n     2.2552357   -2.9763540   -1.8954493  0.00    0.0010960    0.0008586    0.0002572
h     0.4499349   -2.2976977   -1.0033841  0.00   -0.0006870   -0.0002234    0.0005491
h     2.0420715   -3.7972085   -1.2798779  0.00   -0.0003711   -0.0008808    0.0009464
h     2.2344632   -3.3315623   -2.8843576  0.00   -0.0001259   -0.0004210   -0.0017319
    24
 Energy =       0.0490823005
c     1.0972219    2.7355890    0.0949039  0.00    0.0009859    0.0019921    0.0007506
c    -0.2593104    2.7036099    0.1669824  0.00    0.0004562    0.0012076    0.0004154
c    -0.9175363    1.5571127   -0.1215968  0.00   -0.0015156   -0.0013878   -0.0005335
c     1.7862696    1.6234684   -0.2677152  0.00    0.0014412    0.0015752    0.0006718
c     1.1303110    0.4641017   -0.5701224  0.00   -0.0009187   -0.0011672   -0.0007412
c    -0.2345806    0.4380602   -0.4780571  0.00   -0.0009431   -0.0021764   -0.0007310
o    -1.0005005    3.8305643    0.5390870  0.00   -0.0015574   -0.0007483   -0.0002178
h    -0.4358006    4.6527709    0.7327488  0.00    0.0014674    0.0024643    0.0007833
h    -0.8060346   -0.4596683   -0.7009451  0.00   -0.0012993   -0.0038718   -0.0046668
h     2.8727876    1.6700521   -0.3120289  0.00    0.0007533    0.0004857    0.0002269
h     1.6352295    3.6502972    0.3296487  0.00    0.0011490    0.0019295    0.0006613
h    -2.0015782    1.5482328   -0.0621591  0.00   -0.0007829   -0.0004029   -0.0001666
c     1.9674974   -0.7623595   -0.9257500  0.00   -0.0011487   -0.0014027   -0.0004919
c     1.2534669   -1.9299711   -1.6343629  0.00   -0.0004586    0.0001580    0.0002371
h     2.4278754   -1.1501079    0.0110871  0.00    0.0009318   -0.0006663    0.0015812
h     2.8102455   -0.4482633   -1.5876793  0.00    0.0013575    0.0002457   -0.0013704
c     0.5729022   -1.4782364   -2.9217016  0.00   -0.0002582   -0.0006085    0.0014318
o     1.3154709   -1.1924736   -4.0651317  0.00    0.0034725    0.0007035   -0.0040683
o    -0.8099988   -1.3246186   -2.9468195  0.00   -0.0003605    0.0021508    0.0172810
h    -1.0904606   -1.0967226   -3.9007371  0.00   -0.0026724   -0.0002576   -0.0111243
n     2.2611880   -2.9897838   -1.8555078  0.00    0.0003049    0.0002437    0.0000587
h     0.4452674   -2.3248381   -0.9762905  0.00   -0.0002482   -0.0001396    0.0002407
h     2.0477745   -3.8148999   -1.2467050  0.00   -0.0000977   -0.0002435    0.0002608
h     2.2445201   -3.3384253   -2.8460543  0.00   -0.0000585   -0.0000832   -0.0004888
    24
 Energy =       0.0485285253
c     1.0788366    2.7412371    0.0123343  0.00    0.0005055    0.0021667    0.0006389
c    -0.2758591    2.7030991    0.1074670  0.00    0.0006920    0.0011666    0.0002941
c    -0.9288463    1.5381313   -0.1111660  0.00   -0.0012878   -0.0014049   -0.0004393
c     1.7713171    1.6167605   -0.3035670  0.00    0.0012208    0.0014331    0.0005890
c     1.1197420    0.4392385   -0.5376739  0.00   -0.0015551   -0.0013687   -0.0013531
c    -0.2422105    0.4072154   -0.4204130  0.00   -0.0005163   -0.0024264   -0.0004573
o    -1.0202869    3.8425143    0.4332232  0.00   -0.0016291   -0.0006432   -0.0001216
h    -0.4595843    4.6783752    0.5739956  0.00    0.0015468    0.0028944    0.0007137
h    -0.8067043   -0.5065068   -0.5904070  0.00   -0.0011852   -0.0029461   -0.0023842
h     2.8562969    1.6691071   -0.3662191  0.00    0.0004721    0.0004752    0.0002031
h     1.6126902    3.6708463    0.1917212  0.00    0.0010405    0.0020971    0.0005744
h    -2.0113920    1.5244378   -0.0344369  0.00   -0.0004399   -0.0003738   -0.0001399
c     1.9530826   -0.8043736   -0.8376000  0.00   -0.0020903   -0.0003708   -0.0000075
c     1.2566064   -1.9417045   -1.6138346  0.00   -0.0005725   -0.0007459   -0.0000775
h     2.3342118   -1.2124663    0.1277912  0.00    0.0016284   -0.0012605    0.0036102
h     2.8510731   -0.5092800   -1.4362436  0.00    0.0033014    0.0009199   -0.0024295
c     0.6150791   -1.4364563   -2.9023742  0.00   -0.0008059   -0.0003551    0.0010245
o     1.3899195   -1.1086841   -4.0117796  0.00    0.0019882    0.0007767   -0.0034434
o    -0.7645106   -1.2694792   -2.9594586  0.00    0.0005506    0.0002268    0.0103454
h    -1.0154863   -0.9694302   -3.8995157  0.00   -0.0021563    0.0008307   -0.0079523
n     2.2656805   -2.9980579   -1.8443935  0.00    0.0006879    0.0022090    0.0007852
h     0.4259045   -2.3579656   -0.9969856  0.00   -0.0007838   -0.0008428    0.0008617
h     2.0278401   -3.8464963   -1.2760244  0.00   -0.0005802   -0.0018288    0.0013864
h     2.2788272   -3.3065711   -2.8493463  0.00   -0.0000319   -0.0006291   -0.0022212
    24
 Energy =       0.0481429571
c     1.0738250    2.7216528   -0.0312981  0.00    0.0020690    0.0004304   -0.0001326
c    -0.2753596    2.6691707    0.1317091  0.00   -0.0004300    0.0006720    0.0002465
c    -0.9222166    1.4911294   -0.0168236  0.00   -0.0015207   -0.0014196   -0.0001863
c     1.7669639    1.5980155   -0.3435539  0.00    0.0013031    0.0013230    0.0003321
c     1.1200335    0.4073719   -0.5073194  0.00    0.0005571   -0.0005750   -0.0009461
c    -0.2345004    0.3618146   -0.3232735  0.00   -0.0021124   -0.0002944    0.0004413
o    -1.0199831    3.8071408    0.4567852  0.00   -0.0015367   -0.0021554   -0.0002850
h    -0.4647313    4.6535620    0.5400493  0.00    0.0014593    0.0017960    0.0002941
h    -0.7905385   -0.5640225   -0.4402464  0.00   -0.0011886   -0.0007670   -0.0005165
h     2.8476136    1.6627828   -0.4614122  0.00    0.0016032    0.0005062   -0.0000095
h     1.6028492    3.6622398    0.0907411  0.00    0.0011121    0.0009831    0.0001593
h    -2.0004452    1.4661593    0.1126773  0.00   -0.0014781   -0.0004481    0.0000650
c     1.9450419   -0.8390166   -0.8071834  0.00   -0.0004219    0.0014908    0.0007753
c     1.2561296   -1.9342624   -1.6483138  0.00   -0.0007255   -0.0004340    0.0007832
h     2.2777911   -1.2825884    0.1568280  0.00    0.0003988   -0.0001759    0.0009832
h     2.8695330   -0.5462298   -1.3588507  0.00    0.0005159    0.0005678   -0.0004950
c     0.6204624   -1.3595034   -2.9099178  0.00   -0.0017705   -0.0000014    0.0009273
o     1.4008577   -0.9571621   -3.9901776  0.00    0.0012843    0.0010254   -0.0030664
o    -0.7586447   -1.1967863   -2.9662989  0.00    0.0012095   -0.0015221    0.0057725
h    -1.0009970   -0.8106771   -3.8748856  0.00   -0.0010339    0.0016816   -0.0051893
n     2.2663193   -2.9783346   -1.9294799  0.00    0.0010047    0.0012699    0.0006911
h     0.4212710   -2.3820757   -1.0613008  0.00   -0.0000549   -0.0008112    0.0005320
h     2.0225440   -3.8578146   -1.4129473  0.00   -0.0004147   -0.0022301    0.0012959
h     2.2884089   -3.2290753   -2.9504134  0.00    0.0001709   -0.0009119   -0.0024719
    24
 Energy =       0.0480170581
c     1.0498797    2.7297709   -0.1096629  0.00    0.0001776    0.0012214    0.0001972
c    -0.2966849    2.6763529    0.0635857  0.00    0.0003595    0.0005239    0.0000637
c    -0.9351629    1.4879113   -0.0284685  0.00   -0.0007684   -0.0007025   -0.0001063
c     1.7488406    1.5966968   -0.3759287  0.00    0.0007075    0.0007334    0.0002162
c     1.1097052    0.3954218   -0.4823859  0.00   -0.0006878   -0.0013890   -0.0007655
c    -0.2415565    0.3495480   -0.2889847  0.00   -0.0001422   -0.0013384   -0.0000586
o    -1.0470893    3.8241914    0.3415473  0.00   -0.0011609   -0.0001540    0.0000360
h    -0.4984757    4.6778198    0.3812962  0.00    0.0008631    0.0017760    0.0002440
h    -0.7887502   -0.5858079   -0.3645882  0.00   -0.0004795   -0.0011130   -0.0004078
h     2.8268454    1.6632773   -0.5048925  0.00    0.0003213    0.0003282    0.0000953
h     1.5720085    3.6789578   -0.0336202  0.00    0.0005501    0.0012468    0.0001864
h    -2.0114311    1.4623396    0.1075438  0.00   -0.0002580   -0.0001564   -0.0000228
c     1.9330724   -0.8623702   -0.7379644  0.00   -0.0009044   -0.0001530    0.0000688
c     1.2644801   -1.9410562   -1.6151933  0.00   -0.0002355   -0.0001678   -0.0000567
h     2.2084660   -1.3126404    0.2416534  0.00    0.0005434   -0.0005821    0.0016777
h     2.8909104   -0.5875220   -1.2418184  0.00    0.0016579    0.0001904   -0.0009984
c     0.6650038   -1.3461381   -2.8840826  0.00   -0.0004266   -0.0001738    0.0004448
o     1.4754942   -0.9297529   -3.9352215  0.00    0.0008182    0.0004746   -0.0014058
o    -0.7119731   -1.1764329   -2.9736282  0.00   -0.0003084   -0.0003766    0.0018838
h    -0.9292439   -0.7677713   -3.8760318  0.00   -0.0004324    0.0005095   -0.0015940
n     2.2777353   -2.9845837   -1.8829404  0.00    0.0004443    0.0004776    0.0002590
h     0.4098367   -2.3924123   -1.0600395  0.00   -0.0004960   -0.0004044    0.0004023
h     2.0195776   -3.8668159   -1.3806129  0.00   -0.0001420   -0.0005530    0.0004046
h     2.3207391   -3.2254934   -2.9044683  0.00   -0.0000008   -0.0002174   -0.0007639
    24
 Energy =       0.0479424999
c     1.0413599    2.7002601   -0.1168962  0.00    0.0013441   -0.0000759   -0.0002489
c    -0.2970473    2.6363143    0.1151597  0.00   -0.0005230    0.0001636    0.0001304
c    -0.9271923    1.4418010    0.0681591  0.00   -0.0009552   -0.0004470    0.0000864
c     1.7406788    1.5713823   -0.3953013  0.00    0.0008348    0.0004729    0.0000306
c     1.1089562    0.3641024   -0.4540240  0.00    0.0004971    0.0001946   -0.0003674
c    -0.2329698    0.3079395   -0.2051814  0.00   -0.0012777    0.0001717    0.0004375
o    -1.0472802    3.7794443    0.4079388  0.00   -0.0010246   -0.0011008    0.0000319
h    -0.5063937    4.6381858    0.4074515  0.00    0.0006850    0.0006614   -0.0000102
h    -0.7708646   -0.6340516   -0.2470772  0.00   -0.0006057   -0.0000100   -0.0000568
h     2.8118065    1.6467053   -0.5738035  0.00    0.0012381    0.0002301   -0.0001475
h     1.5565978    3.6545774   -0.0790546  0.00    0.0005547    0.0002308   -0.0000391
h    -1.9972538    1.4080466    0.2494044  0.00   -0.0010534   -0.0001841    0.0001429
c     1.9247727   -0.8924446   -0.7301579  0.00    0.0002928    0.0014545    0.0005183
c     1.2607478   -1.9241568   -1.6668446  0.00   -0.0000692   -0.0009421    0.0002232
h     2.1645395   -1.3832767    0.2382728  0.00    0.0001969   -0.0003084    0.0009306
h     2.8999672   -0.6151825   -1.1945566  0.00    0.0003187    0.0004951   -0.0001569
c     0.6813127   -1.2641145   -2.9132589  0.00   -0.0005596    0.0000887   -0.0001404
o     1.5067883   -0.8103537   -3.9365657  0.00    0.0001910    0.0005280   -0.0011236
o    -0.6918000   -1.0695344   -3.0062333  0.00    0.0003420   -0.0007507    0.0017291
h    -0.8947736   -0.6090182   -3.8870174  0.00   -0.0005765    0.0010309   -0.0020233
n     2.2686037   -2.9631997   -1.9708014  0.00    0.0003689    0.0005196    0.0005072
h     0.3945336   -2.3937801   -1.1462804  0.00   -0.0000800   -0.0008455    0.0002709
h     2.0011934   -3.8639204   -1.5068179  0.00   -0.0002468   -0.0012285    0.0005493
h     2.3159445   -3.1622351   -3.0014204  0.00    0.0001075   -0.0003488   -0.0012741
    24
 Energy =       0.0478694252
c     1.0187679    2.6784376   -0.1657133  0.00    0.0010254    0.0009574   -0.0000906
c    -0.3072040    2.6075599    0.1262845  0.00    0.0000901    0.0008437    0.0000465
c    -0.9239742    1.4037202    0.1499320  0.00   -0.0009739   -0.0015187    0.0000203
c     1.7192482    1.5471135   -0.4326290  0.00    0.0009094    0.0016993    0.0001269
c     1.1003510    0.3305081   -0.4164886  0.00   -0.0007834   -0.0013899   -0.0005937
c    -0.2281895    0.2676543   -0.1114001  0.00   -0.0009206   -0.0008988    0.0001985
o    -1.0580312    3.7530603    0.4091663  0.00   -0.0008715   -0.0014924    0.0000410
h    -0.5287551    4.6181302    0.3530897  0.00    0.0011445    0.0019297   -0.0000608
h    -0.7519507   -0.6841979   -0.0972126  0.00   -0.0008897   -0.0011993   -0.0001012
h     2.7793743    1.6285004   -0.6638981  0.00    0.0008714    0.0007115   -0.0000134
h     1.5227754    3.6404511   -0.1867515  0.00    0.0009254    0.0014127   -0.0000376
h    -1.9845943    1.3646901    0.3771677  0.00   -0.0006479   -0.0004340    0.0000471
c     1.9061690   -0.9311757   -0.6915204  0.00   -0.0004515    0.0006869    0.0004316
c     1.2544195   -1.9084226   -1.6923417  0.00    0.0001962   -0.0009590   -0.0003536
h     2.0873681   -1.4605153    0.2702751  0.00    0.0003260   -0.0007421    0.0016917
h     2.9110609   -0.6658055   -1.0987913  0.00    0.0017444    0.0003188   -0.0006086
c     0.7338999   -1.1864112   -2.9305994  0.00   -0.0006431   -0.0003061    0.0004051
o     1.6058036   -0.7096917   -3.9051349  0.00    0.0014976    0.0009723   -0.0020011
o    -0.6313589   -0.9578632   -3.0626792  0.00   -0.0012706   -0.0006010    0.0016864
h    -0.7934514   -0.4547184   -3.9279816  0.00   -0.0004355    0.0008939   -0.0016406
n     2.2495307   -2.9575247   -2.0007978  0.00    0.0009912    0.0024143    0.0010987
h     0.3569483   -2.3760496   -1.2238450  0.00   -0.0009774   -0.0009933    0.0003768
h     1.9421645   -3.8703334   -1.5861056  0.00   -0.0008085   -0.0022508    0.0012213
h     2.3318552   -3.1136257   -3.0369317  0.00   -0.0000480   -0.0000553   -0.0018908
    24
 Energy =       0.0477726505
c     0.9955038    2.6519158   -0.1708458  0.00    0.0023851    0.0008881   -0.0005023
c    -0.3148855    2.5664507    0.1878193  0.00   -0.0005745    0.0008224    0.0002328
c    -0.9136054    1.3547600    0.2560879  0.00   -0.0020241   -0.0016049    0.0003242
c     1.6986539    1.5272135   -0.4586981  0.00    0.0019714    0.0018140   -0.0001577
c     1.0978511    0.3030139   -0.3938715  0.00    0.0000093   -0.0010527   -0.0006533
c    -0.2145406    0.2253253   -0.0254266  0.00   -0.0021375   -0.0008262    0.0005689
o    -1.0677169    3.7047165    0.4944936  0.00   -0.0020422   -0.0018618    0.0003777
h    -0.5529510    4.5758619    0.4035152  0.00    0.0014941    0.0022271   -0.0001661
h    -0.7211924   -0.7347845    0.0270453  0.00   -0.0014512   -0.0012270    0.0001687
h     2.7452897    1.6199889   -0.7464462  0.00    0.0023012    0.0008681   -0.0004224
h     1.4846295    3.6203035   -0.2294690  0.00    0.0013948    0.0014964   -0.0001756
h    -1.9623092    1.3043198    0.5359208  0.00   -0.0019605   -0.0005471    0.0003995
c     1.9000892   -0.9529445   -0.6987452  0.00    0.0005021    0.0013024    0.0005153
c     1.2492223   -1.8838279   -1.7435731  0.00    0.0001828   -0.0015476   -0.0003282
h     2.0607901   -1.5187803    0.2461604  0.00    0.0003293   -0.0008909    0.0019852
h     2.9140956   -0.6844663   -1.0795803  0.00    0.0014666    0.0004077   -0.0005200
c     0.7689906   -1.1103153   -2.9679771  0.00   -0.0010901   -0.0002191    0.0003289
o     1.6712761   -0.6127059   -3.9044874  0.00    0.0018598    0.0013981   -0.0027035
o    -0.5891518   -0.8568496   -3.1248636  0.00   -0.0013225   -0.0010901    0.0024634
h    -0.7233128   -0.3195935   -3.9749212  0.00   -0.0005854    0.0015202   -0.0025564
n     2.2285974   -2.9437307   -2.0659134  0.00    0.0015550    0.0033813    0.0018075
h     0.3318246   -2.3462582   -1.3091855  0.00   -0.0010332   -0.0014228    0.0002906
h     1.8885797   -3.8654078   -1.6964299  0.00   -0.0012589   -0.0037227    0.0017377
h     2.3364992   -3.0607146   -3.1055152  0.00    0.0000289   -0.0001130   -0.0030146
    24
 Energy =       0.0475641110
c     0.9368628    2.6338016   -0.2136220  0.00    0.0029546    0.0013641   -0.0007150
c    -0.3554901    2.5319719    0.2037079  0.00   -0.0005637    0.0013148    0.0002429
c    -0.9245865    1.3100339    0.3354823  0.00   -0.0024613   -0.0025002    0.0004712
c     1.6516843    1.5151887   -0.4962165  0.00    0.0024025    0.0028643   -0.0003339
c     1.0812186    0.2811959   -0.3630743  0.00   -0.0003074   -0.0018880   -0.0003762
c    -0.2129733    0.1867619    0.0604579  0.00   -0.0026044   -0.0012078    0.0006165
o    -1.1196319    3.6636167    0.5065433  0.00   -0.0023059   -0.0027310    0.0004954
h    -0.6272662    4.5422553    0.3684855  0.00    0.0019958    0.0031508   -0.0003641
h    -0.6925286   -0.7840450    0.1661273  0.00   -0.0018668   -0.0020942    0.0004692
h     2.6820152    1.6202911   -0.8357764  0.00    0.0027278    0.0012955   -0.0006094
h     1.4016555    3.6103780   -0.3250223  0.00    0.0018590    0.0022566   -0.0003402
h    -1.9595657    1.2467166    0.6612122  0.00   -0.0023030   -0.0008243    0.0005267
c     1.8880182   -0.9686943   -0.6720241  0.00    0.0006100    0.0011936    0.0008283
c     1.2588517   -1.8589920   -1.7634605  0.00    0.0002216   -0.0016563    0.0001656
h     2.0108424   -1.5631954    0.2611767  0.00    0.0002368   -0.0009037    0.0021559
h     2.9178474   -0.7000745   -1.0084386  0.00    0.0018231    0.0003358   -0.0006017
c     0.8592287   -1.0471337   -2.9938989  0.00   -0.0012348   -0.0009149    0.0010619
o     1.8222455   -0.5362828   -3.8636446  0.00    0.0046406    0.0026817   -0.0048382
o    -0.4859912   -0.7743527   -3.2246936  0.00   -0.0042706   -0.0016764    0.0036488
h    -0.5645597   -0.2126613   -4.0668811  0.00   -0.0006479    0.0025204   -0.0039552
n     2.2214293   -2.9416794   -2.0612673  0.00    0.0033637    0.0046724    0.0032437
h     0.3068555   -2.2997129   -1.3805018  0.00   -0.0021960   -0.0017825    0.0006548
h     1.8283450   -3.8626519   -1.7422855  0.00   -0.0024040   -0.0055986    0.0026734
h     2.3877205   -3.0292452   -3.0972921  0.00    0.0003304    0.0001279   -0.0051204
    24
 Energy =       0.0471992868
c     0.8909330    2.6093144   -0.2282442  0.00    0.0032047    0.0010333   -0.0009335
c    -0.3762693    2.4912896    0.2582009  0.00   -0.0008954    0.0010051    0.0003568
c    -0.9142893    1.2619947    0.4397096  0.00   -0.0026109   -0.0020434    0.0006737
c     1.6118876    1.4994778   -0.5293878  0.00    0.0025520    0.0023092   -0.0006142
c     1.0737041    0.2588745   -0.3424677  0.00    0.0002897   -0.0013002   -0.0002318
c    -0.1956766    0.1476085    0.1467141  0.00   -0.0028693   -0.0009314    0.0007771
o    -1.1458833    3.6134802    0.5818385  0.00   -0.0025689   -0.0024757    0.0007326
h    -0.6776359    4.4980312    0.4049724  0.00    0.0018021    0.0027171   -0.0004242
h    -0.6478724   -0.8308972    0.2933919  0.00   -0.0017123   -0.0017397    0.0006160
h     2.6201427    1.6161400   -0.9278009  0.00    0.0030484    0.0011252   -0.0008957
h     1.3300502    3.5916635   -0.3813974  0.00    0.0017527    0.0018260   -0.0004150
h    -1.9300167    1.1859040    0.8199653  0.00   -0.0026638   -0.0007394    0.0007594
c     1.8812666   -0.9816473   -0.6793212  0.00    0.0011897    0.0010418    0.0003843
c     1.2573255   -1.8278103   -1.8060470  0.00    0.0001288   -0.0012593    0.0002660
h     1.9884013   -1.6083834    0.2340307  0.00    0.0001487   -0.0007277    0.0015958
h     2.9167868   -0.7084629   -0.9911268  0.00    0.0010259    0.0002053   -0.0003597
c     0.9228988   -0.9778209   -3.0296261  0.00   -0.0011503   -0.0006645    0.0010400
o     1.9303696   -0.4544245   -3.8390181  0.00    0.0043664    0.0024591   -0.0042934
o    -0.4069923   -0.6871090   -3.3174283  0.00   -0.0039812   -0.0014909    0.0030802
h    -0.4412670   -0.1034175   -4.1468868  0.00   -0.0004530    0.0021995   -0.0033755
n     2.1931231   -2.9351947   -2.0983177  0.00    0.0029938    0.0032229    0.0021273
h     0.2798757   -2.2426231   -1.4604959  0.00   -0.0019200   -0.0014590    0.0004450
h     1.7591588   -3.8491418   -1.8172706  0.00   -0.0018566   -0.0044534    0.0019939
h     2.3922067   -3.0033551   -3.1288935  0.00    0.0001788    0.0001402   -0.0033049
    24
 Energy =       0.0468239330
c     0.8334843    2.5847963   -0.2462817  0.00    0.0029963    0.0009991   -0.0009973
c    -0.4081002    2.4518025    0.2987103  0.00   -0.0008534    0.0009598    0.0003366
c    -0.9123321    1.2160533    0.5276314  0.00   -0.0024180   -0.0020186    0.0007538
c     1.5629269    1.4834110   -0.5575720  0.00    0.0023046    0.0022225   -0.0007541
c     1.0599604    0.2372110   -0.3198050  0.00    0.0002965   -0.0012634    0.0000734
c    -0.1846949    0.1102973    0.2242230  0.00   -0.0026865   -0.0009245    0.0008207
o    -1.1856782    3.5648772    0.6342079  0.00   -0.0023729   -0.0025099    0.0008068
h    -0.7437470    4.4546453    0.4197705  0.00    0.0017106    0.0026897   -0.0005370
h    -0.6082833   -0.8749299    0.4078541  0.00   -0.0014676   -0.0017099    0.0006248
h     2.5485344    1.6103235   -1.0063384  0.00    0.0028032    0.0010831   -0.0009830
h     1.2445471    3.5721250   -0.4394708  0.00    0.0016291    0.0017812   -0.0004939
h    -1.9085470    1.1280803    0.9537415  0.00   -0.0024598   -0.0007223    0.0007975
c     1.8705943   -0.9941025   -0.6760281  0.00    0.0012455    0.0009982    0.0004481
c     1.2622174   -1.7954506   -1.8421582  0.00    0.0001472   -0.0013414    0.0006309
h     1.9542300   -1.6520764    0.2177260  0.00    0.0000699   -0.0007635    0.0015313
h     2.9146606   -0.7168658   -0.9540803  0.00    0.0010249    0.0002388   -0.0002899
c     1.0069289   -0.9096346   -3.0601427  0.00   -0.0011947   -0.0009298    0.0014093
o     2.0657368   -0.3738974   -3.7942030  0.00    0.0059918    0.0030912   -0.0048731
o    -0.3018830   -0.6029269   -3.4217118  0.00   -0.0056682   -0.0017408    0.0031710
h    -0.2825139    0.0016827   -4.2368838  0.00   -0.0002526    0.0026764   -0.0038674
n     2.1708964   -2.9284057   -2.1216338  0.00    0.0028048    0.0018928    0.0014845
h     0.2572046   -2.1810446   -1.5424013  0.00   -0.0024074   -0.0014349    0.0005481
h     1.7009462   -3.8303143   -1.8635317  0.00   -0.0014354   -0.0033488    0.0014198
h     2.3951388   -2.9921659   -3.1465284  0.00    0.0001920    0.0000750   -0.0020607
    24
 Energy =       0.0464139817
c     0.7768263    2.5581913   -0.2597649  0.00    0.0029283    0.0008774   -0.0011904
c    -0.4304806    2.4103025    0.3544871  0.00   -0.0009426    0.0007676    0.0004048
c    -0.8954185    1.1691926    0.6315928  0.00   -0.0023357   -0.0017351    0.0009471
c     1.5119097    1.4662788   -0.5906595  0.00    0.0021620    0.0018387   -0.0009837
c     1.0498683    0.2156291   -0.3021661  0.00    0.0006888   -0.0009682    0.0000668
c    -0.1619860    0.0730570    0.3074583  0.00   -0.0026259   -0.0008609    0.0010046
o    -1.2127479    3.5131570    0.7121450  0.00   -0.0023963   -0.0023774    0.0010555
h    -0.8022114    4.4074071    0.4580466  0.00    0.0015470    0.0025048   -0.0006620
h    -0.5535722   -0.9176996    0.5283453  0.00   -0.0012550   -0.0014794    0.0005938
h     2.4679527    1.6030733   -1.0972772  0.00    0.0026890    0.0009328   -0.0012108
h     1.1551625    3.5495353   -0.4935937  0.00    0.0014552    0.0015430   -0.0005849
h    -1.8653197    1.0692826    1.1124947  0.00   -0.0024737   -0.0006753    0.0009972
c     1.8613457   -1.0052393   -0.6864827  0.00    0.0013270    0.0008239    0.0001507
c     1.2617442   -1.7593721   -1.8865429  0.00   -0.0000288   -0.0009279    0.0006805
h     1.9303997   -1.6951715    0.1838687  0.00    0.0000447   -0.0006690    0.0011479
h     2.9103256   -0.7230418   -0.9385891  0.00    0.0006097    0.0001712   -0.0001607
c     1.0820846   -0.8400811   -3.0923756  0.00   -0.0010268   -0.0007301    0.0014656
o     2.1848298   -0.2913775   -3.7472066  0.00    0.0057404    0.0027893   -0.0040098
o    -0.2009872   -0.5206793   -3.5264763  0.00   -0.0054740   -0.0014976    0.0024261
h    -0.1306648    0.1031214   -4.3235273  0.00   -0.0000170    0.0023279   -0.0032214
n     2.1361610   -2.9198797   -2.1616463  0.00    0.0021420    0.0005432    0.0006457
h     0.2334247   -2.1107964   -1.6267435  0.00   -0.0020712   -0.0010834    0.0004060
h     1.6326344   -3.8061752   -1.9170816  0.00   -0.0008435   -0.0020191    0.0007180
h     2.3709464   -2.9852238   -3.1832116  0.00    0.0001563   -0.0000965   -0.0006865
    24
 Energy =       0.0460617461
c     0.7222507    2.5339718   -0.2710886  0.00    0.0020712    0.0006218   -0.0009713
c    -0.4489701    2.3756901    0.4055351  0.00   -0.0006781    0.0005116    0.0003079
c    -0.8756517    1.1318536    0.7258538  0.00   -0.0016038   -0.0012018    0.0007764
c     1.4602841    1.4497250   -0.6197939  0.00    0.0014520    0.0011922   -0.0008170
c     1.0376415    0.1970680   -0.2873340  0.00    0.0007533   -0.0005727   -0.0000086
c    -0.1397448    0.0434159    0.3821638  0.00   -0.0018613   -0.0006114    0.0008111
o    -1.2330504    3.4702969    0.7834528  0.00   -0.0017019   -0.0017721    0.0008918
h    -0.8537857    4.3668095    0.4930853  0.00    0.0010707    0.0018152   -0.0005781
h    -0.5009790   -0.9503297    0.6369433  0.00   -0.0008402   -0.0010084    0.0004266
h     2.3859990    1.5930179   -1.1771789  0.00    0.0017873    0.0005740   -0.0009896
h     1.0687788    3.5271723   -0.5409230  0.00    0.0009625    0.0010407   -0.0004773
h    -1.8174908    1.0235228    1.2567600  0.00   -0.0017770   -0.0004909    0.0008313
c     1.8482286   -1.0153903   -0.6957134  0.00    0.0009492    0.0004999    0.0000509
c     1.2584386   -1.7257320   -1.9257799  0.00   -0.0001499   -0.0003851    0.0006006
h     1.9026058   -1.7334002    0.1523266  0.00    0.0000305   -0.0004803    0.0007078
h     2.9020747   -0.7305050   -0.9226204  0.00    0.0003647    0.0001422   -0.0000754
c     1.1565473   -0.7812159   -3.1201574  0.00   -0.0004576   -0.0008933    0.0016643
o     2.2995511   -0.2178231   -3.6868648  0.00    0.0055961    0.0024360   -0.0028959
o    -0.0945170   -0.4587032   -3.6372476  0.00   -0.0057355   -0.0010763    0.0013355
h     0.0280883    0.1802614   -4.4149882  0.00    0.0001950    0.0018960   -0.0024618
n     2.0949461   -2.9153456   -2.1938742  0.00    0.0021107    0.0003406    0.0004533
h     0.2091091   -2.0387201   -1.7042073  0.00   -0.0016941   -0.0007196    0.0003121
h     1.5513464   -3.7839009   -1.9728332  0.00   -0.0009890   -0.0018789    0.0005831
h     2.3505267   -2.9782484   -3.2104225  0.00    0.0001452    0.0000203   -0.0004778
    24
 Energy =       0.0458433615
c     0.6816288    2.5128994   -0.2706803  0.00    0.0014873    0.0003527   -0.0008737
c    -0.4466475    2.3460033    0.4727717  0.00   -0.0005735    0.0001492    0.0003307
c    -0.8350797    1.1004418    0.8300732  0.00   -0.0012067   -0.0004165    0.0007318
c     1.4159508    1.4355760   -0.6479723  0.00    0.0011334    0.0003972   -0.0007324
c     1.0319443    0.1814783   -0.2795199  0.00    0.0010707   -0.0000856   -0.0004895
c    -0.1039188    0.0187684    0.4557142  0.00   -0.0013376   -0.0003611    0.0007424
o    -1.2252349    3.4332254    0.8823583  0.00   -0.0014342   -0.0008815    0.0009333
h    -0.8784246    4.3311503    0.5593948  0.00    0.0005974    0.0010149   -0.0004309
h    -0.4349440   -0.9767851    0.7409048  0.00   -0.0005598   -0.0004732    0.0003402
h     2.3070790    1.5847978   -1.2572133  0.00    0.0012581    0.0002153   -0.0008873
h     0.9966527    3.5072768   -0.5706283  0.00    0.0005393    0.0004429   -0.0003436
h    -1.7428993    0.9851737    1.4155131  0.00   -0.0014415   -0.0002795    0.0008511
c     1.8359967   -1.0235058   -0.7204401  0.00    0.0007511    0.0002495   -0.0002723
c     1.2422969   -1.6932209   -1.9705673  0.00   -0.0002620    0.0004141    0.0001361
h     1.8864237   -1.7668403    0.1053299  0.00    0.0000854   -0.0002590    0.0002665
h     2.8916333   -0.7374019   -0.9356888  0.00   -0.0000251    0.0000291   -0.0000254
c     1.2048445   -0.7314217   -3.1528801  0.00    0.0002651   -0.0003804    0.0011210
o     2.3746941   -0.1533667   -3.6395692  0.00    0.0026821    0.0010148   -0.0009151
o    -0.0118983   -0.4151755   -3.7462513  0.00   -0.0032169   -0.0002505    0.0000921
h     0.1537663    0.2336700   -4.5060364  0.00    0.0001284    0.0007034   -0.0008661
n     2.0341194   -2.9126898   -2.2397596  0.00    0.0016157    0.0001018    0.0000744
h     0.1773170   -1.9644925   -1.7735544  0.00   -0.0007797   -0.0002789    0.0000657
h     1.4495174   -3.7602036   -2.0444857  0.00   -0.0008241   -0.0014631    0.0003605
h     2.3074097   -2.9718669   -3.2517197  0.00    0.0000472    0.0000444   -0.0002096
    24
 Energy =       0.0457910499
c     0.6593051    2.5064263   -0.2677221  0.00   -0.0002730   -0.0000556    0.0001936
c    -0.4496499    2.3357232    0.4995813  0.00    0.0001221   -0.0000063   -0.0000846
c    -0.8208576    1.0894926    0.8695515  0.00    0.0002445    0.0000536   -0.0001754
c     1.3920283    1.4322729   -0.6557641  0.00   -0.0002179   -0.0000502    0.0001722
c     1.0248193    0.1774028   -0.2757909  0.00   -0.0001890   -0.0000032    0.0001086
c    -0.0921550    0.0108320    0.4833660  0.00    0.0002532    0.0000653   -0.0001748
o    -1.2256383    3.4196246    0.9211954  0.00    0.0002706    0.0001354   -0.0002141
h    -0.8936600    4.3180650    0.5868365  0.00   -0.0000905   -0.0001649    0.0000819
h    -0.4094047   -0.9853360    0.7795337  0.00    0.0001003    0.0000653   -0.0000689
h     2.2686935    1.5847495   -1.2820718  0.00   -0.0002655   -0.0000553    0.0002054
h     0.9605514    3.5013578   -0.5774829  0.00   -0.0000992   -0.0000713    0.0000732
h    -1.7129388    0.9712114    1.4749810  0.00    0.0002687    0.0000513   -0.0001933
c     1.8268698   -1.0243323   -0.7276406  0.00   -0.0001391   -0.0000619    0.0000928
c     1.2357823   -1.6773247   -1.9877123  0.00    0.0000800   -0.0000226    0.0001409
h     1.8721001   -1.7776976    0.0889026  0.00   -0.0000280    0.0000352   -0.0000254
h     2.8844696   -0.7384740   -0.9337985  0.00    0.0000474    0.0000181   -0.0000087
c     1.2380084   -0.7143116   -3.1688555  0.00    0.0005114   -0.0002776    0.0003890
o     2.4206589   -0.1255963   -3.6056671  0.00    0.0006094    0.0001346   -0.0000518
o     0.0468143   -0.4143580   -3.8174950  0.00   -0.0011709    0.0001423   -0.0003910
h     0.2384625    0.2347478   -4.5701543  0.00   -0.0000152    0.0001144   -0.0001342
n     2.0021479   -2.9138120   -2.2491284  0.00    0.0001007   -0.0000080    0.0000466
h     0.1625480   -1.9236315   -1.8061940  0.00   -0.0001207   -0.0000256    0.0000665
h     1.3943614   -3.7464800   -2.0663347  0.00   -0.0000410   -0.0000279    0.0000469
h     2.2889108   -2.9770611   -3.2570423  0.00    0.0000417    0.0000148   -0.0000956
    24
 Energy =       0.0457892531
c     0.6569688    2.5065862   -0.2684215  0.00    0.0000310    0.0000068   -0.0000232
c    -0.4501982    2.3356914    0.5021480  0.00   -0.0000138    0.0000013    0.0000095
c    -0.8198503    1.0894693    0.8741516  0.00   -0.0000271   -0.0000072    0.0000196
c     1.3895468    1.4326386   -0.6575774  0.00    0.0000241    0.0000072   -0.0000199
c     1.0239633    0.1778021   -0.2755064  0.00    0.0000209   -0.0000006   -0.0000132
c    -0.0913257    0.0110162    0.4867820  0.00   -0.0000288   -0.0000078    0.0000200
o    -1.2258955    3.4193786    0.9251147  0.00   -0.0000300   -0.0000160    0.0000242
h    -0.8951066    4.3178398    0.5892310  0.00    0.0000098    0.0000191   -0.0000102
h    -0.4072586   -0.9851597    0.7847253  0.00   -0.0000122   -0.0000086    0.0000080
h     2.2648828    1.5852636   -1.2862888  0.00    0.0000293    0.0000059   -0.0000238
h     0.9569691    3.5015111   -0.5797967  0.00    0.0000113    0.0000087   -0.0000086
h    -1.7104846    0.9710311    1.4822668  0.00   -0.0000310   -0.0000062    0.0000221
c     1.8260313   -1.0237170   -0.7281198  0.00    0.0000151    0.0000063   -0.0000097
c     1.2350478   -1.6757337   -1.9888150  0.00   -0.0000060    0.0000076   -0.0000095
h     1.8710928   -1.7777478    0.0878865  0.00    0.0000024   -0.0000041    0.0000030
h     2.8836973   -0.7378525   -0.9336438  0.00   -0.0000047   -0.0000019    0.0000009
c     1.2420044   -0.7136870   -3.1705295  0.00   -0.0000141    0.0000079   -0.0000101
o     2.4250927   -0.1211712   -3.5999545  0.00   -0.0000133   -0.0000046    0.0000001
o     0.0551948   -0.4199982   -3.8283946  0.00    0.0000314    0.0000004    0.0000176
h     0.2498120    0.2285114   -4.5806718  0.00    0.0000012   -0.0000055    0.0000067
n     1.9979436   -2.9147410   -2.2482997  0.00    0.0000041   -0.0000018   -0.0000043
h     0.1608753   -1.9186708   -1.8090221  0.00    0.0000052    0.0000006   -0.0000042
h     1.3871204   -3.7453730   -2.0665153  0.00   -0.0000024   -0.0000066   -0.0000018
h     2.2861040   -2.9793969   -3.2556555  0.00   -0.0000023   -0.0000010    0.0000065
    24
 Energy =       0.0457892373
c     0.6572565    2.5067015   -0.2680380  0.00    0.0000000    0.0000000   -0.0000000
c    -0.4500911    2.3357776    0.5021909  0.00   -0.0000000    0.0000000    0.0000000
c    -0.8199421    1.0895258    0.8738481  0.00   -0.0000000   -0.0000001    0.0000000
c     1.3898074    1.4327517   -0.6572127  0.00    0.0000000    0.0000001   -0.0000000
c     1.0240167    0.1778814   -0.2754988  0.00    0.0000000   -0.0000000   -0.0000000
c    -0.0914396    0.0110708    0.4864687  0.00   -0.0000000   -0.0000000    0.0000000
o    -1.2257736    3.4194651    0.9251552  0.00   -0.0000000   -0.0000001    0.0000000
h    -0.8948046    4.3179571    0.5895719  0.00    0.0000000    0.0000001   -0.0000000
h    -0.4075219   -0.9851261    0.7841445  0.00   -0.0000000   -0.0000000    0.0000000
h     2.2652949    1.5854097   -1.2856468  0.00    0.0000000    0.0000000   -0.0000000
h     0.9574228    3.5016527   -0.5791296  0.00    0.0000000    0.0000000   -0.0000000
h    -1.7107140    0.9710667    1.4816977  0.00   -0.0000000   -0.0000000    0.0000000
c     1.8260663   -1.0236363   -0.7281233  0.00    0.0000000   -0.0000000    0.0000000
c     1.2350082   -1.6757357   -1.9887413  0.00   -0.0000000   -0.0000000    0.0000000
h     1.8711919   -1.7776167    0.0879200  0.00   -0.0000000   -0.0000000    0.0000000
h     2.8837176   -0.7377691   -0.9337454  0.00    0.0000000   -0.0000000    0.0000000
c     1.2416426   -0.7137265   -3.1705032  0.00    0.0000004   -0.0000003    0.0000006
o     2.4244018   -0.1201494   -3.5993993  0.00    0.0000010    0.0000003   -0.0000001
o     0.0548951   -0.4213358   -3.8291051  0.00   -0.0000014    0.0000000   -0.0000005
h     0.2492798    0.2272829   -4.5813553  0.00    0.0000000    0.0000000   -0.0000000
n     1.9980521   -2.9146289   -2.2483140  0.00    0.0000000   -0.0000000    0.0000000
h     0.1608938   -1.9188304   -1.8087874  0.00   -0.0000000   -0.0000000    0.0000000
h     1.3873085   -3.7453381   -2.0666344  0.00   -0.0000000   -0.0000000    0.0000000
h     2.2862582   -2.9791590   -3.2556689  0.00    0.0000000   -0.0000000   -0.0000000
    24
 Energy =       0.0457892373
c     0.6572581    2.5067015   -0.2680373  0.00    0.0000000    0.0000000   -0.0000000
c    -0.4500912    2.3357775    0.5021889  0.00   -0.0000000    0.0000000    0.0000000
c    -0.8199435    1.0895257    0.8738444  0.00   -0.0000000   -0.0000000    0.0000000
c     1.3898094    1.4327516   -0.6572113  0.00    0.0000000    0.0000000   -0.0000000
c     1.0240173    0.1778813   -0.2754992  0.00    0.0000000   -0.0000000   -0.0000000
c    -0.0914406    0.0110706    0.4864658  0.00   -0.0000000   -0.0000000    0.0000000
o    -1.2257742    3.4194651    0.9251524  0.00   -0.0000000   -0.0000000    0.0000000
h    -0.8948040    4.3179571    0.5895705  0.00    0.0000000    0.0000000   -0.0000000
h    -0.4075240   -0.9851263    0.7841400  0.00   -0.0000000   -0.0000000    0.0000000
h     2.2652982    1.5854097   -1.2856435  0.00    0.0000000    0.0000000   -0.0000000
h     0.9574255    3.5016528   -0.5791275  0.00    0.0000000    0.0000000   -0.0000000
h    -1.7107169    0.9710665    1.4816918  0.00   -0.0000000   -0.0000000    0.0000000
c     1.8260672   -1.0236365   -0.7281232  0.00    0.0000000    0.0000000   -0.0000000
c     1.2350088   -1.6757369   -1.9887405  0.00   -0.0000000    0.0000000    0.0000000
h     1.8711931   -1.7776163    0.0879206  0.00    0.0000000   -0.0000000    0.0000000
h     2.8837182   -0.7377692   -0.9337460  0.00    0.0000000    0.0000000   -0.0000000
c     1.2416403   -0.7137274   -3.1705021  0.00    0.0000000   -0.0000000    0.0000000
o     2.4243988   -0.1201550   -3.5994049  0.00    0.0000000    0.0000000    0.0000000
o     0.0548908   -0.4213302   -3.8290959  0.00   -0.0000000   -0.0000000   -0.0000000
h     0.2492736    0.2272884   -4.5813466  0.00    0.0000000    0.0000000   -0.0000000
n     1.9980547   -2.9146286   -2.2483142  0.00    0.0000000   -0.0000000    0.0000000
h     0.1608952   -1.9188334   -1.8087856  0.00   -0.0000000   -0.0000000    0.0000000
h     1.3873130   -3.7453389   -2.0666335  0.00   -0.0000000   -0.0000000    0.0000000
h     2.2862595   -2.9791584   -3.2556695  0.00    0.0000000    0.0000000   -0.0000000
