$hessian
        0.7562828663  -0.0136759859  -0.0295981438  -0.1843363843  -0.0719274972
        0.0182245384  -0.3094243747   0.0022010143  -0.0333471135   0.0025133700
       -0.0000081890  -0.0007188070   0.0001583698   0.0000289402   0.0000542379
       -0.0025047034   0.0011299604  -0.0004673745  -0.1950211956   0.0919945223
        0.1016671141  -0.1028808793   0.0210033535  -0.0441347349   0.0105766896
       -0.0108990007  -0.0177201775   0.0046742158  -0.0136763260  -0.0038756361
        0.0160876153   0.0079212367   0.0025140835   0.0014134645  -0.0125865299
        0.0080040988   0.0024609460  -0.0015054988  -0.0006020854
       -0.0136759859   0.8420644779   0.0833683342  -0.0815976114  -0.2742309505
        0.0378127388   0.0146306445  -0.1501585103  -0.0144929870   0.0061708622
       -0.0003427408  -0.0018432742   0.0208024313   0.0041731015   0.0066848587
       -0.0255106739   0.0114500892  -0.0049545135   0.0627084103  -0.3264157265
       -0.1356992467   0.0203347373  -0.1141054347   0.0354103472   0.0131344300
       -0.0122907973  -0.0179402839  -0.0089127422   0.0153379953   0.0052862074
       -0.0025134356   0.0052557422   0.0022734763  -0.0040667526  -0.0015243344
        0.0037451564  -0.0015043140   0.0007870884   0.0003491863
       -0.0295981438   0.0833683342   0.8073208393   0.0130373247   0.0236563715
       -0.2240349832  -0.0160219748  -0.0165997558  -0.1212048489  -0.0280244641
       -0.0002369168   0.0079350006   0.0190014830   0.0038504413   0.0060604610
        0.0082312456  -0.0037731029   0.0013383195   0.0737201713  -0.1238076721
       -0.2559495157  -0.0533695450   0.0455177949  -0.2718827793  -0.0108555082
        0.0096073106   0.0130269869   0.0138848942  -0.0269926097  -0.0088420866
        0.0238390776   0.0376308884   0.0143575305  -0.0132416347  -0.0325710458
        0.0317816281  -0.0006029260   0.0003499623   0.0000934476
       -0.1843363843  -0.0815976114   0.0130373247   0.4022841154   0.2900963413
        0.1510356374  -0.0031737188  -0.0341862751   0.0085359765  -0.0044059320
       -0.0020347415  -0.0017838663  -0.0054058950  -0.0009859217   0.0021836584
       -0.0002862223  -0.0004665265   0.0000930464   0.0188683577   0.0201423374
       -0.0151907664   0.0076727053   0.0105479190   0.0002092947   0.0006261091
       -0.0004095635   0.0000782193   0.0010994958  -0.0015507502  -0.0009975513
       -0.0838971608  -0.0536232726  -0.0406961855  -0.1471106458  -0.1413290411
       -0.1049141558  -0.0019348242  -0.0046028941  -0.0115906322
       -0.0719274972  -0.2742309505   0.0236563715   0.2900963413   0.7367290753
       -0.0735895415   0.0015417083   0.0163676449  -0.0043898333  -0.0020552979
        0.0002031463  -0.0006897883  -0.0009662483   0.0008296563   0.0002719461
       -0.0004654923  -0.0000477740   0.0001674511  -0.0168702442  -0.0172737828
        0.0126484109   0.0001140493   0.0011088320   0.0002035202  -0.0004150160
       -0.0012378418  -0.0001742980  -0.0014301692  -0.0052728902  -0.0047487087
       -0.0575797692  -0.2021091162   0.1171798025  -0.1262763433  -0.2471277624
       -0.0401522886  -0.0137660211  -0.0079382369  -0.0303830441
        0.0182245384   0.0378127388  -0.2240349832   0.1510356374  -0.0735895415
        0.9716362211  -0.0005323735  -0.0066881557   0.0004617383  -0.0018047789
       -0.0009703395   0.0004034671   0.0022036727   0.0005404466  -0.0000482996
        0.0000940985   0.0001815665   0.0005643427  -0.0275576951  -0.0264853462
        0.0184632649   0.0166045548   0.0266232356   0.0012520957   0.0000851409
       -0.0001712989   0.0006691634  -0.0011506181  -0.0048150318  -0.0017033676
       -0.0326209700   0.1356838574  -0.4275820375  -0.1356152181  -0.0967689936
       -0.3692295032   0.0110340111   0.0086468622   0.0291478978
       -0.3094243747   0.0146306445  -0.0160219748  -0.0031737188   0.0015417083
       -0.0005323735   0.6188232162  -0.0043510081  -0.0018567674  -0.0883839119
        0.0139933201  -0.0544321005  -0.0978181456   0.0546684284   0.0439342777
       -0.1141214299  -0.0833774285   0.0241411280   0.0005358313   0.0001469877
        0.0001081351   0.0025309920   0.0000008110  -0.0006632248  -0.0030146781
        0.0039510185   0.0009074812  -0.0033958723   0.0018174335   0.0031605288
       -0.0015744288  -0.0020247954   0.0017751767  -0.0011972189  -0.0014089253
       -0.0005776422   0.0002137393   0.0004118056   0.0000573558
        0.0022010143  -0.1501585103  -0.0165997558  -0.0341862751   0.0163676449
       -0.0066881557  -0.0043510081   0.6178779398   0.0129646512   0.0137143073
       -0.0677087117   0.0512495736   0.0539854470  -0.1804866512  -0.1062587181
       -0.0827272451  -0.2373018892   0.0559690226   0.0429503728   0.0086491276
        0.0126446624   0.0055256702   0.0003272677  -0.0013794360   0.0040637122
       -0.0055740769  -0.0011257811   0.0017012158  -0.0013446119  -0.0018087285
       -0.0019510920  -0.0006841885   0.0013890270  -0.0013379248  -0.0000314032
       -0.0004044628   0.0004118056   0.0000680629   0.0000481013
       -0.0333471135  -0.0144929870  -0.1212048489   0.0085359765  -0.0043898333
        0.0004617383  -0.0018567674   0.0129646512   0.5919880582  -0.0536428975
        0.0515729299  -0.2680529697   0.0432622457  -0.1060298393  -0.1464606213
        0.0236838479   0.0554647647  -0.0719791466   0.0363816476   0.0067929266
        0.0113879539  -0.0289213399   0.0003218708   0.0076482949   0.0007644264
       -0.0011877660  -0.0005254458   0.0033080569  -0.0017448053  -0.0033938619
        0.0020690790   0.0012338937  -0.0003279888  -0.0002945175  -0.0005539072
        0.0007294346   0.0000573558   0.0000481013  -0.0002705970
        0.0025133700   0.0061708622  -0.0280244641  -0.0044059320  -0.0020552979
       -0.0018047789  -0.0883839119   0.0137143073  -0.0536428975   0.0814547864
       -0.0157255049   0.0596163207   0.0052926097  -0.0056724108   0.0096626955
        0.0067698974   0.0006831945   0.0136354220  -0.0014615150   0.0005252713
       -0.0000937027  -0.0000780359   0.0000947344  -0.0002616111  -0.0000442576
        0.0003867061  -0.0000930205  -0.0017854526   0.0014709208   0.0008199376
       -0.0000621435   0.0002355553  -0.0000737823   0.0002756422   0.0003047703
        0.0003359018  -0.0000850572  -0.0001331086  -0.0000760207
       -0.0000081890  -0.0003427408  -0.0002369168  -0.0020347415   0.0002031463
       -0.0009703395   0.0139933201  -0.0677087117   0.0515729299  -0.0157255049
        0.0569611329  -0.0530562697  -0.0088529174   0.0111889551  -0.0181735624
        0.0097631761   0.0013016317   0.0207115658   0.0005043213  -0.0011578135
        0.0003081970   0.0000956915   0.0005631757   0.0001543182   0.0003867061
       -0.0002395626   0.0001194304   0.0014709208  -0.0003175041  -0.0005072076
        0.0002355553  -0.0003143388  -0.0000441919   0.0003047703  -0.0001500957
        0.0001751104  -0.0001331086   0.0000127255  -0.0000530639
       -0.0007188070  -0.0018432742   0.0079350006  -0.0017838663  -0.0006897883
        0.0004034671  -0.0544321005   0.0512495736  -0.2680529697   0.0596163207
       -0.0530562697   0.2663472771  -0.0036620524   0.0043383817  -0.0071747285
        0.0004431427   0.0001216450   0.0011471981  -0.0001150158   0.0000222729
       -0.0005730346  -0.0002606374   0.0001673814  -0.0000878510  -0.0000930205
        0.0001194304   0.0002282069   0.0008199376  -0.0005072076   0.0003096635
       -0.0000737823  -0.0000441919  -0.0004415823   0.0003359018   0.0001751104
       -0.0001159793  -0.0000760207  -0.0000530639   0.0000753321
        0.0001583698   0.0208024313   0.0190014830  -0.0054058950  -0.0009662483
        0.0022036727  -0.0978181456   0.0539854470   0.0432622457   0.0052926097
       -0.0088529174  -0.0036620524   0.0905065734  -0.0585983430  -0.0487191338
        0.0083430881  -0.0076307858  -0.0112443499   0.0001125980  -0.0003325865
       -0.0002771741  -0.0017781231   0.0010649821  -0.0004910129   0.0000215357
        0.0001264906   0.0000501150   0.0000040871   0.0000853495   0.0001142066
        0.0001189652   0.0001224726  -0.0002872683   0.0005748568   0.0003177503
        0.0000306421  -0.0001305201  -0.0001240424   0.0000186264
        0.0000289402   0.0041731015   0.0038504413  -0.0009859217   0.0008296563
        0.0005404466   0.0546684284  -0.1804866512  -0.1060298393  -0.0056724108
        0.0111889551   0.0043383817  -0.0585983430   0.1739297166   0.1109460086
        0.0092713739  -0.0088226114  -0.0136302336  -0.0003317151   0.0001270259
        0.0000467210   0.0010916275  -0.0005001399   0.0001958901   0.0001264906
       -0.0000865595  -0.0000759116   0.0000853495   0.0000315868  -0.0000972804
        0.0001224726  -0.0001713023  -0.0001050107   0.0003177503  -0.0002485892
        0.0000104492  -0.0001240424   0.0000358112   0.0000099371
        0.0000542379   0.0066848587   0.0060604610   0.0021836584   0.0002719461
       -0.0000482996   0.0439342777  -0.1062587181  -0.1464606213   0.0096626955
       -0.0181735624  -0.0071747285  -0.0487191338   0.1109460086   0.1376353270
       -0.0063018640   0.0061691257   0.0098349895  -0.0002762877   0.0000586133
        0.0000202435  -0.0004639058   0.0005595445   0.0003087498   0.0000501150
       -0.0000759116   0.0000749660   0.0001142066  -0.0000972804  -0.0000258844
       -0.0002872683  -0.0001050107   0.0000302381   0.0000306421   0.0000104492
       -0.0003559364   0.0000186264   0.0000099371   0.0001004954
       -0.0025047034  -0.0255106739   0.0082312456  -0.0002862223  -0.0004654923
        0.0000940985  -0.1141214299  -0.0827272451   0.0236838479   0.0067698974
        0.0097631761   0.0004431427   0.0083430881   0.0092713739  -0.0063018640
        0.1084066551   0.0880573178  -0.0276055701  -0.0025394441   0.0002109988
        0.0009232454  -0.0017339670  -0.0005392146  -0.0007906212  -0.0023021872
        0.0016087639   0.0010697141  -0.0001563893   0.0000086573   0.0003157132
        0.0000290958   0.0001539479  -0.0001028256   0.0001210104   0.0002422657
        0.0000417461  -0.0000254035  -0.0000738755  -0.0000018727
        0.0011299604   0.0114500892  -0.0037731029  -0.0004665265  -0.0000477740
        0.0001815665  -0.0833774285  -0.2373018892   0.0554647647   0.0006831945
        0.0013016317   0.0001216450  -0.0076307858  -0.0088226114   0.0061691257
        0.0880573178   0.2338147251  -0.0570697084   0.0002312345  -0.0003089035
       -0.0001689781  -0.0005667257   0.0000506721  -0.0002402081   0.0016087639
       -0.0003785376  -0.0006067718   0.0000086573   0.0001897263  -0.0000078919
        0.0001539479   0.0000330505  -0.0001041548   0.0002422657   0.0000429370
        0.0000355580  -0.0000738755  -0.0000231163  -0.0000018439
       -0.0004673745  -0.0049545135   0.0013383195   0.0000930464   0.0001674511
        0.0005643427   0.0241411280   0.0559690226  -0.0719791466   0.0136354220
        0.0207115658   0.0011471981  -0.0112443499  -0.0136302336   0.0098349895
       -0.0276055701  -0.0570697084   0.0602404482   0.0009438318   0.0001071976
       -0.0009672894  -0.0008186090  -0.0006156771  -0.0000505093   0.0010697141
       -0.0006067718   0.0001305380   0.0003157132  -0.0000078919  -0.0000978587
       -0.0001028256  -0.0001041548  -0.0000533199   0.0000417461   0.0000355580
       -0.0001572897  -0.0000018727  -0.0000018439   0.0000495777
       -0.1950211956   0.0627084103   0.0737201713   0.0188683577  -0.0168702442
       -0.0275576951   0.0005358313   0.0429503728   0.0363816476  -0.0014615150
        0.0005043213  -0.0001150158   0.0001125980  -0.0003317151  -0.0002762877
       -0.0025394441   0.0002312345   0.0009438318   0.3687882988   0.0590450784
       -0.0373789248   0.0077451778  -0.0147139611  -0.0051274271  -0.1338619073
       -0.1583726691   0.0603013882  -0.0648722913   0.0254446990  -0.1007839002
        0.0011915567  -0.0002042131   0.0001602696   0.0007927166  -0.0007015187
       -0.0003568351  -0.0002781836   0.0003102050   0.0000887772
        0.0919945223  -0.3264157265  -0.1238076721   0.0201423374  -0.0172737828
       -0.0264853462   0.0001469877   0.0086491276   0.0067929266   0.0005252713
       -0.0011578135   0.0000222729  -0.0003325865   0.0001270259   0.0000586133
        0.0002109988  -0.0003089035   0.0001071976   0.0590450784   0.7756853522
       -0.0024685754  -0.0093198156   0.0186225169   0.0063629202  -0.1936877912
       -0.3467913051   0.0730788376   0.0320132523  -0.1049738127   0.0659319127
       -0.0002778168  -0.0049767318   0.0016205253  -0.0007706430  -0.0017719908
       -0.0014895110   0.0003102050   0.0005860441   0.0002758986
        0.1016671141  -0.1356992467  -0.2559495157  -0.0151907664   0.0126484109
        0.0184632649   0.0001081351   0.0126446624   0.0113879539  -0.0000937027
        0.0003081970  -0.0005730346  -0.0002771741   0.0000467210   0.0000202435
        0.0009232454  -0.0001689781  -0.0009672894  -0.0373789248  -0.0024685754
        0.7684247218   0.0160907571  -0.0317327493  -0.0108974000   0.0722746884
        0.0753155387  -0.1095994348  -0.1374464360   0.0683986879  -0.4216991246
       -0.0001332352   0.0017754487   0.0010949223  -0.0006324781  -0.0013440157
        0.0005937335   0.0000887772   0.0002758986  -0.0002990407
       -0.1028808793   0.0203347373  -0.0533695450   0.0076727053   0.0001140493
        0.0166045548   0.0025309920   0.0055256702  -0.0289213399  -0.0000780359
        0.0000956915  -0.0002606374  -0.0017781231   0.0010916275  -0.0004639058
       -0.0017339670  -0.0005667257  -0.0008186090   0.0077451778  -0.0093198156
        0.0160907571   0.0887241620  -0.0143631762   0.0515549983   0.0004164372
       -0.0003449936  -0.0005438780   0.0004916975   0.0001268316  -0.0000513471
        0.0000520647  -0.0001489357  -0.0001682144  -0.0012660510  -0.0023095680
        0.0002871216   0.0001038198  -0.0002353926   0.0000600447
        0.0210033535  -0.1141054347   0.0455177949   0.0105479190   0.0011088320
        0.0266232356   0.0000008110   0.0003272677   0.0003218708   0.0000947344
        0.0005631757   0.0001673814   0.0010649821  -0.0005001399   0.0005595445
       -0.0005392146   0.0000506721  -0.0006156771  -0.0147139611   0.0186225169
       -0.0317327493  -0.0143631762   0.1005927539  -0.0387105505  -0.0005067334
       -0.0019059527  -0.0025261230   0.0001265216   0.0002833990  -0.0002046372
       -0.0001574908   0.0001431787  -0.0003401810  -0.0023223528  -0.0049020753
        0.0008140429  -0.0002353926  -0.0002781933   0.0001260481
       -0.0441347349   0.0354103472  -0.2718827793   0.0002092947   0.0002035202
        0.0012520957  -0.0006632248  -0.0013794360   0.0076482949  -0.0002616111
        0.0001543182  -0.0000878510  -0.0004910129   0.0001958901   0.0003087498
       -0.0007906212  -0.0002402081  -0.0000505093  -0.0051274271   0.0063629202
       -0.0108974000   0.0515549983  -0.0387105505   0.2760409448  -0.0003385635
       -0.0024371613  -0.0015556205  -0.0000509536  -0.0002044667  -0.0005406212
       -0.0002023288  -0.0003221740   0.0002652609   0.0002361402   0.0008409528
       -0.0006843641   0.0000600447   0.0001260481   0.0001837994
        0.0105766896   0.0131344300  -0.0108555082   0.0006261091  -0.0004150160
        0.0000851409  -0.0030146781   0.0040637122   0.0007644264  -0.0000442576
        0.0003867061  -0.0000930205   0.0000215357   0.0001264906   0.0000501150
       -0.0023021872   0.0016087639   0.0010697141  -0.1338619073  -0.1936877912
        0.0722746884   0.0004164372  -0.0005067334  -0.0003385635   0.1199981982
        0.1618532612  -0.0635309136   0.0079597390   0.0131654977   0.0005412565
       -0.0002243073   0.0001092385  -0.0000293313  -0.0002120849   0.0002450658
        0.0000767736   0.0000607136  -0.0000836253  -0.0000147778
       -0.0108990007  -0.0122907973   0.0096073106  -0.0004095635  -0.0012378418
       -0.0001712989   0.0039510185  -0.0055740769  -0.0011877660   0.0003867061
       -0.0002395626   0.0001194304   0.0001264906  -0.0000865595  -0.0000759116
        0.0016087639  -0.0003785376  -0.0006067718  -0.1583726691  -0.3467913051
        0.0753155387  -0.0003449936  -0.0019059527  -0.0024371613   0.1618532612
        0.3654790177  -0.0805546230   0.0018293075   0.0023000836  -0.0000177470
        0.0001092385   0.0004277076  -0.0001798541   0.0002450658   0.0004407507
        0.0002301309  -0.0000836253  -0.0001429263  -0.0000412767
       -0.0177201775  -0.0179402839   0.0130269869   0.0000782193  -0.0001742980
        0.0006691634   0.0009074812  -0.0011257811  -0.0005254458  -0.0000930205
        0.0001194304   0.0002282069   0.0000501150  -0.0000759116   0.0000749660
        0.0010697141  -0.0006067718   0.0001305380   0.0603013882   0.0730788376
       -0.1095994348  -0.0005438780  -0.0025261230  -0.0015556205  -0.0635309136
       -0.0805546230   0.0970249010   0.0194484072   0.0297965243   0.0008579565
       -0.0000293313  -0.0001798541  -0.0001938303   0.0000767736   0.0002301309
       -0.0002217461  -0.0000147778  -0.0000412767   0.0000833587
        0.0046742158  -0.0089127422   0.0138848942   0.0010994958  -0.0014301692
       -0.0011506181  -0.0033958723   0.0017012158   0.0033080569  -0.0017854526
        0.0014709208   0.0008199376   0.0000040871   0.0000853495   0.0001142066
       -0.0001563893   0.0000086573   0.0003157132  -0.0648722913   0.0320132523
       -0.1374464360   0.0004916975   0.0001265216  -0.0000509536   0.0079597390
        0.0018293075   0.0194484072   0.0568133375  -0.0270619428   0.1006056726
       -0.0006228252   0.0000374467   0.0000033290  -0.0003010147   0.0002433103
        0.0002107454   0.0000912729  -0.0001111274  -0.0000629550
       -0.0136763260   0.0153379953  -0.0269926097  -0.0015507502  -0.0052728902
       -0.0048150318   0.0018174335  -0.0013446119  -0.0017448053   0.0014709208
       -0.0003175041  -0.0005072076   0.0000853495   0.0000315868  -0.0000972804
        0.0000086573   0.0001897263  -0.0000078919   0.0254446990  -0.1049738127
        0.0683986879   0.0001268316   0.0002833990  -0.0002044667   0.0131654977
        0.0023000836   0.0297965243  -0.0270619428   0.0940510268  -0.0642377473
        0.0000374467  -0.0003818710   0.0000219261   0.0002433103   0.0002338340
        0.0005447886  -0.0001111274  -0.0001369617  -0.0001548862
       -0.0038756361   0.0052862074  -0.0088420866  -0.0009975513  -0.0047487087
       -0.0017033676   0.0031605288  -0.0018087285  -0.0033938619   0.0008199376
       -0.0005072076   0.0003096635   0.0001142066  -0.0000972804  -0.0000258844
        0.0003157132  -0.0000078919  -0.0000978587  -0.1007839002   0.0659319127
       -0.4216991246  -0.0000513471  -0.0002046372  -0.0005406212   0.0005412565
       -0.0000177470   0.0008579565   0.1006056726  -0.0642377473   0.4356363127
        0.0000033290   0.0000219261  -0.0006265614   0.0002107454   0.0005447886
        0.0000767368  -0.0000629550  -0.0001548862   0.0000486968
        0.0160876153  -0.0025134356   0.0238390776  -0.0838971608  -0.0575797692
       -0.0326209700  -0.0015744288  -0.0019510920   0.0020690790  -0.0000621435
        0.0002355553  -0.0000737823   0.0001189652   0.0001224726  -0.0002872683
        0.0000290958   0.0001539479  -0.0001028256   0.0011915567  -0.0002778168
       -0.0001332352   0.0000520647  -0.0001574908  -0.0002023288  -0.0002243073
        0.0001092385  -0.0000293313  -0.0006228252   0.0000374467   0.0000033290
        0.0529917198   0.0429561070   0.0393160580   0.0216778265   0.0195863320
       -0.0280948215  -0.0057679783  -0.0007214954  -0.0036829808
        0.0079212367   0.0052557422   0.0376308884  -0.0536232726  -0.2021091162
        0.1356838574  -0.0020247954  -0.0006841885   0.0012338937   0.0002355553
       -0.0003143388  -0.0000441919   0.0001224726  -0.0001713023  -0.0001050107
        0.0001539479   0.0000330505  -0.0001041548  -0.0002042131  -0.0049767318
        0.0017754487  -0.0001489357   0.0001431787  -0.0003221740   0.0001092385
        0.0004277076  -0.0001798541   0.0000374467  -0.0003818710   0.0000219261
        0.0429561070   0.1603868224  -0.1352290132   0.0053090654   0.0458720409
       -0.0360226965  -0.0008438531  -0.0034809940  -0.0043389193
        0.0025140835   0.0022734763   0.0143575305  -0.0406961855   0.1171798025
       -0.4275820375   0.0017751767   0.0013890270  -0.0003279888  -0.0000737823
       -0.0000441919  -0.0004415823  -0.0002872683  -0.0001050107   0.0000302381
       -0.0001028256  -0.0001041548  -0.0000533199   0.0001602696   0.0016205253
        0.0010949223  -0.0001682144  -0.0003401810   0.0002652609  -0.0000293313
       -0.0001798541  -0.0001938303   0.0000033290   0.0000219261  -0.0006265614
        0.0393160580  -0.1352290132   0.4349613881   0.0011848610   0.0179367102
       -0.0135018181  -0.0035961704  -0.0044190620  -0.0079822017
        0.0014134645  -0.0040667526  -0.0132416347  -0.1471106458  -0.1262763433
       -0.1356152181  -0.0011972189  -0.0013379248  -0.0002945175   0.0002756422
        0.0003047703   0.0003359018   0.0005748568   0.0003177503   0.0000306421
        0.0001210104   0.0002422657   0.0000417461   0.0007927166  -0.0007706430
       -0.0006324781  -0.0012660510  -0.0023223528   0.0002361402  -0.0002120849
        0.0002450658   0.0000767736  -0.0003010147   0.0002433103   0.0002107454
        0.0216778265   0.0053090654   0.0011848610   0.2118317996   0.2790594520
        0.0836283932  -0.0866003012  -0.1509476632   0.0640386450
       -0.0125865299  -0.0015243344  -0.0325710458  -0.1413290411  -0.2471277624
       -0.0967689936  -0.0014089253  -0.0000314032  -0.0005539072   0.0003047703
       -0.0001500957   0.0001751104   0.0003177503  -0.0002485892   0.0000104492
        0.0002422657   0.0000429370   0.0000355580  -0.0007015187  -0.0017719908
       -0.0013440157  -0.0023095680  -0.0049020753   0.0008409528   0.0002450658
        0.0004407507   0.0002301309   0.0002433103   0.0002338340   0.0005447886
        0.0195863320   0.0458720409   0.0179367102   0.2790594520   0.5309980905
       -0.0555236434  -0.1416633634  -0.3218314021   0.1669879056
        0.0080040988   0.0037451564   0.0317816281  -0.1049141558  -0.0401522886
       -0.3692295032  -0.0005776422  -0.0004044628   0.0007294346   0.0003359018
        0.0001751104  -0.0001159793   0.0000306421   0.0000104492  -0.0003559364
        0.0000417461   0.0000355580  -0.0001572897  -0.0003568351  -0.0014895110
        0.0005937335   0.0002871216   0.0008140429  -0.0006843641   0.0000767736
        0.0002301309  -0.0002217461   0.0002107454   0.0005447886   0.0000767368
       -0.0280948215  -0.0360226965  -0.0135018181   0.0836283932  -0.0555236434
        0.5064058625   0.0413280320   0.1280373660  -0.1553207585
        0.0024609460  -0.0015043140  -0.0006029260  -0.0019348242  -0.0137660211
        0.0110340111   0.0002137393   0.0004118056   0.0000573558  -0.0000850572
       -0.0001331086  -0.0000760207  -0.0001305201  -0.0001240424   0.0000186264
       -0.0000254035  -0.0000738755  -0.0000018727  -0.0002781836   0.0003102050
        0.0000887772   0.0001038198  -0.0002353926   0.0000600447   0.0000607136
       -0.0000836253  -0.0000147778   0.0000912729  -0.0001111274  -0.0000629550
       -0.0057679783  -0.0008438531  -0.0035961704  -0.0866003012  -0.1416633634
        0.0413280320   0.0918917766   0.1578167128  -0.0482321246
       -0.0015054988   0.0007870884   0.0003499623  -0.0046028941  -0.0079382369
        0.0086468622   0.0004118056   0.0000680629   0.0000481013  -0.0001331086
        0.0000127255  -0.0000530639  -0.0001240424   0.0000358112   0.0000099371
       -0.0000738755  -0.0000231163  -0.0000018439   0.0003102050   0.0005860441
        0.0002758986  -0.0002353926  -0.0002781933   0.0001260481  -0.0000836253
       -0.0001429263  -0.0000412767  -0.0001111274  -0.0001369617  -0.0001548862
       -0.0007214954  -0.0034809940  -0.0044190620  -0.1509476632  -0.3218314021
        0.1280373660   0.1578167128   0.3323420984  -0.1328240428
       -0.0006020854   0.0003491863   0.0000934476  -0.0115906322  -0.0303830441
        0.0291478978   0.0000573558   0.0000481013  -0.0002705970  -0.0000760207
       -0.0000530639   0.0000753321   0.0000186264   0.0000099371   0.0001004954
       -0.0000018727  -0.0000018439   0.0000495777   0.0000887772   0.0002758986
       -0.0002990407   0.0000600447   0.0001260481   0.0001837994  -0.0000147778
       -0.0000412767   0.0000833587  -0.0000629550  -0.0001548862   0.0000486968
       -0.0036829808  -0.0043389193  -0.0079822017   0.0640386450   0.1669879056
       -0.1553207585  -0.0482321246  -0.1328240428   0.1340899923
$hessian (projected)
        0.7562828663  -0.0136759859  -0.0295981438  -0.1843363843  -0.0719274972
        0.0182245384  -0.3094243747   0.0022010143  -0.0333471135   0.0025133700
       -0.0000081890  -0.0007188070   0.0001583698   0.0000289402   0.0000542379
       -0.0025047034   0.0011299604  -0.0004673745  -0.1950211956   0.0919945223
        0.1016671141  -0.1028808793   0.0210033535  -0.0441347349   0.0105766896
       -0.0108990007  -0.0177201775   0.0046742158  -0.0136763260  -0.0038756361
        0.0160876153   0.0079212367   0.0025140835   0.0014134645  -0.0125865299
        0.0080040988   0.0024609460  -0.0015054988  -0.0006020854
       -0.0136759859   0.8420644779   0.0833683342  -0.0815976114  -0.2742309505
        0.0378127388   0.0146306445  -0.1501585103  -0.0144929870   0.0061708622
       -0.0003427408  -0.0018432742   0.0208024313   0.0041731015   0.0066848587
       -0.0255106739   0.0114500892  -0.0049545135   0.0627084103  -0.3264157265
       -0.1356992467   0.0203347373  -0.1141054347   0.0354103472   0.0131344300
       -0.0122907973  -0.0179402839  -0.0089127422   0.0153379953   0.0052862074
       -0.0025134356   0.0052557422   0.0022734763  -0.0040667526  -0.0015243344
        0.0037451564  -0.0015043140   0.0007870884   0.0003491863
       -0.0295981438   0.0833683342   0.8073208393   0.0130373247   0.0236563715
       -0.2240349832  -0.0160219748  -0.0165997558  -0.1212048489  -0.0280244641
       -0.0002369168   0.0079350006   0.0190014830   0.0038504413   0.0060604610
        0.0082312456  -0.0037731029   0.0013383195   0.0737201713  -0.1238076721
       -0.2559495157  -0.0533695450   0.0455177949  -0.2718827793  -0.0108555082
        0.0096073106   0.0130269869   0.0138848942  -0.0269926097  -0.0088420866
        0.0238390776   0.0376308884   0.0143575305  -0.0132416347  -0.0325710458
        0.0317816281  -0.0006029260   0.0003499623   0.0000934476
       -0.1843363843  -0.0815976114   0.0130373247   0.4022841154   0.2900963413
        0.1510356374  -0.0031737188  -0.0341862751   0.0085359765  -0.0044059320
       -0.0020347415  -0.0017838663  -0.0054058950  -0.0009859217   0.0021836584
       -0.0002862223  -0.0004665265   0.0000930464   0.0188683577   0.0201423374
       -0.0151907664   0.0076727053   0.0105479190   0.0002092947   0.0006261091
       -0.0004095635   0.0000782193   0.0010994958  -0.0015507502  -0.0009975513
       -0.0838971608  -0.0536232726  -0.0406961855  -0.1471106458  -0.1413290411
       -0.1049141558  -0.0019348242  -0.0046028941  -0.0115906322
       -0.0719274972  -0.2742309505   0.0236563715   0.2900963413   0.7367290753
       -0.0735895415   0.0015417083   0.0163676449  -0.0043898333  -0.0020552979
        0.0002031463  -0.0006897883  -0.0009662483   0.0008296563   0.0002719461
       -0.0004654923  -0.0000477740   0.0001674511  -0.0168702442  -0.0172737828
        0.0126484109   0.0001140493   0.0011088320   0.0002035202  -0.0004150160
       -0.0012378418  -0.0001742980  -0.0014301692  -0.0052728902  -0.0047487087
       -0.0575797692  -0.2021091162   0.1171798025  -0.1262763433  -0.2471277624
       -0.0401522886  -0.0137660211  -0.0079382369  -0.0303830441
        0.0182245384   0.0378127388  -0.2240349832   0.1510356374  -0.0735895415
        0.9716362211  -0.0005323735  -0.0066881557   0.0004617383  -0.0018047789
       -0.0009703395   0.0004034671   0.0022036727   0.0005404466  -0.0000482996
        0.0000940985   0.0001815665   0.0005643427  -0.0275576951  -0.0264853462
        0.0184632649   0.0166045548   0.0266232356   0.0012520957   0.0000851409
       -0.0001712989   0.0006691634  -0.0011506181  -0.0048150318  -0.0017033676
       -0.0326209700   0.1356838574  -0.4275820375  -0.1356152181  -0.0967689936
       -0.3692295032   0.0110340111   0.0086468622   0.0291478978
       -0.3094243747   0.0146306445  -0.0160219748  -0.0031737188   0.0015417083
       -0.0005323735   0.6188232162  -0.0043510081  -0.0018567674  -0.0883839119
        0.0139933201  -0.0544321005  -0.0978181456   0.0546684284   0.0439342777
       -0.1141214299  -0.0833774285   0.0241411280   0.0005358313   0.0001469877
        0.0001081351   0.0025309920   0.0000008110  -0.0006632248  -0.0030146781
        0.0039510185   0.0009074812  -0.0033958723   0.0018174335   0.0031605288
       -0.0015744288  -0.0020247954   0.0017751767  -0.0011972189  -0.0014089253
       -0.0005776422   0.0002137393   0.0004118056   0.0000573558
        0.0022010143  -0.1501585103  -0.0165997558  -0.0341862751   0.0163676449
       -0.0066881557  -0.0043510081   0.6178779398   0.0129646512   0.0137143073
       -0.0677087117   0.0512495736   0.0539854470  -0.1804866512  -0.1062587181
       -0.0827272451  -0.2373018892   0.0559690226   0.0429503728   0.0086491276
        0.0126446624   0.0055256702   0.0003272677  -0.0013794360   0.0040637122
       -0.0055740769  -0.0011257811   0.0017012158  -0.0013446119  -0.0018087285
       -0.0019510920  -0.0006841885   0.0013890270  -0.0013379248  -0.0000314032
       -0.0004044628   0.0004118056   0.0000680629   0.0000481013
       -0.0333471135  -0.0144929870  -0.1212048489   0.0085359765  -0.0043898333
        0.0004617383  -0.0018567674   0.0129646512   0.5919880582  -0.0536428975
        0.0515729299  -0.2680529697   0.0432622457  -0.1060298393  -0.1464606213
        0.0236838479   0.0554647647  -0.0719791466   0.0363816476   0.0067929266
        0.0113879539  -0.0289213399   0.0003218708   0.0076482949   0.0007644264
       -0.0011877660  -0.0005254458   0.0033080569  -0.0017448053  -0.0033938619
        0.0020690790   0.0012338937  -0.0003279888  -0.0002945175  -0.0005539072
        0.0007294346   0.0000573558   0.0000481013  -0.0002705970
        0.0025133700   0.0061708622  -0.0280244641  -0.0044059320  -0.0020552979
       -0.0018047789  -0.0883839119   0.0137143073  -0.0536428975   0.0814547864
       -0.0157255049   0.0596163207   0.0052926097  -0.0056724108   0.0096626955
        0.0067698974   0.0006831945   0.0136354220  -0.0014615150   0.0005252713
       -0.0000937027  -0.0000780359   0.0000947344  -0.0002616111  -0.0000442576
        0.0003867061  -0.0000930205  -0.0017854526   0.0014709208   0.0008199376
       -0.0000621435   0.0002355553  -0.0000737823   0.0002756422   0.0003047703
        0.0003359018  -0.0000850572  -0.0001331086  -0.0000760207
       -0.0000081890  -0.0003427408  -0.0002369168  -0.0020347415   0.0002031463
       -0.0009703395   0.0139933201  -0.0677087117   0.0515729299  -0.0157255049
        0.0569611329  -0.0530562697  -0.0088529174   0.0111889551  -0.0181735624
        0.0097631761   0.0013016317   0.0207115658   0.0005043213  -0.0011578135
        0.0003081970   0.0000956915   0.0005631757   0.0001543182   0.0003867061
       -0.0002395626   0.0001194304   0.0014709208  -0.0003175041  -0.0005072076
        0.0002355553  -0.0003143388  -0.0000441919   0.0003047703  -0.0001500957
        0.0001751104  -0.0001331086   0.0000127255  -0.0000530639
       -0.0007188070  -0.0018432742   0.0079350006  -0.0017838663  -0.0006897883
        0.0004034671  -0.0544321005   0.0512495736  -0.2680529697   0.0596163207
       -0.0530562697   0.2663472771  -0.0036620524   0.0043383817  -0.0071747285
        0.0004431427   0.0001216450   0.0011471981  -0.0001150158   0.0000222729
       -0.0005730346  -0.0002606374   0.0001673814  -0.0000878510  -0.0000930205
        0.0001194304   0.0002282069   0.0008199376  -0.0005072076   0.0003096635
       -0.0000737823  -0.0000441919  -0.0004415823   0.0003359018   0.0001751104
       -0.0001159793  -0.0000760207  -0.0000530639   0.0000753321
        0.0001583698   0.0208024313   0.0190014830  -0.0054058950  -0.0009662483
        0.0022036727  -0.0978181456   0.0539854470   0.0432622457   0.0052926097
       -0.0088529174  -0.0036620524   0.0905065734  -0.0585983430  -0.0487191338
        0.0083430881  -0.0076307858  -0.0112443499   0.0001125980  -0.0003325865
       -0.0002771741  -0.0017781231   0.0010649821  -0.0004910129   0.0000215357
        0.0001264906   0.0000501150   0.0000040871   0.0000853495   0.0001142066
        0.0001189652   0.0001224726  -0.0002872683   0.0005748568   0.0003177503
        0.0000306421  -0.0001305201  -0.0001240424   0.0000186264
        0.0000289402   0.0041731015   0.0038504413  -0.0009859217   0.0008296563
        0.0005404466   0.0546684284  -0.1804866512  -0.1060298393  -0.0056724108
        0.0111889551   0.0043383817  -0.0585983430   0.1739297166   0.1109460086
        0.0092713739  -0.0088226114  -0.0136302336  -0.0003317151   0.0001270259
        0.0000467210   0.0010916275  -0.0005001399   0.0001958901   0.0001264906
       -0.0000865595  -0.0000759116   0.0000853495   0.0000315868  -0.0000972804
        0.0001224726  -0.0001713023  -0.0001050107   0.0003177503  -0.0002485892
        0.0000104492  -0.0001240424   0.0000358112   0.0000099371
        0.0000542379   0.0066848587   0.0060604610   0.0021836584   0.0002719461
       -0.0000482996   0.0439342777  -0.1062587181  -0.1464606213   0.0096626955
       -0.0181735624  -0.0071747285  -0.0487191338   0.1109460086   0.1376353270
       -0.0063018640   0.0061691257   0.0098349895  -0.0002762877   0.0000586133
        0.0000202435  -0.0004639058   0.0005595445   0.0003087498   0.0000501150
       -0.0000759116   0.0000749660   0.0001142066  -0.0000972804  -0.0000258844
       -0.0002872683  -0.0001050107   0.0000302381   0.0000306421   0.0000104492
       -0.0003559364   0.0000186264   0.0000099371   0.0001004954
       -0.0025047034  -0.0255106739   0.0082312456  -0.0002862223  -0.0004654923
        0.0000940985  -0.1141214299  -0.0827272451   0.0236838479   0.0067698974
        0.0097631761   0.0004431427   0.0083430881   0.0092713739  -0.0063018640
        0.1084066551   0.0880573178  -0.0276055701  -0.0025394441   0.0002109988
        0.0009232454  -0.0017339670  -0.0005392146  -0.0007906212  -0.0023021872
        0.0016087639   0.0010697141  -0.0001563893   0.0000086573   0.0003157132
        0.0000290958   0.0001539479  -0.0001028256   0.0001210104   0.0002422657
        0.0000417461  -0.0000254035  -0.0000738755  -0.0000018727
        0.0011299604   0.0114500892  -0.0037731029  -0.0004665265  -0.0000477740
        0.0001815665  -0.0833774285  -0.2373018892   0.0554647647   0.0006831945
        0.0013016317   0.0001216450  -0.0076307858  -0.0088226114   0.0061691257
        0.0880573178   0.2338147251  -0.0570697084   0.0002312345  -0.0003089035
       -0.0001689781  -0.0005667257   0.0000506721  -0.0002402081   0.0016087639
       -0.0003785376  -0.0006067718   0.0000086573   0.0001897263  -0.0000078919
        0.0001539479   0.0000330505  -0.0001041548   0.0002422657   0.0000429370
        0.0000355580  -0.0000738755  -0.0000231163  -0.0000018439
       -0.0004673745  -0.0049545135   0.0013383195   0.0000930464   0.0001674511
        0.0005643427   0.0241411280   0.0559690226  -0.0719791466   0.0136354220
        0.0207115658   0.0011471981  -0.0112443499  -0.0136302336   0.0098349895
       -0.0276055701  -0.0570697084   0.0602404482   0.0009438318   0.0001071976
       -0.0009672894  -0.0008186090  -0.0006156771  -0.0000505093   0.0010697141
       -0.0006067718   0.0001305380   0.0003157132  -0.0000078919  -0.0000978587
       -0.0001028256  -0.0001041548  -0.0000533199   0.0000417461   0.0000355580
       -0.0001572897  -0.0000018727  -0.0000018439   0.0000495777
       -0.1950211956   0.0627084103   0.0737201713   0.0188683577  -0.0168702442
       -0.0275576951   0.0005358313   0.0429503728   0.0363816476  -0.0014615150
        0.0005043213  -0.0001150158   0.0001125980  -0.0003317151  -0.0002762877
       -0.0025394441   0.0002312345   0.0009438318   0.3687882988   0.0590450784
       -0.0373789248   0.0077451778  -0.0147139611  -0.0051274271  -0.1338619073
       -0.1583726691   0.0603013882  -0.0648722913   0.0254446990  -0.1007839002
        0.0011915567  -0.0002042131   0.0001602696   0.0007927166  -0.0007015187
       -0.0003568351  -0.0002781836   0.0003102050   0.0000887772
        0.0919945223  -0.3264157265  -0.1238076721   0.0201423374  -0.0172737828
       -0.0264853462   0.0001469877   0.0086491276   0.0067929266   0.0005252713
       -0.0011578135   0.0000222729  -0.0003325865   0.0001270259   0.0000586133
        0.0002109988  -0.0003089035   0.0001071976   0.0590450784   0.7756853522
       -0.0024685754  -0.0093198156   0.0186225169   0.0063629202  -0.1936877912
       -0.3467913051   0.0730788376   0.0320132523  -0.1049738127   0.0659319127
       -0.0002778168  -0.0049767318   0.0016205253  -0.0007706430  -0.0017719908
       -0.0014895110   0.0003102050   0.0005860441   0.0002758986
        0.1016671141  -0.1356992467  -0.2559495157  -0.0151907664   0.0126484109
        0.0184632649   0.0001081351   0.0126446624   0.0113879539  -0.0000937027
        0.0003081970  -0.0005730346  -0.0002771741   0.0000467210   0.0000202435
        0.0009232454  -0.0001689781  -0.0009672894  -0.0373789248  -0.0024685754
        0.7684247218   0.0160907571  -0.0317327493  -0.0108974000   0.0722746884
        0.0753155387  -0.1095994348  -0.1374464360   0.0683986879  -0.4216991246
       -0.0001332352   0.0017754487   0.0010949223  -0.0006324781  -0.0013440157
        0.0005937335   0.0000887772   0.0002758986  -0.0002990407
       -0.1028808793   0.0203347373  -0.0533695450   0.0076727053   0.0001140493
        0.0166045548   0.0025309920   0.0055256702  -0.0289213399  -0.0000780359
        0.0000956915  -0.0002606374  -0.0017781231   0.0010916275  -0.0004639058
       -0.0017339670  -0.0005667257  -0.0008186090   0.0077451778  -0.0093198156
        0.0160907571   0.0887241620  -0.0143631762   0.0515549983   0.0004164372
       -0.0003449936  -0.0005438780   0.0004916975   0.0001268316  -0.0000513471
        0.0000520647  -0.0001489357  -0.0001682144  -0.0012660510  -0.0023095680
        0.0002871216   0.0001038198  -0.0002353926   0.0000600447
        0.0210033535  -0.1141054347   0.0455177949   0.0105479190   0.0011088320
        0.0266232356   0.0000008110   0.0003272677   0.0003218708   0.0000947344
        0.0005631757   0.0001673814   0.0010649821  -0.0005001399   0.0005595445
       -0.0005392146   0.0000506721  -0.0006156771  -0.0147139611   0.0186225169
       -0.0317327493  -0.0143631762   0.1005927539  -0.0387105505  -0.0005067334
       -0.0019059527  -0.0025261230   0.0001265216   0.0002833990  -0.0002046372
       -0.0001574908   0.0001431787  -0.0003401810  -0.0023223528  -0.0049020753
        0.0008140429  -0.0002353926  -0.0002781933   0.0001260481
       -0.0441347349   0.0354103472  -0.2718827793   0.0002092947   0.0002035202
        0.0012520957  -0.0006632248  -0.0013794360   0.0076482949  -0.0002616111
        0.0001543182  -0.0000878510  -0.0004910129   0.0001958901   0.0003087498
       -0.0007906212  -0.0002402081  -0.0000505093  -0.0051274271   0.0063629202
       -0.0108974000   0.0515549983  -0.0387105505   0.2760409448  -0.0003385635
       -0.0024371613  -0.0015556205  -0.0000509536  -0.0002044667  -0.0005406212
       -0.0002023288  -0.0003221740   0.0002652609   0.0002361402   0.0008409528
       -0.0006843641   0.0000600447   0.0001260481   0.0001837994
        0.0105766896   0.0131344300  -0.0108555082   0.0006261091  -0.0004150160
        0.0000851409  -0.0030146781   0.0040637122   0.0007644264  -0.0000442576
        0.0003867061  -0.0000930205   0.0000215357   0.0001264906   0.0000501150
       -0.0023021872   0.0016087639   0.0010697141  -0.1338619073  -0.1936877912
        0.0722746884   0.0004164372  -0.0005067334  -0.0003385635   0.1199981982
        0.1618532612  -0.0635309136   0.0079597390   0.0131654977   0.0005412565
       -0.0002243073   0.0001092385  -0.0000293313  -0.0002120849   0.0002450658
        0.0000767736   0.0000607136  -0.0000836253  -0.0000147778
       -0.0108990007  -0.0122907973   0.0096073106  -0.0004095635  -0.0012378418
       -0.0001712989   0.0039510185  -0.0055740769  -0.0011877660   0.0003867061
       -0.0002395626   0.0001194304   0.0001264906  -0.0000865595  -0.0000759116
        0.0016087639  -0.0003785376  -0.0006067718  -0.1583726691  -0.3467913051
        0.0753155387  -0.0003449936  -0.0019059527  -0.0024371613   0.1618532612
        0.3654790177  -0.0805546230   0.0018293075   0.0023000836  -0.0000177470
        0.0001092385   0.0004277076  -0.0001798541   0.0002450658   0.0004407507
        0.0002301309  -0.0000836253  -0.0001429263  -0.0000412767
       -0.0177201775  -0.0179402839   0.0130269869   0.0000782193  -0.0001742980
        0.0006691634   0.0009074812  -0.0011257811  -0.0005254458  -0.0000930205
        0.0001194304   0.0002282069   0.0000501150  -0.0000759116   0.0000749660
        0.0010697141  -0.0006067718   0.0001305380   0.0603013882   0.0730788376
       -0.1095994348  -0.0005438780  -0.0025261230  -0.0015556205  -0.0635309136
       -0.0805546230   0.0970249010   0.0194484072   0.0297965243   0.0008579565
       -0.0000293313  -0.0001798541  -0.0001938303   0.0000767736   0.0002301309
       -0.0002217461  -0.0000147778  -0.0000412767   0.0000833587
        0.0046742158  -0.0089127422   0.0138848942   0.0010994958  -0.0014301692
       -0.0011506181  -0.0033958723   0.0017012158   0.0033080569  -0.0017854526
        0.0014709208   0.0008199376   0.0000040871   0.0000853495   0.0001142066
       -0.0001563893   0.0000086573   0.0003157132  -0.0648722913   0.0320132523
       -0.1374464360   0.0004916975   0.0001265216  -0.0000509536   0.0079597390
        0.0018293075   0.0194484072   0.0568133375  -0.0270619428   0.1006056726
       -0.0006228252   0.0000374467   0.0000033290  -0.0003010147   0.0002433103
        0.0002107454   0.0000912729  -0.0001111274  -0.0000629550
       -0.0136763260   0.0153379953  -0.0269926097  -0.0015507502  -0.0052728902
       -0.0048150318   0.0018174335  -0.0013446119  -0.0017448053   0.0014709208
       -0.0003175041  -0.0005072076   0.0000853495   0.0000315868  -0.0000972804
        0.0000086573   0.0001897263  -0.0000078919   0.0254446990  -0.1049738127
        0.0683986879   0.0001268316   0.0002833990  -0.0002044667   0.0131654977
        0.0023000836   0.0297965243  -0.0270619428   0.0940510268  -0.0642377473
        0.0000374467  -0.0003818710   0.0000219261   0.0002433103   0.0002338340
        0.0005447886  -0.0001111274  -0.0001369617  -0.0001548862
       -0.0038756361   0.0052862074  -0.0088420866  -0.0009975513  -0.0047487087
       -0.0017033676   0.0031605288  -0.0018087285  -0.0033938619   0.0008199376
       -0.0005072076   0.0003096635   0.0001142066  -0.0000972804  -0.0000258844
        0.0003157132  -0.0000078919  -0.0000978587  -0.1007839002   0.0659319127
       -0.4216991246  -0.0000513471  -0.0002046372  -0.0005406212   0.0005412565
       -0.0000177470   0.0008579565   0.1006056726  -0.0642377473   0.4356363127
        0.0000033290   0.0000219261  -0.0006265614   0.0002107454   0.0005447886
        0.0000767368  -0.0000629550  -0.0001548862   0.0000486968
        0.0160876153  -0.0025134356   0.0238390776  -0.0838971608  -0.0575797692
       -0.0326209700  -0.0015744288  -0.0019510920   0.0020690790  -0.0000621435
        0.0002355553  -0.0000737823   0.0001189652   0.0001224726  -0.0002872683
        0.0000290958   0.0001539479  -0.0001028256   0.0011915567  -0.0002778168
       -0.0001332352   0.0000520647  -0.0001574908  -0.0002023288  -0.0002243073
        0.0001092385  -0.0000293313  -0.0006228252   0.0000374467   0.0000033290
        0.0529917198   0.0429561070   0.0393160580   0.0216778265   0.0195863320
       -0.0280948215  -0.0057679783  -0.0007214954  -0.0036829808
        0.0079212367   0.0052557422   0.0376308884  -0.0536232726  -0.2021091162
        0.1356838574  -0.0020247954  -0.0006841885   0.0012338937   0.0002355553
       -0.0003143388  -0.0000441919   0.0001224726  -0.0001713023  -0.0001050107
        0.0001539479   0.0000330505  -0.0001041548  -0.0002042131  -0.0049767318
        0.0017754487  -0.0001489357   0.0001431787  -0.0003221740   0.0001092385
        0.0004277076  -0.0001798541   0.0000374467  -0.0003818710   0.0000219261
        0.0429561070   0.1603868224  -0.1352290132   0.0053090654   0.0458720409
       -0.0360226965  -0.0008438531  -0.0034809940  -0.0043389193
        0.0025140835   0.0022734763   0.0143575305  -0.0406961855   0.1171798025
       -0.4275820375   0.0017751767   0.0013890270  -0.0003279888  -0.0000737823
       -0.0000441919  -0.0004415823  -0.0002872683  -0.0001050107   0.0000302381
       -0.0001028256  -0.0001041548  -0.0000533199   0.0001602696   0.0016205253
        0.0010949223  -0.0001682144  -0.0003401810   0.0002652609  -0.0000293313
       -0.0001798541  -0.0001938303   0.0000033290   0.0000219261  -0.0006265614
        0.0393160580  -0.1352290132   0.4349613881   0.0011848610   0.0179367102
       -0.0135018181  -0.0035961704  -0.0044190620  -0.0079822017
        0.0014134645  -0.0040667526  -0.0132416347  -0.1471106458  -0.1262763433
       -0.1356152181  -0.0011972189  -0.0013379248  -0.0002945175   0.0002756422
        0.0003047703   0.0003359018   0.0005748568   0.0003177503   0.0000306421
        0.0001210104   0.0002422657   0.0000417461   0.0007927166  -0.0007706430
       -0.0006324781  -0.0012660510  -0.0023223528   0.0002361402  -0.0002120849
        0.0002450658   0.0000767736  -0.0003010147   0.0002433103   0.0002107454
        0.0216778265   0.0053090654   0.0011848610   0.2118317996   0.2790594520
        0.0836283932  -0.0866003012  -0.1509476632   0.0640386450
       -0.0125865299  -0.0015243344  -0.0325710458  -0.1413290411  -0.2471277624
       -0.0967689936  -0.0014089253  -0.0000314032  -0.0005539072   0.0003047703
       -0.0001500957   0.0001751104   0.0003177503  -0.0002485892   0.0000104492
        0.0002422657   0.0000429370   0.0000355580  -0.0007015187  -0.0017719908
       -0.0013440157  -0.0023095680  -0.0049020753   0.0008409528   0.0002450658
        0.0004407507   0.0002301309   0.0002433103   0.0002338340   0.0005447886
        0.0195863320   0.0458720409   0.0179367102   0.2790594520   0.5309980905
       -0.0555236434  -0.1416633634  -0.3218314021   0.1669879056
        0.0080040988   0.0037451564   0.0317816281  -0.1049141558  -0.0401522886
       -0.3692295032  -0.0005776422  -0.0004044628   0.0007294346   0.0003359018
        0.0001751104  -0.0001159793   0.0000306421   0.0000104492  -0.0003559364
        0.0000417461   0.0000355580  -0.0001572897  -0.0003568351  -0.0014895110
        0.0005937335   0.0002871216   0.0008140429  -0.0006843641   0.0000767736
        0.0002301309  -0.0002217461   0.0002107454   0.0005447886   0.0000767368
       -0.0280948215  -0.0360226965  -0.0135018181   0.0836283932  -0.0555236434
        0.5064058625   0.0413280320   0.1280373660  -0.1553207585
        0.0024609460  -0.0015043140  -0.0006029260  -0.0019348242  -0.0137660211
        0.0110340111   0.0002137393   0.0004118056   0.0000573558  -0.0000850572
       -0.0001331086  -0.0000760207  -0.0001305201  -0.0001240424   0.0000186264
       -0.0000254035  -0.0000738755  -0.0000018727  -0.0002781836   0.0003102050
        0.0000887772   0.0001038198  -0.0002353926   0.0000600447   0.0000607136
       -0.0000836253  -0.0000147778   0.0000912729  -0.0001111274  -0.0000629550
       -0.0057679783  -0.0008438531  -0.0035961704  -0.0866003012  -0.1416633634
        0.0413280320   0.0918917766   0.1578167128  -0.0482321246
       -0.0015054988   0.0007870884   0.0003499623  -0.0046028941  -0.0079382369
        0.0086468622   0.0004118056   0.0000680629   0.0000481013  -0.0001331086
        0.0000127255  -0.0000530639  -0.0001240424   0.0000358112   0.0000099371
       -0.0000738755  -0.0000231163  -0.0000018439   0.0003102050   0.0005860441
        0.0002758986  -0.0002353926  -0.0002781933   0.0001260481  -0.0000836253
       -0.0001429263  -0.0000412767  -0.0001111274  -0.0001369617  -0.0001548862
       -0.0007214954  -0.0034809940  -0.0044190620  -0.1509476632  -0.3218314021
        0.1280373660   0.1578167128   0.3323420984  -0.1328240428
       -0.0006020854   0.0003491863   0.0000934476  -0.0115906322  -0.0303830441
        0.0291478978   0.0000573558   0.0000481013  -0.0002705970  -0.0000760207
       -0.0000530639   0.0000753321   0.0000186264   0.0000099371   0.0001004954
       -0.0000018727  -0.0000018439   0.0000495777   0.0000887772   0.0002758986
       -0.0002990407   0.0000600447   0.0001260481   0.0001837994  -0.0000147778
       -0.0000412767   0.0000833587  -0.0000629550  -0.0001548862   0.0000486968
       -0.0036829808  -0.0043389193  -0.0079822017   0.0640386450   0.1669879056
       -0.1553207585  -0.0482321246  -0.1328240428   0.1340899923
$end
