$ufftopology
nxtnei12
    1     3
          2     4    11
    2     3
          1     3     7
    3     3
          2     6    12
    4     3
          1     5    10
    5     3
          4     6    13
    6     3
          3     5     9
    7     2
          2     8
    8     1
          7
    9     1
          6
   10     1
          4
   11     1
          1
   12     1
          3
   13     4
          5    14    15    16
   14     4
         13    17    21    22
   15     1
         13
   16     1
         13
   17     3
         14    18    19
   18     1
         17
   19     2
         17    20
   20     1
         19
   21     3
         14    23    24
   22     1
         14
   23     1
         21
   24     1
         21
nxtnei13
    1     4
          3     7     5    10
    2     5
          4    11     6    12     8
    3     4
          1     7     5     9
    4     4
          2    11     6    13
    5     7
          1    10     3     9    14    15    16
    6     4
          2    12     4    13
    7     2
          1     3
    8     1
          2
    9     2
          3     5
   10     2
          1     5
   11     2
          2     4
   12     2
          2     6
   13     5
          4     6    17    21    22
   14     7
          5    15    16    18    19    23    24
   15     3
          5    14    16
   16     3
          5    14    15
   17     4
         13    21    22    20
   18     2
         14    19
   19     2
         14    18
   20     1
         17
   21     3
         13    17    22
   22     3
         13    17    21
   23     2
         14    24
   24     2
         14    23
nxtnei14
    1     4
          6    12     8    13
    2     3
          5    10     9
    3     4
          4    11     8    13
    4     6
          3     7     9    14    15    16
    5     6
          2    11    12    17    21    22
    6     6
          1     7    10    14    15    16
    7     4
          4    11     6    12
    8     2
          1     3
    9     4
          2    12     4    13
   10     4
          2    11     6    13
   11     4
          3     7     5    10
   12     4
          1     7     5     9
   13     8
          1    10     3     9    18    19    23    24
   14     3
          4     6    20
   15     5
          4     6    17    21    22
   16     5
          4     6    17    21    22
   17     5
          5    15    16    23    24
   18     4
         13    21    22    20
   19     3
         13    21    22
   20     2
         14    18
   21     5
          5    15    16    18    19
   22     7
          5    15    16    18    19    23    24
   23     3
         13    17    22
   24     3
         13    17    22
connectivity (= bond)
                    24
     1     2   2.554716   2.000000
     1     4   2.565605   2.000000
     1    11   2.049984   1.000000
     2     3   2.554552   2.000000
     2     7   2.628643   1.000000
     3     6   2.565000   2.000000
     3    12   2.050843   1.000000
     4     5   2.575410   2.000000
     4    10   2.049042   1.000000
     5     6   2.579816   2.000000
     5    13   2.877172   1.000000
     6     9   2.054388   1.000000
     7     8   1.916098   1.000000
    13    14   2.952686   1.000000
    13    15   2.103731   1.000000
    13    16   2.102644   1.000000
    14    17   2.882465   1.000000
    14    21   2.796310   1.000000
    14    22   2.107851   1.000000
    17    18   2.629803   1.000000
    17    19   2.630103   1.000000
    19    20   1.914042   1.000000
    21    23   1.968747   1.000000
    21    24   1.978393   1.000000
angle
                    38
     1     2     3     2     120.00       1.00       4.00
     1     2     7     2     120.03       1.00       5.00
     1     4     5     2     120.40       2.00       8.00
     1     4    10     2     119.08       2.00       9.00
     2     1     4     2     120.17       1.00       2.00
     2     1    11     2     119.16       1.00       3.00
     2     3     6     2     120.15       4.00       6.00
     2     3    12     2     119.28       4.00       7.00
     2     7     8     9     110.79       5.00      13.00
     3     2     7     2     119.97       4.00       5.00
     3     6     5     2     120.38       6.00      10.00
     3     6     9     2     119.08       6.00      12.00
     4     1    11     2     120.67       2.00       3.00
     4     5     6     2     118.88       8.00      10.00
     4     5    13     2     120.99       8.00      11.00
     5     4    10     2     120.52       8.00       9.00
     5     6     9     2     120.54      10.00      12.00
     5    13    14     9     116.45      11.00      14.00
     5    13    15     9     109.06      11.00      15.00
     5    13    16     9     108.96      11.00      16.00
     6     3    12     2     120.57       6.00       7.00
     6     5    13     2     120.10      10.00      11.00
    13    14    17     9     114.95      14.00      17.00
    13    14    21     9     113.48      14.00      18.00
    13    14    22     9     105.31      14.00      19.00
    14    13    15     9     108.92      14.00      15.00
    14    13    16     9     107.91      14.00      16.00
    14    17    18     2     119.26      17.00      20.00
    14    17    19     2     122.13      17.00      21.00
    14    21    23     9     113.74      18.00      23.00
    14    21    24     9     109.96      18.00      24.00
    15    13    16     9     104.93      15.00      16.00
    17    14    21     9     111.16      17.00      18.00
    17    14    22     9     102.59      17.00      19.00
    17    19    20     9     108.83      21.00      22.00
    18    17    19     2     118.60      20.00      21.00
    21    14    22     9     108.37      18.00      19.00
    23    21    24     9     106.95      23.00      24.00
torsion
                    55
     4     1     2     3     1     3   0.24957572 120.17310964 119.99753005
     4     1     2     7     1     3 180.20521975 120.17310964 120.02753543
    11     1     2     3     1     3 180.29701218 119.15724485 119.99753005
    11     1     2     7     1     3   0.25265621 119.15724485 120.02753543
     2     1     4     5     2     3 359.01508778 120.17310964 120.40026862
     2     1     4    10     2     3 178.51432629 120.17310964 119.07752406
    11     1     4     5     2     3 178.96692537 120.66962828 120.40026862
    11     1     4    10     2     3 358.46616387 120.66962828 119.07752406
     1     2     3     6     4     3 359.87425976 119.99753005 120.14994590
     1     2     3    12     4     3 179.79529869 119.99753005 119.27678883
     7     2     3     6     4     3 179.91859223 119.97491966 120.14994590
     7     2     3    12     4     3 359.83963115 119.97491966 119.27678883
     1     2     7     8     5     3  88.57407337 120.02753543 110.79330769
     3     2     7     8     5     3 268.52972749 119.97491966 110.79330769
     2     3     6     5     6     3   0.73498415 120.14994590 120.38486000
     2     3     6     9     6     3 180.43566100 120.14994590 119.07936994
    12     3     6     5     6     3 180.81498042 120.57321761 120.38486000
    12     3     6     9     6     3   0.51565727 120.57321761 119.07936994
     1     4     5     6     8     3   1.56876671 120.40026862 118.87646616
     1     4     5    13     8     3 179.39974491 120.40026862 120.98886350
    10     4     5     6     8     3 182.07680255 120.52029245 118.87646616
    10     4     5    13     8     3 359.90778075 120.52029245 120.98886350
     4     5     6     3    10     3 358.55516052 118.87646616 120.38486000
     4     5     6     9    10     3 178.85887254 118.87646616 120.53508570
    13     5     6     3    10     3 180.70438618 120.09904503 120.38486000
    13     5     6     9    10     3   1.00809819 120.09904503 120.53508570
     4     5    13    14    11    22  85.01581732 120.98886350 116.44633504
     4     5    13    15    11    22 321.30638741 120.98886350 109.05910542
     4     5    13    16    11    22 207.29840292 120.98886350 108.96360405
     6     5    13    14    11    22 262.82045043 120.09904503 116.44633504
     6     5    13    15    11    22 139.11102052 120.09904503 109.05910542
     6     5    13    16    11    22  25.10303603 120.09904503 108.96360405
     5    13    14    17    14     1 277.93438332 116.44633504 114.95352277
     5    13    14    21    14     1  47.43590736 116.44633504 113.47536160
     5    13    14    22    14     1 165.80288781 116.44633504 105.30902307
    15    13    14    17    14     1  41.71585118 108.91925180 114.95352277
    15    13    14    21    14     1 171.21737522 108.91925180 113.47536160
    15    13    14    22    14     1 289.58435567 108.91925180 105.30902307
    16    13    14    17    14     1 155.10164144 107.90993594 114.95352277
    16    13    14    21    14     1 284.60316548 107.90993594 113.47536160
    16    13    14    22    14     1  42.97014593 107.90993594 105.30902307
    13    14    17    18    17    22 213.02948702 114.95352277 119.25801927
    13    14    17    19    17    22  32.22336929 114.95352277 122.13487296
    21    14    17    18    17    22  82.39651035 111.15706837 119.25801927
    21    14    17    19    17    22 261.59039262 111.15706837 122.13487296
    22    14    17    18    17    22 326.75518313 102.59498243 119.25801927
    22    14    17    19    17    22 145.94906540 102.59498243 122.13487296
    13    14    21    23    18     1 353.59665100 113.47536160 113.73629635
    13    14    21    24    18     1 113.49460573 113.47536160 109.96195599
    17    14    21    23    18     1 124.99396928 111.15706837 113.73629635
    17    14    21    24    18     1 244.89192401 111.15706837 109.96195599
    22    14    21    23    18     1 237.01153307 108.37005876 113.73629635
    22    14    21    24    18     1 356.90948780 108.37005876 109.96195599
    14    17    19    20    21     3 177.32835832 122.13487296 108.83183875
    18    17    19    20    21     3 356.52732376 118.60233600 108.83183875
inversion
                     8
     1     2     4    11    11    11    11   -0.041   -0.041   -0.042
     2     1     3     7    10    11    11    0.038    0.038    0.038
     3     2     6    12    11    11    11    0.069    0.068    0.069
     4     1     5    10    11    11    11    0.438    0.432    0.438
     5     4     6    13    11    11    11    1.859    1.899    1.882
     6     3     5     9    11    11    11    0.262    0.258    0.262
    17    14    18    19    10    10    11    0.683    0.703    0.678
    21    14    23    24     9     9     9   54.571   52.521   51.238
nonbond
                   214
    1     6    5.120
    1     8    5.380
    1     9    7.174
    1    12    6.276
    1    13    7.111
    1    14    8.730
    1    15    7.581
    1    16    8.480
    1    17    9.110
    1    18   11.672
    1    19    7.672
    1    20    9.102
    1    21    9.161
    1    22   10.653
    1    23    8.188
    1    24   11.020
    2     5    5.153
    2     9    6.287
    2    10    6.283
    2    13    8.030
    2    14    9.735
    2    15    8.936
    2    16    8.921
    2    17   10.685
    2    18   13.257
    2    19    9.675
    2    20   11.226
    2    21    9.612
    2    22   11.607
    2    23    8.188
    2    24   11.285
    3     4    5.121
    3     8    5.416
    3    10    7.170
    3    11    6.273
    3    13    7.100
    3    14    8.858
    3    15    8.412
    3    16    7.477
    3    17   10.449
    3    18   12.975
    3    19   10.069
    3    20   11.820
    3    21    8.445
    3    22   10.529
    3    23    6.764
    3    24    9.841
    4     7    6.842
    4     8    7.686
    4     9    6.316
    4    12    7.172
    4    14    6.426
    4    15    5.088
    4    16    6.365
    4    17    6.838
    4    18    9.446
    4    19    5.641
    4    20    7.297
    4    21    7.378
    4    22    8.264
    4    23    6.770
    4    24    9.223
    5     7    7.782
    5     8    8.654
    5    11    6.327
    5    12    6.330
    5    17    6.427
    5    18    9.007
    5    19    6.269
    5    20    8.158
    5    21    5.734
    5    22    6.624
    5    23    4.916
    5    24    7.345
    6     7    6.840
    6     8    7.711
    6    10    6.311
    6    11    7.170
    6    14    6.599
    6    15    6.265
    6    16    4.946
    6    17    8.545
    6    18   11.017
    6    19    8.629
    6    20   10.500
    6    21    6.461
    6    22    8.102
    6    23    4.942
    6    24    7.769
    7     9    8.476
    7    10    8.473
    7    11    4.893
    7    12    4.895
    7    13   10.659
    7    14   12.288
    7    15   11.514
    7    16   11.496
    7    17   13.103
    7    18   15.632
    7    19   11.903
    7    20   13.294
    7    21   11.962
    7    22   14.194
    7    23   10.454
    7    24   13.607
    8     9    9.273
    8    10    9.224
    8    11    5.583
    8    12    5.648
    8    13   11.478
    8    14   13.427
    8    15   12.120
    8    16   12.173
    8    17   14.302
    8    18   16.885
    8    19   13.039
    8    20   14.449
    8    21   13.349
    8    22   15.242
    8    23   11.843
    8    24   14.968
    9    10    8.030
    9    11    9.224
    9    12    4.607
    9    13    5.117
    9    14    6.762
    9    15    6.865
    9    16    4.528
    9    17    9.190
    9    18   11.449
    9    19    9.803
    9    20   11.694
    9    21    6.325
    9    22    7.864
    9    23    4.727
    9    24    7.148
   10    11    4.607
   10    12    9.220
   10    13    5.145
   10    14    6.467
   10    15    4.785
   10    16    7.034
   10    17    6.097
   10    18    8.555
   10    19    4.374
   10    20    5.816
   10    21    7.952
   10    22    8.172
   10    23    7.829
   10    24    9.803
   11    12    7.948
   11    13    8.765
   11    14   10.212
   11    15    8.934
   11    16   10.289
   11    17   10.102
   11    18   12.544
   11    19    8.225
   11    20    9.325
   11    21   10.756
   11    22   12.154
   11    23    9.944
   11    24   12.680
   12    13    8.747
   12    14   10.408
   12    15   10.182
   12    16    8.779
   12    17   12.210
   12    18   14.663
   12    19   12.001
   12    20   13.751
   12    21    9.645
   12    22   11.957
   12    23    7.786
   12    24   10.799
   13    18    7.214
   13    19    5.709
   13    20    7.556
   13    23    4.857
   13    24    6.034
   14    20    6.398
   15    17    5.153
   15    18    7.290
   15    19    5.516
   15    20    7.183
   15    21    6.571
   15    22    4.790
   15    23    6.883
   15    24    7.751
   16    17    6.596
   16    18    8.571
   16    19    7.741
   16    20    9.548
   16    21    5.496
   16    22    4.411
   16    23    5.319
   16    24    6.148
   17    23    6.120
   17    24    5.940
   18    20    4.536
   18    21    6.106
   18    22    4.797
   18    23    7.906
   18    24    6.728
   19    21    6.438
   19    22    6.266
   19    23    7.362
   19    24    8.073
   20    21    7.879
   20    22    7.570
   20    23    8.979
   20    24    9.377
   22    23    5.410
   22    24    4.140
qpartial
                    24
        -0.04750    0.24184   -0.09161   -0.07482    0.03420   -0.14642
        -0.68855    0.34958    0.12103    0.24507    0.15701    0.13891
        -0.24829   -0.00158    0.12723    0.11482    0.60955   -0.44398
        -0.76205    0.30873   -0.57961    0.13278    0.27026    0.23340
$end
