$coord                                                                          
   -0.14877790722203      4.31301115138469     -3.14734678610447      c       
   -1.03624086150178      4.93739939612937     -0.83198485171653      c       
   -0.31468839797976      3.59350635321091      1.21966091983608      c       
    1.45629056462149      2.33088135679964     -3.42154946964545      c       
    2.19383645921544      0.97093025520568     -1.36404210437164      c       
    1.29081642399472      1.60973643100851      0.96117201470090      c       
   -2.68213055742792      6.96929541242825     -0.55846653185809      o       
   -4.50120251466505      6.39994592922836     -0.75477847525466      h       
    1.84222416352682      0.53539389745908      2.62441567213513      h       
    2.15032777276614      1.84659844722135     -5.29391554743731      h       
   -0.73005449310044      5.41809918915890     -4.77276378937328      h       
   -1.02964201294307      4.12116673389821      3.06751510103304      h       
    3.95915992165286     -1.25645240814205     -1.67137513700972      c       
    2.54929297451990     -3.67905074217235     -2.46888196145884      c       
    5.00091681810376     -1.64112607445183      0.11722807144445      h       
    5.42847193656270     -0.78121003861612     -3.10020831247507      h       
    4.39977004555058     -5.74770848137455     -3.22793656927086      c       
    3.58432123020002     -7.72511154153988     -4.75218964700191      o       
    6.89246613444915     -5.71780164781641     -2.39362471190252      o       
    7.78157592698798     -7.27675625784248     -3.05505862947352      h       
    0.89918187824251     -4.50956161326775     -0.38332133801372      n       
    1.39709218797784     -3.28487885688389     -4.18865982774613      h       
   -0.68231379086510     -3.32411250365582     -0.30666591243069      h       
    0.18414860529782     -6.31212059739709     -0.79933090708626      h       
$end                                                                            
