$ufftopology
nxtnei12
    1     3
          2     4    11
    2     3
          1     3     7
    3     3
          2     6    12
    4     3
          1     5    10
    5     3
          4     6    13
    6     3
          3     5     9
    7     2
          2     8
    8     1
          7
    9     1
          6
   10     1
          4
   11     1
          1
   12     1
          3
   13     4
          5    14    15    16
   14     4
         13    17    21    22
   15     1
         13
   16     1
         13
   17     3
         14    18    19
   18     1
         17
   19     2
         17    20
   20     1
         19
   21     3
         14    23    24
   22     1
         14
   23     1
         21
   24     1
         21
nxtnei13
    1     4
          3     7     5    10
    2     5
          4    11     6    12     8
    3     4
          1     7     5     9
    4     4
          2    11     6    13
    5     7
          1    10     3     9    14    15    16
    6     4
          2    12     4    13
    7     2
          1     3
    8     1
          2
    9     2
          3     5
   10     2
          1     5
   11     2
          2     4
   12     2
          2     6
   13     5
          4     6    17    21    22
   14     7
          5    15    16    18    19    23    24
   15     3
          5    14    16
   16     3
          5    14    15
   17     4
         13    21    22    20
   18     2
         14    19
   19     2
         14    18
   20     1
         17
   21     3
         13    17    22
   22     3
         13    17    21
   23     2
         14    24
   24     2
         14    23
nxtnei14
    1     4
          6    12     8    13
    2     3
          5    10     9
    3     4
          4    11     8    13
    4     6
          3     7     9    14    15    16
    5     6
          2    11    12    17    21    22
    6     6
          1     7    10    14    15    16
    7     4
          4    11     6    12
    8     2
          1     3
    9     4
          2    12     4    13
   10     4
          2    11     6    13
   11     4
          3     7     5    10
   12     4
          1     7     5     9
   13     8
          1    10     3     9    18    19    23    24
   14     3
          4     6    20
   15     5
          4     6    17    21    22
   16     5
          4     6    17    21    22
   17     5
          5    15    16    23    24
   18     4
         13    21    22    20
   19     3
         13    21    22
   20     2
         14    18
   21     5
          5    15    16    18    19
   22     7
          5    15    16    18    19    23    24
   23     3
         13    17    22
   24     3
         13    17    22
connectivity (= bond)
                    24
     1     2   2.569840   2.000000
     1     4   2.565099   2.000000
     1    11   2.049787   1.000000
     2     3   2.555510   2.000000
     2     7   2.642750   1.000000
     3     6   2.564288   2.000000
     3    12   2.049518   1.000000
     4     5   2.573527   2.000000
     4    10   2.054092   1.000000
     5     6   2.572150   2.000000
     5    13   2.859500   1.000000
     6     9   2.054319   1.000000
     7     8   1.916654   1.000000
    13    14   2.929593   1.000000
    13    15   2.105595   1.000000
    13    16   2.104904   1.000000
    14    17   2.889192   1.000000
    14    21   2.785084   1.000000
    14    22   2.104992   1.000000
    17    18   2.629321   1.000000
    17    19   2.635420   1.000000
    19    20   1.909094   1.000000
    21    23   1.981112   1.000000
    21    24   1.979226   1.000000
angle
                    38
     1     2     3     2     119.62       1.00       4.00
     1     2     7     2     121.63       1.00       5.00
     1     4     5     2     120.23       2.00       8.00
     1     4    10     2     119.34       2.00       9.00
     2     1     4     2     120.18       1.00       2.00
     2     1    11     2     120.11       1.00       3.00
     2     3     6     2     120.46       4.00       6.00
     2     3    12     2     118.90       4.00       7.00
     2     7     8     9     114.10       5.00      13.00
     3     2     7     2     118.75       4.00       5.00
     3     6     5     2     120.18       6.00      10.00
     3     6     9     2     119.44       6.00      12.00
     4     1    11     2     119.71       2.00       3.00
     4     5     6     2     119.34       8.00      10.00
     4     5    13     2     120.53       8.00      11.00
     5     4    10     2     120.43       8.00       9.00
     5     6     9     2     120.38      10.00      12.00
     5    13    14     9     112.40      11.00      14.00
     5    13    15     9     110.82      11.00      15.00
     5    13    16     9     108.51      11.00      16.00
     6     3    12     2     120.65       6.00       7.00
     6     5    13     2     120.12      10.00      11.00
    13    14    17     9     112.23      14.00      17.00
    13    14    21     9     110.82      14.00      18.00
    13    14    22     9     108.48      14.00      19.00
    14    13    15     9     110.01      14.00      15.00
    14    13    16     9     109.26      14.00      16.00
    14    17    18     2     120.38      17.00      20.00
    14    17    19     2     120.96      17.00      21.00
    14    21    23     9     110.22      18.00      23.00
    14    21    24     9     110.00      18.00      24.00
    15    13    16     9     105.58      15.00      16.00
    17    14    21     9     110.78      17.00      18.00
    17    14    22     9     105.16      17.00      19.00
    17    19    20     9     111.35      21.00      22.00
    18    17    19     2     118.65      20.00      21.00
    21    14    22     9     109.15      18.00      19.00
    23    21    24     9     107.76      23.00      24.00
torsion
                    55
     4     1     2     3     1     3   0.00770332 120.17643156 119.61898473
     4     1     2     7     1     3 179.92092160 120.17643156 121.62923107
    11     1     2     3     1     3 180.06490421 120.11499017 119.61898473
    11     1     2     7     1     3 359.97812249 120.11499017 121.62923107
     2     1     4     5     2     3   0.13156476 120.17643156 120.23082267
     2     1     4    10     2     3 180.22107447 120.17643156 119.33967510
    11     1     4     5     2     3 180.07459682 119.70855368 120.23082267
    11     1     4    10     2     3   0.16410653 119.70855368 119.33967510
     1     2     3     6     4     3   0.01363475 119.61898473 120.45613825
     1     2     3    12     4     3 180.00134659 119.61898473 118.89797560
     7     2     3     6     4     3 180.09791682 118.75172872 120.45613825
     7     2     3    12     4     3   0.08562865 118.75172872 118.89797560
     1     2     7     8     5     3   0.46464858 121.62923107 114.09662580
     3     2     7     8     5     3 180.37859748 118.75172872 114.09662580
     2     3     6     5     6     3 359.82570258 120.45613825 120.17655753
     2     3     6     9     6     3 179.96936436 120.45613825 119.43963837
    12     3     6     5     6     3 179.83820710 120.64588499 120.17655753
    12     3     6     9     6     3 359.98186888 120.64588499 119.43963837
     1     4     5     6     8     3 359.71068386 120.23082267 119.34037515
     1     4     5    13     8     3 180.78992085 120.23082267 120.52753118
    10     4     5     6     8     3 179.62019039 120.42944115 119.34037515
    10     4     5    13     8     3   0.69942738 120.42944115 120.52753118
     4     5     6     3    10     3   0.31040117 119.34037515 120.17655753
     4     5     6     9    10     3 180.16537116 119.34037515 120.38364692
    13     5     6     3    10     3 179.23560979 120.12326948 120.17655753
    13     5     6     9    10     3 359.09057977 120.12326948 120.38364692
     4     5    13    14    11    22 100.67193206 120.52753118 112.39795296
     4     5    13    15    11    22 337.11854561 120.52753118 110.82261829
     4     5    13    16    11    22 221.62478889 120.52753118 108.51296948
     6     5    13    14    11    22 281.75962547 120.12326948 112.39795296
     6     5    13    15    11    22 158.20623902 120.12326948 110.82261829
     6     5    13    16    11    22  42.71248229 120.12326948 108.51296948
     5    13    14    17    14     1 171.79257958 112.39795296 112.23141779
     5    13    14    21    14     1 296.22366005 112.39795296 110.82315996
     5    13    14    22    14     1  56.04313828 112.39795296 108.48267746
    15    13    14    17    14     1 295.79794668 110.01037820 112.23141779
    15    13    14    21    14     1  60.22902716 110.01037820 110.82315996
    15    13    14    22    14     1 180.04850539 110.01037820 108.48267746
    16    13    14    17    14     1  51.27242529 109.26492688 112.23141779
    16    13    14    21    14     1 175.70350576 109.26492688 110.82315996
    16    13    14    22    14     1 295.52298399 109.26492688 108.48267746
    13    14    17    18    17    22  17.37257546 112.23141779 120.37805369
    13    14    17    19    17    22 196.27059478 112.23141779 120.95929220
    21    14    17    18    17    22 252.91485502 110.77505869 120.37805369
    21    14    17    19    17    22  71.81287434 110.77505869 120.95929220
    22    14    17    18    17    22 135.11745819 105.15647278 120.37805369
    22    14    17    19    17    22 314.01547751 105.15647278 120.95929220
    13    14    21    23    18     1 307.07884272 110.82315996 110.22035660
    13    14    21    24    18     1  65.76151405 110.82315996 110.00390177
    17    14    21    23    18     1  72.33417354 110.77505869 110.22035660
    17    14    21    24    18     1 191.01684487 110.77505869 110.00390177
    22    14    21    23    18     1 187.66219768 109.15466445 110.22035660
    22    14    21    24    18     1 306.34486901 109.15466445 110.00390177
    14    17    19    20    21     3 352.91563190 120.95929220 111.34928161
    18    17    19    20    21     3 171.83227193 118.65372000 111.34928161
inversion
                     8
     1     2     4    11    11    11    11   -0.049   -0.049   -0.049
     2     1     3     7    10    11    11    0.074    0.075    0.073
     3     2     6    12    11    11    11    0.011    0.011    0.011
     4     1     5    10    11    11    11   -0.078   -0.077   -0.078
     5     4     6    13    11    11    11   -0.930   -0.941   -0.937
     6     3     5     9    11    11    11   -0.125   -0.124   -0.125
    17    14    18    19    10    10    11    0.945    0.951    0.929
    21    14    23    24     9     9     9   55.524   55.409   54.317
nonbond
                   214
    1     6    5.125
    1     8    4.793
    1     9    7.180
    1    12    6.279
    1    13    7.083
    1    14    8.708
    1    15    7.532
    1    16    8.382
    1    17   11.437
    1    18   12.331
    1    19   13.497
    1    20   13.182
    1    21    8.428
    1    22    9.038
    1    23    8.549
    1    24    7.040
    2     5    5.153
    2     9    6.297
    2    10    6.305
    2    13    8.012
    2    14    9.502
    2    15    8.989
    2    16    8.913
    2    17   12.285
    2    18   13.392
    2    19   14.162
    2    20   13.709
    2    21    9.629
    2    22    9.273
    2    23   10.194
    2    24    8.139
    3     4    5.122
    3     8    6.131
    3    10    7.176
    3    11    6.292
    3    13    7.074
    3    14    8.426
    3    15    8.527
    3    16    7.550
    3    17   11.070
    3    18   12.281
    3    19   12.810
    3    20   12.383
    3    21    9.176
    3    22    7.791
    3    23   10.093
    3    24    7.926
    4     7    6.890
    4     8    7.347
    4     9    6.314
    4    12    7.172
    4    14    6.510
    4    15    4.991
    4    16    6.236
    4    17    9.092
    4    18    9.830
    4    19   11.298
    4    20   11.194
    4    21    6.416
    4    22    7.233
    4    23    6.368
    4    24    5.454
    5     7    7.795
    5     8    8.780
    5    11    6.310
    5    12    6.319
    5    17    7.367
    5    18    8.249
    5    19    9.545
    5    20    9.523
    5    21    5.725
    5    22    5.200
    5    23    6.218
    5    24    5.148
    6     7    6.839
    6     8    8.284
    6    10    6.314
    6    11    7.175
    6    14    6.129
    6    15    6.399
    6    16    5.062
    6    17    8.627
    6    18    9.769
    6    19   10.467
    6    20   10.241
    6    21    7.374
    6    22    5.595
    6    23    8.333
    6    24    6.562
    7     9    8.469
    7    10    8.542
    7    11    5.007
    7    12    4.845
    7    13   10.654
    7    14   12.051
    7    15   11.594
    7    16   11.495
    7    17   14.864
    7    18   16.031
    7    19   16.643
    7    20   16.065
    7    21   12.010
    7    22   11.683
    7    23   12.587
    7    24   10.364
    8     9   10.072
    8    10    8.657
    8    11    4.415
    8    12    6.737
    8    13   11.603
    8    14   13.040
    8    15   12.268
    8    16   12.628
    8    17   15.869
    8    18   16.955
    8    19   17.715
    8    20   17.143
    8    21   12.685
    8    22   12.896
    8    23   13.032
    8    24   10.991
    9    10    8.025
    9    11    9.229
    9    12    4.619
    9    13    5.095
    9    14    6.105
    9    15    7.051
    9    16    4.768
    9    17    8.185
    9    18    9.380
    9    19    9.780
    9    20    9.611
    9    21    7.922
    9    22    5.104
    9    23    9.116
    9    24    7.444
   10    11    4.587
   10    12    9.225
   10    13    5.113
   10    14    6.778
   10    15    4.554
   10    16    6.836
   10    17    9.048
   10    18    9.496
   10    19   11.326
   10    20   11.369
   10    21    6.231
   10    22    8.000
   10    23    5.556
   10    24    5.595
   11    12    7.969
   11    13    8.718
   11    14   10.283
   11    15    8.812
   11    16   10.136
   11    17   12.958
   11    18   13.757
   11    19   15.025
   11    20   14.693
   11    21    9.607
   11    22   10.792
   11    23    9.440
   11    24    8.173
   12    13    8.724
   12    14    9.873
   12    15   10.334
   12    16    8.904
   12    17   12.397
   12    18   13.701
   12    19   13.926
   12    20   13.408
   12    21   10.786
   12    22    8.894
   12    23   11.887
   12    24    9.534
   13    18    5.398
   13    19    7.272
   13    20    7.689
   13    23    5.017
   13    24    5.202
   14    20    4.874
   15    17    5.381
   15    18    5.163
   15    19    7.978
   15    20    8.651
   15    21    5.206
   15    22    5.869
   15    23    4.673
   15    24    5.949
   16    17    5.168
   16    18    5.237
   16    19    7.531
   16    20    8.228
   16    21    6.506
   16    22    4.789
   16    23    6.922
   16    24    7.119
   17    23    5.283
   17    24    6.384
   18    20    6.139
   18    21    6.520
   18    22    6.209
   18    23    6.425
   18    24    8.255
   19    21    5.966
   19    22    5.084
   19    23    6.880
   19    24    7.636
   20    21    5.515
   20    22    4.648
   20    23    6.819
   20    24    6.905
   22    23    5.661
   22    24    4.503
qpartial
                    24
        -0.09574    0.24923   -0.03213   -0.11819    0.00360   -0.12561
        -0.68559    0.35665    0.11796    0.13983    0.11783    0.16631
        -0.26237   -0.07950    0.17970    0.07119    0.62287   -0.37065
        -0.64025    0.31018   -0.58391    0.15529    0.26447    0.23884
$end
