    24
 Energy =       0.1516458157
c     0.0448833    2.3534058   -1.3813971  0.00   -0.0373022    0.0559257   -0.0573300
c     0.1418476    2.9248573   -0.1206726  0.00   -0.0422386    0.0995117   -0.0107341
c     0.7555652    2.2402731    0.9181560  0.00   -0.0062555    0.0575002    0.0792299
c     0.5800579    1.0803682   -1.5985351  0.00   -0.0087076   -0.0350862   -0.0693056
c     1.2047783    0.3610782   -0.5608861  0.00    0.0878794   -0.0859691    0.0461387
c     1.2772621    0.9610456    0.7017654  0.00    0.0242542   -0.0341106    0.0375013
o    -0.3596449    4.1638607    0.1435223  0.00    0.0639424   -0.0045785    0.0487117
h     0.3725708    4.7444238    0.4083143  0.00   -0.0438842   -0.0524211   -0.0305562
h     1.7275121    0.4624698    1.5506282  0.00   -0.0064104    0.0134684    0.0061129
h     0.4997167    0.6426498   -2.5929302  0.00   -0.0069626   -0.0524518   -0.0110805
h    -0.4370006    2.8749235   -2.2021886  0.00    0.0022114   -0.0083082   -0.0084573
h     0.8245662    2.6993933    1.9006814  0.00    0.0029298    0.0011915    0.0013919
c     1.7669373   -1.0073413   -0.8964724  0.00   -0.0399821   -0.0265927   -0.0028593
c     0.8861134   -2.0194266   -1.6556448  0.00    0.1750808   -0.0440574    0.0127535
h     2.1212937   -1.4658931    0.0371405  0.00   -0.0048599    0.0128851   -0.0096387
h     2.6645729   -0.8285312   -1.5058794  0.00   -0.0100086    0.0011342    0.0067300
c    -0.2550706   -2.4993401   -0.7313897  0.00   -0.3917353    0.1426560    0.0411906
o    -1.3218979   -1.9331566   -0.5537303  0.00    0.2618085   -0.1297186   -0.0432495
o     0.0940721   -3.6455349   -0.0862695  0.00    0.0290813    0.0234030   -0.0320821
h    -0.6437886   -4.2813848   -0.2677699  0.00    0.0281334    0.0266752   -0.0182304
n     0.2410616   -1.4915667   -2.9017470  0.00   -0.0853119    0.0124414   -0.0399354
h     1.4642165   -2.9122299   -1.9206526  0.00   -0.0218699    0.0158016   -0.0076136
h     0.7142380   -1.9162587   -3.7076332  0.00   -0.0178513    0.0074112    0.0309743
h    -0.7141630   -1.8528277   -2.9524509  0.00    0.0480589    0.0032889    0.0303377
    24
 Energy =       0.1292163671
c     0.0417910    2.3627080   -1.3923983  0.00   -0.0291260    0.0432844   -0.0447976
c     0.1588242    2.9370775   -0.1432747  0.00   -0.0326873    0.0729229   -0.0090489
c     0.7418578    2.2380994    0.8944674  0.00   -0.0048222    0.0439687    0.0621928
c     0.5501383    1.0879825   -1.6092841  0.00   -0.0065807   -0.0278094   -0.0544036
c     1.1632949    0.3686610   -0.5774408  0.00    0.0688488   -0.0672645    0.0361839
c     1.2395130    0.9588863    0.6802399  0.00    0.0193784   -0.0268494    0.0293965
o    -0.2562784    4.2245079    0.0903690  0.00    0.0447515    0.0009697    0.0380741
h     0.5313239    4.7623431    0.3327571  0.00   -0.0302147   -0.0389731   -0.0232561
h     1.6903855    0.4486591    1.5229192  0.00   -0.0049712    0.0105095    0.0047892
h     0.4709865    0.6542483   -2.6061313  0.00   -0.0056075   -0.0419516   -0.0091411
h    -0.4168200    2.9052722   -2.2131546  0.00    0.0015454   -0.0060911   -0.0068944
h     0.8259634    2.7010307    1.8737946  0.00    0.0022473    0.0010957    0.0012077
c     1.7561495   -0.9885911   -0.9036242  0.00   -0.0319401   -0.0203574   -0.0023571
c     0.8642757   -2.0276659   -1.6079931  0.00    0.1366437   -0.0350497    0.0103345
h     2.1612543   -1.4283007    0.0236310  0.00   -0.0031424    0.0095390   -0.0064261
h     2.6258891   -0.7992835   -1.5558914  0.00   -0.0069119    0.0014820    0.0045078
c    -0.2439427   -2.5160690   -0.6595178  0.00   -0.3078482    0.1127284    0.0316847
o    -1.3431374   -1.9369916   -0.4729559  0.00    0.2054312   -0.1023126   -0.0341271
o     0.0756843   -3.6874389   -0.0338115  0.00    0.0328525    0.0266853   -0.0202007
h    -0.6206804   -4.3465197   -0.3337678  0.00    0.0123072    0.0121008   -0.0191302
n     0.2181643   -1.5204787   -2.8561268  0.00   -0.0667968    0.0108899   -0.0311574
h     1.4606035   -2.9171392   -1.8610382  0.00   -0.0170549    0.0122746   -0.0059787
h     0.6981810   -1.9438272   -3.6644117  0.00   -0.0139823    0.0057963    0.0243143
h    -0.7437212   -1.8819128   -2.9033973  0.00    0.0376803    0.0024115    0.0242336
    24
 Energy =       0.1213288953
c     0.0949357    2.3791145   -1.3931827  0.00   -0.0245772    0.0361053   -0.0374768
c     0.1977266    2.9419982   -0.1428823  0.00   -0.0275349    0.0609086   -0.0075684
c     0.7515500    2.2301895    0.8962347  0.00   -0.0039003    0.0367604    0.0521139
c     0.5909299    1.1058886   -1.6117791  0.00   -0.0059187   -0.0228063   -0.0456156
c     1.1651006    0.3710251   -0.5759535  0.00    0.0579276   -0.0561818    0.0305854
c     1.2295328    0.9485932    0.6833492  0.00    0.0164517   -0.0225358    0.0246770
o    -0.2016533    4.2385758    0.0846803  0.00    0.0367940    0.0006910    0.0316647
h     0.5984542    4.7787432    0.3019674  0.00   -0.0245969   -0.0322671   -0.0194554
h     1.6565105    0.4202922    1.5285454  0.00   -0.0039753    0.0085224    0.0043407
h     0.5380975    0.6869368   -2.6164136  0.00   -0.0044909   -0.0347535   -0.0081917
h    -0.3393258    2.9385861   -2.2161312  0.00    0.0011002   -0.0048839   -0.0061191
h     0.8244410    2.6858640    1.8796450  0.00    0.0019213    0.0009138    0.0011223
c     1.7381160   -0.9992768   -0.8869222  0.00   -0.0267456   -0.0171659   -0.0016563
c     0.8237058   -2.0251797   -1.5850193  0.00    0.1142709   -0.0293334    0.0091398
h     2.1314315   -1.4436308    0.0452446  0.00   -0.0026352    0.0078977   -0.0053035
h     2.6149232   -0.8333243   -1.5386388  0.00   -0.0055223    0.0012574    0.0036357
c    -0.2741058   -2.5261530   -0.6353866  0.00   -0.2575578    0.0959901    0.0257766
o    -1.3960870   -1.9429086   -0.4533323  0.00    0.1714561   -0.0861761   -0.0288272
o     0.0149697   -3.7265712   -0.0422803  0.00    0.0431736    0.0370418   -0.0053231
h    -0.6013487   -4.4060286   -0.4925209  0.00   -0.0050986   -0.0058426   -0.0270143
n     0.1850089   -1.4994746   -2.8258545  0.00   -0.0561374    0.0090034   -0.0256416
h     1.4177256   -2.9164583   -1.8486109  0.00   -0.0142094    0.0101795   -0.0050333
h     0.6727515   -1.9009464   -3.6443066  0.00   -0.0114948    0.0047214    0.0198705
h    -0.7836902   -1.8505971   -2.8864931  0.00    0.0313000    0.0019535    0.0202998
    24
 Energy =       0.1158359582
c     0.1061369    2.3791897   -1.4004500  0.00   -0.0234539    0.0344327   -0.0357636
c     0.2043619    2.9377690   -0.1491169  0.00   -0.0262551    0.0581016   -0.0072153
c     0.7557470    2.2238341    0.8883426  0.00   -0.0037125    0.0350871    0.0497133
c     0.6029139    1.1082132   -1.6216957  0.00   -0.0056604   -0.0217600   -0.0435225
c     1.1717279    0.3704015   -0.5869416  0.00    0.0552709   -0.0536040    0.0291878
c     1.2333299    0.9436554    0.6733113  0.00    0.0156993   -0.0214955    0.0235499
o    -0.2004746    4.2329489    0.0807131  0.00    0.0350050    0.0006215    0.0301998
h     0.5985235    4.7801202    0.2897101  0.00   -0.0233818   -0.0307388   -0.0185457
h     1.6580777    0.4116964    1.5174568  0.00   -0.0037885    0.0081293    0.0041498
h     0.5551738    0.6932176   -2.6280973  0.00   -0.0042734   -0.0331616   -0.0078429
h    -0.3264262    2.9416365   -2.2221801  0.00    0.0010464   -0.0046579   -0.0058440
h     0.8249995    2.6764815    1.8733372  0.00    0.0018345    0.0008791    0.0010816
c     1.7449675   -0.9999164   -0.8981178  0.00   -0.0255319   -0.0163740   -0.0015664
c     0.8263619   -2.0254250   -1.5918302  0.00    0.1091595   -0.0279062    0.0090555
h     2.1420406   -1.4447014    0.0326775  0.00   -0.0025040    0.0075364   -0.0050558
h     2.6193870   -0.8350702   -1.5537991  0.00   -0.0052593    0.0012011    0.0034597
c    -0.2632841   -2.5330470   -0.6392220  0.00   -0.2464715    0.0911213    0.0242240
o    -1.3850779   -1.9433058   -0.4377864  0.00    0.1632644   -0.0825284   -0.0276774
o     0.0307399   -3.7312981   -0.0423416  0.00    0.0723142    0.0590964    0.0064548
h    -0.7347740   -4.3773025   -0.3337678  0.00   -0.0350081   -0.0285977   -0.0370987
n     0.1827409   -1.4962207   -2.8281469  0.00   -0.0536161    0.0086241   -0.0244415
h     1.4201034   -2.9163993   -1.8602281  0.00   -0.0135911    0.0096401   -0.0047921
h     0.6690098   -1.8929752   -3.6505569  0.00   -0.0109487    0.0044879    0.0189287
h    -0.7866061   -1.8482447   -2.8873115  0.00    0.0298619    0.0018656    0.0193610
    24
 Energy =       0.1072954029
c     0.2016614    2.4110567   -1.3701251  0.00   -0.0199151    0.0285715   -0.0298475
c     0.2842825    2.9401572   -0.1092057  0.00   -0.0219947    0.0474154   -0.0064049
c     0.7811562    2.1883400    0.9254440  0.00   -0.0025769    0.0283705    0.0418349
c     0.6663457    1.1353439   -1.6050128  0.00   -0.0054458   -0.0168875   -0.0366643
c     1.1727430    0.3571192   -0.5722964  0.00    0.0463658   -0.0446598    0.0249394
c     1.2190283    0.8998723    0.6984430  0.00    0.0135900   -0.0182862    0.0200363
o    -0.0707286    4.2523144    0.1284348  0.00    0.0266639    0.0016347    0.0242186
h     0.7572766    4.7749037    0.3125507  0.00   -0.0175139   -0.0244931   -0.0150664
h     1.6015478    0.3318426    1.5415105  0.00   -0.0025485    0.0057849    0.0046038
h     0.6496699    0.7521963   -2.6239580  0.00   -0.0034115   -0.0265384   -0.0074672
h    -0.1846670    3.0095599   -2.1911687  0.00    0.0002042   -0.0028725   -0.0061538
h     0.8393360    2.6199311    1.9206388  0.00    0.0016151    0.0006993    0.0013098
c     1.7055090   -1.0318448   -0.8853497  0.00   -0.0209578   -0.0130887   -0.0006768
c     0.7656509   -2.0153027   -1.6206625  0.00    0.0895121   -0.0235792    0.0085200
h     2.0591586   -1.5088618    0.0501479  0.00   -0.0016008    0.0053867   -0.0030838
h     2.6062671   -0.8914322   -1.5136644  0.00   -0.0033928    0.0013405    0.0024971
c    -0.3281662   -2.5592710   -0.6961879  0.00   -0.2030147    0.0753209    0.0199193
o    -1.4665408   -1.9631699   -0.4848336  0.00    0.1341565   -0.0679570   -0.0226646
o    -0.0565101   -3.7839119   -0.1344720  0.00    0.0631667    0.0498874    0.0077292
h    -0.8641499   -4.3938329   -0.3729364  0.00   -0.0323150   -0.0260576   -0.0322048
n     0.1459023   -1.4266487   -2.8405958  0.00   -0.0443716    0.0081923   -0.0204469
h     1.3513602   -2.9052607   -1.9203879  0.00   -0.0110545    0.0072289   -0.0040142
h     0.6455263   -1.7805872   -3.6784834  0.00   -0.0084865    0.0033092    0.0137689
h    -0.8319592   -1.7572559   -2.9338706  0.00    0.0233257    0.0012777    0.0153179
    24
 Energy =       0.1053092208
c     0.3016545    2.4380961   -1.3391477  0.00   -0.0188715    0.0269865   -0.0280981
c     0.3683478    2.9442885   -0.0692507  0.00   -0.0205732    0.0435879   -0.0064561
c     0.8104519    2.1597291    0.9656582  0.00   -0.0020341    0.0256899    0.0396859
c     0.7332074    1.1537962   -1.5822877  0.00   -0.0056206   -0.0145587   -0.0348825
c     1.1782624    0.3404708   -0.5490294  0.00    0.0433553   -0.0417884    0.0239032
c     1.2088622    0.8607976    0.7305290  0.00    0.0130620   -0.0177132    0.0190962
o     0.0642945    4.2697698    0.1761130  0.00    0.0229572    0.0027268    0.0218274
h     0.9160297    4.7590698    0.3567725  0.00   -0.0149537   -0.0219715   -0.0137177
h     1.5466521    0.2641416    1.5746197  0.00   -0.0018825    0.0044678    0.0053472
h     0.7438113    0.7933371   -2.6090943  0.00   -0.0030647   -0.0235744   -0.0075767
h    -0.0377411    3.0651032   -2.1612177  0.00   -0.0003265   -0.0017288   -0.0068600
h     0.8580133    2.5746650    1.9685979  0.00    0.0015761    0.0005697    0.0015320
c     1.6610995   -1.0685634   -0.8643319  0.00   -0.0192759   -0.0116978   -0.0000421
c     0.7052776   -2.0031517   -1.6505042  0.00    0.0824777   -0.0227645    0.0087188
h     1.9608224   -1.5767033    0.0760853  0.00   -0.0008847    0.0038683   -0.0014317
h     2.5910964   -0.9572608   -1.4576139  0.00   -0.0018095    0.0017435    0.0018097
c    -0.4065573   -2.5735663   -0.7632992  0.00   -0.1883688    0.0705245    0.0185813
o    -1.5513113   -1.9744507   -0.5544291  0.00    0.1241510   -0.0630660   -0.0209028
o    -0.1593205   -3.8234462   -0.2424436  0.00    0.0594946    0.0451169    0.0084122
h    -0.9892800   -4.4057452   -0.4663455  0.00   -0.0309349   -0.0246875   -0.0301992
n     0.1123413   -1.3550660   -2.8539155  0.00   -0.0412117    0.0085476   -0.0199304
h     1.2785243   -2.8924475   -1.9800757  0.00   -0.0101486    0.0059831   -0.0037478
h     0.6249760   -1.6719543   -3.7004974  0.00   -0.0075380    0.0028385    0.0113746
h    -0.8698143   -1.6656520   -2.9809333  0.00    0.0204252    0.0008998    0.0135566
    24
 Energy =       0.0918333738
c     0.2980991    2.4599803   -1.2562103  0.00   -0.0116644    0.0158088   -0.0182407
c     0.3423405    2.9031005    0.0316934  0.00   -0.0108711    0.0254991   -0.0039452
c     0.7704164    2.0747508    1.0279306  0.00   -0.0006457    0.0168296    0.0245435
c     0.7265538    1.1951999   -1.5554858  0.00   -0.0034078   -0.0097408   -0.0219161
c     1.1540294    0.3392765   -0.5623383  0.00    0.0255178   -0.0251999    0.0146884
c     1.1699923    0.7944609    0.7367500  0.00    0.0080657   -0.0103756    0.0128813
o     0.0002372    4.2127533    0.3348661  0.00    0.0052093    0.0016084    0.0134292
h     0.8460718    4.7533919    0.4390261  0.00   -0.0017484   -0.0106615   -0.0076266
h     1.5055723    0.1545255    1.5504955  0.00   -0.0007584    0.0019479    0.0044052
h     0.7471356    0.8860738   -2.5975219  0.00   -0.0019874   -0.0153097   -0.0057868
h    -0.0368227    3.1279958   -2.0466015  0.00   -0.0003592   -0.0002824   -0.0051006
h     0.7980079    2.4409580    2.0513462  0.00    0.0010517    0.0009988    0.0025024
c     1.6799726   -1.0425425   -0.9336377  0.00   -0.0122150   -0.0081246   -0.0008559
c     0.7249682   -1.9750123   -1.7214902  0.00    0.0490954   -0.0127838    0.0056699
h     2.0211657   -1.5776967   -0.0195081  0.00   -0.0002322    0.0010701    0.0002024
h     2.5905952   -0.8865453   -1.5508718  0.00   -0.0000057    0.0010326    0.0002646
c    -0.3497390   -2.6004462   -0.8333870  0.00   -0.1124631    0.0411425    0.0092424
o    -1.5291451   -2.0109737   -0.5785863  0.00    0.0720204   -0.0375660   -0.0111982
o    -0.0825221   -3.8575573   -0.3253783  0.00    0.0574652    0.0385102    0.0092070
h    -0.9669435   -4.4031423   -0.3847972  0.00   -0.0395001   -0.0266032   -0.0222522
n     0.1298958   -1.2996188   -2.9034974  0.00   -0.0246581    0.0066196   -0.0113878
h     1.3202550   -2.8451984   -2.0754052  0.00   -0.0057502    0.0030756   -0.0026323
h     0.6473912   -1.5831756   -3.7635940  0.00   -0.0040529    0.0017662    0.0057682
h    -0.8578276   -1.6053004   -3.0398383  0.00    0.0118939    0.0007383    0.0081378
    24
 Energy =       0.0887095108
c     0.2190101    2.4497676   -1.2626577  0.00   -0.0102812    0.0142290   -0.0158517
c     0.2589499    2.8860347    0.0262537  0.00   -0.0091550    0.0216749   -0.0037727
c     0.7210859    2.0660642    1.0127310  0.00   -0.0005482    0.0148473    0.0216179
c     0.6809314    1.2006427   -1.5729888  0.00   -0.0030538   -0.0083661   -0.0194234
c     1.1473567    0.3557523   -0.5897096  0.00    0.0219306   -0.0221257    0.0130720
c     1.1592332    0.8021835    0.7106610  0.00    0.0071871   -0.0096365    0.0111945
o    -0.1344946    4.1802474    0.3403371  0.00    0.0016026    0.0017509    0.0116426
h     0.6873187    4.7644214    0.4175913  0.00    0.0006722   -0.0078587   -0.0064489
h     1.5243105    0.1678107    1.5163249  0.00   -0.0004641    0.0012953    0.0041257
h     0.6938039    0.8936431   -2.6159873  0.00   -0.0018456   -0.0132186   -0.0051461
h    -0.1479345    3.1111179   -2.0445239  0.00   -0.0005322    0.0002404   -0.0047634
h     0.7427823    2.4260519    2.0381921  0.00    0.0008980    0.0009458    0.0022160
c     1.7260381   -1.0013963   -0.9730053  0.00   -0.0108138   -0.0071467   -0.0007116
c     0.7797276   -1.9751463   -1.7178872  0.00    0.0427861   -0.0117401    0.0051648
h     2.1251533   -1.5178567   -0.0694504  0.00    0.0006050   -0.0002355    0.0014310
h     2.6063158   -0.8087986   -1.6259514  0.00    0.0014540    0.0014867   -0.0005599
c    -0.2567957   -2.6068442   -0.7906907  0.00   -0.0980920    0.0361500    0.0076508
o    -1.4424837   -2.0287746   -0.5063710  0.00    0.0621810   -0.0326980   -0.0092526
o     0.0446568   -3.8495663   -0.2620486  0.00    0.0520276    0.0337959    0.0089974
h    -0.8349247   -4.4007796   -0.2670303  0.00   -0.0364164   -0.0245007   -0.0196797
n     0.1477727   -1.3342421   -2.9003898  0.00   -0.0211151    0.0068420   -0.0108196
h     1.3914381   -2.8371947   -2.0656193  0.00   -0.0048881    0.0024134   -0.0021661
h     0.6497012   -1.6288405   -3.7668666  0.00   -0.0035022    0.0015255    0.0046224
h    -0.8392528   -1.6590399   -3.0069544  0.00    0.0093634    0.0003297    0.0068607
    24
 Energy =       0.0858300087
c     0.1470852    2.4442583   -1.2408590  0.00   -0.0087913    0.0123376   -0.0133705
c     0.1731040    2.8605484    0.0535383  0.00   -0.0073454    0.0177834   -0.0033320
c     0.6582493    2.0391827    1.0255679  0.00   -0.0005581    0.0130340    0.0184055
c     0.6422550    1.2143717   -1.5709862  0.00   -0.0025084   -0.0073530   -0.0166367
c     1.1350587    0.3703152   -0.6025745  0.00    0.0181787   -0.0187155    0.0109983
c     1.1334143    0.7950631    0.7035132  0.00    0.0061841   -0.0085716    0.0094462
o    -0.2675891    4.1358213    0.3882381  0.00   -0.0011993    0.0020023    0.0100518
h     0.5285656    4.7592434    0.4449804  0.00    0.0023525   -0.0054199   -0.0052877
h     1.5191427    0.1584742    1.4976544  0.00   -0.0002617    0.0008432    0.0036280
h     0.6588897    0.9217977   -2.6178644  0.00   -0.0016003   -0.0111729   -0.0044442
h    -0.2421345    3.1067505   -2.0105529  0.00   -0.0005910    0.0005129   -0.0041485
h     0.6671415    2.3826479    2.0567338  0.00    0.0007097    0.0010036    0.0020658
c     1.7641017   -0.9588206   -1.0055695  0.00   -0.0090389   -0.0066085   -0.0007465
c     0.8403171   -1.9627449   -1.7364609  0.00    0.0359794   -0.0100138    0.0044774
h     2.2012619   -1.4658083   -0.1136494  0.00    0.0009080   -0.0008807    0.0016491
h     2.6237996   -0.7278626   -1.6746922  0.00    0.0021163    0.0015719   -0.0009713
c    -0.1654151   -2.6222122   -0.7960368  0.00   -0.0825989    0.0303195    0.0060399
o    -1.3592417   -2.0615074   -0.4790944  0.00    0.0515349   -0.0272784   -0.0073542
o     0.1646132   -3.8639894   -0.2785375  0.00    0.0463851    0.0290806    0.0081038
h    -0.7111917   -4.4128765   -0.2263814  0.00   -0.0329118   -0.0218049   -0.0168213
n     0.1838321   -1.3393783   -2.9142658  0.00   -0.0177107    0.0062207   -0.0094705
h     1.4765539   -2.8070199   -2.0868537  0.00   -0.0038073    0.0016510   -0.0018047
h     0.6788638   -1.6321404   -3.7860390  0.00   -0.0029325    0.0013010    0.0037942
h    -0.8009771   -1.6788563   -3.0058501  0.00    0.0075067    0.0001574    0.0057281
    24
 Energy =       0.0844690411
c     0.0629321    2.4379630   -1.1902436  0.00   -0.0081674    0.0116492   -0.0120644
c     0.0783521    2.8320942    0.1104327  0.00   -0.0064527    0.0158288   -0.0031233
c     0.5882057    2.0082798    1.0665452  0.00   -0.0006589    0.0122645    0.0168888
c     0.5917575    1.2288042   -1.5426006  0.00   -0.0021982   -0.0067966   -0.0152070
c     1.1118102    0.3833269   -0.5907145  0.00    0.0161992   -0.0166757    0.0101640
c     1.0993714    0.7849259    0.7220954  0.00    0.0057792   -0.0082430    0.0085409
o    -0.4030275    4.0874388    0.4680566  0.00   -0.0027373    0.0025393    0.0093477
h     0.3698125    4.7412681    0.5174878  0.00    0.0031294   -0.0041379   -0.0046941
h     1.5078102    0.1469205    1.5037800  0.00   -0.0000689    0.0004589    0.0034454
h     0.6146075    0.9570752   -2.5943922  0.00   -0.0013500   -0.0097295   -0.0041540
h    -0.3474541    3.1025063   -1.9470421  0.00   -0.0006830    0.0007519   -0.0038768
h     0.5881331    2.3337703    2.1035665  0.00    0.0005922    0.0010791    0.0020596
c     1.7943514   -0.9137053   -1.0161204  0.00   -0.0076092   -0.0065832   -0.0002177
c     0.9157451   -1.9402114   -1.7723505  0.00    0.0321531   -0.0087872    0.0035180
h     2.2450007   -1.4215687   -0.1315814  0.00    0.0008990   -0.0010395    0.0014980
h     2.6496183   -0.6371346   -1.6749446  0.00    0.0028089    0.0016941   -0.0014321
c    -0.0799539   -2.6472393   -0.8556000  0.00   -0.0750082    0.0277292    0.0052002
o    -1.2839053   -2.1118189   -0.5173437  0.00    0.0457547   -0.0243718   -0.0064087
o     0.2649767   -3.9036490   -0.3809498  0.00    0.0426765    0.0249491    0.0079830
h    -0.6068823   -4.4519257   -0.3048878  0.00   -0.0301606   -0.0197276   -0.0152473
n     0.2591878   -1.3232205   -2.9527131  0.00   -0.0161254    0.0050999   -0.0086051
h     1.5884397   -2.7572985   -2.1229760  0.00   -0.0028290    0.0008026   -0.0020706
h     0.7627918   -1.6085522   -3.8224992  0.00   -0.0025749    0.0011483    0.0033235
h    -0.7219806   -1.6727915   -3.0510461  0.00    0.0066313    0.0000971    0.0051321
    24
 Energy =       0.0810888536
c     0.0525883    2.4415013   -1.1927095  0.00   -0.0062826    0.0086384   -0.0098226
c     0.0343954    2.7977667    0.1180542  0.00   -0.0045998    0.0115760   -0.0020858
c     0.5403576    1.9571962    1.0589460  0.00   -0.0005932    0.0099500    0.0132560
c     0.6081895    1.2538501   -1.5691783  0.00   -0.0014999   -0.0058345   -0.0122453
c     1.1254752    0.3950545   -0.6324718  0.00    0.0118739   -0.0133442    0.0066214
c     1.0801139    0.7558456    0.6897584  0.00    0.0043954   -0.0062649    0.0070958
o    -0.4858016    4.0308307    0.5019031  0.00   -0.0036988    0.0025503    0.0077450
h     0.2611547    4.7150659    0.5512851  0.00    0.0033265   -0.0023322   -0.0033805
h     1.4828279    0.1001397    1.4593708  0.00   -0.0000068    0.0003404    0.0029367
h     0.6497435    1.0026521   -2.6266790  0.00   -0.0008087   -0.0078568   -0.0037108
h    -0.3601128    3.1183232   -1.9363164  0.00   -0.0006148    0.0006512   -0.0030356
h     0.5109258    2.2513105    2.1052728  0.00    0.0003643    0.0012181    0.0024931
c     1.8255320   -0.8820140   -1.0812436  0.00   -0.0061811   -0.0047455   -0.0000148
c     0.9268504   -1.9236919   -1.7888466  0.00    0.0260331   -0.0065602    0.0034276
h     2.3299457   -1.3751024   -0.2160666  0.00    0.0016274   -0.0015803    0.0022962
h     2.6426328   -0.5904457   -1.7821331  0.00    0.0033640    0.0018226   -0.0020146
c    -0.0025199   -2.6461151   -0.8151931  0.00   -0.0562546    0.0212407    0.0032145
o    -1.2086812   -2.1311933   -0.4213630  0.00    0.0323337   -0.0180957   -0.0033543
o     0.3977930   -3.8829234   -0.3261193  0.00    0.0396014    0.0211541    0.0065929
h    -0.4564289   -4.4332592   -0.1461346  0.00   -0.0299943   -0.0195411   -0.0107237
n     0.2003980   -1.3113670   -2.9317328  0.00   -0.0132798    0.0065569   -0.0079873
h     1.5957095   -2.7289512   -2.1755100  0.00   -0.0012272    0.0003566   -0.0018768
h     0.6745476   -1.5706728   -3.8278132  0.00   -0.0009801    0.0005583    0.0008882
h    -0.7759365   -1.6885428   -2.9911207  0.00    0.0031020   -0.0004584    0.0036847
    24
 Energy =       0.0811666949
c     0.0416431    2.4539131   -1.1851676  0.00   -0.0060662    0.0083283   -0.0095205
c     0.0184361    2.7963889    0.1290251  0.00   -0.0044279    0.0111441   -0.0019877
c     0.5232937    1.9472787    1.0626414  0.00   -0.0005756    0.0096096    0.0128275
c     0.6011372    1.2718346   -1.5720439  0.00   -0.0014482   -0.0056428   -0.0118576
c     1.1175313    0.4050630   -0.6428147  0.00    0.0113618   -0.0128952    0.0063184
c     1.0670024    0.7512760    0.6827716  0.00    0.0042356   -0.0060337    0.0069044
o    -0.5066994    4.0238967    0.5239197  0.00   -0.0036235    0.0025232    0.0074926
h     0.2368652    4.7114131    0.5784185  0.00    0.0032282   -0.0022136   -0.0032461
h     1.4688633    0.0880460    1.4463631  0.00    0.0000052    0.0003049    0.0028713
h     0.6456405    1.0295143   -2.6317997  0.00   -0.0007358   -0.0075320   -0.0036417
h    -0.3709924    3.1371308   -1.9228410  0.00   -0.0006048    0.0006484   -0.0029540
h     0.4896237    2.2303127    2.1118717  0.00    0.0003480    0.0011951    0.0024741
c     1.8216319   -0.8647371   -1.1043595  0.00   -0.0060167   -0.0045534   -0.0000751
c     0.9212686   -1.9106720   -1.8039527  0.00    0.0268393   -0.0059905    0.0044036
h     2.3435482   -1.3556281   -0.2481287  0.00    0.0016696   -0.0016327    0.0023358
h     2.6266804   -0.5642700   -1.8153961  0.00    0.0033437    0.0017927   -0.0020443
c     0.0529235   -2.6848023   -0.8118326  0.00   -0.0533466    0.0210752    0.0027377
o    -1.1724026   -2.2368140   -0.3852979  0.00    0.0277441   -0.0160556   -0.0020113
o     0.5267722   -3.9056535   -0.3410750  0.00    0.0412110    0.0182219    0.0072507
h    -0.2976757   -4.4926890   -0.1371321  0.00   -0.0306928   -0.0201753   -0.0098287
n     0.1324123   -1.2879102   -2.9014300  0.00   -0.0144176    0.0097287   -0.0079622
h     1.5954160   -2.6884731   -2.2388027  0.00    0.0000392   -0.0005722   -0.0022613
h     0.5938855   -1.4881626   -3.8212943  0.00    0.0009142    0.0000248   -0.0020251
h    -0.8271049   -1.7109982   -2.9476842  0.00    0.0010159   -0.0012996    0.0037994
    24
 Energy =       0.0788940985
c     0.0574354    2.4424223   -1.1826312  0.00   -0.0050479    0.0068516   -0.0081060
c     0.0156902    2.7674221    0.1346994  0.00   -0.0036246    0.0091912   -0.0015802
c     0.5150610    1.9105436    1.0625711  0.00   -0.0004840    0.0081116    0.0107721
c     0.6283740    1.2699231   -1.5780212  0.00   -0.0012026   -0.0048313   -0.0099995
c     1.1405522    0.3972632   -0.6542372  0.00    0.0093431   -0.0109475    0.0049775
c     1.0717832    0.7250812    0.6740377  0.00    0.0035112   -0.0050433    0.0058644
o    -0.5264773    3.9846499    0.5384333  0.00   -0.0032796    0.0021742    0.0063650
h     0.2054072    4.6841590    0.5983407  0.00    0.0028592   -0.0016706   -0.0026652
h     1.4675702    0.0535528    1.4332190  0.00    0.0000200    0.0002445    0.0024639
h     0.6832436    1.0384153   -2.6396315  0.00   -0.0006302   -0.0063901   -0.0031700
h    -0.3530941    3.1315184   -1.9154418  0.00   -0.0005115    0.0005433   -0.0024898
h     0.4652307    2.1787996    2.1148254  0.00    0.0002781    0.0010811    0.0022911
c     1.8490015   -0.8673758   -1.1198452  0.00   -0.0049976   -0.0035983   -0.0002633
c     0.9414977   -1.9123094   -1.8070255  0.00    0.0233960   -0.0052650    0.0043446
h     2.3768665   -1.3563777   -0.2669958  0.00    0.0014057   -0.0014053    0.0019426
h     2.6463422   -0.5674710   -1.8388876  0.00    0.0027818    0.0015141   -0.0017485
c     0.0224128   -2.6247385   -0.8112868  0.00   -0.0416629    0.0170584    0.0005871
o    -1.1689370   -2.0780609   -0.3819298  0.00    0.0173814   -0.0099033    0.0003968
o     0.4155828   -3.8684811   -0.3218750  0.00    0.0399450    0.0141022    0.0065584
h    -0.4381110   -4.3926424   -0.0751635  0.00   -0.0296957   -0.0199127   -0.0070386
n     0.2067450   -1.2980493   -2.9471652  0.00   -0.0061029    0.0210211    0.0023374
h     1.6076983   -2.7228089   -2.1951510  0.00    0.0011428   -0.0016826   -0.0022450
h     0.6263496   -1.6346870   -3.8581387  0.00    0.0088625   -0.0050485   -0.0150743
h    -0.8065247   -1.6054909   -2.9387409  0.00   -0.0136876   -0.0061949    0.0054799
    24
 Energy =       0.0795448770
c     0.0701434    2.4545611   -1.1703710  0.00   -0.0048661    0.0065790   -0.0079423
c     0.0145749    2.7665625    0.1494988  0.00   -0.0035106    0.0088742   -0.0014903
c     0.5017579    1.8994934    1.0742473  0.00   -0.0004352    0.0077661    0.0104767
c     0.6427830    1.2849693   -1.5709577  0.00   -0.0011900   -0.0046026   -0.0097469
c     1.1422800    0.4021089   -0.6502606  0.00    0.0089683   -0.0106239    0.0047392
c     1.0597678    0.7167367    0.6802216  0.00    0.0033599   -0.0048766    0.0057751
o    -0.5297123    3.9809119    0.5590410  0.00   -0.0032325    0.0020345    0.0061403
h     0.2019659    4.6795483    0.6309031  0.00    0.0028278   -0.0015183   -0.0025525
h     1.4445785    0.0360377    1.4368701  0.00    0.0000596    0.0002098    0.0024706
h     0.7087235    1.0627314   -2.6340943  0.00   -0.0005914   -0.0061276   -0.0031540
h    -0.3310157    3.1517088   -1.9007137  0.00   -0.0005167    0.0005544   -0.0024721
h     0.4405753    2.1571574    2.1285506  0.00    0.0002701    0.0010559    0.0023312
c     1.8511463   -0.8602291   -1.1209336  0.00   -0.0048673   -0.0033826   -0.0002112
c     0.9453044   -1.9018372   -1.8164404  0.00    0.0226074   -0.0042019    0.0047310
h     2.3791957   -1.3525459   -0.2703688  0.00    0.0013557   -0.0013784    0.0018436
h     2.6490278   -0.5559318   -1.8374130  0.00    0.0026705    0.0014550   -0.0016996
c     0.0508203   -2.6493149   -0.8243553  0.00   -0.0309357    0.0170043   -0.0081555
o    -1.0560399   -2.0476635   -0.2294343  0.00   -0.0008571    0.0056621    0.0077499
o     0.3979747   -3.9644160   -0.4806281  0.00    0.0480736   -0.0032009    0.0083512
h    -0.4658790   -4.4640599   -0.2214299  0.00   -0.0296044   -0.0192146   -0.0070354
n     0.1837038   -1.2726357   -2.9309164  0.00   -0.0055307    0.0214047    0.0026287
h     1.6174586   -2.6939117   -2.2332138  0.00    0.0015366   -0.0019978   -0.0023857
h     0.5662893   -1.6168493   -3.8556821  0.00    0.0089859   -0.0052381   -0.0156425
h    -0.8357241   -1.5578749   -2.8881607  0.00   -0.0145776   -0.0062366    0.0052505
    24
 Energy =       0.0755585792
c     0.0281316    2.4402425   -1.1178188  0.00   -0.0033358    0.0044516   -0.0059311
c    -0.0592318    2.6954626    0.2119735  0.00   -0.0018510    0.0050797   -0.0005498
c     0.4387551    1.8064005    1.1073602  0.00   -0.0007289    0.0061810    0.0076763
c     0.6402624    1.3058847   -1.5570806  0.00   -0.0002677   -0.0040975   -0.0074142
c     1.1544916    0.4052587   -0.6656718  0.00    0.0057380   -0.0080590    0.0013807
c     1.0404858    0.6606638    0.6742401  0.00    0.0023908   -0.0037926    0.0043746
o    -0.6542748    3.8733245    0.6612417  0.00   -0.0048497    0.0026585    0.0050362
h     0.0432128    4.6054406    0.7509018  0.00    0.0032173    0.0005627   -0.0012831
h     1.4325048   -0.0409744    1.4075905  0.00    0.0001833   -0.0001365    0.0020133
h     0.7210684    1.1232018   -2.6268437  0.00   -0.0003290   -0.0043418   -0.0028363
h    -0.3866209    3.1534581   -1.8242186  0.00   -0.0005450    0.0007251   -0.0018404
h     0.3494739    2.0169275    2.1706442  0.00   -0.0000747    0.0012693    0.0029472
c     1.8974575   -0.8227140   -1.1714025  0.00   -0.0030256   -0.0029665   -0.0006404
c     1.0010411   -1.8749279   -1.8569893  0.00    0.0141279   -0.0023749    0.0034069
h     2.4566977   -1.3123701   -0.3399537  0.00    0.0012433   -0.0014588    0.0013921
h     2.6690401   -0.4868912   -1.9019973  0.00    0.0022703    0.0011325   -0.0016351
c     0.0847867   -2.5892817   -0.8629346  0.00   -0.0166167    0.0105306   -0.0055159
o    -1.0493853   -1.9730966   -0.3360761  0.00   -0.0032784    0.0052700    0.0059155
o     0.4115839   -3.8900273   -0.4664577  0.00    0.0368893    0.0007311    0.0028509
h    -0.4393086   -4.3451079   -0.1107069  0.00   -0.0252959   -0.0166526   -0.0019280
n     0.2723514   -1.2597422   -2.9972868  0.00   -0.0034671    0.0141093    0.0011905
h     1.6748294   -2.6805083   -2.2421831  0.00    0.0013180   -0.0016130   -0.0016521
h     0.6692627   -1.6202122   -3.9051836  0.00    0.0056595   -0.0032507   -0.0102184
h    -0.7469153   -1.5351538   -2.9771883  0.00   -0.0093719   -0.0039577    0.0032605
    24
 Energy =       0.0725337805
c     0.0314748    2.4351540   -1.0770511  0.00   -0.0017947    0.0022515   -0.0044444
c    -0.0903338    2.6295014    0.2596682  0.00   -0.0008877    0.0023278    0.0002538
c     0.4006642    1.7100141    1.1258217  0.00   -0.0005675    0.0037499    0.0050445
c     0.6682255    1.3308639   -1.5517714  0.00    0.0001282   -0.0027765   -0.0052093
c     1.1781224    0.4038018   -0.6888474  0.00    0.0029918   -0.0050549   -0.0011493
c     1.0305414    0.5965996    0.6570284  0.00    0.0013039   -0.0023210    0.0032758
o    -0.7190912    3.7750407    0.7449982  0.00   -0.0041464    0.0018109    0.0033654
h    -0.0447577    4.5236553    0.8702012  0.00    0.0025968    0.0015586   -0.0003356
h     1.4135910   -0.1338185    1.3666786  0.00    0.0002387   -0.0003753    0.0017403
h     0.7655381    1.1879902   -2.6263340  0.00   -0.0001381   -0.0028073   -0.0023920
h    -0.3824855    3.1708180   -1.7599186  0.00   -0.0004446    0.0006376   -0.0013607
h     0.2812330    1.8700014    2.1950671  0.00   -0.0002322    0.0010445    0.0031708
c     1.9277709   -0.8037995   -1.2268464  0.00   -0.0015257   -0.0015708   -0.0007004
c     1.0169821   -1.8534475   -1.8926809  0.00    0.0068646   -0.0003739    0.0015847
h     2.5131556   -1.2944730   -0.4150550  0.00    0.0009719   -0.0010287    0.0009379
h     2.6743463   -0.4550476   -1.9758080  0.00    0.0014353    0.0006106   -0.0011792
c     0.0800932   -2.5203772   -0.8866905  0.00   -0.0058663    0.0065687   -0.0037602
o    -1.0759247   -1.8850460   -0.4339278  0.00   -0.0046774    0.0051006    0.0038412
o     0.3954121   -3.7936950   -0.4086487  0.00    0.0266542    0.0015472   -0.0014687
h    -0.4327728   -4.1913518    0.0480463  0.00   -0.0204524   -0.0139715    0.0030471
n     0.3163060   -1.2426206   -3.0491753  0.00   -0.0013526    0.0078620    0.0004496
h     1.6745181   -2.6823916   -2.2536719  0.00    0.0010845   -0.0012330   -0.0010083
h     0.7283852   -1.6084811   -3.9439168  0.00    0.0027237   -0.0015786   -0.0052496
h    -0.7012942   -1.5136335   -3.0532072  0.00   -0.0049079   -0.0019785    0.0015466
    24
 Energy =       0.0707265004
c     0.0468665    2.4376413   -1.0234787  0.00   -0.0008015    0.0010203   -0.0037746
c    -0.1151667    2.5639625    0.3169388  0.00   -0.0005359    0.0009017    0.0008214
c     0.3588640    1.6070077    1.1505044  0.00   -0.0003615    0.0017528    0.0036430
c     0.7041949    1.3629394   -1.5337555  0.00    0.0002083   -0.0013771   -0.0039009
c     1.1980586    0.4007298   -0.7023186  0.00    0.0015926   -0.0027486   -0.0023594
c     1.0117932    0.5250469    0.6461364  0.00    0.0006082   -0.0013438    0.0028630
o    -0.7716739    3.6769832    0.8384675  0.00   -0.0036537    0.0002598    0.0020059
h    -0.1136421    4.4299375    1.0165495  0.00    0.0024373    0.0025685    0.0003656
h     1.3780059   -0.2391668    1.3289564  0.00    0.0002972   -0.0006528    0.0017173
h     0.8259596    1.2678232   -2.6115633  0.00    0.0000350   -0.0015568   -0.0024223
h    -0.3565042    3.2018975   -1.6806937  0.00   -0.0003967    0.0006514   -0.0012612
h     0.2056661    1.7112483    2.2224024  0.00   -0.0003175    0.0006769    0.0033183
c     1.9509461   -0.7869088   -1.2750717  0.00   -0.0004565   -0.0009452   -0.0006532
c     1.0312850   -1.8258977   -1.9428567  0.00    0.0027409   -0.0003289    0.0005700
h     2.5505017   -1.2882084   -0.4811831  0.00    0.0005859   -0.0006057    0.0004712
h     2.6830033   -0.4215425   -2.0292083  0.00    0.0006552    0.0002166   -0.0006452
c     0.0770942   -2.4692778   -0.9397017  0.00   -0.0005744    0.0044710   -0.0029214
o    -1.1059360   -1.8389624   -0.5558383  0.00   -0.0043698    0.0043379    0.0019052
o     0.4037092   -3.7055740   -0.3838596  0.00    0.0158021   -0.0001814   -0.0021369
h    -0.3956258   -4.0529993    0.1480697  0.00   -0.0125136   -0.0090325    0.0040088
n     0.3559983   -1.2048074   -3.1071585  0.00    0.0019968    0.0064770    0.0027026
h     1.6783495   -2.6664849   -2.2925581  0.00    0.0005321   -0.0005649   -0.0004004
h     0.7271619   -1.6276623   -3.9946922  0.00    0.0030364   -0.0020922   -0.0049635
h    -0.6792093   -1.4024673   -3.0901283  0.00   -0.0065469   -0.0019039    0.0010464
    24
 Energy =       0.0698611566
c     0.1008551    2.4482689   -0.9859228  0.00   -0.0005062    0.0007731   -0.0020665
c    -0.0721906    2.5293014    0.3549651  0.00   -0.0004209    0.0005665    0.0002551
c     0.3824402    1.5382981    1.1583423  0.00   -0.0000119    0.0002946    0.0019251
c     0.7470464    1.3829360   -1.5268675  0.00   -0.0000854   -0.0001099   -0.0020754
c     1.2218713    0.3875688   -0.7249435  0.00    0.0005262   -0.0010543   -0.0008555
c     1.0265139    0.4674973    0.6236318  0.00    0.0003612   -0.0008818    0.0015123
o    -0.7231120    3.6294548    0.9072230  0.00   -0.0018893   -0.0000423    0.0006775
h    -0.0616543    4.3699406    1.1169748  0.00    0.0012544    0.0016099    0.0002919
h     1.3741175   -0.3267806    1.2813689  0.00    0.0003670   -0.0008144    0.0012179
h     0.8700950    1.3185728   -2.6059908  0.00   -0.0000111   -0.0006600   -0.0013045
h    -0.2892328    3.2388780   -1.6192900  0.00   -0.0003783    0.0006781   -0.0009155
h     0.2188432    1.6054616    2.2302550  0.00   -0.0001276    0.0002044    0.0017905
c     1.9435825   -0.8020149   -1.3313548  0.00    0.0004518   -0.0002879   -0.0001061
c     0.9837566   -1.8191250   -1.9768642  0.00    0.0003039    0.0007852   -0.0003037
h     2.5579937   -1.3182694   -0.5588305  0.00    0.0005662   -0.0002776    0.0004516
h     2.6584127   -0.4423585   -2.1041048  0.00    0.0004968   -0.0000126   -0.0004587
c     0.0238664   -2.4176090   -0.9513193  0.00   -0.0001034    0.0055461   -0.0039858
o    -1.1785671   -1.7893974   -0.6316105  0.00   -0.0035515    0.0038590    0.0006206
o     0.3709280   -3.5999097   -0.2964320  0.00    0.0100564   -0.0044212    0.0002285
h    -0.4051975   -3.8942462    0.2928380  0.00   -0.0073425   -0.0059850    0.0040932
n     0.3148915   -1.1847281   -3.1364246  0.00    0.0007734    0.0026246    0.0012093
h     1.5964090   -2.6853178   -2.3264779  0.00    0.0007236   -0.0008378   -0.0004748
h     0.7027111   -1.5829300   -4.0256657  0.00    0.0010796   -0.0009319   -0.0021690
h    -0.7146798   -1.3982343   -3.1395413  0.00   -0.0025324   -0.0006248    0.0004421
    24
 Energy =       0.0694332688
c     0.1428255    2.4582722   -0.9107567  0.00   -0.0002807    0.0007774   -0.0016545
c    -0.0525473    2.4770520    0.4292342  0.00   -0.0004202    0.0003998    0.0002352
c     0.3768050    1.4434702    1.1918294  0.00    0.0001097   -0.0005075    0.0016151
c     0.7842619    1.4113026   -1.4913891  0.00   -0.0001249    0.0005359   -0.0015799
c     1.2344053    0.3740232   -0.7294556  0.00    0.0005595   -0.0006161   -0.0006080
c     1.0178612    0.3923130    0.6177440  0.00    0.0002369   -0.0007695    0.0014067
o    -0.7021602    3.5563045    1.0219252  0.00   -0.0014363   -0.0003240    0.0001315
h    -0.0383510    4.2805459    1.2757279  0.00    0.0009795    0.0014846    0.0004747
h     1.3438785   -0.4375942    1.2419592  0.00    0.0003609   -0.0009500    0.0011048
h     0.9214599    1.3945473   -2.5708029  0.00    0.0000288    0.0000210   -0.0013227
h    -0.2280954    3.2826775   -1.5120173  0.00   -0.0004014    0.0008657   -0.0009548
h     0.1945895    1.4604672    2.2624410  0.00   -0.0001215   -0.0000977    0.0014875
c     1.9412220   -0.8007581   -1.3791286  0.00    0.0002785   -0.0003227   -0.0002941
c     0.9646358   -1.7911151   -2.0393252  0.00    0.0003778   -0.0005801    0.0001752
h     2.5596017   -1.3431185   -0.6280659  0.00    0.0003321   -0.0002890    0.0003550
h     2.6495681   -0.4253450   -2.1498016  0.00    0.0000673   -0.0000166   -0.0001628
c    -0.0050687   -2.3833385   -1.0203102  0.00    0.0007744    0.0018675   -0.0017153
o    -1.2353285   -1.7855376   -0.7560903  0.00   -0.0023415    0.0022674    0.0000737
o     0.3680878   -3.5147239   -0.3007482  0.00    0.0027670   -0.0028124    0.0005503
h    -0.3899581   -3.7731242    0.3201859  0.00   -0.0012264   -0.0013646    0.0010545
n     0.3125246   -1.1265366   -3.1917049  0.00    0.0020605    0.0022649    0.0013054
h     1.5611220   -2.6634910   -2.3981011  0.00    0.0000840   -0.0001669   -0.0000148
h     0.6573872   -1.5563971   -4.0836536  0.00    0.0011511   -0.0010364   -0.0016901
h    -0.7290269   -1.2746381   -3.1757369  0.00   -0.0038151   -0.0006305    0.0000273
    24
 Energy =       0.0693252757
c     0.1872604    2.4647751   -0.8821443  0.00   -0.0001066    0.0001109    0.0003576
c    -0.0050824    2.4619221    0.4566425  0.00    0.0000267    0.0000213   -0.0001869
c     0.4077318    1.4077352    1.1971590  0.00   -0.0000069    0.0000548   -0.0001685
c     0.8084703    1.4180611   -1.4837941  0.00    0.0000134   -0.0000816    0.0001698
c     1.2429457    0.3605321   -0.7436007  0.00   -0.0001012   -0.0000211    0.0003153
c     1.0295826    0.3575270    0.6023530  0.00    0.0000732   -0.0001128   -0.0003030
o    -0.6354365    3.5397869    1.0706687  0.00   -0.0000194    0.0002304   -0.0000102
h     0.0403284    4.2478780    1.3337982  0.00   -0.0000908   -0.0000916   -0.0000521
h     1.3422104   -0.4892213    1.2085280  0.00    0.0000377   -0.0000100   -0.0001015
h     0.9413726    1.4177817   -2.5626203  0.00   -0.0000121   -0.0000229    0.0002192
h    -0.1708786    3.3058949   -1.4657071  0.00   -0.0000382    0.0000291    0.0000713
h     0.2275304    1.4075296    2.2667090  0.00    0.0000243    0.0000278   -0.0002770
c     1.9239966   -0.8154830   -1.4163830  0.00    0.0002184    0.0000048    0.0001218
c     0.9216793   -1.7877097   -2.0642273  0.00   -0.0003994    0.0005563   -0.0001954
h     2.5486601   -1.3710787   -0.6808903  0.00    0.0000777    0.0000107    0.0000387
h     2.6232265   -0.4433268   -2.1968130  0.00    0.0000858   -0.0000421   -0.0000300
c    -0.0444228   -2.3614074   -1.0301969  0.00   -0.0001613    0.0020076   -0.0023354
o    -1.3018261   -1.8004230   -0.8197592  0.00   -0.0018057    0.0019680   -0.0004212
o     0.3624412   -3.4302407   -0.2359308  0.00    0.0018297   -0.0041985    0.0027987
h    -0.3906950   -3.6716284    0.3957701  0.00    0.0002565   -0.0000794    0.0000301
n     0.2697140   -1.1101922   -3.2086862  0.00   -0.0006033   -0.0003902   -0.0001957
h     1.4970401   -2.6713294   -2.4296826  0.00    0.0001461   -0.0001780   -0.0001425
h     0.5952531   -1.5438175   -4.1042112  0.00   -0.0001793    0.0001865    0.0002649
h    -0.7714020   -1.2383081   -3.1830228  0.00    0.0007346    0.0000198    0.0000318
    24
 Energy =       0.0693064026
c     0.2078078    2.4685285   -0.8872684  0.00    0.0000014    0.0000354   -0.0001249
c     0.0050375    2.4671048    0.4503908  0.00   -0.0000166    0.0000389    0.0000178
c     0.4023910    1.4091009    1.1941370  0.00    0.0000177   -0.0000707    0.0000972
c     0.8242737    1.4165367   -1.4843757  0.00   -0.0000183    0.0000706   -0.0000974
c     1.2436552    0.3552202   -0.7407061  0.00    0.0000397   -0.0000536   -0.0000540
c     1.0194730    0.3536421    0.6038627  0.00   -0.0000013   -0.0000340    0.0001160
o    -0.6200717    3.5504809    1.0598899  0.00   -0.0000872   -0.0000385   -0.0000175
h     0.0601793    4.2525540    1.3280937  0.00    0.0000691    0.0000617    0.0000203
h     1.3199031   -0.4959676    1.2124660  0.00    0.0000127   -0.0000590    0.0000734
h     0.9657453    1.4153370   -2.5624006  0.00    0.0000004    0.0000223   -0.0000875
h    -0.1380143    3.3129831   -1.4735973  0.00   -0.0000206    0.0000607   -0.0000703
h     0.2139368    1.4102813    2.2626012  0.00   -0.0000090   -0.0000177    0.0000931
c     1.9205216   -0.8259509   -1.4081187  0.00   -0.0000516   -0.0000071   -0.0000194
c     0.9157277   -1.7916481   -2.0610327  0.00    0.0001246   -0.0001303    0.0001019
h     2.5365321   -1.3852772   -0.6681477  0.00    0.0000164   -0.0000322    0.0000233
h     2.6271025   -0.4593369   -2.1845217  0.00    0.0000200    0.0000264   -0.0000234
c    -0.0591948   -2.3592623   -1.0318292  0.00    0.0002660   -0.0003793    0.0003064
o    -1.3263316   -1.8137788   -0.8483158  0.00   -0.0001936    0.0000074    0.0001623
o     0.3471996   -3.4085607   -0.2173247  0.00    0.0000289    0.0003852   -0.0004942
h    -0.4134665   -3.6507410    0.4053430  0.00   -0.0001611    0.0000113    0.0000467
n     0.2755423   -1.1101042   -3.2099869  0.00    0.0001708    0.0001509   -0.0000297
h     1.4874151   -2.6789775   -2.4223272  0.00   -0.0000074    0.0000173    0.0000347
h     0.6017574   -1.5487258   -4.1031421  0.00    0.0000535   -0.0000554   -0.0000683
h    -0.7674218   -1.2281810   -3.1897309  0.00   -0.0002545   -0.0000103   -0.0000065
    24
 Energy =       0.0693047367
c     0.2072264    2.4672595   -0.8857475  0.00    0.0000001    0.0000040   -0.0000126
c     0.0050871    2.4648785    0.4519281  0.00   -0.0000017    0.0000040    0.0000018
c     0.4031263    1.4065393    1.1946629  0.00    0.0000016   -0.0000074    0.0000105
c     0.8237489    1.4158805   -1.4838879  0.00   -0.0000016    0.0000071   -0.0000102
c     1.2438422    0.3542812   -0.7412110  0.00    0.0000031   -0.0000069   -0.0000055
c     1.0202452    0.3517044    0.6033611  0.00   -0.0000011   -0.0000053    0.0000116
o    -0.6201304    3.5475722    1.0624859  0.00   -0.0000091   -0.0000033   -0.0000011
h     0.0599219    4.2497037    1.3308658  0.00    0.0000070    0.0000061    0.0000023
h     1.3212856   -0.4982134    1.2111478  0.00    0.0000014   -0.0000063    0.0000077
h     0.9647772    1.4154189   -2.5619173  0.00    0.0000002    0.0000022   -0.0000091
h    -0.1391300    3.3119814   -1.4712496  0.00   -0.0000020    0.0000065   -0.0000072
h     0.2152256    1.4069574    2.2631553  0.00   -0.0000012   -0.0000018    0.0000099
c     1.9206947   -0.8262716   -1.4096741  0.00   -0.0000054   -0.0000010   -0.0000014
c     0.9157231   -1.7916577   -2.0627883  0.00    0.0000129   -0.0000101    0.0000138
h     2.5368663   -1.3860178   -0.6701857  0.00    0.0000013   -0.0000040    0.0000023
h     2.6270953   -0.4591841   -2.1859783  0.00    0.0000020    0.0000025   -0.0000025
c    -0.0610005   -2.3570175   -1.0338594  0.00    0.0000908    0.0000128   -0.0000880
o    -1.3347888   -1.8221123   -0.8654635  0.00   -0.0002293    0.0001516   -0.0000074
o     0.3501950   -3.3930631   -0.2041359  0.00    0.0001604   -0.0001651    0.0000871
h    -0.4120730   -3.6353087    0.4164196  0.00   -0.0000242    0.0000015    0.0000092
n     0.2783634   -1.1107584   -3.2136998  0.00    0.0000308    0.0000395    0.0000079
h     1.4870022   -2.6800852   -2.4220308  0.00    0.0000007   -0.0000007    0.0000031
h     0.6014754   -1.5542589   -4.1055320  0.00    0.0000184   -0.0000176   -0.0000292
h    -0.7650789   -1.2229709   -3.1927067  0.00   -0.0000551   -0.0000084    0.0000070
    24
 Energy =       0.0693046851
c     0.2071265    2.4671408   -0.8856333  0.00   -0.0000000    0.0000000   -0.0000000
c     0.0051108    2.4647413    0.4520509  0.00   -0.0000000    0.0000000   -0.0000000
c     0.4032671    1.4064194    1.1947282  0.00   -0.0000000    0.0000000    0.0000000
c     0.8236428    1.4157975   -1.4838414  0.00   -0.0000000    0.0000000   -0.0000000
c     1.2438489    0.3542156   -0.7412230  0.00   -0.0000000   -0.0000000    0.0000000
c     1.0203741    0.3516186    0.6033583  0.00   -0.0000000   -0.0000000    0.0000000
o    -0.6201045    3.5473947    1.0626768  0.00   -0.0000000    0.0000000   -0.0000000
h     0.0599309    4.2495520    1.3310118  0.00   -0.0000000    0.0000000   -0.0000000
h     1.3215121   -0.4982888    1.2110994  0.00   -0.0000000    0.0000000    0.0000000
h     0.9645820    1.4153530   -2.5618754  0.00    0.0000000   -0.0000000   -0.0000000
h    -0.1393208    3.3118490   -1.4710866  0.00   -0.0000000   -0.0000000   -0.0000000
h     0.2154719    1.4068234    2.2632307  0.00   -0.0000000    0.0000000    0.0000000
c     1.9206936   -0.8263019   -1.4097533  0.00    0.0000000    0.0000000    0.0000000
c     0.9157090   -1.7916619   -2.0628940  0.00    0.0000000    0.0000000    0.0000000
h     2.5368684   -1.3860803   -0.6702969  0.00    0.0000000    0.0000000    0.0000000
h     2.6270898   -0.4591849   -2.1860427  0.00    0.0000000    0.0000000    0.0000000
c    -0.0611507   -2.3568862   -1.0340049  0.00    0.0000007    0.0000001   -0.0000007
o    -1.3354130   -1.8231004   -0.8668663  0.00   -0.0000015    0.0000013    0.0000002
o     0.3503011   -3.3917839   -0.2031728  0.00    0.0000010   -0.0000015    0.0000005
h    -0.4121043   -3.6341364    0.4171518  0.00   -0.0000001    0.0000000    0.0000000
n     0.2785620   -1.1108034   -3.2139386  0.00    0.0000000    0.0000000   -0.0000000
h     1.4869571   -2.6801618   -2.4220003  0.00    0.0000000   -0.0000000    0.0000000
h     0.6016174   -1.5544811   -4.1056766  0.00    0.0000000   -0.0000000   -0.0000000
h    -0.7648721   -1.2227767   -3.1930433  0.00   -0.0000000   -0.0000000    0.0000000
    24
 Energy =       0.0693046851
c     0.2071284    2.4671376   -0.8856268  0.00   -0.0000000    0.0000000   -0.0000000
c     0.0051126    2.4647322    0.4520575  0.00   -0.0000000    0.0000000   -0.0000000
c     0.4032671    1.4064061    1.1947298  0.00   -0.0000000   -0.0000000    0.0000000
c     0.8236433    1.4157962   -1.4838398  0.00   -0.0000000   -0.0000000   -0.0000000
c     1.2438481    0.3542107   -0.7412261  0.00   -0.0000000   -0.0000000   -0.0000000
c     1.0203726    0.3516073    0.6033551  0.00   -0.0000000   -0.0000000   -0.0000000
o    -0.6201011    3.5473835    1.0626885  0.00   -0.0000000    0.0000000   -0.0000000
h     0.0599353    4.2495387    1.3310265  0.00   -0.0000000    0.0000000   -0.0000000
h     1.3215098   -0.4983035    1.2110921  0.00    0.0000000   -0.0000000    0.0000000
h     0.9645832    1.4153565   -2.5618738  0.00   -0.0000000   -0.0000000   -0.0000000
h    -0.1393173    3.3118492   -1.4710761  0.00   -0.0000000    0.0000000   -0.0000000
h     0.2154721    1.4068055    2.2632324  0.00   -0.0000000    0.0000000    0.0000000
c     1.9206923   -0.8263041   -1.4097611  0.00   -0.0000000   -0.0000000    0.0000000
c     0.9157065   -1.7916620   -2.0629029  0.00   -0.0000000    0.0000000    0.0000000
h     2.5368674   -1.3860851   -0.6703066  0.00   -0.0000000   -0.0000000    0.0000000
h     2.6270881   -0.4591852   -2.1860500  0.00    0.0000000   -0.0000000   -0.0000000
c    -0.0611584   -2.3568802   -1.0340140  0.00    0.0000000    0.0000000   -0.0000000
o    -1.3354661   -1.8231765   -0.8669669  0.00   -0.0000000    0.0000000   -0.0000000
o     0.3503302   -3.3916915   -0.2030938  0.00    0.0000000   -0.0000000    0.0000000
h    -0.4120845   -3.6340547    0.4172154  0.00   -0.0000000    0.0000000    0.0000000
n     0.2785707   -1.1108042   -3.2139545  0.00    0.0000000    0.0000000    0.0000000
h     1.4869531   -2.6801655   -2.4220022  0.00    0.0000000   -0.0000000    0.0000000
h     0.6016126   -1.5545015   -4.1056876  0.00    0.0000000   -0.0000000   -0.0000000
h    -0.7648658   -1.2227519   -3.1930565  0.00   -0.0000000   -0.0000000    0.0000000
