$grad          cartesian gradients
  cycle =      1    UFF energy =      0.4400594004   |dE/dxyz| =  1.497281
   -7.01729009392409      3.20319916480816      0.59970836510224      c       
   -4.71726663311957      4.97852126984908      0.45731372215944      c       
   -9.36652202301386      4.52101857507718     -0.40736826068558      c       
   -9.84541641751652      6.14695782996644      0.78298912247744      h       
  -10.99932098373551      3.24857148906042     -0.40586592841650      h       
   -9.08655909765055      5.22541398803144     -2.33354720225538      h       
   -6.44356924248771      0.85406928092912     -0.85967231888863      n       
   -7.28973190931139      2.67910252140445      2.58312333153470      h       
   -4.90639042367212      1.21299630213604     -1.98364551301967      h       
   -5.81077555239552     -0.49569405975059      0.37588542344931      h       
   -2.65326996528081      4.56790268022915      1.39463488750894      o       
   -5.26009046241832      7.09509011847493     -0.89534656866932      o       
   -7.08881622774117      6.98110183863751     -1.27332580866471      h       
  -.61708469439396D-01  0.67473137400147D-01  -.13457178786599D-01
  0.18778318587562D+00  -.28162709785019D-01  0.53988858347618D-01
  0.37510427829986D+00  0.39983503844146D+00  -.13461577130282D+00
  0.34441564379435D-01  0.30589351063014D-02  -.30004802653147D-01
  0.51054895965211D-02  0.89990442070470D-02  0.41284731162031D-03
  0.46164316989824D+00  0.40707985941353D+00  0.25601311169849D+00
  0.42669953902934D-01  -.31322139137326D-01  -.61071740668743D-02
  0.28870362974093D-02  -.55310673676179D-02  -.14425585911576D-01
  -.13123833944540D-01  0.81019750619163D-02  0.23066423297987D-01
  -.59275362831064D-02  0.16678225017867D-01  -.12085632819927D-01
  -.13812382995173D+00  0.29024233052345D-01  -.63013060715904D-01
  -.58789911065071D-01  -.38454360001077D-01  -.31857188448519D-04
  -.83196109756618D+00  -.83678017140957D+00  -.59740177210421D-01
  cycle =      2    UFF energy =      0.4062998592   |dE/dxyz| =  1.367433
   -7.01837652621951      3.23388854564612      0.61780679391228      c       
   -4.74415496620850      5.03567487087408      0.45011063594542      c       
   -9.37561055391199      4.45473120233140     -0.53603051626936      c       
   -9.94961551422719      6.09656793674861      0.59143323857104      h       
  -10.96433019945328      3.12139770997462     -0.55178563616224      h       
   -9.12734849362249      5.20192383717306     -2.45083314731360      h       
   -6.37958677560742      0.80216835034914     -0.67756596730418      n       
   -7.35321034871075      2.84051867255093      2.62929322581776      h       
   -4.83518903679326      1.11181168143792     -1.81325823829784      h       
   -5.70697241331421     -0.42784608090970      0.67588542344931      h       
   -2.63924747397015      4.64019985728058      1.37570804069591      o       
   -5.30032037057380      7.16079151048335     -0.88348598450112      o       
   -7.09105635965508      6.94642290491312     -1.39239461691122      h       
  -.55347525584633D-01  0.62971448493870D-01  -.11423699717813D-01
  0.17030291658098D+00  -.25142817824452D-01  0.49184471667977D-01
  0.34174744374380D+00  0.36509471428178D+00  -.12404841475603D+00
  0.31000076991670D-01  0.36128244762042D-02  -.27189890055571D-01
  0.42925841705399D-02  0.79238218800059D-02  0.39232668776506D-03
  0.42071665602420D+00  0.37142708296823D+00  0.23352018203595D+00
  0.37961558387225D-01  -.29239200762430D-01  -.95547257990337D-02
  0.24985349084404D-02  -.50428731136558D-02  -.11512699552247D-01
  -.11649411643853D-01  0.71906496680056D-02  0.20720886921170D-01
  -.41042749397211D-02  0.12864127093937D-01  -.84750747032684D-02
  -.12535914952594D+00  0.26434796058936D-01  -.57334693305649D-01
  -.50040271357486D-01  -.34296154486324D-01  0.80351084446231D-03
  -.76201913775521D+00  -.76379841873411D+00  -.55082180267721D-01
  cycle =      3    UFF energy =      0.3928914936   |dE/dxyz| =  1.329662
   -7.01053173141386      3.20542117627220      0.58794540842672      c       
   -4.70437286838862      4.95795709494495      0.43335569253258      c       
   -9.36030684575544      4.55039428810271     -0.40263201051932      c       
   -9.83954387645628      6.16956425479619      0.81259849246760      h       
  -10.99778930454478      3.27320769106244     -0.41388805146075      h       
   -9.08965504676654      5.26879450196122     -2.31233165660272      h       
   -6.48908473619358      0.83561291369181     -0.87500428908649      n       
   -7.26880230835790      2.70201405750659      2.59324003898642      h       
   -4.94632009536375      1.15164363162649     -2.01363938917800      h       
   -5.88372425222746     -0.54383429596329      0.37588542344931      h       
   -2.62784292718268      4.49845828349698      1.41694349435204      o       
   -5.20003605213777      7.10247734973698     -0.90492037848081      o       
   -7.06700898747807      7.04654005161872     -1.26266952325471      h       
  -.52911190842933D-01  0.62905524036114D-01  -.99110286600819D-02
  0.16477931645888D+00  -.24007749618817D-01  0.47800627583969D-01
  0.33045620633998D+00  0.35492086731488D+00  -.12174514940259D+00
  0.29488696840440D-01  0.44368229996164D-02  -.25685153728206D-01
  0.38128539364135D-02  0.74569348771362D-02  0.36738316983833D-03
  0.40832479114881D+00  0.35975784275532D+00  0.22651834961604D+00
  0.36018556342245D-01  -.28570975087389D-01  -.14029103715474D-01
  0.24480278785749D-02  -.48463279884597D-02  -.97129394676027D-02
  -.11243778756357D-01  0.67588454248928D-02  0.20007765379340D-01
  -.24596956417626D-02  0.91328928721862D-02  -.56095410341701D-02
  -.12109118502267D+00  0.25410004599777D-01  -.55235060319367D-01
  -.41749081134546D-01  -.32742697741606D-01  0.12672663434441D-02
  -.74587351754707D+00  -.74061198444365D+00  -.54033415765136D-01
  cycle =      4    UFF energy =      0.3666645497   |dE/dxyz| =  1.223974
   -7.00043313164516      3.24730262239607      0.61415664823355      c       
   -4.67547203378296      4.96241113455995      0.31402221042498      c       
   -9.35773141533297      4.54286849686124     -0.45561537272292      c       
   -9.88498064643797      6.16506469102491      0.73509982082524      h       
  -10.97203938610459      3.23249887132312     -0.47557732312540      h       
   -9.10346145245863      5.29364444225823     -2.36625548645082      h       
   -6.53309260224042      0.76597849557434     -0.67677374481158      n       
   -7.24630775051974      2.90479399470230      2.66215035919542      h       
   -5.01224878911841      0.96324971474736     -1.88058559496058      h       
   -5.91735953405314     -0.51984572614296      0.67588542344931      h       
   -2.56984201605120      4.54263500013512      1.31054854571644      o       
   -5.15621677574094      7.05142402280181     -1.11825309890400      o       
   -7.05583349878086      7.06622523861243     -1.30391913523770      h       
  -.48824151007736D-01  0.59397592888557D-01  -.83775129211887D-02
  0.15074090737337D+00  -.20969549586646D-01  0.44177219433698D-01
  0.30346679992447D+00  0.32616239135315D+00  -.11224771018290D+00
  0.27092592954061D-01  0.42752458766204D-02  -.23574611864426D-01
  0.34067139795617D-02  0.67363180125463D-02  0.35200684515608D-03
  0.37501789831968D+00  0.33076405302563D+00  0.20791852572613D+00
  0.31043495882736D-01  -.28592269967655D-01  -.15009871332738D-01
  0.19531913238043D-02  -.46499178646518D-02  -.69440027122976D-02
  -.87166795626722D-02  0.62281211878037D-02  0.16666574121523D-01
  -.17212496536790D-02  0.68127028766493D-02  -.33958361466644D-02
  -.11064706142154D+00  0.23235195357420D-01  -.50511235739061D-01
  -.33436990974833D-01  -.28357239730910D-01  0.50246650142433D-03
  -.68937546713722D+00  -.68104264342851D+00  -.49556011728654D-01
  cycle =      5    UFF energy =      0.3532283593   |dE/dxyz| =  1.183106
   -7.00711924721008      3.20528399193073      0.58107883696628      c       
   -4.69801063030707      4.95621418621612      0.42450114979816      c       
   -9.35138258924094      4.56354288776607     -0.40503535761416      c       
   -9.83146876240312      6.17170629447772      0.82938281792425      h       
  -10.98915474283679      3.28069619857401     -0.42755582342151      h       
   -9.08918049693306      5.29770565588961     -2.30612992377305      h       
   -6.52275093222441      0.82100972910303     -0.88741807256709      n       
   -7.26556773745454      2.71155690852519      2.60451486468130      h       
   -4.96783341805135      1.10709377080113     -2.03775406403701      h       
   -5.95706200910222     -0.58282975275682      0.37588542344931      h       
   -2.60946963157281      4.46495374941153      1.44899310304880      o       
   -5.15391486186107      7.12745849835996     -0.90434025514201      o       
   -7.04210397307296      7.09385888055517     -1.26123944768117      h       
  -.47352878488833D-01  0.58855240325408D-01  -.74114764133877D-02
  0.14484072623982D+00  -.19701551743276D-01  0.43354954228872D-01
  0.29269216007304D+00  0.31512179177736D+00  -.10878562840795D+00
  0.26053645574999D-01  0.43587715398604D-02  -.22548843408393D-01
  0.32061174554153D-02  0.64276058352443D-02  0.33845863668865D-03
  0.36178988826622D+00  0.31879282781179D+00  0.20062688067877D+00
  0.28375510359166D-01  -.29269343562273D-01  -.17472218586922D-01
  0.16677741680725D-02  -.48495063965641D-02  -.50177983963760D-02
  -.73662849781279D-02  0.62337756873694D-02  0.14950297215260D-01
  -.10219972067040D-02  0.44786894762931D-02  -.12675696339795D-02
  -.10616575993774D+00  0.22096404165951D-01  -.48620423465400D-01
  -.27996945611982D-01  -.24910474020525D-01  0.21253082054353D-03
  -.66872195591335D+00  -.65763423089664D+00  -.48359163267723D-01
  cycle =      6    UFF energy =      0.2724007574   |dE/dxyz| =  0.869496
   -7.00572910337925      3.16551337108762      0.53634883957699      c       
   -4.72376527033771      4.93569845558031      0.52400829231697      c       
   -9.33182903585263      4.58938444502636     -0.36921236002425      c       
   -9.78172807302465      6.16554363895527      0.92644711066374      h       
  -10.98452355541021      3.31479953632687     -0.42030348469091      h       
   -9.06516376593259      5.33034499653628     -2.24798838959146      h       
   -6.55610871664725      0.89436364498678     -1.09253342558243      n       
   -7.27943335538752      2.55039590001851      2.53396914279208      h       
   -4.93048449503068      1.18515085271113     -2.16320615216958      h       
   -6.14212617115937     -0.65914864043889      0.07588542344931      h       
   -2.61164212386270      4.32738839131120      1.62396812255213      o       
   -5.10635398163532      7.22395129765432     -0.66457053521708      o       
   -6.96613138461052      7.19486510909774     -1.22792933244335      h       
  -.32909928627002D-01  0.42812988207393D-01  -.51419838190951D-02
  0.98258557173937D-01  -.14375116158547D-01  0.30075302796320D-01
  0.21589849939727D+00  0.23279362058637D+00  -.81623545125202D-01
  0.19005768656145D-01  0.34118914996299D-02  -.16007121173397D-01
  0.21682478643360D-02  0.43239741447601D-02  0.17812155185559D-03
  0.26473897307236D+00  0.23189319825435D+00  0.14855892280318D+00
  0.17077553451534D-01  -.19098298526258D-01  -.16950193009590D-01
  0.10317938231617D-02  -.36593486964124D-02  -.22230287726175D-02
  -.37940527862494D-02  0.51228638823394D-02  0.95581002199126D-02
  0.39702378287356D-03  -.19039932970821D-02  0.30717069619543D-02
  -.72145472438170D-01  0.13783479487168D-01  -.32535309486836D-01
  -.13582546785138D-01  -.12647889967388D-01  0.89061970223139D-03
  -.49614441658506D+00  -.48245736941632D+00  -.37851592648715D-01
  cycle =      7    UFF energy =      0.1807721344   |dE/dxyz| =  0.488345
   -6.99025208970583      3.17107762265032      0.52627275538839      c       
   -4.73474934033024      4.96096652667558      0.53810067451294      c       
   -9.33548556524994      4.57327448076539     -0.40524654088257      c       
   -9.83459581456802      6.13021873304494      0.90291995148700      h       
  -10.96134537057710      3.25174194272286     -0.49679730533158      h       
   -9.07059523289551      5.36270183530940     -2.28584009748377      h       
   -6.57778186186249      0.92541304251176     -1.10508922829770      n       
   -7.27483644056958      2.57665776778799      2.53125031081377      h       
   -4.81627640584013      1.05840137903716     -2.02999019459762      h       
   -6.44212617115937     -0.70597781363556      0.05072813051605      h       
   -2.55521746486366      4.31797686546392      1.70490566689380      o       
   -5.03232705521595      7.28213280423015     -0.63137470372954      o       
   -6.85943021943262      7.31366581228957     -1.26495616765697      h       
  -.13611348366651D-01  0.19341791145304D-01  -.28814713813350D-02
  0.41011985622984D-01  -.62051968095573D-02  0.12063948185909D-01
  0.12260928384073D+00  0.13187119767735D+00  -.47317512325382D-01
  0.10627680682705D-01  0.22860017729368D-02  -.89817567076128D-02
  0.76638024077617D-03  0.15530342150255D-02  0.27488397473518D-04
  0.14865757350347D+00  0.13145888963706D+00  0.83538715175665D-01
  -.92054992693178D-03  -.13242946828511D-02  -.97559159157431D-02
  0.40009571690664D-03  -.13875840027581D-02  -.79902477118097D-03
  0.53925090243640D-02  0.29921079172632D-02  0.86192522284869D-03
  0.10247316470397D-02  -.86836139237457D-02  0.72105617051326D-02
  -.30288164419448D-01  0.54970314932562D-02  -.13051411960908D-01
  -.50806890405613D-02  -.50110056574913D-02  0.56076981881334D-03
  -.28058948852538D+00  -.27238835878180D+00  -.21476315443680D-01
  cycle =      8    UFF energy =      0.1300181182   |dE/dxyz| =  0.276042
   -6.99726434850841      3.13663213998530      0.52303370860899      c       
   -4.76737012856810      4.95697811537036      0.62541930763571      c       
   -9.37114397070807      4.52083214711103     -0.36724966769185      c       
   -9.89262642263808      6.03928315079844      0.98252800181900      h       
  -10.97331745028852      3.16716663827539     -0.48931161941640      h       
   -9.11483024510459      5.36221382612873     -2.24226453529164      h       
   -6.56856197756974      0.96901911217383     -1.19088558969768      n       
   -7.29228925060501      2.46421194950766      2.50462017052518      h       
   -4.93876904997393      1.25988602190791     -2.32999019459762      h       
   -6.19413585302963     -0.66932888968061     -0.09639226114212      h       
   -2.58602042130772      4.29578504033041      1.86563115716680      o       
   -4.99905918374066      7.30632810314683     -0.52027239548250      o       
   -6.78963073022799      7.40924364379819     -1.22998283080367      h       
  -.60540663824211D-02  0.91683374699550D-02  -.13220399259126D-02
  0.17450660277007D-01  -.23062290603313D-02  0.49731113279909D-02
  0.69532924846266D-01  0.74357195462503D-01  -.26820306301136D-01
  0.59433364207843D-02  0.15477783952750D-02  -.48264103880202D-02
  0.21699922881819D-03  0.51148891760376D-03  0.11163263554535D-04
  0.84046681465932D-01  0.74517562848247D-01  0.46807233110353D-01
  -.94317729609982D-02  0.31329309193339D-02  -.36373205008453D-02
  -.49400260142773D-04  -.61721496075482D-03  0.24720729218228D-03
  0.10729337802059D-01  0.22007488963890D-02  -.55145488129107D-02
  0.10740263082544D-02  -.95092693774091D-02  0.72551361241813D-02
  -.12571970398057D-01  0.22254498050664D-02  -.49438717809669D-02
  -.11936866731643D-02  -.18509675533087D-02  0.56775870346866D-03
  -.15969306967434D+00  -.15337781176257D+00  -.12797112111939D-01
  cycle =      9    UFF energy =      0.0836905138   |dE/dxyz| =  0.085682
   -7.01822018534915      3.12780722481169      0.53113703113755      c       
   -4.75742800629057      4.92474409518063      0.63198529765682      c       
   -9.44778727749051      4.46714334658950     -0.28512320361525      c       
  -10.00497651580639      5.92865301905266      1.12006347604247      h       
  -11.01115512098017      3.06802831772902     -0.45310415162719      h       
   -9.17396274393607      5.37172015491561     -2.15599572291453      h       
   -6.63643997246626      0.98928977043481     -1.20934367898768      n       
   -7.27309153399936      2.42465364954889      2.50628855375053      h       
   -5.23876904997393      1.41589311295119     -2.58862700880069      h       
   -5.94447596296994     -0.57840975786078     -0.17460174179215      h       
   -2.46888136086308      4.06593354989811      1.65012127100105      o       
   -4.88666222575003      7.35593926364734     -0.38770911402543      o       
   -6.62316907639502      7.65685525195482     -1.15020775619331      h       
  0.20228551716382D-02  -.87442814620869D-03  -.61666273305713D-03
  -.11700064853424D-01  0.32271806762113D-02  -.93539832789818D-03
  0.17715165168772D-01  0.19490711969038D-01  -.63805499621119D-02
  0.12177753577806D-02  0.85091452669834D-03  -.65624415332133D-03
  -.23826592429418D-03  -.45760866627350D-03  -.24922171135045D-04
  0.27705801057146D-01  0.23316993404265D-01  0.12295158187531D-01
  -.12045061563624D-01  0.63989898250532D-02  0.10125076271420D-02
  -.89479044860838D-04  0.19646362980896D-03  0.22907803035422D-03
  0.94606464474749D-02  0.20248530659620D-02  -.76077691763960D-02
  0.15780409411152D-02  -.78174380098646D-02  0.61621818461452D-02
  0.10747466667556D-01  -.49495536012673D-02  0.30321753791338D-02
  0.32143190935822D-02  0.19958021521084D-02  -.58149334380884D-04
  -.49589198518864D-01  -.43402880825531D-01  -.64514052120059D-02
  cycle =     10    UFF energy =      0.0760858654   |dE/dxyz| =  0.056190
   -7.06658173552460      3.16156552894419      0.58606969507053      c       
   -4.81195098869893      4.97224515611231      0.71328649805779      c       
   -9.47065641191132      4.41277493150704     -0.44745102523254      c       
  -10.11574432578075      5.97240346412665      0.82006347604247      h       
  -11.00957080833809      2.98483904119212     -0.59399682537344      h       
   -9.09921492955131      5.17482281675468     -2.37346237554941      h       
   -6.55826019189495      0.92008236887073     -0.99708694326352      n       
   -7.42957741477462      2.56719540254824      2.58543330437027      h       
   -5.28266663983124      1.38296997252180     -2.47010076394099      h       
   -5.65906040874068     -0.49160687894433      0.11649258925035      h       
   -2.59890320527355      4.17453358942244      1.92125040575356      o       
   -4.85795934453498      7.34389458607766     -0.45968514938620      o       
   -6.52487262741421      7.64253101972059     -1.36592963416608      h       
  0.23064143356418D-02  0.20600541806497D-02  0.11549244577165D-02
  -.76828572251819D-02  0.82161839335054D-03  -.23279789595546D-03
  0.87014590584431D-02  0.10768129611614D-01  -.40294900370609D-02
  -.19310144625082D-03  0.23823951672096D-02  0.11272965231043D-02
  -.23066184146553D-03  -.38002693091705D-03  -.16283008163042D-03
  0.17679665178807D-01  0.15075715265149D-01  0.55098065606720D-02
  -.10672861186870D-01  0.42002637024272D-02  -.46605287072568D-02
  -.30928316740395D-03  -.15714646284081D-04  0.19889158330114D-02
  0.69377153130656D-02  0.28804614283938D-02  -.56811665889079D-02
  0.42044477728117D-02  -.10648448919125D-01  0.78953164805305D-02
  0.89216622784235D-02  -.45897514376615D-02  0.32130683762057D-02
  0.29053234686668D-02  0.27625076470561D-02  -.36743610167744D-03
  -.32567922538687D-01  -.25317203461863D-01  -.57550788187515D-02
  cycle =     11    UFF energy =      0.0703293034   |dE/dxyz| =  0.030529
   -7.04969285863003      3.15674059006934      0.57902545545840      c       
   -4.86931330448588      5.06256532081195      0.74883910431001      c       
   -9.51318929539045      4.27744393998034     -0.45568370050991      c       
  -10.21110883152717      5.83023836453857      0.78354379081577      h       
  -10.99110043898289      2.78024406791305     -0.55460249411789      h       
   -9.20022337787603      5.01296264438842     -2.39895360025827      h       
   -6.42158353432102      0.94644529666865     -0.99774883802576      n       
   -7.40038785411094      2.53223926931414      2.56781908886142      h       
   -5.26383581997641      1.49430861437783     -2.52893994664022      h       
   -5.35906040874068     -0.36230320254413      0.08172913167702      h       
   -2.69166425401674      4.37417309027644      2.06449333426994      o       
   -4.94037784603676      7.41736450980625     -0.44941634794056      o       
   -6.57348120817423      7.69582849325329     -1.40522172626715      h       
  0.76331907878013D-03  0.12631912252889D-02  0.86150768627672D-03
  -.39270508284494D-02  0.11862140259421D-02  -.77493024202452D-03
  0.41378948895451D-02  0.56039997993652D-02  -.19041721772238D-02
  -.53473255582259D-04  0.11699947423660D-02  0.49036384476844D-03
  -.65854455103932D-03  -.66855056049382D-03  -.11431447924118D-03
  0.94650804325320D-02  0.80478506565175D-02  0.30131470141120D-02
  -.75116175643676D-02  0.26629298686945D-02  -.25272145237071D-02
  -.28721452921715D-03  -.12552206876529D-04  0.86963184474460D-03
  0.46313654574086D-02  0.20566013842297D-02  -.40130904965886D-02
  0.33181554875594D-02  -.75330331755779D-02  0.52339522043039D-02
  0.53669312056646D-02  -.23451672532809D-02  0.20062221409081D-02
  0.14093863247967D-02  0.11126973780396D-02  -.37029286631554D-04
  -.16654232147631D-01  -.12544175884214D-01  -.31040735296970D-02
  cycle =     12    UFF energy =      0.0682764613   |dE/dxyz| =  0.022523
   -7.01840937304024      3.15710428886662      0.58435397719116      c       
   -4.94399590085334      5.18356257511455      0.76590063965846      c       
   -9.54507319936559      4.12153866888682     -0.46101587587872      c       
  -10.30790389056709      5.67809489827522      0.73381561913050      h       
  -10.94815080694752      2.54814821112582     -0.49497472161752      h       
   -9.29269876358293      4.80234406093340     -2.43307190936967      h       
   -6.25447048802427      0.97784990650768     -0.97591450353428      n       
   -7.34172737998631      2.51792662686569      2.57228645919047      h       
   -5.18936893750871      1.59450500742988     -2.54493126006092      h       
   -5.05906040874068     -0.22163214850933      0.08935987576900      h       
   -2.77422994604849      4.63681112333692      2.15815615181950      o       
   -5.09506151124108      7.51007519167221     -0.48207987168470      o       
   -6.71486842636311      7.71192258834834     -1.47700132898060      h       
  0.15471155374136D-03  0.97996265370436D-03  0.12632162655869D-02
  -.29636311578651D-02  0.13178729422178D-02  -.92487723056642D-03
  0.21271653883166D-02  0.40653161039006D-02  -.12487920141072D-02
  -.12962930277803D-03  0.11055959712362D-02  0.46328694756970D-03
  -.11362018055635D-02  -.12196567567699D-02  -.14896973878492D-03
  0.60213735095009D-02  0.53010764596677D-02  0.15246621687218D-02
  -.68264213237946D-02  0.14853266842846D-02  -.24204206335687D-02
  -.27632843645524D-03  -.12686819994721D-03  0.59034303512888D-03
  0.37764629556666D-02  0.19548235002945D-02  -.35461339838504D-02
  0.38348314974969D-02  -.68969205272436D-02  0.46532605914696D-02
  0.51805660777661D-02  -.18170248642336D-02  0.23126332017843D-02
  0.15455894255266D-02  0.13439186767879D-02  0.30447872238299D-05
  -.11308488381559D-01  -.74934226438992D-02  -.25212533966073D-02
  cycle =     13    UFF energy =      0.0663577465   |dE/dxyz| =  0.016324
   -7.03533987455997      3.13190187924136      0.56559395538136      c       
   -5.02117818628020      5.20269205386423      0.91411228773821      c       
   -9.55550045815140      4.04190352572734     -0.54362000560799      c       
  -10.37822944623432      5.58373948164132      0.62753670767520      h       
  -10.92153061893326      2.44032479694229     -0.59350046227753      h       
   -9.29144915257798      4.71178593345544     -2.51740127654546      h       
   -6.13717990393284      1.02965496513299     -1.02559934620572      n       
   -7.41826522994802      2.41341874732032      2.51720932207609      h       
   -5.19455411028256      1.74566578568575     -2.62929476715408      h       
   -4.79245389349447     -0.04635387749945     -0.01029390191926      h       
   -2.94944778361484      4.68986147998808      2.45815615181950      o       
   -5.11885198246708      7.53724466544919     -0.31785044930345      o       
   -6.67103839179239      7.73641156190502     -1.41016496404413      h       
  -.14772799382581D-02  0.13686674763392D-02  0.33791028723807D-03
  -.20833059590082D-02  0.14170622122172D-02  -.13149062892191D-02
  0.80064522848469D-03  0.14462937153903D-02  -.88894033330530D-03
  -.18943652937168D-03  0.60844957254638D-03  0.35567319511764D-03
  -.56438562047219D-03  -.63294571585646D-03  -.30572386520208D-04
  0.29015606382408D-02  0.25429569621388D-02  0.66163880994428D-03
  -.65386690969953D-02  0.43918451992053D-03  -.16825414461606D-02
  -.56289185182091D-03  -.29655177708735D-04  0.10854482059514D-02
  0.30928682666371D-02  0.20314213486049D-02  -.36612671903057D-02
  0.44659817242628D-02  -.56931984690876D-02  0.38455480791548D-02
  0.47882891325482D-02  -.73602238625085D-03  0.23492734039354D-02
  0.19778701642133D-02  0.68587886058587D-03  0.71572457989184D-03
  -.66112461584605D-02  -.34480929188395D-02  -.17729889157224D-02
  cycle =     14    UFF energy =      0.0658298504   |dE/dxyz| =  0.012524
   -7.07393185996090      3.09573848133804      0.52789423690937      c       
   -5.07625292822522      5.14478082612413      1.08602020405470      c       
   -9.53473126931235      4.04833396172836     -0.68281881584054      c       
  -10.41537547701573      5.55154735099727      0.49657759164766      h       
  -10.90039201719868      2.45160852911072     -0.85153193685574      h       
   -9.17462916238213      4.77956463504890     -2.62356368172842      h       
   -6.08398601345543      1.06269305239440     -1.09674295852348      n       
   -7.56370062908031      2.29083513004689      2.42506041172275      h       
   -5.16132344905056      1.84643718950583     -2.67622695482861      h       
   -4.70548743771319      0.02916774290854     -0.09424394755941      h       
   -3.09017478783538      4.54561667798247      2.70869885556029      o       
   -5.10351804891798      7.54860104266333     -0.01785044930345      o       
   -6.60151595212112      7.82332637900536     -1.16638930362246      h       
  -.17262258374754D-02  0.52370276484164D-03  -.38539136394119D-05
  -.13126314193904D-02  0.33001439964203D-03  -.55485549516791D-03
  0.53632525669364D-04  0.49911768336550D-03  -.54924518236109D-03
  -.23847593278868D-03  0.53536811356190D-03  0.55911094993371D-03
  -.11035451525755D-02  -.10434925012140D-02  -.13038185202401D-03
  0.19244757656010D-02  0.17764771012532D-02  -.69540498270409D-03
  -.43336352841845D-02  -.52799154769660D-03  -.15349536641078D-02
  -.80553444571190D-03  -.41237178857812D-03  0.21111718573973D-02
  0.21783676306141D-02  0.13779910595387D-02  -.27446315337480D-02
  0.29294159959421D-02  -.36598515287679D-02  0.23392716830787D-02
  0.45234554590307D-02  -.43022271708579D-03  0.24684544751195D-02
  0.28213151984936D-02  0.27130563796636D-02  0.47660514911160D-03
  -.49106145032245D-02  -.16817974185240D-02  -.17412874908884D-02
  cycle =     15    UFF energy =      0.0659847523   |dE/dxyz| =  0.012002
   -7.07803132106816      3.08949900919634      0.51271715834850      c       
   -5.11448573954391      5.15597876685227      1.12834075988680      c       
   -9.51168815791676      4.01237958161590     -0.77578488804892      c       
  -10.46172683951225      5.48638809269127      0.38838695404360      h       
  -10.84394667325115      2.39445230632785     -1.00908093990475      h       
   -9.09245722617400      4.77024435937078     -2.69569571861346      h       
   -6.01970233083174      1.06300820331053     -1.07736707924595      n       
   -7.61527521607461      2.28254322748908      2.39572009255732      h       
   -5.08206940795799      1.85245514014617     -2.64429505572713      h       
   -4.64115343428663      0.06302639937893     -0.04234300030505      h       
   -3.10787809780445      4.53353278835933      2.71576887946734      o       
   -5.19975257469987      7.60604158115134      0.12700518347548      o       
   -6.71685201314769      7.90870154296481     -0.98848909430141      h       
  -.14799705021970D-02  0.49261777968871D-03  0.32576660655401D-03
  -.10329021786803D-02  -.59080856220533D-03  -.14141882981361D-04
  -.14062080014270D-03  0.21974157371781D-03  -.54607466430601D-03
  -.40374965915254D-03  0.73515024931960D-03  0.80326240271450D-03
  -.13251058066044D-02  -.11943029413801D-02  -.20596946472700D-03
  0.17932142464683D-02  0.15580755652803D-02  -.10090809231340D-02
  -.39020841020593D-02  -.64940871042340D-03  -.17910632988598D-02
  -.78141807339064D-03  -.35413648318103D-03  0.20996817511107D-02
  0.20081093532446D-02  0.12276719799918D-02  -.25270374503973D-02
  0.28433730844456D-02  -.34320236527737D-02  0.22109364761025D-02
  0.41598333313442D-02  -.59211208141986D-03  0.23480895831912D-02
  0.26833559817453D-02  0.37043281630292D-02  0.12877547319137D-04
  -.44220348750210D-02  -.11247928796439D-02  -.17072466825866D-02
  cycle =     16    UFF energy =      0.0664352423   |dE/dxyz| =  0.015353
   -7.08891953298369      3.08980572232190      0.49459043434185      c       
   -5.16070840790328      5.17445257500385      1.16790213965042      c       
   -9.46150045742334      3.97161481579868     -0.93829298728983      c       
  -10.52667591126678      5.40058634615181      0.18817464770142      h       
  -10.73969172751419      2.32511951423067     -1.28132605390668      h       
   -8.93057379018834      4.77167158433635     -2.81796676383895      h       
   -5.94293320580523      1.03824145374358     -1.00494092514557      n       
   -7.71346731751234      2.31432616448988      2.36529521922164      h       
   -4.96019224247884      1.80307537276176     -2.55686272265944      h       
   -4.58662196260159      0.08383423558454      0.10287081324221      h       
   -3.09369170574665      4.51327568610298      2.66327948478969      o       
   -5.35456382148372      7.69218992321571      0.34064905982616      o       
   -6.92547894936215      8.04005760511309     -0.68848909430141      h       
  -.90161495566606D-03  0.86889733132544D-03  0.11700408270393D-02
  -.77615788605453D-03  -.32239945013618D-02  0.98987333578528D-03
  -.83708908320883D-03  -.37304862467052D-03  -.65325214470939D-03
  -.10018888600120D-02  0.13608760227378D-02  0.16163277410113D-02
  -.21662879949197D-02  -.18310989702437D-02  -.52957541514328D-03
  0.20329415074578D-02  0.14997210386992D-02  -.21659906953588D-02
  -.37245269684887D-02  -.10952951267832D-02  -.27708905616298D-02
  -.89061421443660D-03  -.36693659488873D-03  0.26640258850612D-02
  0.21167214809755D-02  0.11961890379124D-02  -.27249167553812D-02
  0.33778432993098D-02  -.37017801706484D-02  0.26046644304299D-02
  0.46705194870661D-02  -.15283959044274D-02  0.29199177388041D-02
  0.29491596676112D-02  0.68980845551286D-02  -.77206134394829D-03
  -.48490054796339D-02  0.29678190722027D-03  -.23481630419602D-02
  cycle =     17    UFF energy =      0.0657441565   |dE/dxyz| =  0.015211
   -7.06886137464065      3.06637577840942      0.49236246923998      c       
   -5.15743677197505      5.14365399154518      1.20162736142256      c       
   -9.53084745586183      3.98120781754619     -0.76198955007431      c       
  -10.48032868314116      5.44136202987682      0.42674285657669      h       
  -10.85444523972504      2.35414886904624     -0.99328553122561      h       
   -9.14728649099245      4.74671243478056     -2.69008589758796      h       
   -5.95197935299402      1.12162287747217     -1.16449875617163      n       
   -7.59016647760374      2.17567717439307      2.34439380612853      h       
   -5.07765474257922      1.98375266425634     -2.73114002011241      h       
   -4.51225496132814      0.16512821120746     -0.17255654443932      h       
   -3.20885985025440      4.51377838038982      2.86181635993321      o       
   -5.22241896736441      7.60613028087780      0.20998579224358      o       
   -6.68247866381022      7.91870048905363     -0.98848909430141      h       
  -.18152914930712D-04  0.23012260004170D-02  0.12589543524807D-02
  -.12049966662205D-02  -.30884840739515D-02  0.60121772307441D-03
  -.16276263419287D-02  -.30272225318121D-03  -.50247859756519D-04
  -.10355107683248D-02  0.13084853395698D-02  0.16185286152483D-02
  -.18211672861263D-02  -.13711820044251D-02  -.59679358202160D-03
  0.12318139894147D-02  0.80369519037872D-03  -.26329288336260D-02
  -.26569505184995D-02  -.23202854709065D-02  -.20456895753327D-02
  -.72879734915149D-03  -.64966420380626D-03  0.27425225251974D-02
  0.21454871530790D-02  0.12858458705020D-02  -.32605537379760D-02
  0.30578937528876D-02  -.28549509091059D-02  0.23573319862163D-02
  0.45694561360660D-02  -.24157025733961D-02  0.34197465535109D-02
  0.34461511227331D-02  0.50646206320429D-02  0.51145793181764D-03
  -.53576003089984D-02  0.22391184558621D-02  -.39235460988328D-02
  cycle =     18    UFF energy =      0.0648554088   |dE/dxyz| =  0.014181
   -7.05051096623979      3.03805855213970      0.48387132639384      c       
   -5.16161838271216      5.11199058784601      1.23879645553594      c       
   -9.58339688285989      3.98705872555686     -0.59242095884645      c       
  -10.43934544117195      5.44222302177928      0.66902919815828      h       
  -10.92744717964444      2.37302915217416     -0.75244715005181      h       
   -9.33741204089830      4.77045510174068     -2.53295352337864      h       
   -5.96832751322654      1.22380086441372     -1.33755350071049      n       
   -7.47283352938928      2.02252531910345      2.29748378206651      h       
   -5.19797653734326      2.19722949495726     -2.89386104645319      h       
   -4.45664952925641      0.25738822441219     -0.47255654443932      h       
   -3.34431374408187      4.53342178876979      3.05923791215433      o       
   -5.09396676394834      7.50498444383551      0.09661510514147      o       
   -6.45122052149766      7.75608572212618     -1.22835780393855      h       
  0.66690784620112D-04  0.31075353002994D-02  0.12369222306516D-02
  -.18318400336753D-02  -.24773079088021D-02  0.56046205867817D-03
  -.19449843888421D-02  -.96838210586277D-04  0.16334321819392D-03
  -.82775034605046D-03  0.11108891299968D-02  0.12369665011621D-02
  -.10992914672467D-02  -.67155280922501D-03  -.41250951934694D-03
  0.49109521641556D-03  0.39785296795924D-03  -.23403386796822D-02
  -.19304772827182D-02  -.32487116026546D-02  -.19248927177309D-02
  -.59843140570074D-03  -.94602948212409D-03  0.27707278923416D-02
  0.19730951033720D-02  0.15206207127904D-02  -.35120225885896D-02
  0.29415842480231D-02  -.24401389605450D-02  0.20332552430898D-02
  0.44060972299515D-02  -.26683747744728D-02  0.38171427444699D-02
  0.25560323901381D-02  0.41118219064536D-02  0.35587528204560D-04
  -.42018200482868D-02  0.23002337309104D-02  -.36646439114420D-02
  cycle =     19    UFF energy =      0.0638822768   |dE/dxyz| =  0.013443
   -7.03391271509260      3.01355668225859      0.47790057530246      c       
   -5.15583620651096      5.08308175544811      1.25229984099412      c       
   -9.62710380856931      3.99411246336238     -0.40888040730388      c       
  -10.40175389247986      5.40958846977099      0.94616068653190      h       
  -10.97637738323975      2.38507305201562     -0.53318409124533      h       
   -9.51362283249573      4.84309374982471     -2.33217781032594      h       
   -6.01672528618469      1.33121017243873     -1.49973144243250      n       
   -7.35133678290372      1.88673082768348      2.24565467334241      h       
   -5.35192323790534      2.40569353843825     -3.03624813130889      h       
   -4.44295686027643      0.35300508215513     -0.77255654443932      h       
   -3.49097154081792      4.58552037931590      3.23616110924425      o       
   -4.94013417956103      7.38345844117604     -0.04684069613113      o       
   -6.18236430623254      7.54412638496674     -1.49367451059625      h       
  0.31442087131334D-03  0.26720179698043D-02  0.14331500503517D-02
  -.25411256469570D-02  -.21701940955820D-02  0.33196684420560D-03
  -.19679672289581D-02  -.22671182407421D-03  0.26204310892623D-03
  -.72713259218140D-03  0.11014388475717D-02  0.10247160503804D-02
  -.46407090914088D-03  -.17043732533745D-03  -.18851052365780D-03
  -.15145115210487D-03  0.26369462822764D-03  -.21422036173581D-02
  -.14551661212308D-02  -.29397133862639D-02  -.19892075348404D-02
  -.40766786557299D-03  -.97125421720018D-03  0.23792157908112D-02
  0.15124040100420D-02  0.15147616764293D-02  -.30436569813968D-02
  0.27713183322963D-02  -.20827613059870D-02  0.16268552211179D-02
  0.42236435339144D-02  -.28595048190260D-02  0.44735933741501D-02
  0.23530557292013D-02  0.38536083214259D-02  -.17692883471806D-03
  -.34602609606211D-02  0.20150555300119D-02  -.39910329479720D-02
  cycle =     20    UFF energy =      0.0630173341   |dE/dxyz| =  0.009757
   -7.01777739474730      2.99316316817769      0.46907382365950      c       
   -5.14002478320825      5.05863446243293      1.24283136134853      c       
   -9.65313365811737      3.99653050894435     -0.23767458549170      c       
  -10.38460874719047      5.30486630229952      1.24616068653190      h       
  -10.98489916116407      2.37850437670379     -0.41479916110365      h       
   -9.63587311940704      4.99080055372413     -2.09443543555744      h       
   -6.08559101579503      1.42882799490155     -1.63905636692675      n       
   -7.23714999466056      1.77581602218959      2.18772948335510      h       
   -5.52920228996657      2.58291628559917     -3.15716703304209      h       
   -4.45841457492533      0.44914477638341     -1.05026577908080      h       
   -3.62821544689609      4.66217825561484      3.36351310351697      o       
   -4.79280345052291      7.26277381306015     -0.17715723525356      o       
   -5.93732539566887      7.33409447882366     -1.70386961032392      h       
  0.28568044528002D-03  0.13135581582182D-02  0.13977212958076D-02
  -.22659522427351D-02  -.92853679283994D-03  -.64524130509256D-03
  -.96787842007337D-03  -.92088676065951D-03  0.33477099096684D-03
  -.91176653102397D-03  0.15345723039098D-02  0.13786508297642D-02
  -.32197674013391D-04  -.34970286471674D-03  0.24331105493962D-04
  -.39021230113484D-03  0.81411571914675D-03  -.23739856432760D-02
  -.12554192649875D-02  -.17274920298533D-02  -.15228779749305D-02
  -.23515614869376D-03  -.70664986505503D-03  0.15182336283530D-02
  0.96150411563391D-03  0.12535983467802D-02  -.20542467483580D-02
  0.22381422082614D-02  -.15568282942566D-02  0.10402122469385D-02
  0.30785924480848D-02  -.21085583409667D-02  0.38364788174063D-02
  0.12585295730763D-02  0.24386984342024D-02  -.46508421492125D-03
  -.17638662076745D-02  0.94411198609047D-03  -.24689630281521D-02
  cycle =     21    UFF energy =      0.0625148155   |dE/dxyz| =  0.007695
   -7.00808596520400      2.98201539379427      0.46766544328630      c       
   -5.10877423988876      5.03801863777424      1.20795015280438      c       
   -9.66409406485626      4.01374444408408     -0.07566025142008      c       
  -10.36227702209675      5.16760505784494      1.54616068653190      h       
  -10.98763390595986      2.40335549046167     -0.37067863518061      h       
   -9.69879389017186      5.19377142615704     -1.81958943219232      h       
   -6.18708578404763      1.48889061521124     -1.73048301718186      n       
   -7.14414398420501      1.70994660352205      2.14906728136947      h       
   -5.76236611725574      2.67866080228962     -3.25902674268670      h       
   -4.50676760195827      0.53332479540053     -1.27728386961835      h       
   -3.77902015919193      4.78368898563109      3.46651298242234      o       
   -4.60960022775299      7.12010263539855     -0.34215454749024      o       
   -5.66637606968090      7.10512611128585     -1.92759679901215      h       
  0.20486352715590D-03  -.51545165723798D-03  0.10245843598166D-02
  -.18557410094492D-02  -.58089286037666D-03  -.14915115609168D-02
  0.47342727218285D-03  -.12186168419510D-02  0.32767257244987D-03
  -.70906769746758D-03  0.14271124636797D-02  0.15884480016633D-02
  -.21879853652469D-03  -.95949636054828D-03  -.10096108661761D-03
  -.35108421004655D-03  0.12211776286949D-02  -.20563536710532D-02
  -.13732875337617D-02  -.15394850320214D-03  -.97308479430228D-04
  -.64149933023024D-04  -.53156568633283D-04  0.23251310194389D-03
  0.57055833816273D-03  0.87721459488900D-03  -.10295441394322D-02
  0.12483599190791D-02  -.72988547094520D-03  0.40539236494444D-03
  0.20414752966318D-02  -.16250266281432D-02  0.39757912122199D-02
  0.36737878585769D-03  0.21922304567195D-02  -.17148292524569D-02
  -.33393421879740D-03  0.11873974705462D-03  -.10638934231311D-02
  cycle =     22    UFF energy =      0.0624012757   |dE/dxyz| =  0.001099
   -7.00691513788181      2.98032281216732      0.46878208674810      c       
   -5.08446224587098      5.02267286082321      1.18760585141658      c       
   -9.65887793217267      4.03460887421957     -0.03532148366721      c       
  -10.34222608798827      5.13698050620858      1.61777124677950      h       
  -10.99467436759705      2.44651396786327     -0.37182105532753      h       
   -9.68978877072686      5.26551611515499     -1.73303286997981      h       
   -6.22905527046242      1.47929981258253     -1.73805836685476      n       
   -7.12984487581843      1.70685643039092      2.14903951035217      h       
   -5.87837511306282      2.65679079002145     -3.29170127071532      h       
   -4.52227390731577      0.55650566637671     -1.33044788952824      h       
   -3.79185492953418      4.80832459881792      3.45919352636343      o       
   -4.54793140943552      7.06929237460803     -0.38394040829373      o       
   -5.60873898440333      7.05456618962045     -1.96318562566123      h       
  -.18101550332381D-04  0.21156059855931D-04  0.24078934856457D-04
  0.26783197271437D-03  0.12029566097367D-03  0.22966550325997D-03
  -.26295851173562D-04  0.12794073917558D-03  0.28009600895160D-04
  0.70433628236896D-04  -.79722520554147D-04  -.15723540420286D-03
  -.13184132977756D-04  0.30266198773090D-04  0.92397504939515D-05
  0.14800661925389D-04  -.13408856945662D-03  0.10585084173903D-03
  -.26767747632331D-03  -.22431991889048D-03  0.24686431776188D-03
  0.15258858842410D-05  0.13287704441434D-04  -.28491867454815D-04
  0.96913046040373D-04  0.22821775841870D-03  -.36658114819860D-03
  0.11941885577090D-03  -.71933346586632D-04  0.97923342642747D-04
  -.24060947580515D-03  0.13540416444641D-03  -.60831142393981D-03
  -.82088693702006D-04  -.16280229664982D-03  0.20389131360986D-03
  0.77033129741989D-04  -.37016339471240D-05  0.21509623853703D-03
  cycle =     23    UFF energy =      0.0623958673   |dE/dxyz| =  0.000534
   -6.99500673605002      2.97626297241934      0.46577049944049      c       
   -5.07147983056291      5.02288263519896      1.16853686524596      c       
   -9.65905059138950      4.02388209725151      0.01119394031687      c       
  -10.32855496349390      5.09400567592330      1.69224624647286      h       
  -10.98995080236229      2.43385314350308     -0.33604543437579      h       
   -9.71695450553430      5.28558914917491     -1.66435095327986      h       
   -6.24526288125336      1.49410024657490     -1.76395677083347      n       
   -7.08578304130789      1.68997234326757      2.13873829467091      h       
   -5.93894116257478      2.68127141102064     -3.31901572946500      h       
   -4.52128705127983      0.58635385214698     -1.39576880340553      h       
   -3.77139773583603      4.82059028775850      3.43842279907289      o       
   -4.54493107437139      7.06448430225331     -0.41418246625232      o       
   -5.61641865625491      7.04500288236182     -1.98670523597532      h       
  0.40684999929894D-04  0.22568323855965D-04  0.67859719191142D-04
  0.46248806396533D-04  0.33443011306280D-05  0.23694239798569D-04
  -.74646284921133D-04  -.64784566242742D-04  -.34682662306143D-05
  -.52126520369047D-04  0.61779036857951D-04  0.96259652078451D-04
  -.33120995568501D-06  -.13959480174022D-04  0.30124746234994D-05
  -.17352204407948D-04  0.81192923522775D-04  -.10680915022320D-03
  -.22826689058470D-03  -.92042455661728D-04  0.50089059643356D-04
  -.15935771490500D-05  -.41931106614711D-04  0.80296175548983D-04
  0.67515844846766D-04  0.15425210170837D-03  -.24279469418753D-03
  0.22657308952109D-03  -.12319094074904D-03  0.54059727934280D-04
  -.12619681538944D-04  0.14744407001226D-04  -.45113241520353D-04
  0.91106222569580D-05  0.46125598910252D-06  0.23021065540700D-04
  -.31969940247336D-05  -.24338006237743D-05  -.10676219728677D-06
  cycle =     24    UFF energy =      0.0623954883   |dE/dxyz| =  0.000006
   -6.99555559573389      2.97656554480237      0.46651865995466      c       
   -5.07231715223749      5.02339344146672      1.16915428630277      c       
   -9.65874653864422      4.02434676131627      0.01006471993044      c       
  -10.32904263133453      5.09421754155232      1.69044741459100      h       
  -10.98979725900518      2.43475198436686     -0.33842673037072      h       
   -9.71493820602331      5.28623125196038     -1.66485097933285      h       
   -6.24508169958120      1.49296066483126     -1.76165275242529      n       
   -7.08738572364378      1.69129459919781      2.13984012268252      h       
   -5.94223936617643      2.67842435276648     -3.31789797952363      h       
   -4.51984341093366      0.58863411843760     -1.39391166249329      h       
   -3.77661096700818      4.82451636210278      3.44196193495496      o       
   -4.54219670964083      7.06214149754198     -0.41611199326996      o       
   -5.61126377230838      7.04077287851200     -1.99025178936795      h       
  0.15953774690192D-06  0.13854349047160D-06  0.23872494707953D-06
  -.12515232500517D-05  -.76587751483056D-06  -.12077945843376D-05
  -.17661976684132D-07  -.59657343262458D-08  0.12751580824935D-06
  0.31138645125816D-07  -.43666279214987D-08  0.10192610431505D-06
  -.89694226191391D-07  -.11738515369995D-06  0.25040742880763D-07
  -.11179306209615D-06  0.47866611691352D-07  -.17685709374649D-06
  -.17058572223584D-05  -.54368704224036D-06  0.18070985509345D-06
  0.68272068073406D-07  -.11794289563700D-06  0.12980807696707D-06
  0.57659214700424D-06  0.14965554234062D-05  -.11008767391879D-05
  0.11112487000677D-05  -.10865285730310D-05  0.63973773569798D-06
  0.13700646950988D-05  -.72813142542845D-06  0.33068968546515D-05
  0.57440151411908D-06  0.13944505675777D-05  -.90514498816204D-06
  -.71472577900696D-06  0.29246887396986D-06  -.13596867195179D-05
  cycle =     25    UFF energy =      0.0623954882   |dE/dxyz| =  0.000000
   -6.99555689629361      2.97656173304360      0.46653044605424      c       
   -5.07231918804596      5.02338958259278      1.16916713691741      c       
   -9.65874494676793      4.02434665972088      0.01006410182073      c       
  -10.32905764147015      5.09419387666102      1.69045492586541      h       
  -10.98979167611420      2.43475655647415     -0.33846162864092      h       
   -9.71491999309842      5.28625833602547     -1.66483096801234      h       
   -6.24507298592641      1.49294453717232     -1.76162885154122      n       
   -7.08739350548781      1.69129600662809      2.13985444659383      h       
   -5.94239914444081      2.67837539957992     -3.31792670606733      h       
   -4.51975119259429      0.58876054531299     -1.39394576448378      h       
   -3.77664607436389      4.82453737207394      3.44198723125789      o       
   -4.54216695714203      7.06211311958353     -0.41611096096521      o       
   -5.61119883052560      7.04071727398616     -1.99027015716604      h       
  0.13805387486399D-09  0.96346213884595D-10  0.22926375966952D-10
  -.24237692473721D-10  -.89841458057738D-10  -.10624463071471D-09
  0.86010824764532D-10  -.40647272006589D-10  -.11189176972112D-10
  -.13426517059614D-10  0.23183989558868D-10  0.54683497096794D-10
  -.47550058725546D-10  -.82272283712277D-10  -.91269651341860D-11
  -.26427983065846D-11  0.25970936013732D-10  -.89018762982696D-10
  -.37173547588667D-08  -.90206503031154D-09  0.17984162465441D-08
  0.80489622670925D-11  -.14552236694311D-10  0.17934200131908D-11
  0.51244893820978D-09  0.25763273814663D-08  -.27173847265242D-08
  0.30226291968492D-08  -.16993947514390D-08  0.10678689192677D-08
  0.10694491841580D-09  -.56362415169070D-10  0.11885879563564D-09
  0.10410013298698D-09  0.88807124414697D-10  0.95780959118857D-10
  -.17302503310321D-09  0.74499810400613D-10  -.22736394754766D-09
$end
