$ufftopology
nxtnei12
    1     3
          2     4    11
    2     3
          1     3     7
    3     3
          2     6    12
    4     3
          1     5    10
    5     3
          4     6    13
    6     3
          3     5     9
    7     2
          2     8
    8     1
          7
    9     1
          6
   10     1
          4
   11     1
          1
   12     1
          3
   13     4
          5    14    15    16
   14     4
         13    17    21    22
   15     1
         13
   16     1
         13
   17     3
         14    18    19
   18     1
         17
   19     2
         17    20
   20     1
         19
   21     3
         14    23    24
   22     1
         14
   23     1
         21
   24     1
         21
nxtnei13
    1     4
          3     7     5    10
    2     5
          4    11     6    12     8
    3     4
          1     7     5     9
    4     4
          2    11     6    13
    5     7
          1    10     3     9    14    15    16
    6     4
          2    12     4    13
    7     2
          1     3
    8     1
          2
    9     2
          3     5
   10     2
          1     5
   11     2
          2     4
   12     2
          2     6
   13     5
          4     6    17    21    22
   14     7
          5    15    16    18    19    23    24
   15     3
          5    14    16
   16     3
          5    14    15
   17     4
         13    21    22    20
   18     2
         14    19
   19     2
         14    18
   20     1
         17
   21     3
         13    17    22
   22     3
         13    17    21
   23     2
         14    24
   24     2
         14    23
nxtnei14
    1     4
          6    12     8    13
    2     3
          5    10     9
    3     4
          4    11     8    13
    4     6
          3     7     9    14    15    16
    5     6
          2    11    12    17    21    22
    6     6
          1     7    10    14    15    16
    7     4
          4    11     6    12
    8     2
          1     3
    9     4
          2    12     4    13
   10     4
          2    11     6    13
   11     4
          3     7     5    10
   12     4
          1     7     5     9
   13     8
          1    10     3     9    18    19    23    24
   14     3
          4     6    20
   15     5
          4     6    17    21    22
   16     5
          4     6    17    21    22
   17     5
          5    15    16    23    24
   18     4
         13    21    22    20
   19     3
         13    21    22
   20     2
         14    18
   21     5
          5    15    16    18    19
   22     7
          5    15    16    18    19    23    24
   23     3
         13    17    22
   24     3
         13    17    22
connectivity (= bond)
                    24
     1     2   2.556501   2.000000
     1     4   2.565794   2.000000
     1    11   2.050509   1.000000
     2     3   2.556225   2.000000
     2     7   2.628183   1.000000
     3     6   2.564996   2.000000
     3    12   2.050574   1.000000
     4     5   2.576540   2.000000
     4    10   2.058760   1.000000
     5     6   2.574509   2.000000
     5    13   2.864930   1.000000
     6     9   2.054199   1.000000
     7     8   1.916302   1.000000
    13    14   2.916989   1.000000
    13    15   2.105183   1.000000
    13    16   2.101478   1.000000
    14    17   2.886968   1.000000
    14    21   2.782066   1.000000
    14    22   2.106133   1.000000
    17    18   2.619367   1.000000
    17    19   2.627427   1.000000
    19    20   1.905884   1.000000
    21    23   1.983765   1.000000
    21    24   1.975333   1.000000
angle
                    38
     1     2     3     2     120.04       1.00       4.00
     1     2     7     2     120.00       1.00       5.00
     1     4     5     2     120.16       2.00       8.00
     1     4    10     2     119.47       2.00       9.00
     2     1     4     2     120.15       1.00       2.00
     2     1    11     2     119.15       1.00       3.00
     2     3     6     2     120.16       4.00       6.00
     2     3    12     2     119.32       4.00       7.00
     2     7     8     9     110.78       5.00      13.00
     3     2     7     2     119.96       4.00       5.00
     3     6     5     2     120.21       6.00      10.00
     3     6     9     2     119.40       6.00      12.00
     4     1    11     2     120.69       2.00       3.00
     4     5     6     2     119.27       8.00      10.00
     4     5    13     2     120.34       8.00      11.00
     5     4    10     2     120.36       8.00       9.00
     5     6     9     2     120.39      10.00      12.00
     5    13    14     9     112.45      11.00      14.00
     5    13    15     9     109.85      11.00      15.00
     5    13    16     9     110.09      11.00      16.00
     6     3    12     2     120.52       6.00       7.00
     6     5    13     2     120.36      10.00      11.00
    13    14    17     9     110.88      14.00      17.00
    13    14    21     9     109.77      14.00      18.00
    13    14    22     9     108.35      14.00      19.00
    14    13    15     9     109.24      14.00      15.00
    14    13    16     9     109.31      14.00      16.00
    14    17    18     2     118.70      17.00      20.00
    14    17    19     2     122.93      17.00      21.00
    14    21    23     9     108.97      18.00      23.00
    14    21    24     9     107.94      18.00      24.00
    15    13    16     9     105.68      15.00      16.00
    17    14    21     9     113.00      17.00      18.00
    17    14    22     9     105.68      17.00      19.00
    17    19    20     9     108.73      21.00      22.00
    18    17    19     2     118.10      20.00      21.00
    21    14    22     9     108.98      18.00      19.00
    23    21    24     9     105.49      23.00      24.00
torsion
                    55
     4     1     2     3     1     3   0.65308768 120.15417556 120.04128010
     4     1     2     7     1     3 179.96033737 120.15417556 119.99580561
    11     1     2     3     1     3 181.43704784 119.14694421 120.04128010
    11     1     2     7     1     3   0.74429754 119.14694421 119.99580561
     2     1     4     5     2     3 359.94530110 120.15417556 120.16021187
     2     1     4    10     2     3 181.18224377 120.15417556 119.46554099
    11     1     4     5     2     3 179.14906047 120.69416999 120.16021187
    11     1     4    10     2     3   0.38600314 120.69416999 119.46554099
     1     2     3     6     4     3 359.50659301 120.04128010 120.15528998
     1     2     3    12     4     3 178.87367460 120.04128010 119.31713612
     7     2     3     6     4     3 180.19908868 119.95929025 120.15528998
     7     2     3    12     4     3 359.56617027 119.95929025 119.31713612
     1     2     7     8     5     3  89.29133106 119.99580561 110.77863446
     3     2     7     8     5     3 268.59915289 119.95929025 110.77863446
     2     3     6     5     6     3 359.73458696 120.15528998 120.20945290
     2     3     6     9     6     3 179.04855669 120.15528998 119.40076336
    12     3     6     5     6     3 180.37522855 120.52451432 120.20945290
    12     3     6     9     6     3 359.68919829 120.52451432 119.40076336
     1     4     5     6     8     3 359.30473580 120.16021187 119.27224216
     1     4     5    13     8     3 181.33471196 120.16021187 120.33533747
    10     4     5     6     8     3 178.05659827 120.36259797 119.27224216
    10     4     5    13     8     3   0.08657442 120.36259797 120.33533747
     4     5     6     3    10     3   0.85482172 119.27224216 120.20945290
     4     5     6     9    10     3 181.54766919 119.27224216 120.38619913
    13     5     6     3    10     3 178.82431209 120.36104156 120.20945290
    13     5     6     9    10     3 359.51715955 120.36104156 120.38619913
     4     5    13    14    11    22  86.85501601 120.33533747 112.44956412
     4     5    13    15    11    22 324.97225421 120.33533747 109.85144768
     4     5    13    16    11    22 208.99895100 120.33533747 110.08957123
     6     5    13    14    11    22 268.90723085 120.36104156 112.44956412
     6     5    13    15    11    22 147.02446905 120.36104156 109.85144768
     6     5    13    16    11    22  31.05116583 120.36104156 110.08957123
     5    13    14    17    14     1 298.25490610 112.44956412 110.87756484
     5    13    14    21    14     1  63.80406693 112.44956412 109.76825724
     5    13    14    22    14     1 182.70257246 112.44956412 108.34983590
    15    13    14    17    14     1  60.48616082 109.23664941 110.87756484
    15    13    14    21    14     1 186.03532164 109.23664941 109.76825724
    15    13    14    22    14     1 304.93382718 109.23664941 108.34983590
    16    13    14    17    14     1 175.66926000 109.30768457 110.87756484
    16    13    14    21    14     1 301.21842082 109.30768457 109.76825724
    16    13    14    22    14     1  60.11692635 109.30768457 108.34983590
    13    14    17    18    17    22 291.52533922 110.87756484 118.70234252
    13    14    17    19    17    22 105.51354560 110.87756484 122.92975731
    21    14    17    18    17    22 167.80681558 112.99709454 118.70234252
    21    14    17    19    17    22 341.79502196 112.99709454 122.92975731
    22    14    17    18    17    22  48.72327784 105.68394390 118.70234252
    22    14    17    19    17    22 222.71148421 105.68394390 122.92975731
    13    14    21    23    18     1  64.21433565 109.76825724 108.97309703
    13    14    21    24    18     1 178.30895730 109.76825724 107.94302331
    17    14    21    23    18     1 188.54145922 112.99709454 108.97309703
    17    14    21    24    18     1 302.63608087 112.99709454 107.94302331
    22    14    21    23    18     1 305.70230657 108.97641088 108.97309703
    22    14    21    24    18     1  59.79692822 108.97641088 107.94302331
    14    17    19    20    21     3   8.31635805 122.92975731 108.73079548
    18    17    19    20    21     3 182.33851053 118.10458354 108.73079548
inversion
                     8
     1     2     4    11    11    11    11   -0.685   -0.678   -0.688
     2     1     3     7    10    11    11    0.600    0.600    0.599
     3     2     6    12    11    11    11    0.552    0.547    0.554
     4     1     5    10    11    11    11   -1.077   -1.069   -1.079
     5     4     6    13    11    11    11   -1.752   -1.771   -1.771
     6     3     5     9    11    11    11    0.598    0.593    0.599
    17    14    18    19    10    10    11    5.043    5.271    5.015
    21    14    23    24     9     9     9   60.282   59.687   58.458
nonbond
                   214
    1     6    5.125
    1     8    5.389
    1     9    7.178
    1    12    6.280
    1    13    7.087
    1    14    8.532
    1    15    7.564
    1    16    8.492
    1    17    8.095
    1    18    8.984
    1    19    7.863
    1    20    8.046
    1    21    9.296
    1    22   10.440
    1    23   10.442
    1    24   10.750
    2     5    5.145
    2     9    6.292
    2    10    6.298
    2    13    8.009
    2    14    9.484
    2    15    8.958
    2    16    8.962
    2    17    9.560
    2    18   10.916
    2    19    9.124
    2    20    8.778
    2    21    9.568
    2    22   11.485
    2    23   10.457
    2    24   11.100
    3     4    5.125
    3     8    5.415
    3    10    7.183
    3    11    6.277
    3    13    7.086
    3    14    8.585
    3    15    8.469
    3    16    7.546
    3    17    9.378
    3    18   11.106
    3    19    9.206
    3    20    8.474
    3    21    8.183
    3    22   10.520
    3    23    8.698
    3    24    9.849
    4     7    6.843
    4     8    7.694
    4     9    6.317
    4    12    7.176
    4    14    6.280
    4    15    5.048
    4    16    6.357
    4    17    6.026
    4    18    6.813
    4    19    6.489
    4    20    6.889
    4    21    7.541
    4    22    8.053
    4    23    8.670
    4    24    9.054
    5     7    7.773
    5     8    8.641
    5    11    6.325
    5    12    6.321
    5    17    5.738
    5    18    7.113
    5    19    6.622
    5    20    6.516
    5    21    5.680
    5    22    6.590
    5    23    6.430
    5    24    7.470
    6     7    6.841
    6     8    7.713
    6    10    6.320
    6    11    7.175
    6    14    6.349
    6    15    6.329
    6    16    5.021
    6    17    7.666
    6    18    9.442
    6    19    8.065
    6    20    7.380
    6    21    6.108
    6    22    8.155
    6    23    6.453
    6    24    7.955
    7     9    8.483
    7    10    8.490
    7    11    4.893
    7    12    4.897
    7    13   10.637
    7    14   12.021
    7    15   11.539
    7    16   11.542
    7    17   11.903
    7    18   13.215
    7    19   11.126
    7    20   10.730
    7    21   11.926
    7    22   14.054
    7    23   12.825
    7    24   13.343
    8     9    9.289
    8    10    9.267
    8    11    5.604
    8    12    5.651
    8    13   11.468
    8    14   13.193
    8    15   12.185
    8    16   12.216
    8    17   13.218
    8    18   14.348
    8    19   12.686
    8    20   12.386
    8    21   13.261
    8    22   15.149
    8    23   14.010
    8    24   14.806
    9    10    8.032
    9    11    9.228
    9    12    4.615
    9    13    5.110
    9    14    6.493
    9    15    6.955
    9    16    4.636
    9    17    8.417
    9    18   10.368
    9    19    8.995
    9    20    8.051
    9    21    5.683
    9    22    8.029
    9    23    5.417
    9    24    7.543
   10    11    4.625
   10    12    9.234
   10    13    5.112
   10    14    6.364
   10    15    4.695
   10    16    6.998
   10    17    5.492
   10    18    5.494
   10    19    6.271
   10    20    7.211
   10    21    8.218
   10    22    7.834
   10    23    9.479
   10    24    9.514
   11    12    7.951
   11    13    8.740
   11    14   10.032
   11    15    8.901
   11    16   10.292
   11    17    9.112
   11    18    9.607
   11    19    8.665
   11    20    9.126
   11    21   10.986
   11    22   11.873
   11    23   12.276
   11    24   12.289
   12    13    8.736
   12    14   10.112
   12    15   10.257
   12    16    8.867
   12    17   11.104
   12    18   12.993
   12    19   10.785
   12    20    9.801
   12    21    9.263
   12    22   11.997
   12    23    9.527
   12    24   10.852
   13    18    5.915
   13    19    6.647
   13    20    6.738
   13    23    5.104
   13    24    6.367
   14    20    4.858
   15    17    5.241
   15    18    5.372
   15    19    7.445
   15    20    8.013
   15    21    6.471
   15    22    4.654
   15    23    6.943
   15    24    7.946
   16    17    6.589
   16    18    7.764
   16    19    8.444
   16    20    8.245
   16    21    5.112
   16    22    4.717
   16    23    4.705
   16    24    6.901
   17    23    6.418
   17    24    5.062
   18    20    6.078
   18    21    7.121
   18    22    5.047
   18    23    8.580
   18    24    7.416
   19    21    5.466
   19    22    6.277
   19    23    7.433
   19    24    5.416
   20    21    4.451
   20    22    6.473
   20    23    6.413
   20    24    4.328
   22    23    4.476
   22    24    4.510
qpartial
                    24
        -0.05370    0.24409   -0.08781   -0.11432    0.03443   -0.11195
        -0.68461    0.35140    0.13023    0.20190    0.16398    0.13916
        -0.20210   -0.05472    0.14834    0.12441    0.52948   -0.45450
        -0.77169    0.71104   -0.55276    0.12019    0.28602   -0.09654
$end
