$ufftopology
nxtnei12
    1     3
          2     4    11
    2     3
          1     3     7
    3     3
          2     6    12
    4     3
          1     5    10
    5     3
          4     6    13
    6     3
          3     5     9
    7     2
          2     8
    8     1
          7
    9     1
          6
   10     1
          4
   11     1
          1
   12     1
          3
   13     4
          5    14    15    16
   14     4
         13    17    21    22
   15     1
         13
   16     1
         13
   17     3
         14    18    19
   18     1
         17
   19     2
         17    20
   20     1
         19
   21     3
         14    23    24
   22     1
         14
   23     1
         21
   24     1
         21
nxtnei13
    1     4
          3     7     5    10
    2     5
          4    11     6    12     8
    3     4
          1     7     5     9
    4     4
          2    11     6    13
    5     7
          1    10     3     9    14    15    16
    6     4
          2    12     4    13
    7     2
          1     3
    8     1
          2
    9     2
          3     5
   10     2
          1     5
   11     2
          2     4
   12     2
          2     6
   13     5
          4     6    17    21    22
   14     7
          5    15    16    18    19    23    24
   15     3
          5    14    16
   16     3
          5    14    15
   17     4
         13    21    22    20
   18     2
         14    19
   19     2
         14    18
   20     1
         17
   21     3
         13    17    22
   22     3
         13    17    21
   23     2
         14    24
   24     2
         14    23
nxtnei14
    1     4
          6    12     8    13
    2     3
          5    10     9
    3     4
          4    11     8    13
    4     6
          3     7     9    14    15    16
    5     6
          2    11    12    17    21    22
    6     6
          1     7    10    14    15    16
    7     4
          4    11     6    12
    8     2
          1     3
    9     4
          2    12     4    13
   10     4
          2    11     6    13
   11     4
          3     7     5    10
   12     4
          1     7     5     9
   13     8
          1    10     3     9    18    19    23    24
   14     3
          4     6    20
   15     5
          4     6    17    21    22
   16     5
          4     6    17    21    22
   17     5
          5    15    16    23    24
   18     4
         13    21    22    20
   19     3
         13    21    22
   20     2
         14    18
   21     5
          5    15    16    18    19
   22     7
          5    15    16    18    19    23    24
   23     3
         13    17    22
   24     3
         13    17    22
connectivity (= bond)
                    24
     1     2   2.551996   2.000000
     1     4   2.563688   2.000000
     1    11   2.049826   1.000000
     2     3   2.566539   2.000000
     2     7   2.643457   1.000000
     3     6   2.564995   2.000000
     3    12   2.049993   1.000000
     4     5   2.577638   2.000000
     4    10   2.055222   1.000000
     5     6   2.580499   2.000000
     5    13   2.880121   1.000000
     6     9   2.038839   1.000000
     7     8   1.916543   1.000000
    13    14   2.948664   1.000000
    13    15   2.101587   1.000000
    13    16   2.107971   1.000000
    14    17   2.870612   1.000000
    14    21   2.793335   1.000000
    14    22   2.107174   1.000000
    17    18   2.629834   1.000000
    17    19   2.623910   1.000000
    19    20   1.911506   1.000000
    21    23   1.978206   1.000000
    21    24   1.973764   1.000000
angle
                    38
     1     2     3     2     119.54       1.00       4.00
     1     2     7     2     118.80       1.00       5.00
     1     4     5     2     120.59       2.00       8.00
     1     4    10     2     118.86       2.00       9.00
     2     1     4     2     120.46       1.00       2.00
     2     1    11     2     118.90       1.00       3.00
     2     3     6     2     120.29       4.00       6.00
     2     3    12     2     120.06       4.00       7.00
     2     7     8     9     114.02       5.00      13.00
     3     2     7     2     121.66       4.00       5.00
     3     6     5     2     120.49       6.00      10.00
     3     6     9     2     117.83       6.00      12.00
     4     1    11     2     120.64       2.00       3.00
     4     5     6     2     118.61       8.00      10.00
     4     5    13     2     118.16       8.00      11.00
     5     4    10     2     120.56       8.00       9.00
     5     6     9     2     121.68      10.00      12.00
     5    13    14     9     116.98      11.00      14.00
     5    13    15     9     109.15      11.00      15.00
     5    13    16     9     107.20      11.00      16.00
     6     3    12     2     119.65       6.00       7.00
     6     5    13     2     123.17      10.00      11.00
    13    14    17     9     110.98      14.00      17.00
    13    14    21     9     111.73      14.00      18.00
    13    14    22     9     109.52      14.00      19.00
    14    13    15     9     110.33      14.00      15.00
    14    13    16     9     107.69      14.00      16.00
    14    17    18     2     120.68      17.00      20.00
    14    17    19     2     120.24      17.00      21.00
    14    21    23     9     112.79      18.00      23.00
    14    21    24     9     111.47      18.00      24.00
    15    13    16     9     104.75      15.00      16.00
    17    14    21     9     109.50      17.00      18.00
    17    14    22     9     104.59      17.00      19.00
    17    19    20     9     108.38      21.00      22.00
    18    17    19     2     119.08      20.00      21.00
    21    14    22     9     110.29      18.00      19.00
    23    21    24     9     108.90      23.00      24.00
torsion
                    55
     4     1     2     3     1     3   0.17036443 120.45992200 119.53921163
     4     1     2     7     1     3 179.99764341 120.45992200 118.79877157
    11     1     2     3     1     3 180.39136601 118.89559975 119.53921163
    11     1     2     7     1     3   0.21864498 118.89559975 118.79877157
     2     1     4     5     2     3   0.54268708 120.45992200 120.58865974
     2     1     4    10     2     3 180.61680940 120.45992200 118.85610283
    11     1     4     5     2     3 180.31779340 120.64410438 120.58865974
    11     1     4    10     2     3   0.39191572 120.64410438 118.85610283
     1     2     3     6     4     3 359.86039338 119.53921163 120.29247276
     1     2     3    12     4     3 179.66409185 119.53921163 120.06132352
     7     2     3     6     4     3 180.03821910 121.66178361 120.29247276
     7     2     3    12     4     3 359.84191757 121.66178361 120.06132352
     1     2     7     8     5     3 179.90912096 118.79877157 114.02368850
     3     2     7     8     5     3 359.73257338 121.66178361 114.02368850
     2     3     6     5     6     3 359.39677489 120.29247276 120.49469734
     2     3     6     9     6     3 179.64394770 120.29247276 117.82547646
    12     3     6     5     6     3 179.59226125 119.64591457 120.49469734
    12     3     6     9     6     3 359.83943406 119.64591457 117.82547646
     1     4     5     6     8     3 358.73915536 120.58865974 118.61236216
     1     4     5    13     8     3 181.44255332 120.58865974 118.15734424
    10     4     5     6     8     3 178.66376820 120.55519545 118.61236216
    10     4     5    13     8     3   1.36716616 120.55519545 118.15734424
     4     5     6     3    10     3   1.29006309 118.61236216 120.49469734
     4     5     6     9    10     3 181.03319702 118.61236216 121.67934878
    13     5     6     3    10     3 178.44245023 123.17131136 120.49469734
    13     5     6     9    10     3 358.18558416 123.17131136 121.67934878
     4     5    13    14    11    22 201.46085922 118.15734424 116.98236526
     4     5    13    15    11    22  75.34576576 118.15734424 109.14599012
     4     5    13    16    11    22 322.42310482 118.15734424 107.19648311
     6     5    13    14    11    22  24.29626831 123.17131136 116.98236526
     6     5    13    15    11    22 258.18117485 123.17131136 109.14599012
     6     5    13    16    11    22 145.25851391 123.17131136 107.19648311
     5    13    14    17    14     1 152.51931004 116.98236526 110.97706773
     5    13    14    21    14     1 275.04374249 116.98236526 111.73154140
     5    13    14    22    14     1  37.55124415 116.98236526 109.51751407
    15    13    14    17    14     1 278.04703581 110.32763097 110.97706773
    15    13    14    21    14     1  40.57146826 110.32763097 111.73154140
    15    13    14    22    14     1 163.07896992 110.32763097 109.51751407
    16    13    14    17    14     1  31.81582162 107.68806490 110.97706773
    16    13    14    21    14     1 154.34025407 107.68806490 111.73154140
    16    13    14    22    14     1 276.84775573 107.68806490 109.51751407
    13    14    17    18    17    22  44.78879024 110.97706773 120.68199085
    13    14    17    19    17    22 225.62924610 110.97706773 120.23704593
    21    14    17    18    17    22 280.97938994 109.49930291 120.68199085
    21    14    17    19    17    22 101.81984580 109.49930291 120.23704593
    22    14    17    18    17    22 162.79207494 104.58911869 120.68199085
    22    14    17    19    17    22 343.63253080 104.58911869 120.23704593
    13    14    21    23    18     1 339.35167665 111.73154140 112.79386221
    13    14    21    24    18     1 102.23121732 111.73154140 111.46742147
    17    14    21    23    18     1 102.71687698 109.49930291 112.79386221
    17    14    21    24    18     1 225.59641764 109.49930291 111.46742147
    22    14    21    23    18     1 217.28890634 110.29348865 112.79386221
    22    14    21    24    18     1 340.16844700 110.29348865 111.46742147
    14    17    19    20    21     3 181.73741599 120.23704593 108.37974539
    18    17    19    20    21     3   2.56444105 119.07572272 108.37974539
inversion
                     8
     1     2     4    11    11    11    11   -0.193   -0.190   -0.194
     2     1     3     7    10    11    11    0.151    0.150    0.155
     3     2     6    12    11    11    11    0.170    0.169    0.169
     4     1     5    10    11    11    11   -0.065   -0.064   -0.065
     5     4     6    13    11    11    11   -2.383   -2.373   -2.500
     6     3     5     9    11    11    11   -0.219   -0.213   -0.221
    17    14    18    19    10    10    11   -0.726   -0.723   -0.715
    21    14    23    24     9     9     9   51.403   50.735   49.605
nonbond
                   214
    1     6    5.119
    1     8    6.128
    1     9    7.156
    1    12    6.284
    1    13    7.071
    1    14    9.395
    1    15    7.809
    1    16    7.434
    1    17   11.586
    1    18   12.520
    1    19   13.244
    1    20   14.718
    1    21   10.702
    1    22    9.297
    1    23   10.460
    1    24   10.725
    2     5    5.169
    2     9    6.269
    2    10    6.286
    2    13    8.047
    2    14    9.818
    2    15    8.916
    2    16    8.876
    2    17   12.340
    2    18   13.643
    2    19   13.834
    2    20   15.494
    2    21   10.721
    2    22    9.400
    2    23   10.611
    2    24   10.276
    3     4    5.117
    3     8    4.791
    3    10    7.172
    3    11    6.272
    3    13    7.151
    3    14    8.278
    3    15    8.150
    3    16    8.427
    3    17   11.003
    3    18   12.585
    3    19   12.400
    3    20   14.174
    3    21    8.814
    3    22    7.714
    3    23    8.895
    3    24    8.066
    4     7    6.838
    4     8    8.280
    4     9    6.313
    4    12    7.167
    4    14    7.261
    4    15    5.452
    4    16    4.924
    4    17    9.244
    4    18   10.004
    4    19   11.060
    4    20   12.430
    4    21    8.800
    4    22    7.489
    4    23    8.564
    4    24    9.193
    5     7    7.812
    5     8    8.795
    5    11    6.330
    5    12    6.320
    5    17    7.341
    5    18    8.482
    5    19    9.175
    5    20   10.708
    5    21    6.335
    5    22    5.200
    5    23    6.319
    5    24    6.633
    6     7    6.890
    6     8    7.345
    6    10    6.315
    6    11    7.168
    6    14    5.738
    6    15    5.931
    6    16    6.327
    6    17    8.500
    6    18   10.085
    6    19   10.031
    6    20   11.778
    6    21    6.362
    6    22    5.392
    6    23    6.553
    6    24    5.865
    7     9    8.499
    7    10    8.457
    7    11    4.844
    7    12    5.004
    7    13   10.688
    7    14   12.408
    7    15   11.499
    7    16   11.449
    7    17   14.946
    7    18   16.282
    7    19   16.342
    7    20   18.027
    7    21   13.206
    7    22   11.862
    7    23   13.073
    7    24   12.590
    8     9    8.603
    8    10   10.059
    8    11    6.736
    8    12    4.411
    8    13   11.652
    8    14   13.028
    8    15   12.509
    8    16   12.620
    8    17   15.683
    8    18   17.206
    8    19   16.962
    8    20   18.731
    8    21   13.565
    8    22   12.328
    8    23   13.519
    8    24   12.684
    9    10    8.043
    9    11    9.205
    9    12    4.531
    9    13    5.271
    9    14    5.133
    9    15    6.356
    9    16    7.045
    9    17    7.969
    9    18    9.800
    9    19    9.321
    9    20   11.138
    9    21    5.126
    9    22    4.639
    9    23    5.634
    9    24    4.155
   10    11    4.601
   10    12    9.222
   10    13    5.041
   10    14    7.864
   10    15    5.488
   10    16    4.546
   10    17    9.319
   10    18    9.610
   10    19   11.207
   10    20   12.325
   10    21    9.635
   10    22    8.380
   10    23    9.294
   10    24   10.383
   11    12    7.962
   11    13    8.701
   11    14   11.197
   11    15    9.287
   11    16    8.741
   11    17   13.197
   11    18   13.927
   11    19   14.850
   11    20   16.220
   11    21   12.612
   11    22   11.151
   11    23   12.284
   11    24   12.732
   12    13    8.800
   12    14    9.457
   12    15    9.783
   12    16   10.217
   12    17   12.243
   12    18   14.009
   12    19   13.451
   12    20   15.298
   12    21    9.608
   12    22    8.688
   12    23    9.795
   12    24    8.473
   13    18    5.622
   13    19    6.999
   13    20    8.318
   13    23    4.808
   13    24    5.851
   14    20    6.345
   15    17    5.634
   15    18    5.625
   15    19    8.157
   15    20    9.227
   15    21    5.006
   15    22    5.876
   15    23    4.244
   15    24    6.375
   16    17    4.836
   16    18    5.275
   16    19    6.795
   16    20    7.835
   16    21    6.445
   16    22    5.046
   16    23    6.643
   16    24    7.682
   17    23    5.765
   17    24    6.137
   18    20    4.532
   18    21    6.021
   18    22    6.371
   18    23    6.433
   18    24    7.876
   19    21    6.386
   19    22    4.768
   19    23    7.920
   19    24    7.436
   20    21    7.817
   20    22    6.623
   20    23    9.163
   20    24    9.054
   22    23    5.601
   22    24    4.299
qpartial
                    24
        -0.03289    0.25420   -0.09252   -0.13941   -0.01736   -0.10871
        -0.68620    0.35197    0.11818    0.13036    0.15846    0.10783
        -0.27310   -0.00972    0.16385    0.17735    0.56802   -0.50448
        -0.62595    0.37170   -0.55555    0.15566    0.25774    0.23060
$end
