$coord                                                                          
   -0.93737110147740      1.98191847717630      2.17603742249580      c       
   -0.74494664146175      4.34942519839388      1.22940433567892      c       
    0.86338325504846      4.82888132397077     -0.69853644284025      c       
    0.47188017533580      0.07941768841704      1.18818677129219      c       
    2.09846317619218      0.54888164849698     -0.75068004784697      c       
    2.27952157307456      2.93673836150123     -1.69636568600761      c       
   -2.19439297686016      6.29416493289877      2.24436282166124      o       
   -3.89140672214996      6.39984701077645      1.36022982592685      h       
    3.54755457134697      3.34502999252513     -3.26320592176747      h       
    0.28867711814410     -1.81582888021369      1.95917479666411      h       
   -2.22639185951238      1.62870220257185      3.72950211626681      h       
    1.00353847733943      6.73650993051790     -1.43670358748497      h       
    3.63610543497224     -1.57847265083350     -1.88514454071125      c       
    2.14629490479840     -3.05285360106881     -3.89680099803880      c       
    4.23935112179169     -2.89879049100962     -0.36512827819354      h       
    5.41117399833506     -0.84548334542072     -2.74820265466640      h       
    1.47226848134242     -1.39133208302018     -6.15651477854605      c       
   -0.95118616759840     -1.46534089765414     -7.16540539398098      o       
    3.27824390060710      0.15584928765324     -7.27620378783040      o       
    2.48281120439776      1.03922010091929     -8.77444955463361      h       
    3.67077590596069     -5.28351557581923     -4.60538312732555      n       
    0.31039386962369     -3.67246477531262     -3.06315641740877      h       
    2.76057458647964     -6.92873355526630     -3.98812279909838      h       
    3.84336004288226     -5.44751864725589     -6.57419463869423      h       
$end                                                                            
