$coord                                                                          
   -7.35255629312151      3.19508995962943      0.60448856570925      c       
   -4.85361500260199      4.54711183683930      1.15713212150333      c       
   -8.88452624057722      4.60617058550149     -1.40779462362390      c       
   -9.16231773586572      6.61749079676714     -0.86046951851985      h       
  -10.77344539259530      3.72077079134229     -1.64006644169221      h       
   -7.89395434464277      4.53660589827819     -3.26013335220864      h       
   -6.97516032801457      0.58493571254530     -0.28071422546978      n       
   -8.42800526190304      3.19954608454674      2.42355297293759      h       
   -6.00831450288190     -0.44092223312658      1.11438293526380      h       
   -8.73437047580153     -0.31041530654247     -0.46608893244675      h       
   -4.71887636727200      6.20161771929892      3.18942434706434      o       
   -2.74390890640836      4.25840620481610     -0.39079850735217      o       
   -3.10283242434398      2.97567377755900     -1.75672272145837      h       
$end                                                                            
