$ufftopology
nxtnei12
    1     3
          2     4    11
    2     3
          1     3     7
    3     3
          2     6    12
    4     3
          1     5    10
    5     3
          4     6    13
    6     3
          3     5     9
    7     2
          2     8
    8     1
          7
    9     1
          6
   10     1
          4
   11     1
          1
   12     1
          3
   13     4
          5    14    15    16
   14     4
         13    17    21    22
   15     1
         13
   16     1
         13
   17     3
         14    18    19
   18     1
         17
   19     2
         17    20
   20     1
         19
   21     3
         14    23    24
   22     1
         14
   23     1
         21
   24     1
         21
nxtnei13
    1     4
          3     7     5    10
    2     5
          4    11     6    12     8
    3     4
          1     7     5     9
    4     4
          2    11     6    13
    5     7
          1    10     3     9    14    15    16
    6     4
          2    12     4    13
    7     2
          1     3
    8     1
          2
    9     2
          3     5
   10     2
          1     5
   11     2
          2     4
   12     2
          2     6
   13     5
          4     6    17    21    22
   14     7
          5    15    16    18    19    23    24
   15     3
          5    14    16
   16     3
          5    14    15
   17     4
         13    21    22    20
   18     2
         14    19
   19     2
         14    18
   20     1
         17
   21     3
         13    17    22
   22     3
         13    17    21
   23     2
         14    24
   24     2
         14    23
nxtnei14
    1     4
          6    12     8    13
    2     3
          5    10     9
    3     4
          4    11     8    13
    4     6
          3     7     9    14    15    16
    5     6
          2    11    12    17    21    22
    6     6
          1     7    10    14    15    16
    7     4
          4    11     6    12
    8     2
          1     3
    9     4
          2    12     4    13
   10     4
          2    11     6    13
   11     4
          3     7     5    10
   12     4
          1     7     5     9
   13     8
          1    10     3     9    18    19    23    24
   14     3
          4     6    20
   15     5
          4     6    17    21    22
   16     5
          4     6    17    21    22
   17     5
          5    15    16    23    24
   18     4
         13    21    22    20
   19     3
         13    21    22
   20     2
         14    18
   21     5
          5    15    16    18    19
   22     7
          5    15    16    18    19    23    24
   23     3
         13    17    22
   24     3
         13    17    22
connectivity (= bond)
                    24
     1     2   2.557163   2.000000
     1     4   2.565211   2.000000
     1    11   2.049687   1.000000
     2     3   2.556452   2.000000
     2     7   2.629464   1.000000
     3     6   2.564430   2.000000
     3    12   2.050282   1.000000
     4     5   2.574552   2.000000
     4    10   2.054111   1.000000
     5     6   2.575546   2.000000
     5    13   2.860922   1.000000
     6     9   2.055767   1.000000
     7     8   1.916125   1.000000
    13    14   2.912571   1.000000
    13    15   2.101010   1.000000
    13    16   2.105924   1.000000
    14    17   2.879985   1.000000
    14    21   2.785152   1.000000
    14    22   2.108915   1.000000
    17    18   2.630704   1.000000
    17    19   2.624368   1.000000
    19    20   1.912563   1.000000
    21    23   1.978145   1.000000
    21    24   1.983812   1.000000
angle
                    38
     1     2     3     2     120.02       1.00       4.00
     1     2     7     2     119.99       1.00       5.00
     1     4     5     2     120.15       2.00       8.00
     1     4    10     2     119.39       2.00       9.00
     2     1     4     2     120.18       1.00       2.00
     2     1    11     2     119.20       1.00       3.00
     2     3     6     2     120.15       4.00       6.00
     2     3    12     2     119.40       4.00       7.00
     2     7     8     9     110.76       5.00      13.00
     3     2     7     2     119.99       4.00       5.00
     3     6     5     2     120.20       6.00      10.00
     3     6     9     2     119.29       6.00      12.00
     4     1    11     2     120.62       2.00       3.00
     4     5     6     2     119.31       8.00      10.00
     4     5    13     2     120.15       8.00      11.00
     5     4    10     2     120.46       8.00       9.00
     5     6     9     2     120.51      10.00      12.00
     5    13    14     9     112.05      11.00      14.00
     5    13    15     9     109.28      11.00      15.00
     5    13    16     9     110.87      11.00      16.00
     6     3    12     2     120.45       6.00       7.00
     6     5    13     2     120.53      10.00      11.00
    13    14    17     9     112.02      14.00      17.00
    13    14    21     9     108.32      14.00      18.00
    13    14    22     9     109.36      14.00      19.00
    14    13    15     9     109.54      14.00      15.00
    14    13    16     9     109.14      14.00      16.00
    14    17    18     2     121.26      17.00      20.00
    14    17    19     2     119.55      17.00      21.00
    14    21    23     9     109.16      18.00      23.00
    14    21    24     9     109.18      18.00      24.00
    15    13    16     9     105.76      15.00      16.00
    17    14    21     9     111.60      17.00      18.00
    17    14    22     9     105.83      17.00      19.00
    17    19    20     9     108.76      21.00      22.00
    18    17    19     2     119.16      20.00      21.00
    21    14    22     9     109.66      18.00      19.00
    23    21    24     9     105.93      23.00      24.00
torsion
                    55
     4     1     2     3     1     3   0.54420801 120.18120099 120.01624409
     4     1     2     7     1     3 180.08025801 120.18120099 119.98904795
    11     1     2     3     1     3 181.00406276 119.19725409 120.01624409
    11     1     2     7     1     3   0.54011277 119.19725409 119.98904795
     2     1     4     5     2     3   0.13809829 120.18120099 120.14645115
     2     1     4    10     2     3 180.39520262 120.18120099 119.38851153
    11     1     4     5     2     3 179.67162769 120.61992674 120.14645115
    11     1     4    10     2     3 359.92873202 120.61992674 119.38851153
     1     2     3     6     4     3 359.38453901 120.01624409 120.14735910
     1     2     3    12     4     3 178.95243198 120.01624409 119.40061936
     7     2     3     6     4     3 179.84850786 119.99308141 120.14735910
     7     2     3    12     4     3 359.41640083 119.99308141 119.40061936
     1     2     7     8     5     3  88.75049206 119.98904795 110.75683451
     3     2     7     8     5     3 268.28665036 119.99308141 110.75683451
     2     3     6     5     6     3   0.00482754 120.14735910 120.19662962
     2     3     6     9     6     3 179.49626058 120.14735910 119.29266235
    12     3     6     5     6     3 180.44151708 120.45059759 120.19662962
    12     3     6     9     6     3 359.93295011 120.45059759 119.29266235
     1     4     5     6     8     3 359.25899214 120.14645115 119.30572594
     1     4     5    13     8     3 180.91557800 120.14645115 120.14572398
    10     4     5     6     8     3 178.99909315 120.46453307 119.30572594
    10     4     5    13     8     3   0.65567901 120.46453307 120.14572398
     4     5     6     3    10     3   0.67016304 119.30572594 120.19662962
     4     5     6     9    10     3 181.18497555 119.30572594 120.50873327
    13     5     6     3    10     3 179.00710158 120.52758424 120.19662962
    13     5     6     9    10     3 359.52191409 120.52758424 120.50873327
     4     5    13    14    11    22  82.66146447 120.14572398 112.05009580
     4     5    13    15    11    22 321.06499044 120.14572398 109.28152310
     4     5    13    16    11    22 204.87282927 120.14572398 110.87330572
     6     5    13    14    11    22 264.33851026 120.52758424 112.05009580
     6     5    13    15    11    22 142.74203623 120.52758424 109.28152310
     6     5    13    16    11    22  26.54987506 120.52758424 110.87330572
     5    13    14    17    14     1  64.50649559 112.05009580 112.02484371
     5    13    14    21    14     1 188.03117252 112.05009580 108.31900722
     5    13    14    22    14     1 307.49948193 112.05009580 109.35922258
    15    13    14    17    14     1 185.95657486 109.53637581 112.02484371
    15    13    14    21    14     1 309.48125179 109.53637581 108.31900722
    15    13    14    22    14     1  68.94956121 109.53637581 109.35922258
    16    13    14    17    14     1 301.31185647 109.13944855 112.02484371
    16    13    14    21    14     1  64.83653340 109.13944855 108.31900722
    16    13    14    22    14     1 184.30484282 109.13944855 109.35922258
    13    14    17    18    17    22  40.75709257 112.02484371 121.25916611
    13    14    17    19    17    22 218.75613304 112.02484371 119.54936492
    21    14    17    18    17    22 279.09848162 111.60312471 121.25916611
    21    14    17    19    17    22  97.09752209 111.60312471 119.54936492
    22    14    17    18    17    22 159.86242704 105.83374478 121.25916611
    22    14    17    19    17    22 337.86146751 105.83374478 119.54936492
    13    14    21    23    18     1  71.49811312 108.31900722 109.15730163
    13    14    21    24    18     1 186.86246301 108.31900722 109.17845292
    17    14    21    23    18     1 195.27635327 111.60312471 109.15730163
    17    14    21    24    18     1 310.64070317 111.60312471 109.17845292
    22    14    21    23    18     1 312.21828705 109.65866967 109.15730163
    22    14    21    24    18     1  67.58263694 109.65866967 109.17845292
    14    17    19    20    21     3 180.98113405 119.54936492 108.75913843
    18    17    19    20    21     3 359.02239647 119.16171332 108.75913843
inversion
                     8
     1     2     4    11    11    11    11   -0.401   -0.398   -0.403
     2     1     3     7    10    11    11    0.402    0.402    0.402
     3     2     6    12    11    11    11    0.376    0.374    0.378
     4     1     5    10    11    11    11   -0.224   -0.222   -0.225
     5     4     6    13    11    11    11   -1.432   -1.445   -1.450
     6     3     5     9    11    11    11    0.444    0.440    0.445
    17    14    18    19    10    10    11    1.741    1.710    1.704
    21    14    23    24     9     9     9   58.589   58.601   56.968
nonbond
                   214
    1     6    5.124
    1     8    5.383
    1     9    7.179
    1    12    6.281
    1    13    7.078
    1    14    8.459
    1    15    7.554
    1    16    8.522
    1    17    9.326
    1    18   10.372
    1    19   10.168
    1    20   11.245
    1    21   10.951
    1    22    7.801
    1    23   11.067
    1    24   12.228
    2     5    5.144
    2     9    6.292
    2    10    6.294
    2    13    8.004
    2    14    9.468
    2    15    8.929
    2    16    8.983
    2    17    9.668
    2    18   10.166
    2    19   10.495
    2    20   11.174
    2    21   12.109
    2    22    9.176
    2    23   12.573
    2    24   13.349
    3     4    5.126
    3     8    5.421
    3    10    7.180
    3    11    6.278
    3    13    7.085
    3    14    8.624
    3    15    8.426
    3    16    7.553
    3    17    8.367
    3    18    8.290
    3    19    9.493
    3    20    9.913
    3    21   11.220
    3    22    8.868
    3    23   12.015
    3    24   12.466
    4     7    6.844
    4     8    7.689
    4     9    6.320
    4    12    7.176
    4    14    6.184
    4    15    5.052
    4    16    6.390
    4    17    7.562
    4    18    8.795
    4    19    8.768
    4    20   10.090
    4    21    8.512
    4    22    5.658
    4    23    8.547
    4    24    9.904
    5     7    7.773
    5     8    8.638
    5    11    6.321
    5    12    6.320
    5    17    5.808
    5    18    6.534
    5    19    7.553
    5    20    8.686
    5    21    7.180
    5    22    5.150
    5    23    7.689
    5    24    8.670
    6     7    6.842
    6     8    7.713
    6    10    6.318
    6    11    7.173
    6    14    6.410
    6    15    6.285
    6    16    5.019
    6    17    6.337
    6    18    6.196
    6    19    7.975
    6    20    8.576
    6    21    8.858
    6    22    7.063
    6    23    9.748
    6    24   10.199
    7     9    8.484
    7    10    8.486
    7    11    4.896
    7    12    4.902
    7    13   10.634
    7    14   12.009
    7    15   11.508
    7    16   11.565
    7    17   12.021
    7    18   12.443
    7    19   12.563
    7    20   13.063
    7    21   14.687
    7    22   11.583
    7    23   15.137
    7    24   15.854
    8     9    9.288
    8    10    9.249
    8    11    5.592
    8    12    5.664
    8    13   11.458
    8    14   13.171
    8    15   12.129
    8    16   12.252
    8    17   13.383
    8    18   13.658
    8    19   14.160
    8    20   14.697
    8    21   15.749
    8    22   12.858
    8    23   16.099
    8    24   17.067
    9    10    8.033
    9    11    9.228
    9    12    4.609
    9    13    5.120
    9    14    6.622
    9    15    6.905
    9    16    4.609
    9    17    6.014
    9    18    5.041
    9    19    7.892
    9    20    8.177
    9    21    8.775
    9    22    7.774
    9    23    9.964
    9    24   10.044
   10    11    4.617
   10    12    9.230
   10    13    5.102
   10    14    6.223
   10    15    4.729
   10    16    7.035
   10    17    8.183
   10    18    9.791
   10    19    9.292
   10    20   10.862
   10    21    8.133
   10    22    5.307
   10    23    7.718
   10    24    9.496
   11    12    7.954
   11    13    8.728
   11    14    9.932
   11    15    8.898
   11    16   10.324
   11    17   10.975
   11    18   12.246
   11    19   11.573
   11    20   12.733
   11    21   12.311
   11    22    8.950
   11    23   12.191
   11    24   13.518
   12    13    8.735
   12    14   10.180
   12    15   10.205
   12    16    8.862
   12    17    9.480
   12    18    8.951
   12    19   10.489
   12    20   10.556
   12    21   12.735
   12    22   10.582
   12    23   13.704
   12    24   13.899
   13    18    5.625
   13    19    7.061
   13    20    8.382
   13    23    5.175
   13    24    6.355
   14    20    6.352
   15    17    6.604
   15    18    7.588
   15    19    8.722
   15    20   10.212
   15    21    4.942
   15    22    4.864
   15    23    4.681
   15    24    6.843
   16    17    5.244
   16    18    5.066
   16    19    7.809
   16    20    8.797
   16    21    5.151
   16    22    5.858
   16    23    6.041
   16    24    6.887
   17    23    6.365
   17    24    4.937
   18    20    4.548
   18    21    6.140
   18    22    6.401
   18    23    7.982
   18    24    6.575
   19    21    6.357
   19    22    4.828
   19    23    7.853
   19    24    5.888
   20    21    7.848
   20    22    6.676
   20    23    9.507
   20    24    7.302
   22    23    4.429
   22    24    4.670
qpartial
                    24
        -0.04556    0.24636   -0.07448   -0.12215    0.02043   -0.08587
        -0.68865    0.34809    0.13083    0.11581    0.15189    0.13554
        -0.23175   -0.01678    0.13398    0.16423    0.55106   -0.45896
        -0.71458    0.36150   -0.64541    0.15003    0.24309    0.33135
$end
