$ufftopology
nxtnei12
    1     3
          2     4    11
    2     3
          1     3     7
    3     3
          2     6    12
    4     3
          1     5    10
    5     3
          4     6    13
    6     3
          3     5     9
    7     2
          2     8
    8     1
          7
    9     1
          6
   10     1
          4
   11     1
          1
   12     1
          3
   13     4
          5    14    15    16
   14     4
         13    17    21    22
   15     1
         13
   16     1
         13
   17     3
         14    18    19
   18     1
         17
   19     2
         17    20
   20     1
         19
   21     3
         14    23    24
   22     1
         14
   23     1
         21
   24     1
         21
nxtnei13
    1     4
          3     7     5    10
    2     5
          4    11     6    12     8
    3     4
          1     7     5     9
    4     4
          2    11     6    13
    5     7
          1    10     3     9    14    15    16
    6     4
          2    12     4    13
    7     2
          1     3
    8     1
          2
    9     2
          3     5
   10     2
          1     5
   11     2
          2     4
   12     2
          2     6
   13     5
          4     6    17    21    22
   14     7
          5    15    16    18    19    23    24
   15     3
          5    14    16
   16     3
          5    14    15
   17     4
         13    21    22    20
   18     2
         14    19
   19     2
         14    18
   20     1
         17
   21     3
         13    17    22
   22     3
         13    17    21
   23     2
         14    24
   24     2
         14    23
nxtnei14
    1     4
          6    12     8    13
    2     3
          5    10     9
    3     4
          4    11     8    13
    4     6
          3     7     9    14    15    16
    5     6
          2    11    12    17    21    22
    6     6
          1     7    10    14    15    16
    7     4
          4    11     6    12
    8     2
          1     3
    9     4
          2    12     4    13
   10     4
          2    11     6    13
   11     4
          3     7     5    10
   12     4
          1     7     5     9
   13     8
          1    10     3     9    18    19    23    24
   14     3
          4     6    20
   15     5
          4     6    17    21    22
   16     5
          4     6    17    21    22
   17     5
          5    15    16    23    24
   18     4
         13    21    22    20
   19     3
         13    21    22
   20     2
         14    18
   21     5
          5    15    16    18    19
   22     7
          5    15    16    18    19    23    24
   23     3
         13    17    22
   24     3
         13    17    22
connectivity (= bond)
                    24
     1     2   2.556396   2.000000
     1     4   2.565625   2.000000
     1    11   2.049884   1.000000
     2     3   2.556628   2.000000
     2     7   2.629010   1.000000
     3     6   2.565273   2.000000
     3    12   2.050379   1.000000
     4     5   2.574735   2.000000
     4    10   2.058601   1.000000
     5     6   2.573552   2.000000
     5    13   2.859661   1.000000
     6     9   2.054794   1.000000
     7     8   1.916953   1.000000
    13    14   2.912018   1.000000
    13    15   2.104089   1.000000
    13    16   2.105267   1.000000
    14    17   2.892563   1.000000
    14    21   2.781446   1.000000
    14    22   2.105167   1.000000
    17    18   2.627001   1.000000
    17    19   2.634520   1.000000
    19    20   1.905951   1.000000
    21    23   1.981417   1.000000
    21    24   1.983518   1.000000
angle
                    38
     1     2     3     2     120.04       1.00       4.00
     1     2     7     2     119.98       1.00       5.00
     1     4     5     2     120.14       2.00       8.00
     1     4    10     2     119.57       2.00       9.00
     2     1     4     2     120.15       1.00       2.00
     2     1    11     2     119.09       1.00       3.00
     2     3     6     2     120.16       4.00       6.00
     2     3    12     2     119.30       4.00       7.00
     2     7     8     9     110.69       5.00      13.00
     3     2     7     2     119.98       4.00       5.00
     3     6     5     2     120.15       6.00      10.00
     3     6     9     2     119.39       6.00      12.00
     4     1    11     2     120.76       2.00       3.00
     4     5     6     2     119.37       8.00      10.00
     4     5    13     2     120.34       8.00      11.00
     5     4    10     2     120.29       8.00       9.00
     5     6     9     2     120.46      10.00      12.00
     5    13    14     9     111.80      11.00      14.00
     5    13    15     9     109.89      11.00      15.00
     5    13    16     9     110.48      11.00      16.00
     6     3    12     2     120.54       6.00       7.00
     6     5    13     2     120.27      10.00      11.00
    13    14    17     9     112.12      14.00      17.00
    13    14    21     9     108.26      14.00      18.00
    13    14    22     9     107.88      14.00      19.00
    14    13    15     9     109.02      14.00      15.00
    14    13    16     9     109.81      14.00      16.00
    14    17    18     2     119.63      17.00      20.00
    14    17    19     2     121.78      17.00      21.00
    14    21    23     9     109.26      18.00      23.00
    14    21    24     9     109.19      18.00      24.00
    15    13    16     9     105.64      15.00      16.00
    17    14    21     9     111.87      17.00      18.00
    17    14    22     9     107.79      17.00      19.00
    17    19    20     9     112.69      21.00      22.00
    18    17    19     2     118.58      20.00      21.00
    21    14    22     9     108.79      18.00      19.00
    23    21    24     9     105.83      23.00      24.00
torsion
                    55
     4     1     2     3     1     3   0.23510821 120.14903156 120.03842138
     4     1     2     7     1     3 179.96563622 120.14903156 119.97827534
    11     1     2     3     1     3 180.11843730 119.08610545 120.03842138
    11     1     2     7     1     3 359.84896531 119.08610545 119.97827534
     2     1     4     5     2     3 359.72379530 120.14903156 120.13533555
     2     1     4    10     2     3 179.05528756 120.14903156 119.56740395
    11     1     4     5     2     3 179.84245067 120.76475852 120.13533555
    11     1     4    10     2     3 359.17394294 120.76475852 119.56740395
     1     2     3     6     4     3 359.61633631 120.03842138 120.15660683
     1     2     3    12     4     3 179.63378199 120.03842138 119.30077065
     7     2     3     6     4     3 179.88582046 119.98275468 120.15660683
     7     2     3    12     4     3 359.90326614 119.98275468 119.30077065
     1     2     7     8     5     3  88.90786564 119.97827534 110.69084839
     3     2     7     8     5     3 268.63854483 119.98275468 110.69084839
     2     3     6     5     6     3   0.57356249 120.15660683 120.14831388
     2     3     6     9     6     3 180.51694617 120.15660683 119.38916456
    12     3     6     5     6     3 180.55589781 120.54262019 120.14831388
    12     3     6     9     6     3   0.49928149 120.54262019 119.38916456
     1     4     5     6     8     3   0.46140761 120.13533555 119.36913538
     1     4     5    13     8     3 178.53694539 120.13533555 120.33702676
    10     4     5     6     8     3 181.13481351 120.29386292 119.36913538
    10     4     5    13     8     3 359.21035129 120.29386292 120.33702676
     4     5     6     3    10     3 359.39052165 119.36913538 120.14831388
     4     5     6     9    10     3 179.44775181 119.36913538 120.46249711
    13     5     6     3    10     3 181.31358365 120.26569112 120.14831388
    13     5     6     9    10     3   1.37081381 120.26569112 120.46249711
     4     5    13    14    11    22 271.16567937 120.33702676 111.80261092
     4     5    13    15    11    22 149.96809147 120.33702676 109.89303444
     4     5    13    16    11    22  33.78445244 120.33702676 110.47982434
     6     5    13    14    11    22  89.22387401 120.26569112 111.80261092
     6     5    13    15    11    22 328.02628611 120.26569112 109.89303444
     6     5    13    16    11    22 211.84264708 120.26569112 110.47982434
     5    13    14    17    14     1  64.60056735 111.80261092 112.11772003
     5    13    14    21    14     1 188.48872478 111.80261092 108.26462021
     5    13    14    22    14     1 306.06573612 111.80261092 107.87837545
    15    13    14    17    14     1 186.30363642 109.01785151 112.11772003
    15    13    14    21    14     1 310.19179386 109.01785151 108.26462021
    15    13    14    22    14     1  67.76880519 109.01785151 107.87837545
    16    13    14    17    14     1 301.60081465 109.81029573 112.11772003
    16    13    14    21    14     1  65.48897208 109.81029573 108.26462021
    16    13    14    22    14     1 183.06598341 109.81029573 107.87837545
    13    14    17    18    17    22  45.73142315 112.11772003 119.63202532
    13    14    17    19    17    22 224.40748845 112.11772003 121.77654095
    21    14    17    18    17    22 283.88265962 111.87101148 119.63202532
    21    14    17    19    17    22 102.55872492 111.87101148 121.77654095
    22    14    17    18    17    22 164.31659347 107.79321669 119.63202532
    22    14    17    19    17    22 342.99265877 107.79321669 121.77654095
    13    14    21    23    18     1 176.96813350 108.26462021 109.25997251
    13    14    21    24    18     1 292.28743097 108.26462021 109.19109876
    17    14    21    23    18     1 301.00423689 111.87101148 109.25997251
    17    14    21    24    18     1  56.32353436 111.87101148 109.19109876
    22    14    21    23    18     1  59.97976789 108.79440600 109.25997251
    22    14    21    24    18     1 175.29906536 108.79440600 109.19109876
    14    17    19    20    21     3 358.25030861 121.77654095 112.69069498
    18    17    19    20    21     3 176.93985938 118.57856260 112.69069498
inversion
                     8
     1     2     4    11    11    11    11    0.102    0.101    0.103
     2     1     3     7    10    11    11    0.233    0.233    0.233
     3     2     6    12    11    11    11   -0.015   -0.015   -0.015
     4     1     5    10    11    11    11    0.581    0.578    0.582
     5     4     6    13    11    11    11    1.661    1.677    1.676
     6     3     5     9    11    11    11    0.049    0.049    0.049
    17    14    18    19    10    10    11    1.125    1.151    1.114
    21    14    23    24     9     9     9   58.617   58.578   56.899
nonbond
                   214
    1     6    5.125
    1     8    5.383
    1     9    7.180
    1    12    6.279
    1    13    7.080
    1    14    8.521
    1    15    8.478
    1    16    7.572
    1    17    8.210
    1    18    8.358
    1    19    9.081
    1    20    9.705
    1    21   11.143
    1    22    8.732
    1    23   12.388
    1    24   11.548
    2     5    5.142
    2     9    6.293
    2    10    6.299
    2    13    8.001
    2    14    9.441
    2    15    8.952
    2    16    8.973
    2    17    9.639
    2    18   10.318
    2    19   10.269
    2    20   10.449
    2    21   12.082
    2    22    9.131
    2    23   13.292
    2    24   12.822
    3     4    5.125
    3     8    5.415
    3    10    7.183
    3    11    6.276
    3    13    7.078
    3    14    8.525
    3    15    7.537
    3    16    8.484
    3    17    9.433
    3    18   10.584
    3    19   10.181
    3    20    9.989
    3    21   10.989
    3    22    7.876
    3    23   12.215
    3    24   12.000
    4     7    6.843
    4     8    7.689
    4     9    6.318
    4    12    7.175
    4    14    6.283
    4    15    6.344
    4    16    5.052
    4    17    6.147
    4    18    6.212
    4    19    7.579
    4    20    8.342
    4    21    8.770
    4    22    6.904
    4    23   10.127
    4    24    9.039
    5     7    7.771
    5     8    8.640
    5    11    6.323
    5    12    6.320
    5    17    5.811
    5    18    6.638
    5    19    7.456
    5    20    7.753
    5    21    7.168
    5    22    5.114
    5    23    8.647
    5    24    7.809
    6     7    6.843
    6     8    7.710
    6    10    6.319
    6    11    7.175
    6    14    6.287
    6    15    5.014
    6    16    6.342
    6    17    7.707
    6    18    8.993
    6    19    8.868
    6    20    8.668
    6    21    8.572
    6    22    5.775
    6    23    9.912
    6    24    9.611
    7     9    8.485
    7    10    8.492
    7    11    4.891
    7    12    4.898
    7    13   10.630
    7    14   11.979
    7    15   11.533
    7    16   11.554
    7    17   11.985
    7    18   12.603
    7    19   12.308
    7    20   12.442
    7    21   14.656
    7    22   11.538
    7    23   15.788
    7    24   15.418
    8     9    9.277
    8    10    9.249
    8    11    5.583
    8    12    5.647
    8    13   11.441
    8    14   12.370
    8    15   12.475
    8    16   12.493
    8    17   12.123
    8    18   12.909
    8    19   12.029
    8    20   12.061
    8    21   15.114
    8    22   11.743
    8    23   16.039
    8    24   15.980
    9    10    8.031
    9    11    9.229
    9    12    4.616
    9    13    5.105
    9    14    6.426
    9    15    4.630
    9    16    6.964
    9    17    8.440
    9    18   10.022
    9    19    9.595
    9    20    9.075
    9    21    8.265
    9    22    5.574
    9    23    9.554
    9    24    9.550
   10    11    4.630
   10    12    9.233
   10    13    5.105
   10    14    6.406
   10    15    6.979
   10    16    4.681
   10    17    5.654
   10    18    4.884
   10    19    7.312
   10    20    8.488
   10    21    8.621
   10    22    7.532
   10    23    9.939
   10    24    8.470
   11    12    7.950
   11    13    8.735
   11    14   10.044
   11    15   10.275
   11    16    8.904
   11    17    9.257
   11    18    8.979
   11    19    9.950
   11    20   10.806
   11    21   12.634
   11    22   10.410
   11    23   13.812
   11    24   12.847
   12    13    8.728
   12    14   10.049
   12    15    8.857
   12    16   10.270
   12    17   11.155
   12    18   12.502
   12    19   11.709
   12    20   11.264
   12    21   12.387
   12    22    9.101
   12    23   13.531
   12    24   13.567
   13    18    5.644
   13    19    7.059
   13    20    7.395
   13    23    6.354
   13    24    5.110
   14    20    4.943
   15    17    6.611
   15    18    7.578
   15    19    8.745
   15    20    8.770
   15    21    4.912
   15    22    4.792
   15    23    6.748
   15    24    5.605
   16    17    5.270
   16    18    5.076
   16    19    7.819
   16    20    8.571
   16    21    5.175
   16    22    5.840
   16    23    6.999
   16    24    4.827
   17    23    5.089
   17    24    5.049
   18    20    6.158
   18    21    6.031
   18    22    6.436
   18    23    6.673
   18    24    5.468
   19    21    6.516
   19    22    4.969
   19    23    6.195
   19    24    7.185
   20    21    6.537
   20    22    4.299
   20    23    5.980
   20    24    7.669
   22    23    4.545
   22    24    5.642
qpartial
                    24
        -0.03935    0.24328   -0.08478   -0.11128   -0.02191   -0.12757
        -0.68495    0.35489    0.13177    0.23782    0.17216    0.14062
        -0.27296   -0.07263    0.15419    0.16963    0.50579   -0.44666
        -0.67006    0.31851   -0.62204    0.16470    0.29940    0.26143
$end
