$ufftopology
nxtnei12
    1     3
          2     4    11
    2     3
          1     3     7
    3     3
          2     6    12
    4     3
          1     5    10
    5     3
          4     6    13
    6     3
          3     5     9
    7     2
          2     8
    8     1
          7
    9     1
          6
   10     1
          4
   11     1
          1
   12     1
          3
   13     4
          5    14    15    16
   14     4
         13    17    21    22
   15     1
         13
   16     1
         13
   17     3
         14    18    19
   18     1
         17
   19     2
         17    20
   20     1
         19
   21     3
         14    23    24
   22     1
         14
   23     1
         21
   24     1
         21
nxtnei13
    1     4
          3     7     5    10
    2     5
          4    11     6    12     8
    3     4
          1     7     5     9
    4     4
          2    11     6    13
    5     7
          1    10     3     9    14    15    16
    6     4
          2    12     4    13
    7     2
          1     3
    8     1
          2
    9     2
          3     5
   10     2
          1     5
   11     2
          2     4
   12     2
          2     6
   13     5
          4     6    17    21    22
   14     7
          5    15    16    18    19    23    24
   15     3
          5    14    16
   16     3
          5    14    15
   17     4
         13    21    22    20
   18     2
         14    19
   19     2
         14    18
   20     1
         17
   21     3
         13    17    22
   22     3
         13    17    21
   23     2
         14    24
   24     2
         14    23
nxtnei14
    1     4
          6    12     8    13
    2     3
          5    10     9
    3     4
          4    11     8    13
    4     6
          3     7     9    14    15    16
    5     6
          2    11    12    17    21    22
    6     6
          1     7    10    14    15    16
    7     4
          4    11     6    12
    8     2
          1     3
    9     4
          2    12     4    13
   10     4
          2    11     6    13
   11     4
          3     7     5    10
   12     4
          1     7     5     9
   13     8
          1    10     3     9    18    19    23    24
   14     3
          4     6    20
   15     5
          4     6    17    21    22
   16     5
          4     6    17    21    22
   17     5
          5    15    16    23    24
   18     4
         13    21    22    20
   19     3
         13    21    22
   20     2
         14    18
   21     5
          5    15    16    18    19
   22     7
          5    15    16    18    19    23    24
   23     3
         13    17    22
   24     3
         13    17    22
connectivity (= bond)
                    24
     1     2   2.569184   2.000000
     1     4   2.564603   2.000000
     1    11   2.049935   1.000000
     2     3   2.554598   2.000000
     2     7   2.642373   1.000000
     3     6   2.564097   2.000000
     3    12   2.049375   1.000000
     4     5   2.573406   2.000000
     4    10   2.055141   1.000000
     5     6   2.573836   2.000000
     5    13   2.864024   1.000000
     6     9   2.053238   1.000000
     7     8   1.917337   1.000000
    13    14   2.934935   1.000000
    13    15   2.101429   1.000000
    13    16   2.104752   1.000000
    14    17   2.890607   1.000000
    14    21   2.783831   1.000000
    14    22   2.102422   1.000000
    17    18   2.628906   1.000000
    17    19   2.626557   1.000000
    19    20   1.909680   1.000000
    21    23   1.980114   1.000000
    21    24   1.977327   1.000000
angle
                    38
     1     2     3     2     119.62       1.00       4.00
     1     2     7     2     121.69       1.00       5.00
     1     4     5     2     120.31       2.00       8.00
     1     4    10     2     119.21       2.00       9.00
     2     1     4     2     120.18       1.00       2.00
     2     1    11     2     120.23       1.00       3.00
     2     3     6     2     120.44       4.00       6.00
     2     3    12     2     118.81       4.00       7.00
     2     7     8     9     113.89       5.00      13.00
     3     2     7     2     118.68       4.00       5.00
     3     6     5     2     120.24       6.00      10.00
     3     6     9     2     119.48       6.00      12.00
     4     1    11     2     119.60       2.00       3.00
     4     5     6     2     119.21       8.00      10.00
     4     5    13     2     120.72       8.00      11.00
     5     4    10     2     120.48       8.00       9.00
     5     6     9     2     120.28      10.00      12.00
     5    13    14     9     112.51      11.00      14.00
     5    13    15     9     107.91      11.00      15.00
     5    13    16     9     110.83      11.00      16.00
     6     3    12     2     120.74       6.00       7.00
     6     5    13     2     120.07      10.00      11.00
    13    14    17     9     112.93      14.00      17.00
    13    14    21     9     109.30      14.00      18.00
    13    14    22     9     109.97      14.00      19.00
    14    13    15     9     110.19      14.00      15.00
    14    13    16     9     109.49      14.00      16.00
    14    17    18     2     120.86      17.00      20.00
    14    17    19     2     120.70      17.00      21.00
    14    21    23     9     110.05      18.00      23.00
    14    21    24     9     110.44      18.00      24.00
    15    13    16     9     105.68      15.00      16.00
    17    14    21     9     111.28      17.00      18.00
    17    14    22     9     105.23      17.00      19.00
    17    19    20     9     108.92      21.00      22.00
    18    17    19     2     118.37      20.00      21.00
    21    14    22     9     107.95      18.00      19.00
    23    21    24     9     108.41      23.00      24.00
torsion
                    55
     4     1     2     3     1     3 359.87421478 120.17784816 119.62328439
     4     1     2     7     1     3 179.81070165 120.17784816 121.69280204
    11     1     2     3     1     3 179.59949875 120.22534870 119.62328439
    11     1     2     7     1     3 359.53598561 120.22534870 121.69280204
     2     1     4     5     2     3   0.18339287 120.17784816 120.30588815
     2     1     4    10     2     3 179.27152940 120.17784816 119.20848064
    11     1     4     5     2     3 180.45637907 119.59623740 120.30588815
    11     1     4    10     2     3 359.54451560 119.59623740 119.20848064
     1     2     3     6     4     3   0.01763582 119.62328439 120.44328039
     1     2     3    12     4     3 180.13394457 119.62328439 118.81430432
     7     2     3     6     4     3 180.07923736 118.68388389 120.44328039
     7     2     3    12     4     3   0.19554611 118.68388389 118.81430432
     1     2     7     8     5     3   1.31037936 121.69280204 113.88891626
     3     2     7     8     5     3 181.24744447 118.68388389 113.88891626
     2     3     6     5     6     3   0.03352226 120.44328039 120.23796972
     2     3     6     9     6     3 180.11929519 120.44328039 119.48246178
    12     3     6     5     6     3 179.91495203 120.74231154 120.23796972
    12     3     6     9     6     3   0.00072496 120.74231154 119.48246178
     1     4     5     6     8     3 359.86895905 120.30588815 119.21151262
     1     4     5    13     8     3 179.94260471 120.30588815 120.71973017
    10     4     5     6     8     3 180.79250180 120.47928635 119.21151262
    10     4     5    13     8     3   0.86614746 120.47928635 120.71973017
     4     5     6     3    10     3   0.02295397 119.21151262 120.23796972
     4     5     6     9    10     3 179.93649268 119.21151262 120.27951259
    13     5     6     3    10     3 179.94979751 120.06871617 120.23796972
    13     5     6     9    10     3 359.86333623 120.06871617 120.27951259
     4     5    13    14    11    22 254.58217559 120.71973017 112.50825514
     4     5    13    15    11    22 132.81222393 120.71973017 107.91351458
     4     5    13    16    11    22  17.53995730 120.71973017 110.82502501
     6     5    13    14    11    22  74.65645088 120.06871617 112.50825514
     6     5    13    15    11    22 312.88649922 120.06871617 107.91351458
     6     5    13    16    11    22 197.61423259 120.06871617 110.82502501
     5    13    14    17    14     1  78.64348720 112.50825514 112.92915982
     5    13    14    21    14     1 203.09791315 112.50825514 109.30276282
     5    13    14    22    14     1 321.44053542 112.50825514 109.96613918
    15    13    14    17    14     1 199.11329620 110.18642104 112.92915982
    15    13    14    21    14     1 323.56772216 110.18642104 109.30276282
    15    13    14    22    14     1  81.91034443 110.18642104 109.96613918
    16    13    14    17    14     1 314.94071136 109.49042860 112.92915982
    16    13    14    21    14     1  79.39513732 109.49042860 109.30276282
    16    13    14    22    14     1 197.73775959 109.49042860 109.96613918
    13    14    17    18    17    22 324.17275993 112.92915982 120.85973062
    13    14    17    19    17    22 147.20343501 112.92915982 120.69857520
    21    14    17    18    17    22 200.80767680 111.28298486 120.85973062
    21    14    17    19    17    22  23.83835188 111.28298486 120.69857520
    22    14    17    18    17    22  84.13430376 105.22947526 120.85973062
    22    14    17    19    17    22 267.16497884 105.22947526 120.69857520
    13    14    21    23    18     1 300.12413664 109.30276282 110.04977322
    13    14    21    24    18     1  59.77570812 109.30276282 110.44159074
    17    14    21    23    18     1  65.53590814 111.28298486 110.04977322
    17    14    21    24    18     1 185.18747962 111.28298486 110.44159074
    22    14    21    23    18     1 180.53255868 107.95381595 110.04977322
    22    14    21    24    18     1 300.18413017 107.95381595 110.44159074
    14    17    19    20    21     3 177.87842896 120.69857520 108.92067373
    18    17    19    20    21     3   0.83520491 118.37444582 108.92067373
inversion
                     8
     1     2     4    11    11    11    11    0.237    0.237    0.236
     2     1     3     7    10    11    11    0.054    0.055    0.054
     3     2     6    12    11    11    11   -0.102   -0.100   -0.102
     4     1     5    10    11    11    11    0.796    0.787    0.797
     5     4     6    13    11    11    11   -0.063   -0.064   -0.064
     6     3     5     9    11    11    11   -0.075   -0.074   -0.075
    17    14    18    19    10    10    11   -2.606   -2.601   -2.542
    21    14    23    24     9     9     9   54.521   54.724   53.728
nonbond
                   214
    1     6    5.124
    1     8    4.788
    1     9    7.177
    1    12    6.276
    1    13    7.091
    1    14    8.786
    1    15    8.330
    1    16    7.522
    1    17    9.047
    1    18    7.438
    1    19   11.583
    1    20   11.940
    1    21   11.379
    1    22    8.773
    1    23   11.943
    1    24   11.842
    2     5    5.155
    2     9    6.295
    2    10    6.303
    2    13    8.019
    2    14    9.534
    2    15    8.887
    2    16    8.992
    2    17   10.255
    2    18    9.010
    2    19   12.785
    2    20   13.325
    2    21   12.059
    2    22    8.996
    2    23   12.947
    2    24   12.207
    3     4    5.121
    3     8    6.126
    3    10    7.176
    3    11    6.292
    3    13    7.080
    3    14    8.404
    3    15    7.559
    3    16    8.543
    3    17    9.730
    3    18    9.133
    3    19   12.214
    3    20   13.075
    3    21   10.685
    3    22    7.549
    3    23   11.810
    3    24   10.524
    4     7    6.890
    4     8    7.342
    4     9    6.311
    4    12    7.170
    4    14    6.599
    4    15    6.179
    4    16    4.974
    4    17    6.957
    4    18    5.661
    4    19    9.541
    4    20   10.071
    4    21    9.089
    4    22    7.020
    4    23    9.479
    4    24    9.669
    5     7    7.796
    5     8    8.778
    5    11    6.309
    5    12    6.322
    5    17    6.157
    5    18    5.863
    5    19    8.758
    5    20    9.737
    5    21    7.156
    5    22    5.028
    5    23    7.847
    5    24    7.420
    6     7    6.837
    6     8    8.279
    6    10    6.315
    6    11    7.174
    6    14    6.080
    6    15    5.093
    6    16    6.420
    6    17    7.826
    6    18    7.757
    6    19   10.298
    6    20   11.395
    6    21    8.201
    6    22    5.409
    6    23    9.312
    6    24    7.996
    7     9    8.466
    7    10    8.541
    7    11    5.012
    7    12    4.839
    7    13   10.660
    7    14   12.086
    7    15   11.466
    7    16   11.597
    7    17   12.668
    7    18   11.236
    7    19   15.126
    7    20   15.526
    7    21   14.631
    7    22   11.391
    7    23   15.573
    7    24   14.741
    8     9   10.066
    8    10    8.649
    8    11    4.415
    8    12    6.731
    8    13   11.605
    8    14   13.087
    8    15   12.586
    8    16   12.262
    8    17   13.338
    8    18   11.594
    8    19   15.758
    8    20   15.958
    8    21   15.716
    8    22   12.578
    8    23   16.511
    8    24   15.993
    9    10    8.025
    9    11    9.227
    9    12    4.622
    9    13    5.093
    9    14    5.986
    9    15    4.848
    9    16    7.079
    9    17    8.246
    9    18    8.781
    9    19   10.482
    9    20   11.826
    9    21    7.575
    9    22    5.003
    9    23    8.914
    9    24    6.958
   10    11    4.580
   10    12    9.225
   10    13    5.126
   10    14    6.906
   10    15    6.767
   10    16    4.522
   10    17    6.684
   10    18    5.110
   10    19    9.086
   10    20    9.394
   10    21    9.229
   10    22    7.819
   10    23    9.232
   10    24   10.094
   11    12    7.968
   11    13    8.724
   11    14   10.383
   11    15   10.069
   11    16    8.791
   11    17   10.224
   11    18    8.236
   11    19   12.639
   11    20   12.726
   11    21   12.995
   11    22   10.516
   11    23   13.396
   11    24   13.612
   12    13    8.730
   12    14    9.825
   12    15    8.932
   12    16   10.357
   12    17   11.321
   12    18   10.898
   12    19   13.693
   12    20   14.620
   12    21   11.916
   12    22    8.667
   12    23   13.212
   12    24   11.530
   13    18    5.611
   13    19    7.181
   13    20    8.483
   13    23    5.061
   13    24    5.069
   14    20    6.380
   15    17    6.619
   15    18    7.682
   15    19    8.680
   15    20   10.178
   15    21    4.841
   15    22    5.086
   15    23    5.204
   15    24    4.429
   16    17    5.124
   16    18    5.545
   16    19    7.252
   16    20    8.322
   16    21    5.449
   16    22    5.855
   16    23    5.064
   16    24    6.184
   17    23    5.189
   17    24    6.410
   18    20    4.524
   18    21    7.094
   18    22    5.588
   18    23    7.427
   18    24    8.657
   19    21    5.347
   19    22    5.706
   19    23    5.624
   19    24    7.268
   20    21    7.215
   20    22    7.209
   20    23    7.328
   20    24    9.147
   22    23    5.639
   22    24    4.550
qpartial
                    24
        -0.09755    0.24586   -0.02757   -0.12544    0.02777   -0.07414
        -0.69168    0.35341    0.16183    0.12350    0.11219    0.16205
        -0.26458   -0.03001    0.11871    0.16124    0.57188   -0.50038
        -0.61134    0.34409   -0.57115    0.12318    0.25003    0.23809
$end
