    24
 Energy =      40.8465924070
c     1.6703672    2.6182922    0.2614132  0.00    0.0469517    0.0714070    0.0241026
c     0.3248649    2.9356558    0.1418766  0.00   -0.0068143    0.1041593    0.0283968
c    -0.5827484    1.9945952   -0.3219261  0.00   -0.0890134    0.0434984    0.0042951
c     2.1038063    1.3347474   -0.0833024  0.00    0.0674554   -0.0109320    0.0086129
c     1.2047783    0.3610782   -0.5608861  0.00    0.0189946   -0.0958506   -0.0238018
c    -0.1441045    0.7159142   -0.6796715  0.00   -0.0317238   -0.0459677   -0.0211908
o    -0.1504797    4.1703171    0.4675790  0.00   -0.0528032   -0.0235525   -0.0593774
h    -0.5871159    4.5498648   -0.3125495  0.00    0.0452384   -0.0392495    0.0476242
h    -0.8895274    0.0262790   -1.0546636  0.00   -0.0051920    0.0125350   -0.0003424
h     3.1621727    1.0964802    0.0165124  0.00    0.0022617    0.0002257   -0.0008391
h     2.3926004    3.3457758    0.6178375  0.00    0.0100769   -0.0073224   -0.0019951
h    -1.6336796    2.2563998   -0.4108671  0.00   -0.0015492    0.0001461   -0.0011542
c     1.7669373   -1.0073413   -0.8964724  0.00    0.0143526   -0.0152515   -0.0208682
c     0.8861134   -2.0194266   -1.6556448  0.00   -0.0490683   -0.0073930    0.0079271
h     2.1212937   -1.4658931    0.0371405  0.00   -0.0037371    0.0081233   -0.0128083
h     2.6645729   -0.8285312   -1.5058794  0.00   -0.0142366   -0.0021162    0.0085955
c     1.7481012   -3.2276699   -2.0845864  0.00    0.3375514   -0.0516220   -0.0897888
o     2.9166907   -3.1880566   -2.4354089  0.00   -0.2813808   -0.0134091    0.0892370
o     1.0176544   -4.3756256   -2.0624861  0.00   -0.3191619    0.2336455    0.2454264
h     0.1502015   -4.1242798   -1.6550103  0.00 -226.4238277  287.2845530  356.8331985
n    -0.2697763   -2.5678537   -0.8742070  0.00    0.1593468   -0.7841617   -0.3248546
h     0.4960411   -1.5757973   -2.5789902  0.00    0.0006542   -0.0091389    0.0137190
h    -0.2733198   -3.5880456   -0.9878198  0.00  226.5759637 -286.6444627 -356.7081129
h    -0.0861426   -2.4268019    0.1217436  0.00   -0.0003391   -0.0078635   -0.0460012
    24
 Energy =       3.4168513367
c     1.6703569    2.6182765    0.2614079  0.00    0.0469229    0.0713676    0.0240889
c     0.3248664    2.9356329    0.1418704  0.00   -0.0068098    0.1041058    0.0283595
c    -0.5827288    1.9945857   -0.3219270  0.00   -0.0889394    0.0434588    0.0043034
c     2.1037915    1.3347499   -0.0833043  0.00    0.0673859   -0.0109418    0.0086122
c     1.2047742    0.3610993   -0.5608808  0.00    0.0189879   -0.0957873   -0.0237832
c    -0.1440976    0.7159243   -0.6796669  0.00   -0.0317199   -0.0459707   -0.0211644
o    -0.1504681    4.1703223    0.4675921  0.00   -0.0527984   -0.0235724   -0.0593095
h    -0.5871258    4.5498734   -0.3125600  0.00    0.0452220   -0.0392100    0.0475746
h    -0.8895262    0.0262762   -1.0546635  0.00   -0.0051996    0.0126221   -0.0003876
h     3.1621722    1.0964802    0.0165126  0.00    0.0022953    0.0002293   -0.0008444
h     2.3925982    3.3457774    0.6178379  0.00    0.0100986   -0.0072982   -0.0019910
h    -1.6336792    2.2563998   -0.4108669  0.00   -0.0015736    0.0001771   -0.0011613
c     1.7669342   -1.0073379   -0.8964678  0.00    0.0141457   -0.0153067   -0.0207614
c     0.8861242   -2.0194250   -1.6556466  0.00   -0.0445245    0.0204095    0.0094719
h     2.1212945   -1.4658948    0.0371433  0.00   -0.0036342    0.0081406   -0.0128297
h     2.6645761   -0.8285307   -1.5058812  0.00   -0.0141906   -0.0021328    0.0085480
c     1.7480270   -3.2276585   -2.0845666  0.00    0.3572134   -0.0539575   -0.1002822
o     2.9167525   -3.1880536   -2.4354285  0.00   -0.2811269   -0.0130179    0.0886089
o     1.0177246   -4.3756770   -2.0625401  0.00   -0.3292465    0.2049797    0.2011223
h     0.1999594   -4.1874121   -1.7334263  0.00  -14.3955136   18.6830194   22.9280386
n    -0.2698113   -2.5676814   -0.8741356  0.00    0.0788681   -0.5395403   -0.1825117
h     0.4960410   -1.5757953   -2.5789932  0.00    0.0007517   -0.0091306    0.0135199
h    -0.3231111   -3.5250539   -0.9094313  0.00   14.6144518  -18.2755545  -22.8935081
h    -0.0861425   -2.4268002    0.1217537  0.00   -0.0010665   -0.0170893   -0.0437139
    24
 Energy =       2.3882130701
c     1.6527538    2.5848853    0.2617392  0.00    0.0285366    0.0433770    0.0140229
c     0.3247538    2.9010320    0.1218939  0.00   -0.0044417    0.0629850    0.0164732
c    -0.5623995    1.9725200   -0.3646560  0.00   -0.0543451    0.0268127    0.0028797
c     2.0946422    1.3231160   -0.0822720  0.00    0.0408384   -0.0066434    0.0048877
c     1.2154095    0.3648282   -0.5737034  0.00    0.0112038   -0.0583422   -0.0143449
c    -0.1209679    0.7092454   -0.7147476  0.00   -0.0195114   -0.0280035   -0.0125358
o    -0.1407738    4.1437936    0.4748780  0.00   -0.0309466   -0.0178818   -0.0307810
h    -0.5318777    4.5926754   -0.3179183  0.00    0.0267130   -0.0207760    0.0242218
h    -0.8536974    0.0107193   -1.1010859  0.00   -0.0031801    0.0071644   -0.0001992
h     3.1508504    1.0865929    0.0388211  0.00    0.0015825    0.0001524   -0.0005527
h     2.3548965    3.3181869    0.6457216  0.00    0.0064253   -0.0040766   -0.0011126
h    -1.6116136    2.2345852   -0.4657884  0.00   -0.0010597    0.0001917   -0.0007141
c     1.7866816   -1.0028248   -0.9040350  0.00    0.0087878   -0.0088210   -0.0127764
c     0.8908177   -2.0175521   -1.6514400  0.00   -0.0257859    0.0111520    0.0045041
h     2.1491776   -1.4621136    0.0330543  0.00   -0.0018624    0.0051190   -0.0079530
h     2.6832279   -0.8265792   -1.5271182  0.00   -0.0087198   -0.0011677    0.0048578
c     1.7097019   -3.2355485   -2.0723864  0.00    0.2161305   -0.0331461   -0.0617599
o     2.9451298   -3.1918601   -2.4319490  0.00   -0.1711292   -0.0077569    0.0552453
o     1.0014305   -4.4040277   -2.0478671  0.00   -0.2134960    0.1335372    0.1323932
h     0.1551365   -4.2100167   -1.6904799  0.00   -9.8101307   12.7239746   15.6156526
n    -0.2683467   -2.5114986   -0.8515376  0.00    0.0586798   -0.3387499   -0.1356424
h     0.5071713   -1.5730109   -2.5835731  0.00    0.0003139   -0.0057437    0.0082637
h    -0.3844393   -3.5290237   -0.8413968  0.00    9.9451158  -12.4759263  -15.5879841
h    -0.1383632   -2.2680471    0.1495780  0.00    0.0002811   -0.0074308   -0.0170459
    24
 Energy =       1.4793687271
c     1.6428583    2.5430534    0.2930703  0.00    0.0151889    0.0199590    0.0057590
c     0.3415527    2.8946994    0.1099147  0.00   -0.0020783    0.0284244    0.0072029
c    -0.5443936    2.0010112   -0.4185808  0.00   -0.0258588    0.0120047    0.0013400
c     2.0634207    1.2901715   -0.0477561  0.00    0.0201252   -0.0025254    0.0014279
c     1.1832078    0.3702289   -0.5707563  0.00    0.0063949   -0.0270960   -0.0074750
c    -0.1279318    0.7391581   -0.7595178  0.00   -0.0097417   -0.0129712   -0.0062727
o    -0.0851139    4.1590243    0.4732875  0.00   -0.0110616   -0.0162588   -0.0015297
h    -0.3731246    4.6852610   -0.3420813  0.00    0.0111682   -0.0008766    0.0001965
h    -0.8548584    0.0498687   -1.1778590  0.00   -0.0016395    0.0032952   -0.0012877
h     3.1097198    1.0260469    0.1066428  0.00    0.0022002   -0.0004007   -0.0005871
h     2.3427235    3.2588423    0.7145673  0.00    0.0044944   -0.0018623   -0.0001742
h    -1.5808949    2.2953794   -0.5563241  0.00   -0.0011392    0.0007529   -0.0008414
c     1.7358358   -1.0000983   -0.9000043  0.00    0.0045851   -0.0041790   -0.0073033
c     0.8383527   -2.0292383   -1.6390639  0.00   -0.0137197    0.0056200    0.0029542
h     2.1243418   -1.4610786    0.0314239  0.00    0.0003925    0.0025161   -0.0048073
h     2.6225372   -0.8127435   -1.5450616  0.00   -0.0041387   -0.0016531   -0.0004533
c     1.7005392   -3.2070538   -2.0733005  0.00    0.0918855   -0.0132156   -0.0305450
o     3.0044938   -3.0631796   -2.3865439  0.00   -0.0714126    0.0012121    0.0292883
o     1.1055694   -4.4448006   -2.0507730  0.00   -0.0996668    0.0606138    0.0700754
h     0.1871439   -4.2956922   -1.7141922  0.00   -5.8158262    7.5180788    9.2267674
n    -0.3001072   -2.5444918   -0.8227261  0.00    0.0304168   -0.1903702   -0.0781820
h     0.4354310   -1.5877470   -2.5701276  0.00   -0.0006507   -0.0033027    0.0035632
h    -0.3746959   -3.5869986   -0.8296891  0.00    5.8703199   -7.3767874   -9.2024013
h    -0.1873053   -2.2695456    0.1791824  0.00   -0.0002377   -0.0009780   -0.0067150
    24
 Energy =       1.2428510855
c     1.5652275    2.5574887    0.3077727  0.00    0.0125030    0.0162705    0.0050409
c     0.2620704    2.8783677    0.0928479  0.00   -0.0018259    0.0230240    0.0046880
c    -0.5895256    1.9625528   -0.4473925  0.00   -0.0215321    0.0099326    0.0009148
c     2.0213775    1.3127822   -0.0122539  0.00    0.0167015   -0.0021179    0.0013147
c     1.1757161    0.3714973   -0.5491002  0.00    0.0039616   -0.0217380   -0.0063977
c    -0.1383012    0.7098129   -0.7689751  0.00   -0.0084838   -0.0108260   -0.0053407
o    -0.2046334    4.1364562    0.4357807  0.00   -0.0074909   -0.0181162    0.0126651
h    -0.3715450    4.6867980   -0.4081316  0.00    0.0068257    0.0049505   -0.0118369
h    -0.8422624    0.0012374   -1.1946741  0.00   -0.0016310    0.0019773   -0.0013295
h     3.0679096    1.0712043    0.1756818  0.00    0.0025469   -0.0004779   -0.0002958
h     2.2363881    3.2924017    0.7432931  0.00    0.0039407   -0.0010825    0.0002871
h    -1.6296034    2.2329003   -0.6088094  0.00   -0.0015746    0.0007468   -0.0007473
c     1.7573067   -1.0026868   -0.8243175  0.00    0.0019635   -0.0025092   -0.0060090
c     0.9115691   -2.0205505   -1.6397787  0.00   -0.0075185    0.0057538   -0.0011739
h     2.0518645   -1.4638540    0.1464950  0.00    0.0020255    0.0008830    0.0005240
h     2.7079687   -0.8293550   -1.3863085  0.00    0.0012163   -0.0005388   -0.0031182
c     1.7944309   -3.2034153   -2.0252043  0.00    0.0660636   -0.0115460   -0.0211668
o     3.0751514   -3.0197294   -2.4498499  0.00   -0.0496691    0.0048008    0.0195004
o     1.2381648   -4.4650562   -1.9401209  0.00   -0.0279517    0.0292036    0.0555338
h     0.2207663   -4.2859211   -1.8243833  0.00   -4.8234911    6.1808567    7.5682923
n    -0.2891871   -2.5224324   -0.9052765  0.00    0.0185794   -0.1557531   -0.0637062
h     0.5810977   -1.5649644   -2.5964753  0.00   -0.0013565   -0.0019970    0.0000699
h    -0.3483163   -3.5661298   -0.9254470  0.00    4.8165757   -6.0518440   -7.5462361
h    -0.2443329   -2.2593270    0.1083588  0.00   -0.0003780    0.0001470   -0.0014728
    24
 Energy =       0.9932896838
c     1.5006751    2.5817365    0.2840347  0.00    0.0096288    0.0127992    0.0044558
c     0.1906976    2.8685116    0.0721376  0.00   -0.0008513    0.0176835    0.0016824
c    -0.6443776    1.9208185   -0.4307051  0.00   -0.0167562    0.0074714    0.0001103
c     1.9798658    1.3391696   -0.0033063  0.00    0.0129434   -0.0016280    0.0012479
c     1.1522666    0.3687542   -0.5114595  0.00    0.0025266   -0.0163107   -0.0053236
c    -0.1702400    0.6722266   -0.7237443  0.00   -0.0068285   -0.0085557   -0.0043020
o    -0.3028998    4.1275801    0.3782271  0.00   -0.0064882   -0.0278006    0.0386165
h    -0.2828322    4.7180985   -0.4752992  0.00    0.0056019    0.0181501   -0.0356418
h    -0.8647893   -0.0623227   -1.1203418  0.00   -0.0017878    0.0008516   -0.0013269
h     3.0312149    1.1236847    0.1878387  0.00    0.0022739   -0.0004211   -0.0001170
h     2.1575044    3.3432908    0.6954438  0.00    0.0033466   -0.0002395    0.0005221
h    -1.6914121    2.1656273   -0.5882092  0.00   -0.0015640    0.0006617   -0.0006239
c     1.7522866   -1.0085347   -0.7432946  0.00   -0.0003280   -0.0005541   -0.0037894
c     0.9569473   -2.0098461   -1.6340532  0.00   -0.0048544    0.0043154   -0.0027242
h     1.9673328   -1.4773727    0.2470356  0.00    0.0022370   -0.0001602    0.0034174
h     2.7484360   -0.8394303   -1.2275554  0.00    0.0044087    0.0003477   -0.0040574
c     1.8643846   -3.1667119   -2.0540096  0.00    0.0448416   -0.0052542   -0.0157642
o     3.1803754   -2.9441867   -2.3817223  0.00   -0.0295293    0.0067786    0.0139043
o     1.3250464   -4.4472236   -2.0883261  0.00   -0.0199884    0.0120546    0.0406174
h     0.3096299   -4.3226391   -1.9092186  0.00   -3.7443153    4.7917444    5.8694294
n    -0.2608448   -2.5453847   -0.9579509  0.00    0.0115791   -0.1197095   -0.0492857
h     0.6520609   -1.5137750   -2.5803689  0.00   -0.0009685   -0.0010612   -0.0010575
h    -0.2698797   -3.5875792   -0.9929202  0.00    3.7352426   -4.6921792   -5.8514992
h    -0.2721469   -2.2944144    0.0614990  0.00   -0.0003705    0.0010157    0.0015095
    24
 Energy =       0.7570662420
c     1.4849158    2.5877056    0.2839823  0.00    0.0075415    0.0086691    0.0031049
c     0.1879759    2.8790856    0.0132993  0.00   -0.0010852    0.0121433    0.0005248
c    -0.6336031    1.9238308   -0.4914847  0.00   -0.0124589    0.0063691    0.0002277
c     1.9682155    1.3377223    0.0437115  0.00    0.0097318   -0.0019202    0.0006666
c     1.1550671    0.3620343   -0.4698014  0.00    0.0024713   -0.0119910   -0.0039095
c    -0.1582475    0.6661469   -0.7296896  0.00   -0.0047678   -0.0068269   -0.0034585
o    -0.3035850    4.1539131    0.2640523  0.00   -0.0065263   -0.0224812    0.0344109
h    -0.3665300    4.6875831   -0.6218460  0.00    0.0044489    0.0173842   -0.0324663
h    -0.8455378   -0.0762060   -1.1240545  0.00   -0.0010841    0.0002858   -0.0011159
h     3.0118434    1.1225028    0.2732084  0.00    0.0022673   -0.0005485    0.0000007
h     2.1295048    3.3585453    0.6962304  0.00    0.0023233    0.0000275    0.0002194
h    -1.6734862    2.1695495   -0.6920900  0.00   -0.0020185    0.0009338   -0.0007200
c     1.7545390   -1.0222958   -0.6713817  0.00   -0.0006021   -0.0005968   -0.0018338
c     0.9587751   -2.0064292   -1.5804862  0.00   -0.0051960    0.0040460   -0.0011205
h     1.9336018   -1.4899696    0.3257639  0.00    0.0013478   -0.0005258    0.0029694
h     2.7665310   -0.8693003   -1.1240820  0.00    0.0036463    0.0008941   -0.0023248
c     1.8632890   -3.1331583   -2.0865840  0.00    0.0210770   -0.0041399   -0.0051382
o     3.1442945   -2.8581065   -2.5404754  0.00   -0.0085948    0.0044167    0.0041542
o     1.3591012   -4.4280936   -2.1556333  0.00   -0.0058178    0.0054781    0.0254531
h     0.3574007   -4.3618538   -1.8952873  0.00   -2.7491432    3.5095937    4.3009853
n    -0.2365357   -2.5665369   -0.8905949  0.00    0.0082760   -0.0848820   -0.0346398
h     0.6252033   -1.4781020   -2.5004561  0.00   -0.0008512    0.0002035   -0.0014909
h    -0.2358262   -3.6085585   -0.9570389  0.00    2.7354348   -3.4375520   -4.2860093
h    -0.2376045   -2.3399313    0.1344692  0.00   -0.0004202    0.0010194    0.0015105
    24
 Energy =       0.4958526169
c     1.4926579    2.5864006    0.2822875  0.00    0.0037248    0.0041197    0.0014402
c     0.2057734    2.8851242   -0.0103362  0.00   -0.0005143    0.0060754   -0.0021535
c    -0.6184431    1.9261371   -0.4990309  0.00   -0.0063442    0.0038510    0.0001386
c     1.9693409    1.3319899    0.0672950  0.00    0.0049784   -0.0010643   -0.0000351
c     1.1553846    0.3552570   -0.4345287  0.00    0.0012218   -0.0060487   -0.0021966
c    -0.1538354    0.6612968   -0.7006943  0.00   -0.0020710   -0.0039901   -0.0017450
o    -0.2663347    4.1761937    0.2044803  0.00    0.0020770   -0.0252549    0.0534795
h    -0.5252831    4.6221485   -0.7067640  0.00   -0.0030878    0.0231453   -0.0503677
h    -0.8468759   -0.0864921   -1.0737678  0.00   -0.0006681   -0.0003049   -0.0002926
h     3.0105959    1.1164525    0.3020107  0.00    0.0012234   -0.0001217   -0.0004772
h     2.1386200    3.3636044    0.6789872  0.00    0.0012243    0.0004012   -0.0004476
h    -1.6553918    2.1726036   -0.7082435  0.00   -0.0011490    0.0004846   -0.0000233
c     1.7467216   -1.0351418   -0.6281653  0.00   -0.0007661   -0.0002264   -0.0002273
c     0.9489063   -1.9989635   -1.5589876  0.00   -0.0044309    0.0030851    0.0006808
h     1.9002554   -1.5102043    0.3682347  0.00    0.0006080   -0.0004253    0.0017795
h     2.7686733   -0.8944646   -1.0571125  0.00    0.0020928    0.0009729   -0.0008459
c     1.8559847   -3.0866650   -2.1510794  0.00    0.0069931   -0.0026573   -0.0000049
o     3.0985453   -2.7482159   -2.6826146  0.00    0.0023462    0.0026788   -0.0016683
o     1.4078804   -4.4023562   -2.2460089  0.00    0.0090600    0.0001076    0.0082978
h     0.4378036   -4.4197236   -1.8837792  0.00   -1.6716230    2.1191530    2.6030581
n    -0.2247908   -2.5885455   -0.8607881  0.00    0.0034449   -0.0438618   -0.0186557
h     0.5869464   -1.4376499   -2.4487220  0.00   -0.0008444    0.0009826   -0.0015736
h    -0.1785181   -3.6368750   -0.9081713  0.00    1.6523465   -2.0818243   -2.5896369
h    -0.2453148   -2.3418335    0.1592301  0.00    0.0001576    0.0007226    0.0014767
    24
 Energy =       0.3379268627
c     1.4956599    2.5826221    0.2870249  0.00    0.0041302    0.0015715    0.0015005
c     0.2342123    2.9057731   -0.0847335  0.00   -0.0019467    0.0031754   -0.0034321
c    -0.5842380    1.9546692   -0.5978989  0.00   -0.0052320    0.0038162   -0.0004668
c     1.9575426    1.3159826    0.1192555  0.00    0.0043896   -0.0014598   -0.0000082
c     1.1511676    0.3490103   -0.4093441  0.00    0.0021433   -0.0039608   -0.0010415
c    -0.1375733    0.6767631   -0.7460722  0.00   -0.0022950   -0.0025313   -0.0012942
o    -0.2125901    4.2163215    0.0766726  0.00    0.0034329   -0.0170709    0.0455988
h    -0.6024442    4.5903619   -0.8136876  0.00   -0.0052948    0.0173967   -0.0429091
h    -0.8282133   -0.0641161   -1.1367732  0.00   -0.0007902   -0.0001800    0.0000072
h     2.9821255    1.0838763    0.4102564  0.00    0.0025252   -0.0004982   -0.0001102
h     2.1366056    3.3544661    0.7015547  0.00    0.0010888    0.0003327   -0.0005680
h    -1.6046913    2.2170914   -0.8669966  0.00   -0.0026254    0.0010665   -0.0002887
c     1.7259156   -1.0549040   -0.5632751  0.00   -0.0005689    0.0000958   -0.0002587
c     0.9490422   -2.0068249   -1.5248880  0.00   -0.0017831    0.0012675   -0.0000610
h     1.8220632   -1.5262948    0.4428180  0.00    0.0005450   -0.0008260    0.0024951
h     2.7705395   -0.9391514   -0.9431347  0.00    0.0026355    0.0006351   -0.0008566
c     1.8634215   -3.0851734   -2.1220839  0.00    0.0033735   -0.0010370    0.0002016
o     3.1094322   -2.7313554   -2.6332180  0.00    0.0015417    0.0014503   -0.0009697
o     1.4319422   -4.4041488   -2.2476467  0.00    0.0054720   -0.0007555    0.0044468
h     0.4800998   -4.4585289   -1.8630105  0.00   -1.0346028    1.3123840    1.6119588
n    -0.2436234   -2.5948027   -0.8602598  0.00    0.0002169   -0.0218412   -0.0163823
h     0.6098275   -1.4340701   -2.4152604  0.00   -0.0006041    0.0006410   -0.0009671
h    -0.1589824   -3.6477343   -0.8492839  0.00    1.0249030   -1.2962010   -1.6043917
h    -0.3379391   -2.2897557    0.1437163  0.00   -0.0006544    0.0025289    0.0077972
    24
 Energy =       0.2834179243
c     1.5472946    2.5252134    0.4006414  0.00    0.0051196    0.0017940    0.0022685
c     0.3113252    2.9015078   -0.0080772  0.00   -0.0018573    0.0030083   -0.0030698
c    -0.5199366    1.9912382   -0.5776058  0.00   -0.0058165    0.0027245   -0.0013901
c     1.9741453    1.2492439    0.2097497  0.00    0.0052803   -0.0003117    0.0009139
c     1.1564623    0.3253178   -0.3791699  0.00    0.0018100   -0.0039688   -0.0013078
c    -0.1098347    0.7043293   -0.7486307  0.00   -0.0033068   -0.0026479   -0.0017268
o    -0.0923519    4.2255560    0.1702385  0.00    0.0043360   -0.0126624    0.0403570
h    -0.5511004    4.5985659   -0.6826506  0.00   -0.0058507    0.0142245   -0.0377281
h    -0.8109196   -0.0015204   -1.1867885  0.00   -0.0019832   -0.0012061   -0.0007414
h     2.9809376    0.9755842    0.5283288  0.00    0.0034328   -0.0003600    0.0004487
h     2.1987031    3.2639808    0.8603078  0.00    0.0021016    0.0012629    0.0002511
h    -1.5218748    2.2928989   -0.8761343  0.00   -0.0034199    0.0009826   -0.0006599
c     1.6939012   -1.0903372   -0.5679712  0.00    0.0004204    0.0008502   -0.0003386
c     0.9127758   -1.9844697   -1.5834063  0.00   -0.0011838    0.0002018   -0.0007016
h     1.7482930   -1.6009623    0.4232268  0.00    0.0007233   -0.0015262    0.0034164
h     2.7515092   -0.9927362   -0.9160733  0.00    0.0027961    0.0010287   -0.0005117
c     1.8147996   -3.0560188   -2.2111056  0.00    0.0023747   -0.0014465    0.0001531
o     3.0553035   -2.6932779   -2.7285559  0.00    0.0012842    0.0009947   -0.0009118
o     1.3870064   -4.3748499   -2.3517793  0.00    0.0044662   -0.0007489    0.0033399
h     0.4443934   -4.4464881   -1.9550022  0.00   -0.8242326    1.0454599    1.2841230
n    -0.3041545   -2.5711642   -0.9633203  0.00   -0.0010482   -0.0179075   -0.0149067
h     0.6027393   -1.3682728   -2.4565052  0.00   -0.0008639    0.0012873   -0.0019222
h    -0.2059083   -3.6222224   -0.9226539  0.00    0.8168520   -1.0336947   -1.2784103
h    -0.4542068   -2.2410391    0.0266685  0.00   -0.0014344    0.0026614    0.0090554
    24
 Energy =       0.2350293294
c     1.5280907    2.4830306    0.5041654  0.00    0.0044360    0.0021948    0.0023751
c     0.3065835    2.8784918    0.0732669  0.00   -0.0010228    0.0027942   -0.0020200
c    -0.5105458    1.9904165   -0.5520353  0.00   -0.0050912    0.0014676   -0.0016702
c     1.9565411    1.2132034    0.2787914  0.00    0.0047890    0.0006662    0.0013338
c     1.1546278    0.3138366   -0.3682567  0.00    0.0007942   -0.0034999   -0.0014055
c    -0.0992684    0.7098361   -0.7591486  0.00   -0.0030013   -0.0028777   -0.0017145
o    -0.0937306    4.1999216    0.2839838  0.00    0.0057100   -0.0103320    0.0347893
h    -0.6196584    4.5753376   -0.5238975  0.00   -0.0066078    0.0123672   -0.0325335
h    -0.7897078    0.0239190   -1.2447266  0.00   -0.0023328   -0.0019209   -0.0011753
h     2.9530727    0.9251501    0.6148713  0.00    0.0029495   -0.0000408    0.0005667
h     2.1682849    3.2031493    1.0085295  0.00    0.0023276    0.0018154    0.0007654
h    -1.5022877    2.3040315   -0.8696214  0.00   -0.0029393    0.0005740   -0.0006321
c     1.6987189   -1.0932668   -0.6031990  0.00    0.0002102    0.0002366   -0.0007190
c     0.9196407   -1.9624149   -1.6406355  0.00   -0.0009135   -0.0000560   -0.0006028
h     1.7566668   -1.6341811    0.3714042  0.00    0.0005480   -0.0014366    0.0030728
h     2.7538941   -0.9795458   -0.9522348  0.00    0.0022247    0.0006985   -0.0005556
c     1.8224888   -3.0205007   -2.2893923  0.00    0.0016495   -0.0011485    0.0001490
o     3.0509606   -2.6376846   -2.8208457  0.00    0.0013849    0.0008352   -0.0008807
o     1.4147894   -4.3460485   -2.4303862  0.00    0.0038985   -0.0007157    0.0022804
h     0.4844065   -4.4440205   -2.0162841  0.00   -0.6416303    0.8129703    0.9990081
n    -0.2992456   -2.5578428   -1.0360197  0.00   -0.0011059   -0.0128720   -0.0123828
h     0.6145990   -1.3271255   -2.5011594  0.00   -0.0007009    0.0011081   -0.0016626
h    -0.1781317   -3.6044313   -0.9628917  0.00    0.6356908   -0.8054090   -0.9945254
h    -0.4814876   -2.2031843   -0.0605467  0.00   -0.0012672    0.0025808    0.0081394
    24
 Energy =       0.1841628806
c     1.5003612    2.4447194    0.5972027  0.00    0.0035363    0.0021348    0.0023171
c     0.2951971    2.8566014    0.1392883  0.00   -0.0002271    0.0023849   -0.0009828
c    -0.4999704    1.9902649   -0.5444286  0.00   -0.0040480    0.0000582   -0.0019085
c     1.9352412    1.1828470    0.3432352  0.00    0.0040529    0.0014160    0.0016374
c     1.1565501    0.3073413   -0.3623834  0.00    0.0000814   -0.0028886   -0.0013720
c    -0.0818231    0.7183920   -0.7836308  0.00   -0.0027226   -0.0027310   -0.0016826
o    -0.1076418    4.1728834    0.3820404  0.00    0.0081571   -0.0086086    0.0292174
h    -0.7148686    4.5436751   -0.3651444  0.00   -0.0084548    0.0109960   -0.0274184
h    -0.7549389    0.0525371   -1.3195026  0.00   -0.0025567   -0.0023156   -0.0015317
h     2.9192488    0.8822770    0.7029028  0.00    0.0024144    0.0002168    0.0006749
h     2.1232804    3.1464602    1.1477812  0.00    0.0023731    0.0021025    0.0011913
h    -1.4795705    2.3134803   -0.8870048  0.00   -0.0024446    0.0001423   -0.0006222
c     1.7126173   -1.0889653   -0.6330838  0.00   -0.0000862   -0.0002834   -0.0009007
c     0.9402539   -1.9440701   -1.6856502  0.00   -0.0002603   -0.0001205   -0.0004832
h     1.7762626   -1.6521717    0.3276768  0.00    0.0003435   -0.0011251    0.0022977
h     2.7647873   -0.9566118   -0.9825151  0.00    0.0016089    0.0003935   -0.0005489
c     1.8417757   -3.0062789   -2.3295252  0.00    0.0008544   -0.0003528    0.0003655
o     3.0871960   -2.6308575   -2.8262409  0.00    0.0017225    0.0009730   -0.0008519
o     1.4223573   -4.3244961   -2.5069192  0.00    0.0019960   -0.0011746    0.0015914
h     0.4899565   -4.4323023   -2.1076944  0.00   -0.4525894    0.5736641    0.7051438
n    -0.2940111   -2.5254627   -1.1014407  0.00   -0.0009508   -0.0087339   -0.0081508
h     0.6554003   -1.2999045   -2.5457692  0.00   -0.0005187    0.0008294   -0.0012718
h    -0.1903633   -3.5712269   -1.0247769  0.00    0.4485627   -0.5686424   -0.7021441
h    -0.4879962   -2.1690541   -0.1306858  0.00   -0.0008438    0.0016650    0.0054332
    24
 Energy =       0.1372250826
c     1.4377226    2.4203312    0.6796849  0.00    0.0028686    0.0021112    0.0023981
c     0.2516373    2.8366040    0.1797002  0.00    0.0008023    0.0022318    0.0003692
c    -0.4983770    1.9871979   -0.5758540  0.00   -0.0032131   -0.0017136   -0.0024149
c     1.8971655    1.1722390    0.4043617  0.00    0.0036533    0.0021171    0.0022034
c     1.1638947    0.3148263   -0.3693239  0.00   -0.0003012   -0.0023997   -0.0014600
c    -0.0535254    0.7305650   -0.8430178  0.00   -0.0030453   -0.0026843   -0.0020804
o    -0.1748137    4.1403302    0.4543061  0.00    0.0103053   -0.0067488    0.0225725
h    -0.8659999    4.4940597   -0.2206139  0.00   -0.0101786    0.0099898   -0.0210809
h    -0.6897429    0.0811006   -1.4419600  0.00   -0.0032084   -0.0029388   -0.0022108
h     2.8651489    0.8681224    0.8021312  0.00    0.0021861    0.0004003    0.0009354
h     2.0254054    3.1077146    1.2856419  0.00    0.0026350    0.0025212    0.0018669
h    -1.4624155    2.3110568   -0.9587561  0.00   -0.0023631   -0.0003866   -0.0008629
c     1.7537852   -1.0626100   -0.6634264  0.00   -0.0011737   -0.0009346   -0.0004035
c     0.9932519   -1.9366619   -1.7078048  0.00    0.0001634    0.0002772    0.0006733
h     1.8466691   -1.6325764    0.2902241  0.00    0.0001412   -0.0009797    0.0014944
h     2.7955070   -0.8943892   -1.0273909  0.00    0.0015574    0.0005346   -0.0003390
c     1.8912470   -3.0386715   -2.2937152  0.00   -0.0024396    0.0020806    0.0024412
o     3.2037350   -2.7246786   -2.6674878  0.00    0.0142808    0.0050772   -0.0043237
o     1.4071604   -4.3230909   -2.5672882  0.00   -0.0003102   -0.0059496   -0.0008135
h     0.4423749   -4.4063827   -2.2469193  0.00   -0.2867735    0.3547428    0.4404338
n    -0.2758603   -2.4609039   -1.1416038  0.00   -0.0032893    0.0012924   -0.0068554
h     0.7504106   -1.3106634   -2.5944318  0.00   -0.0003801    0.0012631   -0.0017140
h    -0.2641521   -3.5156260   -1.1239155  0.00    0.2783445   -0.3626748   -0.4364286
h    -0.4309267   -2.1478159   -0.1488093  0.00   -0.0002618    0.0027711    0.0055993
    24
 Energy =       0.1055465791
c     1.4192908    2.3774391    0.7499380  0.00    0.0016786    0.0013694    0.0015608
c     0.2468772    2.8138672    0.2374582  0.00    0.0007815    0.0013386    0.0004714
c    -0.4864779    1.9917095   -0.5614618  0.00   -0.0019459   -0.0015778   -0.0017217
c     1.8787326    1.1351842    0.4512530  0.00    0.0023934    0.0015106    0.0015530
c     1.1614002    0.3051239   -0.3634562  0.00   -0.0002723   -0.0016774   -0.0010195
c    -0.0392968    0.7430200   -0.8567770  0.00   -0.0020463   -0.0018461   -0.0014330
o    -0.1812777    4.1099311    0.5452092  0.00    0.0092024   -0.0047157    0.0156827
h    -0.9324708    4.4530118   -0.0618608  0.00   -0.0091035    0.0075172   -0.0146245
h    -0.6608956    0.1174989   -1.4930675  0.00   -0.0022532   -0.0021861   -0.0016206
h     2.8337074    0.8135074    0.8646751  0.00    0.0014525    0.0003170    0.0006905
h     1.9942113    3.0429240    1.3898583  0.00    0.0018191    0.0018292    0.0014012
h    -1.4377240    2.3312186   -0.9602953  0.00   -0.0015607   -0.0004373   -0.0006343
c     1.7490862   -1.0685660   -0.6777917  0.00   -0.0003238   -0.0000433   -0.0003122
c     1.0041875   -1.9161467   -1.7550928  0.00    0.0005811   -0.0003975   -0.0000745
h     1.8173352   -1.6607656    0.2641412  0.00    0.0001351   -0.0007832    0.0012740
h     2.7985704   -0.8989160   -1.0165555  0.00    0.0010735    0.0004570   -0.0002450
c     1.9105067   -3.0093595   -2.3445583  0.00   -0.0012258    0.0012272    0.0013077
o     3.2170664   -2.6797692   -2.7088787  0.00    0.0072036    0.0024202   -0.0022354
o     1.4530483   -4.2996418   -2.6255613  0.00   -0.0000011   -0.0032428   -0.0004727
h     0.4942583   -4.4124336   -2.3111663  0.00   -0.1720918    0.2138569    0.2655590
n    -0.2788243   -2.4412444   -1.2254319  0.00   -0.0021492    0.0022234   -0.0077944
h     0.7838646   -1.2710113   -2.6330337  0.00   -0.0002372    0.0008124   -0.0012642
h    -0.2409359   -3.4895823   -1.1434915  0.00    0.1681931   -0.2213988   -0.2640695
h    -0.4949380   -2.0769222   -0.2603213  0.00   -0.0013031    0.0034269    0.0080213
    24
 Energy =       0.0925186807
c     1.3264256    2.3817355    0.7740950  0.00    0.0014816    0.0018698    0.0017496
c     0.1582286    2.7965455    0.2347726  0.00    0.0010693    0.0012683    0.0008393
c    -0.5263709    1.9715847   -0.6045920  0.00   -0.0020446   -0.0015193   -0.0017979
c     1.8277452    1.1574687    0.4673229  0.00    0.0025023    0.0012386    0.0017028
c     1.1579897    0.3239395   -0.3836418  0.00   -0.0005066   -0.0014375   -0.0013902
c    -0.0352517    0.7415735   -0.9114393  0.00   -0.0019534   -0.0023040   -0.0017960
o    -0.3151197    4.0739103    0.5573795  0.00    0.0069435   -0.0023493    0.0120451
h    -1.0912239    4.3914131   -0.0273999  0.00   -0.0072061    0.0062075   -0.0107087
h    -0.6170186    0.1137406   -1.5827169  0.00   -0.0023864   -0.0023515   -0.0019634
h     2.7780564    0.8529341    0.9039958  0.00    0.0014493    0.0002235    0.0007489
h     1.8631862    3.0495670    1.4444788  0.00    0.0018468    0.0020763    0.0017039
h    -1.4724523    2.2942626   -1.0289405  0.00   -0.0015797   -0.0004094   -0.0007528
c     1.7971532   -1.0247792   -0.7071260  0.00   -0.0009325   -0.0001906   -0.0001444
c     1.0598941   -1.9212472   -1.7502840  0.00   -0.0005763   -0.0006985    0.0000339
h     1.9206732   -1.6062384    0.2372444  0.00    0.0002914   -0.0016319    0.0019939
h     2.8275729   -0.8080394   -1.0798406  0.00    0.0024199    0.0011720   -0.0003284
c     1.9791184   -3.0290153   -2.2942253  0.00   -0.0016228   -0.0000150    0.0009674
o     3.3034249   -2.7163705   -2.6051615  0.00    0.0070337    0.0018412   -0.0024284
o     1.5200972   -4.3123097   -2.5998616  0.00    0.0006726   -0.0022174   -0.0006102
h     0.5503253   -4.4212503   -2.3249619  0.00   -0.1266734    0.1562494    0.1947151
n    -0.2207079   -2.4322832   -1.2017876  0.00   -0.0016761    0.0012037   -0.0058614
h     0.8361289   -1.3115782   -2.6526669  0.00   -0.0002498    0.0010848   -0.0016048
h    -0.2060514   -3.4792417   -1.1310938  0.00    0.1228518   -0.1619515   -0.1931177
h    -0.4125213   -2.0762449   -0.2298180  0.00   -0.0011546    0.0026407    0.0060046
    24
 Energy =       0.0761122644
c     1.2248295    2.3668251    0.8150740  0.00    0.0013567    0.0015723    0.0016582
c     0.0740293    2.7733300    0.2338718  0.00    0.0011076    0.0011679    0.0011327
c    -0.5537143    1.9591204   -0.6590137  0.00   -0.0017487   -0.0018090   -0.0019392
c     1.7610587    1.1587849    0.5050435  0.00    0.0022090    0.0012169    0.0018337
c     1.1461475    0.3345005   -0.3943984  0.00   -0.0002269   -0.0014416   -0.0009860
c    -0.0245580    0.7473179   -0.9738792  0.00   -0.0020642   -0.0018011   -0.0019350
o    -0.4396417    4.0313238    0.5702053  0.00    0.0045573   -0.0007019    0.0068067
h    -1.2499771    4.3153956    0.0216581  0.00   -0.0048188    0.0041426   -0.0055601
h    -0.5589505    0.1285900   -1.6913775  0.00   -0.0022878   -0.0021128   -0.0021821
h     2.6947524    0.8594603    0.9796997  0.00    0.0014208    0.0002094    0.0008988
h     1.7172045    3.0265398    1.5262620  0.00    0.0017391    0.0019358    0.0018685
h    -1.4828458    2.2767451   -1.1228542  0.00   -0.0015496   -0.0004614   -0.0009832
c     1.8237500   -0.9950015   -0.7162200  0.00   -0.0005178   -0.0005539    0.0001649
c     1.1187754   -1.9177645   -1.7578332  0.00   -0.0007887   -0.0006202    0.0001431
h     1.9576056   -1.5718007    0.2282087  0.00    0.0000753   -0.0007841    0.0007958
h     2.8481846   -0.7494422   -1.0841360  0.00    0.0013853    0.0006461   -0.0001552
c     2.0650747   -3.0261167   -2.2550986  0.00   -0.0013595   -0.0002456    0.0005652
o     3.3983080   -2.7069414   -2.5099051  0.00    0.0047200    0.0008139   -0.0017003
o     1.6342869   -4.3144235   -2.5772579  0.00    0.0012377   -0.0012311   -0.0006286
h     0.6596321   -4.4444466   -2.3420503  0.00   -0.0686239    0.0844481    0.1062264
n    -0.1708504   -2.4257980   -1.2306529  0.00   -0.0007522    0.0023717   -0.0054348
h     0.9123618   -1.3282182   -2.6765615  0.00   -0.0002580    0.0005847   -0.0010622
h    -0.1412016   -3.4641424   -1.0985059  0.00    0.0662052   -0.0898609   -0.1053511
h    -0.4049597   -2.0237604   -0.2865475  0.00   -0.0010179    0.0025141    0.0058239
    24
 Energy =       0.0692126231
c     1.1168946    2.3779982    0.8128123  0.00    0.0016666    0.0015269    0.0019675
c    -0.0152772    2.7647151    0.1822514  0.00    0.0006530    0.0011992    0.0009467
c    -0.5850148    1.9440275   -0.7431856  0.00   -0.0021331   -0.0014371   -0.0021371
c     1.6894422    1.1813614    0.5239371  0.00    0.0024521    0.0009175    0.0020285
c     1.1309813    0.3492476   -0.4045352  0.00    0.0002191   -0.0015809   -0.0006958
c    -0.0174477    0.7446169   -1.0392720  0.00   -0.0023784   -0.0014761   -0.0022189
o    -0.5699084    4.0095310    0.5025804  0.00    0.0028508    0.0005331    0.0046743
h    -1.3843827    4.2627917   -0.0519272  0.00   -0.0034005    0.0028683   -0.0034750
h    -0.5039930    0.1202496   -1.7854022  0.00   -0.0023063   -0.0018907   -0.0023261
h     2.6063911    0.8972451    1.0399128  0.00    0.0018280    0.0000183    0.0011817
h     1.5637408    3.0432823    1.5484934  0.00    0.0017407    0.0018641    0.0020194
h    -1.4972726    2.2472346   -1.2493113  0.00   -0.0019243   -0.0001980   -0.0012530
c     1.8483374   -0.9656094   -0.6990562  0.00   -0.0000217   -0.0005209    0.0006822
c     1.1826512   -1.9272710   -1.7320537  0.00   -0.0015669   -0.0008291    0.0002088
h     1.9862677   -1.5242213    0.2555725  0.00    0.0001327   -0.0006075    0.0006288
h     2.8694892   -0.6969492   -1.0587138  0.00    0.0010943    0.0006257    0.0000186
c     2.1573900   -3.0395558   -2.1664505  0.00   -0.0019196   -0.0010477    0.0004123
o     3.5027930   -2.7203046   -2.3511520  0.00    0.0058696    0.0005524   -0.0018161
o     1.7489159   -4.3306900   -2.5054860  0.00    0.0022359   -0.0008501   -0.0008403
h     0.7659903   -4.4700110   -2.3178172  0.00   -0.0453914    0.0541221    0.0691811
n    -0.1167430   -2.4324719   -1.2271293  0.00   -0.0005974    0.0024068   -0.0051933
h     0.9965809   -1.3676498   -2.6738170  0.00   -0.0004203    0.0006198   -0.0014293
h    -0.0787423   -3.4621315   -1.0474706  0.00    0.0424502   -0.0593325   -0.0682219
h    -0.3877818   -1.9953581   -0.3090488  0.00   -0.0011330    0.0025163    0.0056568
    24
 Energy =       0.0655453877
c     1.0173747    2.3933918    0.7970049  0.00    0.0018028    0.0015367    0.0021749
c    -0.0963307    2.7583424    0.1213738  0.00    0.0003281    0.0011777    0.0007699
c    -0.6130652    1.9267638   -0.8252339  0.00   -0.0023700   -0.0011002   -0.0022332
c     1.6222177    1.2064681    0.5345816  0.00    0.0025897    0.0006674    0.0021272
c     1.1155340    0.3625190   -0.4125752  0.00    0.0004751   -0.0016790   -0.0005233
c    -0.0116988    0.7375959   -1.0961885  0.00   -0.0024452   -0.0013457   -0.0023771
o    -0.6870582    3.9925205    0.4180481  0.00    0.0020789    0.0012659    0.0038259
h    -1.4963755    4.2199948   -0.1537968  0.00   -0.0029194    0.0022273   -0.0026624
h    -0.4546823    0.1038408   -1.8612495  0.00   -0.0022266   -0.0017533   -0.0023767
h     2.5230084    0.9395279    1.0874955  0.00    0.0020614   -0.0001096    0.0013598
h     1.4225262    3.0676030    1.5484855  0.00    0.0016784    0.0018158    0.0020867
h    -1.5091925    2.2134850   -1.3689583  0.00   -0.0021283   -0.0000101   -0.0014084
c     1.8677154   -0.9396563   -0.6746307  0.00    0.0003396   -0.0004769    0.0009691
c     1.2414126   -1.9368989   -1.6991384  0.00   -0.0019786   -0.0009094    0.0001532
h     2.0040498   -1.4788028    0.2914399  0.00    0.0001965   -0.0005291    0.0006382
h     2.8873632   -0.6527722   -1.0237048  0.00    0.0009479    0.0005910    0.0000903
c     2.2420837   -3.0496699   -2.0730574  0.00   -0.0021939   -0.0014251    0.0003068
o     3.5943433   -2.7263912   -2.1923989  0.00    0.0066216    0.0004161   -0.0017842
o     1.8580302   -4.3447927   -2.4251683  0.00    0.0029789   -0.0007668   -0.0009846
h     0.8692998   -4.4930850   -2.2830112  0.00   -0.0330220    0.0377113    0.0490973
n    -0.0672693   -2.4416399   -1.2181545  0.00   -0.0006268    0.0020598   -0.0047302
h     1.0765677   -1.4050990   -2.6609428  0.00   -0.0005194    0.0006259   -0.0016842
h    -0.0257943   -3.4633779   -1.0034986  0.00    0.0295361   -0.0423857   -0.0480822
h    -0.3707580   -1.9797897   -0.3229904  0.00   -0.0012050    0.0023962    0.0052471
    24
 Energy =       0.0634105052
c     0.9218621    2.4098379    0.7745064  0.00    0.0019037    0.0015885    0.0023847
c    -0.1721140    2.7522991    0.0555699  0.00    0.0000720    0.0011691    0.0006200
c    -0.6384803    1.9075614   -0.9055186  0.00   -0.0025837   -0.0008375   -0.0023544
c     1.5555676    1.2315043    0.5425907  0.00    0.0027338    0.0004765    0.0022556
c     1.0983656    0.3737708   -0.4172423  0.00    0.0006388   -0.0017972   -0.0003822
c    -0.0070515    0.7272653   -1.1468040  0.00   -0.0024830   -0.0013173   -0.0025442
o    -0.7949900    3.9774191    0.3234323  0.00    0.0017076    0.0017927    0.0035118
h    -1.5940887    4.1818880   -0.2707028  0.00   -0.0028522    0.0018908   -0.0023795
h    -0.4087584    0.0822695   -1.9251713  0.00   -0.0021572   -0.0016968   -0.0024452
h     2.4393479    0.9824498    1.1307196  0.00    0.0022744   -0.0002056    0.0015457
h     1.2872943    3.0946502    1.5367026  0.00    0.0016284    0.0018165    0.0021688
h    -1.5178366    2.1769167   -1.4848237  0.00   -0.0023148    0.0001318   -0.0015688
c     1.8811096   -0.9173340   -0.6420747  0.00    0.0006234   -0.0004562    0.0012101
c     1.2984359   -1.9445976   -1.6633259  0.00   -0.0021145   -0.0009087   -0.0000495
h     2.0058586   -1.4384223    0.3355526  0.00    0.0002602   -0.0004541    0.0007534
h     2.9026616   -0.6159926   -0.9728366  0.00    0.0009613    0.0005108    0.0000696
c     2.3247856   -3.0537765   -1.9778866  0.00   -0.0023695   -0.0015448    0.0002152
o     3.6793770   -2.7213293   -2.0336457  0.00    0.0073646    0.0003795   -0.0016766
o     1.9696266   -4.3542390   -2.3408282  0.00    0.0037469   -0.0008841   -0.0011225
h     0.9775010   -4.5137721   -2.2445140  0.00   -0.0256639    0.0275385    0.0366764
n    -0.0208554   -2.4519873   -1.2141263  0.00   -0.0009139    0.0015637   -0.0043595
h     1.1593408   -1.4361010   -2.6418232  0.00   -0.0005905    0.0005834   -0.0019099
h     0.0204653   -3.4670298   -0.9735913  0.00    0.0214915   -0.0316773   -0.0356421
h    -0.3581226   -1.9731728   -0.3404276  0.00   -0.0013634    0.0023378    0.0050233
    24
 Energy =       0.0622164468
c     0.8239701    2.4257614    0.7496270  0.00    0.0019996    0.0017044    0.0026392
c    -0.2485945    2.7442199   -0.0120085  0.00   -0.0001466    0.0011841    0.0004915
c    -0.6652091    1.8842498   -0.9826117  0.00   -0.0028273   -0.0006270   -0.0025388
c     1.4845121    1.2557400    0.5520816  0.00    0.0029269    0.0003263    0.0024583
c     1.0766316    0.3824850   -0.4160703  0.00    0.0006886   -0.0019646   -0.0002618
c    -0.0058773    0.7123855   -1.1901405  0.00   -0.0025294   -0.0013848   -0.0027630
o    -0.9013454    3.9608479    0.2225783  0.00    0.0015155    0.0022869    0.0034934
h    -1.6868670    4.1430474   -0.3964530  0.00   -0.0030132    0.0017215   -0.0023809
h    -0.3669621    0.0545277   -1.9777469  0.00   -0.0021173   -0.0017280   -0.0025637
h     2.3498660    1.0257568    1.1749347  0.00    0.0025163   -0.0002863    0.0017777
h     1.1500406    3.1226763    1.5187946  0.00    0.0016032    0.0018814    0.0023003
h    -1.5267207    2.1348246   -1.5966241  0.00   -0.0025270    0.0002485   -0.0017682
c     1.8871366   -0.8983498   -0.5982303  0.00    0.0008184   -0.0003815    0.0015525
c     1.3589447   -1.9477844   -1.6276319  0.00   -0.0018663   -0.0007972   -0.0005840
h     1.9851358   -1.4058530    0.3898624  0.00    0.0003367   -0.0003790    0.0011155
h     2.9153862   -0.5840952   -0.8958426  0.00    0.0013792    0.0004359   -0.0000869
c     2.4145362   -3.0463850   -1.8833773  0.00   -0.0025038   -0.0013581    0.0001370
o     3.7662187   -2.6956250   -1.8748926  0.00    0.0083750    0.0004926   -0.0015011
o     2.0978439   -4.3541179   -2.2567240  0.00    0.0047986   -0.0013291   -0.0013332
h     1.1054631   -4.5311694   -2.2093646  0.00   -0.0211081    0.0204799    0.0281884
n     0.0271330   -2.4646934   -1.2256562  0.00   -0.0017511    0.0007186   -0.0041623
h     1.2533177   -1.4544048   -2.6182284  0.00   -0.0006329    0.0004771   -0.0022022
h     0.0650194   -3.4752716   -0.9700765  0.00    0.0158016   -0.0241244   -0.0271645
h    -0.3502777   -1.9786956   -0.3724679  0.00   -0.0017365    0.0024028    0.0051568
    24
 Energy =       0.0620076214
c     0.7304628    2.4319594    0.7414815  0.00    0.0020023    0.0017982    0.0027720
c    -0.3243655    2.7286270   -0.0532314  0.00   -0.0002573    0.0011824    0.0004211
c    -0.7000210    1.8552300   -1.0286817  0.00   -0.0029354   -0.0005221   -0.0026463
c     1.4133175    1.2702264    0.5726965  0.00    0.0030196    0.0002680    0.0026067
c     1.0470658    0.3839224   -0.4003532  0.00    0.0004522   -0.0021045   -0.0002212
c    -0.0175730    0.6916193   -1.2078655  0.00   -0.0024910   -0.0014366   -0.0028640
o    -1.0017446    3.9370416    0.1531290  0.00    0.0014136    0.0025873    0.0035343
h    -1.7746437    4.1007504   -0.4866890  0.00   -0.0031292    0.0016317   -0.0024346
h    -0.3455796    0.0226715   -2.0006715  0.00   -0.0020787   -0.0017808   -0.0026144
h     2.2630743    1.0573615    1.2228226  0.00    0.0026299   -0.0003234    0.0019133
h     1.0238406    3.1392889    1.5143694  0.00    0.0015668    0.0019370    0.0023803
h    -1.5471000    2.0885177   -1.6692222  0.00   -0.0026062    0.0002978   -0.0018705
c     1.8799343   -0.8875722   -0.5444178  0.00    0.0005549    0.0003725    0.0022258
c     1.4222619   -1.9373181   -1.6093369  0.00   -0.0005748   -0.0004171   -0.0019716
h     1.9290816   -1.3984675    0.4465048  0.00    0.0003739   -0.0004215    0.0022196
h     2.9209214   -0.5596924   -0.7830504  0.00    0.0029381    0.0007540   -0.0004639
c     2.5151173   -3.0100435   -1.8246202  0.00   -0.0027223   -0.0006150    0.0001238
o     3.8565026   -2.6242433   -1.7590969  0.00    0.0098271    0.0009550   -0.0012554
o     2.2517811   -4.3251218   -2.2157841  0.00    0.0061532   -0.0025109   -0.0017700
h     1.2642163   -4.5311238   -2.2165341  0.00   -0.0192194    0.0160252    0.0231000
n     0.0796911   -2.4823951   -1.2778601  0.00   -0.0037721   -0.0011136   -0.0045787
h     1.3550913   -1.4350269   -2.5993109  0.00   -0.0004573    0.0003447   -0.0027141
h     0.1148740   -3.4948730   -1.0318514  0.00    0.0119765   -0.0196892   -0.0220567
h    -0.3469044   -2.0112610   -0.4386953  0.00   -0.0026645    0.0027809    0.0061644
    24
 Energy =       0.0614777231
c     0.7749374    2.4575336    0.6864347  0.00    0.0019028    0.0017659    0.0026717
c    -0.2730654    2.7590982   -0.1153784  0.00   -0.0002579    0.0011247    0.0003872
c    -0.6503597    1.8843358   -1.0887724  0.00   -0.0028579   -0.0004321   -0.0025305
c     1.4484341    1.2888827    0.5276813  0.00    0.0029866    0.0001495    0.0024836
c     1.0778035    0.3996225   -0.4406819  0.00    0.0005098   -0.0020761   -0.0000657
c     0.0229790    0.7140301   -1.2580134  0.00   -0.0024688   -0.0010803   -0.0027730
o    -0.9414801    3.9740755    0.0813045  0.00    0.0012870    0.0025750    0.0033886
h    -1.7109881    4.1398254   -0.5619149  0.00   -0.0030101    0.0015734   -0.0023343
h    -0.3051629    0.0435538   -2.0493256  0.00   -0.0021593   -0.0015154   -0.0025313
h     2.2936408    1.0726123    1.1823820  0.00    0.0025494   -0.0003786    0.0018100
h     1.0704903    3.1665831    1.4567349  0.00    0.0014911    0.0018619    0.0022771
h    -1.4912761    2.1219055   -1.7356725  0.00   -0.0025325    0.0003115   -0.0018072
c     1.9014907   -0.8782545   -0.5782663  0.00   -0.0004732    0.0032452    0.0033491
c     1.3801968   -1.9745427   -1.5693018  0.00    0.0012396    0.0001604   -0.0038317
h     2.0034317   -1.3486533    0.4310875  0.00    0.0003906   -0.0009522    0.0044582
h     2.9299431   -0.5638752   -0.8892405  0.00    0.0050857    0.0022801   -0.0010236
c     2.4310422   -3.0958963   -1.7506032  0.00   -0.0028472   -0.0000590   -0.0000001
o     3.7869010   -2.7562460   -1.7127282  0.00    0.0114448    0.0011920   -0.0012785
o     2.1140298   -4.4175693   -2.0861011  0.00    0.0066714   -0.0056583   -0.0026674
h     1.1191748   -4.5942392   -2.0577810  0.00   -0.0192010    0.0140199    0.0214019
n     0.0308075   -2.4583651   -1.1692288  0.00   -0.0062241   -0.0029643   -0.0060043
h     1.3019161   -1.5278606   -2.5864836  0.00    0.0003537    0.0009113   -0.0044767
h     0.0472236   -3.4590625   -0.8759145  0.00    0.0103483   -0.0201744   -0.0196742
h    -0.3528080   -1.9374164   -0.3364857  0.00   -0.0042288    0.0041196    0.0087711
    24
 Energy =       0.0614986540
c     0.7610935    2.4752278    0.6454612  0.00    0.0018206    0.0016747    0.0025683
c    -0.2719540    2.7710977   -0.1775257  0.00   -0.0003082    0.0010547    0.0003034
c    -0.6321596    1.8889377   -1.1504197  0.00   -0.0027772   -0.0002944   -0.0024074
c     1.4357228    1.3044583    0.5091336  0.00    0.0028870    0.0000263    0.0023452
c     1.0808969    0.4071415   -0.4573472  0.00    0.0006599   -0.0019581    0.0000708
c     0.0428519    0.7166208   -1.2974576  0.00   -0.0023868   -0.0009606   -0.0026755
o    -0.9428368    3.9880061   -0.0028369  0.00    0.0011584    0.0025191    0.0031911
h    -1.7025326    4.1475721   -0.6590121  0.00   -0.0029093    0.0014881   -0.0022453
h    -0.2706449    0.0398713   -2.0891387  0.00   -0.0020534   -0.0013562   -0.0023968
h     2.2687180    1.0928324    1.1806636  0.00    0.0024854   -0.0004060    0.0017637
h     1.0435202    3.1903729    1.4147795  0.00    0.0013929    0.0017355    0.0021377
h    -1.4606130    2.1221794   -1.8146478  0.00   -0.0024755    0.0003444   -0.0017700
c     1.9042845   -0.8732643   -0.5693133  0.00   -0.0004305    0.0031010    0.0031377
c     1.3817753   -1.9909622   -1.5350192  0.00    0.0012617    0.0004059   -0.0034550
h     2.0068399   -1.3230428    0.4492285  0.00    0.0003566   -0.0009628    0.0042462
h     2.9320755   -0.5659781   -0.8876843  0.00    0.0046059    0.0021619   -0.0009316
c     2.4257203   -3.1258566   -1.6739512  0.00   -0.0021627    0.0003605    0.0000991
o     3.7821994   -2.7907817   -1.6399380  0.00    0.0103550    0.0010413   -0.0011841
o     2.1072036   -4.4583285   -1.9658948  0.00    0.0059884   -0.0063600   -0.0026935
h     1.1138332   -4.6385147   -1.9337942  0.00   -0.0169130    0.0121227    0.0189804
n     0.0229630   -2.4480266   -1.1367679  0.00   -0.0058438   -0.0023492   -0.0056309
h     1.3184666   -1.5705755   -2.5644601  0.00    0.0003952    0.0010173   -0.0045077
h     0.0214032   -3.4417845   -0.8234960  0.00    0.0089108   -0.0182874   -0.0172145
h    -0.3595250   -1.9071253   -0.3168304  0.00   -0.0040174    0.0038814    0.0082687
    24
 Energy =       0.0617747494
c     0.7455771    2.4933620    0.6020006  0.00    0.0017672    0.0016168    0.0025165
c    -0.2699144    2.7832979   -0.2446519  0.00   -0.0003762    0.0009982    0.0002069
c    -0.6117434    1.8927403   -1.2162887  0.00   -0.0027581   -0.0001321   -0.0023324
c     1.4199568    1.3197346    0.4913394  0.00    0.0028467   -0.0001220    0.0022548
c     1.0822585    0.4134348   -0.4725992  0.00    0.0008111   -0.0018692    0.0002273
c     0.0636113    0.7176596   -1.3378965  0.00   -0.0023394   -0.0008771   -0.0026347
o    -0.9419989    4.0029037   -0.0952216  0.00    0.0010361    0.0025305    0.0030483
h    -1.6899584    4.1561339   -0.7661697  0.00   -0.0028769    0.0014331   -0.0022155
h    -0.2342029    0.0338622   -2.1294050  0.00   -0.0019656   -0.0012240   -0.0022971
h     2.2385604    1.1129008    1.1817813  0.00    0.0024793   -0.0004488    0.0017684
h     1.0138648    3.2153669    1.3697516  0.00    0.0013122    0.0016338    0.0020301
h    -1.4256670    2.1214357   -1.8997932  0.00   -0.0024736    0.0003942   -0.0017799
c     1.9034212   -0.8706472   -0.5546521  0.00   -0.0003407    0.0028372    0.0029016
c     1.3841805   -2.0070342   -1.4996091  0.00    0.0014049    0.0007002   -0.0031327
h     1.9990079   -1.3007544    0.4729106  0.00    0.0003333   -0.0009690    0.0040594
h     2.9332772   -0.5721056   -0.8730864  0.00    0.0041768    0.0019901   -0.0008693
c     2.4230824   -3.1524389   -1.5946142  0.00   -0.0013773    0.0012536    0.0003069
o     3.7793054   -2.8173853   -1.5735618  0.00    0.0094058    0.0010744   -0.0010646
o     2.1063724   -4.4975598   -1.8312546  0.00    0.0052608   -0.0076466   -0.0027851
h     1.1156603   -4.6856243   -1.7887547  0.00   -0.0147379    0.0101049    0.0166311
n     0.0143696   -2.4387170   -1.1117353  0.00   -0.0054988   -0.0016272   -0.0054918
h     1.3401154   -1.6107474   -2.5396453  0.00    0.0004159    0.0010882   -0.0045401
h    -0.0065518   -3.4237426   -0.7756728  0.00    0.0074129   -0.0165006   -0.0147790
h    -0.3732823   -1.8759985   -0.3094401  0.00   -0.0039184    0.0037616    0.0079710
    24
 Energy =       0.0623419367
c     0.7281513    2.5090584    0.5624668  0.00    0.0017279    0.0015611    0.0024808
c    -0.2684658    2.7935309   -0.3081879  0.00   -0.0004451    0.0009494    0.0001094
c    -0.5916152    1.8949754   -1.2786321  0.00   -0.0027486    0.0000184   -0.0022802
c     1.4012845    1.3325500    0.4776587  0.00    0.0028164   -0.0002583    0.0021907
c     1.0811851    0.4177972   -0.4840476  0.00    0.0009113   -0.0017891    0.0003668
c     0.0830889    0.7171037   -1.3746177  0.00   -0.0022983   -0.0008218   -0.0026114
o    -0.9407724    4.0158726   -0.1842502  0.00    0.0009348    0.0025403    0.0029268
h    -1.6759423    4.1632941   -0.8704408  0.00   -0.0028649    0.0013882   -0.0022116
h    -0.1989189    0.0266768   -2.1660060  0.00   -0.0018768   -0.0011195   -0.0022064
h     2.2043566    1.1300792    1.1873827  0.00    0.0024863   -0.0004891    0.0017940
h     0.9820202    3.2375651    1.3287824  0.00    0.0012414    0.0015417    0.0019367
h    -1.3900046    2.1194547   -1.9816152  0.00   -0.0024813    0.0004422   -0.0018062
c     1.8988163   -0.8701967   -0.5353816  0.00   -0.0002351    0.0024752    0.0026407
c     1.3882815   -2.0201987   -1.4679451  0.00    0.0016639    0.0009733   -0.0029167
h     1.9797363   -1.2845072    0.4997695  0.00    0.0003250   -0.0009636    0.0038945
h     2.9333261   -0.5801258   -0.8452173  0.00    0.0038430    0.0017816   -0.0008364
c     2.4250586   -3.1715551   -1.5226839  0.00   -0.0006442    0.0025382    0.0005877
o     3.7799061   -2.8317709   -1.5242111  0.00    0.0087152    0.0013281   -0.0009330
o     2.1144705   -4.5292427   -1.6962665  0.00    0.0045631   -0.0092435   -0.0028571
h     1.1279032   -4.7296029   -1.6358769  0.00   -0.0127821    0.0079401    0.0143864
n     0.0067579   -2.4311512   -1.0998867  0.00   -0.0052575   -0.0010015   -0.0053859
h     1.3668154   -1.6420639   -2.5154438  0.00    0.0004067    0.0010982   -0.0044995
h    -0.0348646   -3.4077231   -0.7450605  0.00    0.0058514   -0.0145399   -0.0124687
h    -0.3912727   -1.8497426   -0.3165578  0.00   -0.0038524    0.0036504    0.0076987
    24
 Energy =       0.0630581711
c     0.7110682    2.5187613    0.5355631  0.00    0.0016733    0.0014625    0.0023986
c    -0.2681151    2.7999397   -0.3556214  0.00   -0.0004850    0.0008961    0.0000355
c    -0.5746688    1.8961496   -1.3263084  0.00   -0.0026655    0.0001030   -0.0021960
c     1.3825144    1.3400439    0.4714941  0.00    0.0027173   -0.0003268    0.0021023
c     1.0782420    0.4197664   -0.4898188  0.00    0.0009253   -0.0016877    0.0004422
c     0.0988214    0.7161682   -1.4017243  0.00   -0.0022191   -0.0007613   -0.0025341
o    -0.9399802    4.0243397   -0.2521641  0.00    0.0008679    0.0024452    0.0027712
h    -1.6632036    4.1679383   -0.9516458  0.00   -0.0027886    0.0013202   -0.0021645
h    -0.1693368    0.0215028   -2.1940086  0.00   -0.0017650   -0.0010271   -0.0020855
h     2.1712162    1.1401680    1.1977871  0.00    0.0024300   -0.0004992    0.0017766
h     0.9520594    3.2515371    1.3017474  0.00    0.0011666    0.0014351    0.0018260
h    -1.3587713    2.1180816   -2.0459110  0.00   -0.0024238    0.0004594   -0.0017867
c     1.8920575   -0.8714085   -0.5161592  0.00   -0.0001660    0.0021417    0.0023810
c     1.3932621   -2.0280945   -1.4460859  0.00    0.0018937    0.0011087   -0.0027862
h     1.9546966   -1.2766406    0.5236463  0.00    0.0003199   -0.0009309    0.0037085
h     2.9321954   -0.5875388   -0.8116683  0.00    0.0035924    0.0015920   -0.0008102
c     2.4305447   -3.1809019   -1.4720398  0.00   -0.0002101    0.0036597    0.0008228
o     3.7830341   -2.8340220   -1.5020702  0.00    0.0082737    0.0016526   -0.0008223
o     2.1288564   -4.5481344   -1.5858049  0.00    0.0040097   -0.0103256   -0.0028154
h     1.1474542   -4.7619112   -1.5028635  0.00   -0.0112029    0.0059601    0.0124496
n     0.0016189   -2.4257653   -1.1024362  0.00   -0.0050861   -0.0006394   -0.0050900
h     1.3933335   -1.6590910   -2.4969264  0.00    0.0003780    0.0010423   -0.0043118
h    -0.0596247   -3.3970971   -0.7395591  0.00    0.0044417   -0.0124887   -0.0105442
h    -0.4079723   -1.8337141   -0.3336908  0.00   -0.0036774    0.0034083    0.0072325
    24
 Energy =       0.0636883365
c     0.6961611    2.5225395    0.5219662  0.00    0.0015933    0.0013329    0.0022651
c    -0.2686045    2.8029148   -0.3848379  0.00   -0.0004902    0.0008364   -0.0000070
c    -0.5615890    1.8971674   -1.3575553  0.00   -0.0025075    0.0001239   -0.0020711
c     1.3662061    1.3424867    0.4716976  0.00    0.0025487   -0.0003295    0.0019794
c     1.0750268    0.4200927   -0.4913713  0.00    0.0008879   -0.0015676    0.0004582
c     0.1107770    0.7159516   -1.4192390  0.00   -0.0020965   -0.0006895   -0.0023957
o    -0.9399579    4.0285046   -0.2950600  0.00    0.0008232    0.0022618    0.0025811
h    -1.6531451    4.1705402   -1.0049278  0.00   -0.0026400    0.0012273   -0.0020610
h    -0.1462528    0.0198073   -2.2136485  0.00   -0.0016352   -0.0009391   -0.0019385
h     2.1430544    1.1432259    1.2106164  0.00    0.0023028   -0.0004786    0.0017023
h     0.9265459    3.2569560    1.2896024  0.00    0.0010851    0.0013184    0.0016980
h    -1.3339106    2.1184860   -2.0897838  0.00   -0.0022959    0.0004449   -0.0017105
c     1.8858366   -0.8731310   -0.5011268  0.00   -0.0001350    0.0018955    0.0021452
c     1.3977056   -2.0314990   -1.4337962  0.00    0.0019565    0.0011099   -0.0026407
h     1.9324094   -1.2747569    0.5406477  0.00    0.0003054   -0.0008720    0.0034659
h     2.9306143   -0.5929763   -0.7825910  0.00    0.0033412    0.0014391   -0.0007659
c     2.4364262   -3.1835154   -1.4433509  0.00   -0.0000521    0.0042237    0.0009365
o     3.7861668   -2.8304253   -1.5012207  0.00    0.0078710    0.0018484   -0.0007422
o     2.1433643   -4.5563376   -1.5087231  0.00    0.0035491   -0.0105548   -0.0026689
h     1.1669465   -4.7806536   -1.4049012  0.00   -0.0099268    0.0045250    0.0109184
n    -0.0010520   -2.4218687   -1.1118161  0.00   -0.0048399   -0.0004390   -0.0046782
h     1.4143558   -1.6649978   -2.4851287  0.00    0.0003463    0.0009572   -0.0040143
h    -0.0783080   -3.3917427   -0.7508047  0.00    0.0033990   -0.0107616   -0.0090756
h    -0.4194746   -1.8266910   -0.3509160  0.00   -0.0033903    0.0030874    0.0066194
    24
 Energy =       0.0641567429
c     0.6829765    2.5226864    0.5165495  0.00    0.0014999    0.0012022    0.0021131
c    -0.2697954    2.8038036   -0.4023504  0.00   -0.0004759    0.0007766   -0.0000291
c    -0.5512191    1.8982844   -1.3783508  0.00   -0.0023212    0.0001133   -0.0019318
c     1.3522629    1.3420031    0.4751384  0.00    0.0023545   -0.0003002    0.0018450
c     1.0723362    0.4197466   -0.4911403  0.00    0.0008343   -0.0014460    0.0004454
c     0.1205117    0.7165296   -1.4311617  0.00   -0.0019557   -0.0006195   -0.0022336
o    -0.9410048    4.0298938   -0.3214117  0.00    0.0007866    0.0020548    0.0023860
h    -1.6456622    4.1718138   -1.0395832  0.00   -0.0024617    0.0011264   -0.0019329
h    -0.1271778    0.0206989   -2.2285330  0.00   -0.0015033   -0.0008593   -0.0017891
h     2.1193062    1.1421532    1.2238162  0.00    0.0021448   -0.0004434    0.0016010
h     0.9042613    3.2569939    1.2867320  0.00    0.0010033    0.0012065    0.0015696
h    -1.3137561    2.1201936   -2.1203485  0.00   -0.0021381    0.0004152   -0.0016081
c     1.8813094   -0.8745511   -0.4905296  0.00   -0.0001179    0.0017004    0.0019338
c     1.4013343   -2.0325135   -1.4270674  0.00    0.0018927    0.0010498   -0.0024595
h     1.9159227   -1.2752068    0.5517760  0.00    0.0002836   -0.0008010    0.0031868
h     2.9292819   -0.5964760   -0.7609557  0.00    0.0030688    0.0013047   -0.0007073
c     2.4414092   -3.1831842   -1.4278643  0.00   -0.0000124    0.0043897    0.0009621
o     3.7883911   -2.8255963   -1.5105118  0.00    0.0074238    0.0019164   -0.0006794
o     2.1555905   -4.5589114   -1.4549014  0.00    0.0031132   -0.0102839   -0.0024740
h     1.1833552   -4.7904524   -1.3345828  0.00   -0.0088256    0.0035572    0.0096817
n    -0.0021125   -2.4186091   -1.1217457  0.00   -0.0045057   -0.0002932   -0.0042706
h     1.4297450   -1.6658065   -2.4777704  0.00    0.0003155    0.0008690   -0.0036790
h    -0.0916922   -3.3891614   -0.7674705  0.00    0.0026723   -0.0094141   -0.0079259
h    -0.4262719   -1.8242550   -0.3640015  0.00   -0.0030759    0.0027784    0.0059959
    24
 Energy =       0.0644895783
c     0.6706677    2.5206835    0.5157645  0.00    0.0014034    0.0010823    0.0019621
c    -0.2716514    2.8034358   -0.4130788  0.00   -0.0004530    0.0007205   -0.0000396
c    -0.5425339    1.8995232   -1.3932265  0.00   -0.0021329    0.0000893   -0.0017949
c     1.3398570    1.3398931    0.4801010  0.00    0.0021599   -0.0002579    0.0017137
c     1.0702429    0.4191810   -0.4903468  0.00    0.0007769   -0.0013312    0.0004205
c     0.1291285    0.7177430   -1.4402222  0.00   -0.0018134   -0.0005572   -0.0020707
o    -0.9432094    4.0295124   -0.3379227  0.00    0.0007537    0.0018538    0.0022010
h    -1.6402609    4.1721836   -1.0631425  0.00   -0.0022796    0.0010273   -0.0018010
h    -0.1101260    0.0233275   -2.2411313  0.00   -0.0013777   -0.0007895   -0.0016484
h     2.0984097    1.1387686    1.2367758  0.00    0.0019809   -0.0004034    0.0014928
h     0.8836140    3.2537809    1.2892322  0.00    0.0009254    0.0011051    0.0014497
h    -1.2965489    2.1227253   -2.1432526  0.00   -0.0019751    0.0003801   -0.0014993
c     1.8784466   -0.8754559   -0.4833486  0.00   -0.0001045    0.0015313    0.0017427
c     1.4043864   -2.0323449   -1.4233677  0.00    0.0017693    0.0009681   -0.0022632
h     1.9047388   -1.2762725    0.5588290  0.00    0.0002594   -0.0007278    0.0029006
h     2.9284457   -0.5984151   -0.7457842  0.00    0.0027926    0.0011810   -0.0006444
c     2.4455262   -3.1816676   -1.4195402  0.00   -0.0000147    0.0043527    0.0009418
o     3.7898259   -2.8209491   -1.5243058  0.00    0.0069530    0.0019113   -0.0006264
o     2.1657438   -4.5587507   -1.4148727  0.00    0.0027009   -0.0097981   -0.0022652
h     1.1968705   -4.7951973   -1.2820433  0.00   -0.0078538    0.0028818    0.0086377
n    -0.0021947   -2.4155831   -1.1304237  0.00   -0.0041342   -0.0001774   -0.0038949
h     1.4410955   -1.6646217   -2.4731394  0.00    0.0002864    0.0007857   -0.0033448
h    -0.1012975   -3.3876844   -0.7845690  0.00    0.0021522   -0.0083312   -0.0069840
h    -0.4298745   -1.8237383   -0.3732531  0.00   -0.0027753    0.0025034    0.0054141
    24
 Energy =       0.0647224990
c     0.6586874    2.5172184    0.5178868  0.00    0.0013091    0.0009763    0.0018201
c    -0.2741500    2.8022078   -0.4195383  0.00   -0.0004266    0.0006695   -0.0000427
c    -0.5349391    1.9008961   -1.4045218  0.00   -0.0019530    0.0000590   -0.0016671
c     1.3283857    1.3367338    0.4858725  0.00    0.0019746   -0.0002106    0.0015914
c     1.0686682    0.4185672   -0.4894749  0.00    0.0007194   -0.0012261    0.0003904
c     0.1372057    0.7194964   -1.4477698  0.00   -0.0016767   -0.0005038   -0.0019169
o    -0.9465637    4.0278587   -0.3480850  0.00    0.0007234    0.0016685    0.0020318
h    -1.6365658    4.1718740   -1.0795719  0.00   -0.0021044    0.0009337   -0.0016739
h    -0.0940107    0.0272761   -2.2526861  0.00   -0.0012614   -0.0007300   -0.0015204
h     2.0792823    1.1338756    1.2494282  0.00    0.0018220   -0.0003626    0.0013867
h     0.8636270    3.2483143    1.2952145  0.00    0.0008531    0.0010155    0.0013413
h    -1.2812230    2.1258715   -2.1614782  0.00   -0.0018171    0.0003438   -0.0013930
c     1.8770128   -0.8758347   -0.4787814  0.00   -0.0000926    0.0013791    0.0015685
c     1.4070799   -2.0315320   -1.4215210  0.00    0.0016232    0.0008808   -0.0020670
h     1.8979313   -1.2773248    0.5629666  0.00    0.0002352   -0.0006577    0.0026245
h     2.9281522   -0.5990760   -0.7358176  0.00    0.0025268    0.0010666   -0.0005827
c     2.4490047   -3.1796471   -1.4154200  0.00   -0.0000321    0.0042156    0.0008986
o     3.7906961   -2.8167968   -1.5403439  0.00    0.0064836    0.0018678   -0.0005802
o     2.1743695   -4.5571478   -1.3833928  0.00    0.0023221   -0.0092301   -0.0020582
h     1.2081695   -4.7969902   -1.2411209  0.00   -0.0069941    0.0023880    0.0077321
n    -0.0016336   -2.4126260   -1.1376449  0.00   -0.0037605   -0.0000872   -0.0035505
h     1.4496344   -1.6626974   -2.4703682  0.00    0.0002594    0.0007090   -0.0030276
h    -0.1082083   -3.3865302   -0.8004340  0.00    0.0017666   -0.0074257   -0.0061891
h    -0.4313104   -1.8239094   -0.3796667  0.00   -0.0025000    0.0022605    0.0048840
    24
 Energy =       0.0648826278
c     0.6467031    2.5126224    0.5220348  0.00    0.0012193    0.0008842    0.0016902
c    -0.2772765    2.8003168   -0.4230605  0.00   -0.0003990    0.0006243   -0.0000407
c    -0.5280873    1.9024163   -1.4134837  0.00   -0.0017853    0.0000254   -0.0015513
c     1.3174668    1.3327942    0.4921317  0.00    0.0018025   -0.0001615    0.0014806
c     1.0675361    0.4179782   -0.4887347  0.00    0.0006631   -0.0011315    0.0003577
c     0.1450654    0.7217442   -1.4545051  0.00   -0.0015484   -0.0004591   -0.0017760
o    -0.9510461    4.0251844   -0.3537688  0.00    0.0006956    0.0015018    0.0018799
h    -1.6343365    4.1710025   -1.0910083  0.00   -0.0019404    0.0008468   -0.0015554
h    -0.0782138    0.0323477   -2.2638521  0.00   -0.0011553   -0.0006804   -0.0014065
h     2.0612473    1.1278455    1.2618233  0.00    0.0016722   -0.0003227    0.0012867
h     0.8437177    3.2410748    1.3037170  0.00    0.0007869    0.0009377    0.0012453
h    -1.2671440    2.1295445   -2.1766384  0.00   -0.0016685    0.0003080   -0.0012930
c     1.8768093   -0.8757112   -0.4763103  0.00   -0.0000819    0.0012400    0.0014088
c     1.4095577   -2.0303322   -1.4209377  0.00    0.0014726    0.0007946   -0.0018790
h     1.8947910   -1.2781062    0.5648763  0.00    0.0002121   -0.0005929    0.0023668
h     2.9283898   -0.5986351   -0.7301413  0.00    0.0022788    0.0009614   -0.0005250
c     2.4520272   -3.1774119   -1.4139898  0.00   -0.0000550    0.0040291    0.0008444
o     3.7911667   -2.8131819   -1.5576336  0.00    0.0060302    0.0018041   -0.0005395
o     2.1818884   -4.5547137   -1.3575959  0.00    0.0019816   -0.0086398   -0.0018601
h     1.2178129   -4.7969545   -1.2081544  0.00   -0.0062344    0.0020124    0.0069348
n    -0.0006073   -2.4096604   -1.1435270  0.00   -0.0034029   -0.0000196   -0.0032336
h     1.4561353   -1.6605828   -2.4689904  0.00    0.0002346    0.0006392   -0.0027334
h    -0.1131176   -3.3853357   -0.8145077  0.00    0.0014726   -0.0066461   -0.0055061
h    -0.4311835   -1.8241684   -0.3840122  0.00   -0.0022511    0.0020446    0.0044042
    24
 Energy =       0.0649892124
c     0.6345030    2.5070714    0.5276969  0.00    0.0011351    0.0008055    0.0015736
c    -0.2810179    2.7978706   -0.4244322  0.00   -0.0003717    0.0005847   -0.0000349
c    -0.5217551    1.9040954   -1.4208495  0.00   -0.0016312   -0.0000102   -0.0014484
c     1.3068510    1.3282150    0.4987079  0.00    0.0016446   -0.0001119    0.0013822
c     1.0667919    0.4174519   -0.4882329  0.00    0.0006084   -0.0010476    0.0003239
c     0.1529093    0.7244654   -1.4608328  0.00   -0.0014296   -0.0004228   -0.0016495
o    -0.9566350    4.0216270   -0.3560885  0.00    0.0006702    0.0013541    0.0017457
h    -1.6334113    4.1696332   -1.0987278  0.00   -0.0017891    0.0007671   -0.0014468
h    -0.0623454    0.0384448   -2.2750093  0.00   -0.0010594   -0.0006403   -0.0013067
h     2.0438635    1.1208703    1.2740197  0.00    0.0015335   -0.0002846    0.0011945
h     0.8235153    3.2323166    1.3141813  0.00    0.0007268    0.0008712    0.0011620
h    -1.2539020    2.1337052   -2.1896947  0.00   -0.0015307    0.0002734   -0.0012009
c     1.8776908   -0.8751067   -0.4755969  0.00   -0.0000725    0.0011122    0.0012616
c     1.4119071   -2.0288847   -1.4212748  0.00    0.0013263    0.0007123   -0.0017029
h     1.8948241   -1.2784856    0.5649844  0.00    0.0001906   -0.0005345    0.0021312
h     2.9291304   -0.5972057   -0.7281306  0.00    0.0020523    0.0008655   -0.0004723
c     2.4547169   -3.1751021   -1.4143885  0.00   -0.0000793    0.0038199    0.0007855
o     3.7913425   -2.8100859   -1.5756809  0.00    0.0056006    0.0017305   -0.0005035
o     2.1885873   -4.5517698   -1.3357918  0.00    0.0016797   -0.0080564   -0.0016738
h     1.2262104   -4.7957284   -1.1808224  0.00   -0.0055634    0.0017178    0.0062270
n     0.0007809   -2.4066444   -1.1482020  0.00   -0.0030699    0.0000286   -0.0029413
h     1.4610788   -1.6585554   -2.4687181  0.00    0.0002122    0.0005760   -0.0024639
h    -0.1164817   -3.3839263   -0.8265963  0.00    0.0012435   -0.0059617   -0.0049128
h    -0.4298529   -1.8241945   -0.3867891  0.00   -0.0020271    0.0018511    0.0039704
    24
 Energy =       0.0650559185
c     0.6219466    2.5006683    0.5345357  0.00    0.0010568    0.0007395    0.0014705
c    -0.2853572    2.7949347   -0.4241729  0.00   -0.0003451    0.0005506   -0.0000259
c    -0.5157811    1.9059456   -1.4271023  0.00   -0.0014906   -0.0000471   -0.0013586
c     1.2963689    1.3230778    0.5054925  0.00    0.0015011   -0.0000625    0.0012963
c     1.0664002    0.4170120   -0.4880347  0.00    0.0005554   -0.0009743    0.0002893
c     0.1608800    0.7276527   -1.4670127  0.00   -0.0013203   -0.0003943   -0.0015378
o    -0.9633030    4.0172691   -0.3557841  0.00    0.0006471    0.0012247    0.0016287
h    -1.6336657    4.1678049   -1.1035760  0.00   -0.0016511    0.0006942   -0.0013488
h    -0.0461332    0.0455192   -2.2863991  0.00   -0.0009733   -0.0006090   -0.0012208
h     2.0268261    1.1130592    1.2860607  0.00    0.0014061   -0.0002483    0.0011107
h     0.8027705    3.2221865    1.3262368  0.00    0.0006726    0.0008155    0.0010910
h    -1.2412050    2.1383386   -2.2012781  0.00   -0.0014042    0.0002404   -0.0011174
c     1.8795512   -0.8740360   -0.4764100  0.00   -0.0000649    0.0009945    0.0011250
c     1.4141757   -2.0272758   -1.4223017  0.00    0.0011887    0.0006352   -0.0015403
h     1.8976872   -1.2783768    0.5635712  0.00    0.0001709   -0.0004832    0.0019191
h     2.9303397   -0.5948674   -0.7293556  0.00    0.0018486    0.0007788   -0.0004250
c     2.4571488   -3.1727966   -1.4160752  0.00   -0.0001035    0.0036029    0.0007256
o     3.7912807   -2.8074846   -1.5942177  0.00    0.0051989    0.0016531   -0.0004718
o     2.1946544   -4.5485035   -1.3168958  0.00    0.0014141   -0.0074945   -0.0015006
h     1.2336546   -4.7936971   -1.1575336  0.00   -0.0049706    0.0014807    0.0055958
n     0.0024615   -2.4035534   -1.1517517  0.00   -0.0027649    0.0000609   -0.0026715
h     1.4647596   -1.6567810   -2.4693489  0.00    0.0001923    0.0005188   -0.0022189
h    -0.1186178   -3.3822171   -0.8366216  0.00    0.0010618   -0.0053536   -0.0043932
h    -0.4275407   -1.8238021   -0.3882938  0.00   -0.0018259    0.0016769    0.0035787
    24
 Energy =       0.0650925422
c     0.6089397    2.4934781    0.5423011  0.00    0.0009846    0.0006850    0.0013809
c    -0.2902682    2.7915543   -0.4226623  0.00   -0.0003198    0.0005219   -0.0000141
c    -0.5100337    1.9079818   -1.4325903  0.00   -0.0013631   -0.0000851   -0.0012819
c     1.2859009    1.3174333    0.5124024  0.00    0.0013714   -0.0000134    0.0012227
c     1.0663408    0.4166767   -0.4881887  0.00    0.0005040   -0.0009115    0.0002542
c     0.1690910    0.7313089   -1.4732296  0.00   -0.0012201   -0.0003730   -0.0014408
o    -0.9710123    4.0121671   -0.3533975  0.00    0.0006263    0.0011128    0.0015282
h    -1.6349879    4.1655475   -1.1061694  0.00   -0.0015260    0.0006280   -0.0012612
h    -0.0293675    0.0535518   -2.2981896  0.00   -0.0008964   -0.0005860   -0.0011485
h     2.0099120    1.1044777    1.2979723  0.00    0.0012901   -0.0002140    0.0010355
h     0.7813088    3.2107745    1.3396061  0.00    0.0006238    0.0007698    0.0010321
h    -1.2288216    2.1434457   -2.2118422  0.00   -0.0012890    0.0002090   -0.0010427
c     1.8823103   -0.8725089   -0.4785861  0.00   -0.0000593    0.0008863    0.0009974
c     1.4163794   -2.0255679   -1.4238416  0.00    0.0010615    0.0005637   -0.0013915
h     1.9031397   -1.2777091    0.5608287  0.00    0.0001530   -0.0004390    0.0017309
h     2.9319802   -0.5916835   -0.7335200  0.00    0.0016681    0.0007011   -0.0003834
c     2.4593586   -3.1705493   -1.4186793  0.00   -0.0001271    0.0033866    0.0006669
o     3.7909988   -2.8053657   -1.6130966  0.00    0.0048271    0.0015757   -0.0004441
o     2.2002073   -4.5450358   -1.3001500  0.00    0.0011811   -0.0069618   -0.0013406
h     1.2403508   -4.7911041   -1.1371135  0.00   -0.0044466    0.0012857    0.0050312
n     0.0043786   -2.4003727   -1.1541970  0.00   -0.0024887    0.0000804   -0.0024231
h     1.4673467   -1.6553790   -2.4707232  0.00    0.0001749    0.0004672   -0.0019976
h    -0.1197606   -3.3801680   -0.8445264  0.00    0.0009155   -0.0048092   -0.0039356
h    -0.4243899   -1.8228760   -0.3886757  0.00   -0.0016452    0.0015197    0.0032249
    24
 Energy =       0.0651061373
c     0.5954184    2.4855435    0.5507897  0.00    0.0009184    0.0006413    0.0013044
c    -0.2957140    2.7877651   -0.4202033  0.00   -0.0002960    0.0004983    0.0000001
c    -0.5043913    1.9102252   -1.4375891  0.00   -0.0012479   -0.0001242   -0.0012179
c     1.2753590    1.3113140    0.5193650  0.00    0.0012548    0.0000354    0.0011613
c     1.0666061    0.4164622   -0.4887397  0.00    0.0004540   -0.0008588    0.0002188
c     0.1776450    0.7354458   -1.4796304  0.00   -0.0011287   -0.0003583   -0.0013581
o    -0.9797115    4.0063649   -0.3493600  0.00    0.0006078    0.0010171    0.0014437
h    -1.6372637    4.1628904   -1.1069972  0.00   -0.0014135    0.0005680   -0.0011841
h    -0.0118670    0.0625461   -2.3105129  0.00   -0.0008283   -0.0005709   -0.0010893
h     1.9929466    1.0951626    1.3097658  0.00    0.0011850   -0.0001815    0.0009690
h     0.7590013    3.1981360    1.3540623  0.00    0.0005802    0.0007336    0.0009847
h    -1.2165464    2.1490434   -2.2217431  0.00   -0.0011845    0.0001793   -0.0009768
c     1.8859068   -0.8705312   -0.4820095  0.00   -0.0000559    0.0007872    0.0008777
c     1.4185076   -2.0238137   -1.4257435  0.00    0.0009455    0.0004977   -0.0012563
h     1.9110169   -1.2764136    0.5568908  0.00    0.0001368   -0.0004021    0.0015662
h     2.9340112   -0.5877108   -0.7404282  0.00    0.0015105    0.0006323   -0.0003471
c     2.4613482   -3.1684068   -1.4219260  0.00   -0.0001503    0.0031764    0.0006106
o     3.7904778   -2.8037361   -1.6322450  0.00    0.0044863    0.0015010   -0.0004204
o     2.2053091   -4.5414545   -1.2849778  0.00    0.0009767   -0.0064623   -0.0011931
h     1.2464366   -4.7881091   -1.1186300  0.00   -0.0039830    0.0011223    0.0045253
n     0.0064789   -2.3970940   -1.1554978  0.00   -0.0022408    0.0000899   -0.0021950
h     1.4689155   -1.6544544   -2.4727039  0.00    0.0001599    0.0004207   -0.0017990
h    -0.1200944   -3.3777604   -0.8502313  0.00    0.0007962   -0.0043199   -0.0035307
h    -0.4204946   -1.8213372   -0.3879736  0.00   -0.0014833    0.0013778    0.0029059
    24
 Energy =       0.0650877431
c     0.5390881    2.4509317    0.5869281  0.00    0.0010203    0.0008471    0.0018758
c    -0.3194442    2.7710987   -0.4076188  0.00   -0.0003074    0.0007910    0.0002717
c    -0.4817380    1.9201494   -1.4565857  0.00   -0.0010507   -0.0008977   -0.0018842
c     1.2326152    1.2850068    0.5471499  0.00    0.0010563    0.0008431    0.0017880
c     1.0689862    0.4161518   -0.4927273  0.00    0.0002235   -0.0012078   -0.0001023
c     0.2136601    0.7540109   -1.5065023  0.00   -0.0011176   -0.0006272   -0.0019106
o    -1.0182122    3.9805068   -0.3280792  0.00    0.0010433    0.0009236    0.0020960
h    -1.6496822    4.1508001   -1.1049180  0.00   -0.0014796    0.0003959   -0.0015497
h     0.0617960    0.1024778   -2.3624266  0.00   -0.0008304   -0.0011051   -0.0016803
h     1.9242727    1.0550191    1.3564767  0.00    0.0010744    0.0000840    0.0012191
h     0.6659604    3.1427861    1.4154553  0.00    0.0006216    0.0011580    0.0016121
h    -1.1670592    2.1735415   -2.2599250  0.00   -0.0010794   -0.0000468   -0.0012488
c     1.9034597   -0.8608289   -0.5003824  0.00   -0.0000966    0.0002975    0.0001198
c     1.4265749   -2.0168163   -1.4342351  0.00    0.0004028    0.0001181   -0.0007983
h     1.9518265   -1.2684188    0.5367147  0.00    0.0000791   -0.0004161    0.0011814
h     2.9435273   -0.5688843   -0.7785992  0.00    0.0011607    0.0004333   -0.0002726
c     2.4683027   -3.1604519   -1.4366082  0.00   -0.0007053    0.0037727    0.0004418
o     3.7872118   -2.7993033   -1.7098496  0.00    0.0049071    0.0021724   -0.0007103
o     2.2239854   -4.5269580   -1.2286660  0.00   -0.0007092   -0.0067778   -0.0003184
h     1.2686694   -4.7749485   -1.0492561  0.00   -0.0021980    0.0002475    0.0027163
n     0.0153855   -2.3835646   -1.1557138  0.00   -0.0013997    0.0002217   -0.0014934
h     1.4711060   -1.6531018   -2.4825478  0.00    0.0001565    0.0002498   -0.0011232
h    -0.1188104   -3.3666532   -0.8637363  0.00    0.0001729   -0.0024592   -0.0020318
h    -0.4021796   -1.8124736   -0.3806158  0.00   -0.0009445    0.0009820    0.0018020
    24
 Energy =       0.0648554932
c     0.4697577    2.3944308    0.6317935  0.00    0.0012127    0.0011632    0.0030516
c    -0.3388028    2.7501500   -0.3928107  0.00   -0.0004124    0.0013192    0.0007307
c    -0.4327071    1.9469891   -1.4886636  0.00   -0.0008007   -0.0020466   -0.0031912
c     1.1811564    1.2400302    0.5749729  0.00    0.0008781    0.0020922    0.0030124
c     1.0836118    0.4179207   -0.5122931  0.00   -0.0004345   -0.0020546   -0.0004579
c     0.2804983    0.7930513   -1.5551109  0.00   -0.0011299   -0.0008695   -0.0030671
o    -1.0572178    3.9464301   -0.2953957  0.00    0.0016793    0.0008305    0.0033802
h    -1.6492015    4.1439201   -1.0970414  0.00   -0.0017044    0.0002611   -0.0023366
h     0.1858647    0.1804185   -2.4484702  0.00   -0.0010408   -0.0018833   -0.0029052
h     1.8329896    0.9825286    1.4088679  0.00    0.0010445    0.0004311    0.0018079
h     0.5427888    3.0490724    1.4977638  0.00    0.0006613    0.0018401    0.0028062
h    -1.0765606    2.2294402   -2.3166899  0.00   -0.0010455   -0.0003270   -0.0019081
c     1.9374856   -0.8453235   -0.5488599  0.00   -0.0004431    0.0005213   -0.0009595
c     1.4165426   -2.0150767   -1.4409054  0.00    0.0000039   -0.0009740   -0.0004665
h     2.0494276   -1.2437405    0.4879793  0.00    0.0001725   -0.0008728    0.0021421
h     2.9576557   -0.5456928   -0.8891690  0.00    0.0021370    0.0006886   -0.0006007
c     2.4486094   -3.1645410   -1.4621286  0.00   -0.0029188    0.0051966    0.0002455
o     3.7459061   -2.8247449   -1.8547113  0.00    0.0092378    0.0045661   -0.0026185
o     2.2199879   -4.5121917   -1.1356924  0.00   -0.0033147   -0.0086400    0.0016861
h     1.2718625   -4.7526214   -0.9132230  0.00   -0.0015282   -0.0011805    0.0009175
n     0.0118894   -2.3617240   -1.1099495  0.00   -0.0016514   -0.0006522   -0.0008670
h     1.4278008   -1.6751643   -2.4974879  0.00    0.0004752   -0.0000525   -0.0011018
h    -0.1281004   -3.3420594   -0.8140031  0.00   -0.0002786   -0.0002230   -0.0003782
h    -0.3719428   -1.7814244   -0.3250403  0.00   -0.0007992    0.0008660    0.0010780
    24
 Energy =       0.0643526858
c     0.4257033    2.3538490    0.6354398  0.00    0.0014525    0.0004836    0.0030898
c    -0.3272321    2.7469084   -0.4181323  0.00   -0.0006148    0.0013095    0.0003686
c    -0.3583404    1.9860145   -1.5467032  0.00   -0.0007746   -0.0017362   -0.0031603
c     1.1427226    1.2033272    0.5753036  0.00    0.0009231    0.0018871    0.0030215
c     1.1061655    0.4231606   -0.5457492  0.00   -0.0003072   -0.0019762    0.0001853
c     0.3618187    0.8370129   -1.6166311  0.00   -0.0013460   -0.0000106   -0.0029915
o    -1.0536166    3.9376239   -0.3162084  0.00    0.0018251    0.0001032    0.0031159
h    -1.6043030    4.1626660   -1.1398816  0.00   -0.0017423    0.0003781   -0.0025416
h     0.3239775    0.2598426   -2.5370462  0.00   -0.0012279   -0.0010645   -0.0029056
h     1.7490676    0.9162496    1.4337656  0.00    0.0012148    0.0002432    0.0021290
h     0.4497663    2.9756226    1.5274698  0.00    0.0006423    0.0014032    0.0025669
h    -0.9559922    2.2992823   -2.3983346  0.00   -0.0011740   -0.0001247   -0.0022060
c     1.9620048   -0.8369658   -0.5943146  0.00   -0.0003263    0.0021971   -0.0002275
c     1.3796227   -2.0307188   -1.4171842  0.00    0.0014711   -0.0015478   -0.0008715
h     2.1423625   -1.2074164    0.4440744  0.00    0.0002667   -0.0008954    0.0030875
h     2.9586690   -0.5478218   -1.0082891  0.00    0.0030308    0.0012641   -0.0010023
c     2.3952531   -3.1935240   -1.4521109  0.00   -0.0029575    0.0023239    0.0003952
o     3.6687064   -2.8883117   -1.9364936  0.00    0.0076572    0.0034060   -0.0023335
o     2.1765839   -4.5187813   -1.0472107  0.00    0.0009009   -0.0040797    0.0001196
h     1.2403874   -4.7373190   -0.7544699  0.00   -0.0044728   -0.0018178    0.0015088
n    -0.0117253   -2.3474770   -1.0043445  0.00   -0.0032856   -0.0016663   -0.0015753
h     1.3391245   -1.7307119   -2.4856907  0.00    0.0008433   -0.0004829   -0.0023577
h    -0.1509621   -3.3168432   -0.6716317  0.00   -0.0006132   -0.0010551    0.0004624
h    -0.3504617   -1.7355912   -0.2218952  0.00   -0.0013858    0.0014578    0.0021227
    24
 Energy =       0.0637659630
c     0.3488455    2.3055227    0.6353507  0.00    0.0018237    0.0006004    0.0048343
c    -0.3391601    2.7346052   -0.4498526  0.00   -0.0010063    0.0019775    0.0006885
c    -0.2888883    2.0199860   -1.6100153  0.00   -0.0007907   -0.0025525   -0.0050862
c     1.0800872    1.1638231    0.5757213  0.00    0.0009468    0.0029064    0.0050203
c     1.1243432    0.4306667   -0.5787529  0.00   -0.0002784   -0.0030615   -0.0005957
c     0.4477109    0.8813520   -1.6796604  0.00   -0.0017064    0.0000267   -0.0044910
o    -1.0836182    3.9141200   -0.3469563  0.00    0.0023577    0.0000711    0.0048825
h    -1.5864537    4.1652422   -1.1943540  0.00   -0.0023152    0.0006556   -0.0038250
h     0.4827306    0.3420778   -2.6253085  0.00   -0.0012038   -0.0013213   -0.0049020
h     1.6316487    0.8470055    1.4614673  0.00    0.0016113    0.0003982    0.0035372
h     0.3087781    2.8910004    1.5528298  0.00    0.0006708    0.0020605    0.0042170
h    -0.8331493    2.3628971   -2.4868560  0.00   -0.0014973   -0.0001248   -0.0034071
c     1.9871416   -0.8229280   -0.6336210  0.00    0.0000263    0.0029890   -0.0004362
c     1.3532061   -2.0392956   -1.3840077  0.00    0.0028322   -0.0018830   -0.0008806
h     2.2357128   -1.1630765    0.4019958  0.00    0.0006889   -0.0014391    0.0040293
h     2.9558757   -0.5433985   -1.1170185  0.00    0.0038091    0.0017191   -0.0014845
c     2.3639994   -3.2050417   -1.4439207  0.00   -0.0036827    0.0019317    0.0008738
o     3.6055370   -2.9194915   -2.0174056  0.00    0.0088820    0.0035526   -0.0033773
o     2.1719153   -4.5134033   -0.9760653  0.00    0.0007971   -0.0037555    0.0005142
h     1.2514733   -4.7226439   -0.6311637  0.00   -0.0044512   -0.0018320    0.0015534
n    -0.0128532   -2.3399739   -0.8794891  0.00   -0.0054840   -0.0025663   -0.0015933
h     1.2459393   -1.7723046   -2.4576548  0.00    0.0007123   -0.0007681   -0.0037268
h    -0.1366702   -3.3007233   -0.5161155  0.00   -0.0008691   -0.0012915    0.0008237
h    -0.3048495   -1.7059404   -0.0954157  0.00   -0.0018729    0.0017067    0.0028316
    24
 Energy =       0.0629724398
c     0.3001788    2.2767660    0.6119196  0.00    0.0017186    0.0001526    0.0043239
c    -0.3289368    2.7353503   -0.4968650  0.00   -0.0010159    0.0017347    0.0002653
c    -0.2164974    2.0517091   -1.6704137  0.00   -0.0007622   -0.0019201   -0.0045403
c     1.0334053    1.1358622    0.5623650  0.00    0.0008294    0.0022800    0.0045546
c     1.1410968    0.4359815   -0.6073801  0.00   -0.0000342   -0.0024112   -0.0005769
c     0.5238560    0.9149984   -1.7297817  0.00   -0.0016181    0.0003212   -0.0039211
o    -1.0781796    3.9125256   -0.4035434  0.00    0.0021312   -0.0002397    0.0042866
h    -1.5381656    4.1845733   -1.2684871  0.00   -0.0021344    0.0007437   -0.0036591
h     0.6142026    0.3992763   -2.6846289  0.00   -0.0008550   -0.0006886   -0.0042002
h     1.5347691    0.7934533    1.4680848  0.00    0.0015302    0.0001782    0.0034944
h     0.2104904    2.8374452    1.5405086  0.00    0.0005792    0.0015901    0.0036364
h    -0.7133134    2.4182418   -2.5654589  0.00   -0.0013942    0.0000797   -0.0031838
c     1.9971942   -0.8205232   -0.6563913  0.00    0.0005591    0.0030011    0.0002391
c     1.3139082   -2.0502461   -1.3377079  0.00    0.0039805   -0.0018907   -0.0009936
h     2.2969654   -1.1293068    0.3748040  0.00    0.0007125   -0.0011883    0.0035494
h     2.9423421   -0.5636345   -1.1952304  0.00    0.0034380    0.0016032   -0.0015314
c     2.3168478   -3.2204611   -1.4354926  0.00   -0.0037622    0.0009828    0.0014281
o     3.5211682   -2.9525365   -2.0909494  0.00    0.0088155    0.0029464   -0.0037974
o     2.1526363   -4.5161940   -0.9266669  0.00    0.0012399   -0.0024467    0.0001961
h     1.2505476   -4.7178389   -0.5327948  0.00   -0.0040448   -0.0017110    0.0015503
n    -0.0184327   -2.3342346   -0.7394124  0.00   -0.0069742   -0.0034812   -0.0012192
h     1.1352618   -1.8050377   -2.4076797  0.00    0.0002183   -0.0007445   -0.0042965
h    -0.1258933   -3.2895328   -0.3573623  0.00   -0.0009303   -0.0008089    0.0008486
h    -0.2561495   -1.6865595    0.0522960  0.00   -0.0022271    0.0019173    0.0035467
    24
 Energy =       0.0621201073
c     0.2318621    2.2448363    0.5817534  0.00    0.0015965   -0.0000723    0.0045844
c    -0.3296105    2.7316621   -0.5517250  0.00   -0.0011303    0.0017620    0.0000742
c    -0.1426105    2.0798388   -1.7342171  0.00   -0.0006140   -0.0017235   -0.0048872
c     0.9713484    1.1073119    0.5474317  0.00    0.0005285    0.0020512    0.0049175
c     1.1557157    0.4423015   -0.6329227  0.00    0.0003085   -0.0023108   -0.0012143
c     0.6049017    0.9470363   -1.7775809  0.00   -0.0014796    0.0003861   -0.0041192
o    -1.0882044    3.9039786   -0.4735388  0.00    0.0020560   -0.0004336    0.0047465
h    -1.4971340    4.1968555   -1.3574403  0.00   -0.0021597    0.0009661   -0.0041569
h     0.7577321    0.4527622   -2.7366483  0.00   -0.0003484   -0.0006473   -0.0041753
h     1.4147806    0.7392982    1.4734090  0.00    0.0014256    0.0000193    0.0039211
h     0.0817342    2.7794248    1.5180503  0.00    0.0003910    0.0015254    0.0038924
h    -0.5857698    2.4684268   -2.6480587  0.00   -0.0012994    0.0002306   -0.0033603
c     2.0072411   -0.8154684   -0.6696137  0.00    0.0010031    0.0026843    0.0004619
c     1.2821531   -2.0557060   -1.2828326  0.00    0.0047081   -0.0016527   -0.0010982
h     2.3527419   -1.0910441    0.3559844  0.00    0.0008285   -0.0010725    0.0029794
h     2.9289714   -0.5825445   -1.2568661  0.00    0.0028540    0.0014184   -0.0014958
c     2.2776558   -3.2280332   -1.4256548  0.00   -0.0034413    0.0002996    0.0018334
o     3.4400502   -2.9710400   -2.1559836  0.00    0.0080395    0.0022142   -0.0038709
o     2.1444778   -4.5163177   -0.8918925  0.00    0.0013758   -0.0014955   -0.0000498
h     1.2618637   -4.7161397   -0.4563918  0.00   -0.0031334   -0.0015329    0.0013506
n    -0.0073622   -2.3274922   -0.5912089  0.00   -0.0077879   -0.0039648   -0.0007742
h     1.0294106   -1.8255339   -2.3418745  0.00   -0.0004190   -0.0005065   -0.0045308
h    -0.0958251   -3.2806342   -0.1994966  0.00   -0.0009507   -0.0002940    0.0008331
h    -0.1868219   -1.6737019    0.2110491  0.00   -0.0023514    0.0021492    0.0041385
    24
 Energy =       0.0613270091
c     0.1701783    2.2215996    0.5415417  0.00    0.0011241   -0.0001775    0.0035888
c    -0.3285919    2.7302958   -0.6109166  0.00   -0.0008966    0.0013145   -0.0001079
c    -0.0749611    2.1021147   -1.7928398  0.00   -0.0004047   -0.0011225   -0.0038668
c     0.9142313    1.0865511    0.5260013  0.00    0.0002325    0.0012975    0.0038386
c     1.1675131    0.4481910   -0.6546484  0.00    0.0004921   -0.0016069   -0.0012971
c     0.6762830    0.9711563   -1.8163299  0.00   -0.0009835    0.0002728   -0.0031906
o    -1.0937130    3.8995286   -0.5520750  0.00    0.0015226   -0.0004255    0.0040088
h    -1.4531226    4.2098005   -1.4509583  0.00   -0.0017058    0.0009224   -0.0036030
h     0.8816169    0.4900793   -2.7719310  0.00    0.0000013   -0.0005676   -0.0029581
h     1.3043641    0.6979554    1.4666241  0.00    0.0009939   -0.0001342    0.0031544
h    -0.0348856    2.7360176    1.4777843  0.00    0.0001763    0.0011210    0.0030694
h    -0.4690166    2.5072360   -2.7210578  0.00   -0.0009317    0.0002840   -0.0026118
c     2.0130996   -0.8118853   -0.6744668  0.00    0.0011294    0.0019435    0.0005257
c     1.2529750   -2.0593792   -1.2228792  0.00    0.0044884   -0.0011667   -0.0011514
h     2.3955112   -1.0540270    0.3453944  0.00    0.0007106   -0.0007331    0.0020737
h     2.9141312   -0.6056885   -1.3009745  0.00    0.0019265    0.0010123   -0.0012057
c     2.2380251   -3.2339918   -1.4137691  0.00   -0.0025717   -0.0001625    0.0017966
o     3.3570834   -2.9844224   -2.2091124  0.00    0.0060316    0.0012664   -0.0031799
o     2.1320023   -4.5196742   -0.8700992  0.00    0.0010581   -0.0007361   -0.0001632
h     1.2666782   -4.7214115   -0.4038894  0.00   -0.0015813   -0.0012122    0.0007907
n     0.0130075   -2.3204087   -0.4434645  0.00   -0.0070651   -0.0037624   -0.0004819
h     0.9292622   -1.8393066   -2.2647134  0.00   -0.0008236   -0.0000933   -0.0039510
h    -0.0576308   -3.2737971   -0.0492913  0.00   -0.0008833    0.0002088    0.0007108
h    -0.1047388   -1.6664562    0.3698022  0.00   -0.0020402    0.0022572    0.0042108
    24
 Energy =       0.0607224794
c     0.1024446    2.2029162    0.4905801  0.00    0.0006744   -0.0002319    0.0028797
c    -0.3275962    2.7308007   -0.6804035  0.00   -0.0006919    0.0009711   -0.0002412
c    -0.0035712    2.1223400   -1.8547194  0.00   -0.0001882   -0.0006096   -0.0030696
c     0.8496907    1.0697355    0.5004061  0.00    0.0000238    0.0006728    0.0029617
c     1.1751681    0.4534805   -0.6729008  0.00    0.0006792   -0.0011453   -0.0010222
c     0.7485892    0.9916829   -1.8518074  0.00   -0.0005361    0.0001799   -0.0025324
o    -1.0971552    3.8982497   -0.6479333  0.00    0.0010167   -0.0004185    0.0035894
h    -1.3997606    4.2255014   -1.5613460  0.00   -0.0013196    0.0009749   -0.0033450
h     1.0074329    0.5205838   -2.7991533  0.00    0.0001993   -0.0005716   -0.0020547
h     1.1826227    0.6632638    1.4546803  0.00    0.0005984   -0.0003334    0.0024693
h    -0.1609139    2.7000147    1.4208393  0.00   -0.0000513    0.0007926    0.0024018
h    -0.3437264    2.5417761   -2.7972347  0.00   -0.0006240    0.0003632   -0.0020971
c     2.0143914   -0.8093552   -0.6684917  0.00    0.0011020    0.0010570    0.0003957
c     1.2257107   -2.0627380   -1.1550075  0.00    0.0035498   -0.0006132   -0.0010063
h     2.4246284   -1.0166444    0.3471674  0.00    0.0004836   -0.0004221    0.0011725
h     2.8991457   -0.6323972   -1.3248531  0.00    0.0009730    0.0005758   -0.0007998
c     2.1981082   -3.2384322   -1.3978901  0.00   -0.0017802   -0.0003039    0.0016357
o     3.2691065   -2.9931072   -2.2564288  0.00    0.0042411    0.0006319   -0.0026117
o     2.1197700   -4.5238485   -0.8502307  0.00    0.0007950   -0.0003638   -0.0002018
h     1.2722337   -4.7299024   -0.3552363  0.00   -0.0006391   -0.0009209    0.0004401
n     0.0420754   -2.3168979   -0.2925687  0.00   -0.0054257   -0.0028422   -0.0001312
h     0.8329134   -1.8498077   -2.1740650  0.00   -0.0009584    0.0002185   -0.0029902
h    -0.0088060   -3.2713826    0.1017730  0.00   -0.0007396    0.0003676    0.0006273
h    -0.0132004   -1.6657545    0.5285554  0.00   -0.0013824    0.0019711    0.0035302
    24
 Energy =       0.0603744351
c     0.0357813    2.1922006    0.4288608  0.00    0.0001621   -0.0001110    0.0014006
c    -0.3238848    2.7342360   -0.7580108  0.00   -0.0003005    0.0004142   -0.0001866
c     0.0685803    2.1389108   -1.9166013  0.00   -0.0000432   -0.0000793   -0.0014277
c     0.7830398    1.0596168    0.4698600  0.00    0.0000310    0.0001348    0.0013271
c     1.1776991    0.4576636   -0.6875231  0.00    0.0004701   -0.0005388   -0.0001731
c     0.8174915    1.0067074   -1.8820287  0.00   -0.0001092    0.0000556   -0.0012216
o    -1.0939642    3.9018112   -0.7579159  0.00    0.0003179   -0.0001874    0.0020437
h    -1.3358442    4.2437619   -1.6829672  0.00   -0.0006315    0.0006721   -0.0020031
h     1.1276033    0.5418172   -2.8162046  0.00    0.0001474   -0.0003175   -0.0008600
h     1.0592119    0.6410123    1.4355261  0.00    0.0001886   -0.0003522    0.0010576
h    -0.2839982    2.6774297    1.3462249  0.00   -0.0001345    0.0003148    0.0010636
h    -0.2159164    2.5688651   -2.8716804  0.00   -0.0002523    0.0002850   -0.0010582
c     2.0092322   -0.8087458   -0.6525849  0.00    0.0007176    0.0001754    0.0001276
c     1.1968247   -2.0668218   -1.0803001  0.00    0.0018054    0.0000175   -0.0004809
h     2.4392676   -0.9803605    0.3605415  0.00    0.0001359   -0.0001303    0.0003724
h     2.8828022   -0.6633199   -1.3299460  0.00    0.0001860    0.0001484   -0.0003040
c     2.1531626   -3.2412922   -1.3850333  0.00   -0.0011102   -0.0002614    0.0013581
o     3.1643479   -2.9961996   -2.3123004  0.00    0.0028439    0.0003371   -0.0022789
o     2.1096556   -4.5274743   -0.8357084  0.00    0.0007533   -0.0002612   -0.0002497
h     1.2852953   -4.7402861   -0.3057203  0.00   -0.0005955   -0.0006105    0.0004734
n     0.0787916   -2.3208991   -0.1372682  0.00   -0.0028802   -0.0010528    0.0002928
h     0.7337108   -1.8575509   -2.0693782  0.00   -0.0007408    0.0002886   -0.0016674
h     0.0542696   -3.2766733    0.2565812  0.00   -0.0004637    0.0000895    0.0005593
h     0.0861427   -1.6743319    0.6873085  0.00   -0.0004975    0.0009694    0.0018349
    24
 Energy =       0.0603179779
c     0.0069678    2.1924195    0.3975512  0.00   -0.0000075    0.0000223   -0.0000567
c    -0.3184978    2.7374757   -0.7963639  0.00    0.0000121   -0.0000162    0.0000105
c     0.1045403    2.1436798   -1.9435507  0.00   -0.0000235    0.0000262    0.0000717
c     0.7512788    1.0589284    0.4569973  0.00    0.0000253   -0.0000323   -0.0000470
c     1.1765584    0.4586422   -0.6889585  0.00   -0.0000389   -0.0000233    0.0000617
c     0.8493325    1.0098722   -1.8907104  0.00   -0.0000028   -0.0000008    0.0000367
o    -1.0857296    3.9064682   -0.8152794  0.00   -0.0000163    0.0000420   -0.0000857
h    -1.2969825    4.2531787   -1.7445738  0.00   -0.0000030   -0.0000151    0.0000728
h     1.1830120    0.5455477   -2.8162047  0.00   -0.0000144    0.0000332    0.0000089
h     1.0008789    0.6389372    1.4280716  0.00    0.0000166    0.0000299   -0.0000444
h    -0.3373994    2.6762471    1.3055318  0.00    0.0000149   -0.0000189   -0.0000639
h    -0.1526196    2.5758011   -2.9042609  0.00   -0.0000048   -0.0000020    0.0000344
c     2.0031230   -0.8099234   -0.6354507  0.00   -0.0001308   -0.0001162    0.0000112
c     1.1835778   -2.0685206   -1.0458194  0.00   -0.0003553    0.0000371    0.0001573
h     2.4333116   -0.9677587    0.3793325  0.00   -0.0000347   -0.0000080   -0.0000621
h     2.8781033   -0.6780784   -1.3132113  0.00   -0.0000216   -0.0000226    0.0000449
c     2.1307952   -3.2410941   -1.3796599  0.00    0.0001517    0.0000356   -0.0002358
o     3.1136402   -2.9925679   -2.3326001  0.00   -0.0003663   -0.0000788    0.0003891
o     2.1030330   -4.5290322   -0.8343744  0.00   -0.0000671    0.0000062    0.0000328
h     1.2904052   -4.7462548   -0.2895669  0.00    0.0000377    0.0001012   -0.0000575
n     0.0933432   -2.3271690   -0.0760972  0.00    0.0005223    0.0002736   -0.0000951
h     0.6948326   -1.8574058   -2.0199949  0.00    0.0001585   -0.0000560    0.0002714
h     0.0805070   -3.2845550    0.3136401  0.00    0.0000740   -0.0000417   -0.0000996
h     0.1232901   -1.6847604    0.7492839  0.00    0.0000739   -0.0001753   -0.0003558
    24
 Energy =       0.0603173236
c     0.0021208    2.1906290    0.3965126  0.00    0.0000004   -0.0000015    0.0000111
c    -0.3187660    2.7374086   -0.7979231  0.00   -0.0000023    0.0000037   -0.0000013
c     0.1088153    2.1453775   -1.9444152  0.00    0.0000019   -0.0000018   -0.0000110
c     0.7464707    1.0572380    0.4571447  0.00   -0.0000023    0.0000026    0.0000107
c     1.1764245    0.4588599   -0.6881180  0.00    0.0000029   -0.0000051   -0.0000021
c     0.8535804    1.0116380   -1.8903507  0.00   -0.0000003    0.0000011   -0.0000101
o    -1.0861050    3.9062904   -0.8180823  0.00    0.0000015   -0.0000035    0.0000147
h    -1.2934183    4.2545473   -1.7477412  0.00   -0.0000023    0.0000046   -0.0000142
h     1.1907983    0.5485266   -2.8152188  0.00    0.0000016   -0.0000020   -0.0000075
h     0.9923016    0.6357507    1.4285791  0.00    0.0000005   -0.0000018    0.0000089
h    -0.3459398    2.6729973    1.3039385  0.00   -0.0000020    0.0000022    0.0000083
h    -0.1447334    2.5788182   -2.9055284  0.00   -0.0000006    0.0000016   -0.0000080
c     2.0028517   -0.8096513   -0.6334987  0.00    0.0000004   -0.0000004    0.0000002
c     1.1831239   -2.0682093   -1.0442011  0.00    0.0000010    0.0000017   -0.0000015
h     2.4324132   -0.9670300    0.3816848  0.00    0.0000004   -0.0000004    0.0000003
h     2.8783782   -0.6780374   -1.3106756  0.00    0.0000003    0.0000002   -0.0000003
c     2.1305673   -3.2399456   -1.3807875  0.00    0.0000003    0.0000016   -0.0000006
o     3.1128513   -2.9895724   -2.3342831  0.00    0.0000015    0.0000007   -0.0000017
o     2.1030763   -4.5289887   -0.8380400  0.00    0.0000018   -0.0000039    0.0000006
h     1.2902621   -4.7475853   -0.2939070  0.00   -0.0000005   -0.0000022    0.0000003
n     0.0941739   -2.3284363   -0.0728162  0.00   -0.0000029    0.0000006   -0.0000031
h     0.6926698   -1.8561706   -2.0176771  0.00   -0.0000012    0.0000009   -0.0000014
h     0.0815868   -3.2866331    0.3150288  0.00   -0.0000007   -0.0000022    0.0000020
h     0.1257985   -1.6877439    0.7541068  0.00    0.0000003    0.0000034    0.0000058
    24
 Energy =       0.0603173225
c     0.0022261    2.1906654    0.3965406  0.00   -0.0000000   -0.0000000    0.0000000
c    -0.3187669    2.7374013   -0.7978761  0.00   -0.0000000    0.0000000   -0.0000000
c     0.1087155    2.1453311   -1.9443744  0.00    0.0000000   -0.0000000   -0.0000000
c     0.7465797    1.0572766    0.4571482  0.00   -0.0000000    0.0000000    0.0000000
c     1.1764323    0.4588567   -0.6881200  0.00    0.0000000   -0.0000000   -0.0000000
c     0.8534885    1.0115959   -1.8903348  0.00    0.0000000    0.0000000   -0.0000000
o    -1.0861102    3.9062801   -0.8180097  0.00   -0.0000000   -0.0000000    0.0000000
h    -1.2935192    4.2544953   -1.7476532  0.00   -0.0000000    0.0000000   -0.0000000
h     1.1906306    0.5484575   -2.8152085  0.00    0.0000000   -0.0000000   -0.0000000
h     0.9924941    0.6358238    1.4285682  0.00    0.0000000   -0.0000000    0.0000000
h    -0.3457534    2.6730661    1.3039715  0.00   -0.0000000    0.0000000    0.0000000
h    -0.1449168    2.5787385   -2.9054727  0.00   -0.0000000    0.0000000   -0.0000000
c     2.0028693   -0.8096504   -0.6335195  0.00    0.0000000    0.0000000    0.0000000
c     1.1831782   -2.0682125   -1.0442815  0.00    0.0000000    0.0000000   -0.0000000
h     2.4323983   -0.9670597    0.3816727  0.00    0.0000000   -0.0000000    0.0000000
h     2.8784119   -0.6780068   -1.3106690  0.00    0.0000000    0.0000000   -0.0000000
c     2.1306517   -3.2399745   -1.3806826  0.00   -0.0000000   -0.0000000    0.0000000
o     3.1130853   -2.9896521   -2.3340352  0.00    0.0000000    0.0000000   -0.0000000
o     2.1030531   -4.5289967   -0.8378976  0.00    0.0000000   -0.0000000   -0.0000000
h     1.2901681   -4.7475486   -0.2938548  0.00   -0.0000000   -0.0000000    0.0000000
n     0.0940882   -2.3283841   -0.0730419  0.00   -0.0000000   -0.0000000    0.0000000
h     0.6928664   -1.8562086   -2.0178338  0.00   -0.0000000    0.0000000   -0.0000000
h     0.0814295   -3.2865615    0.3148426  0.00   -0.0000000   -0.0000000    0.0000000
h     0.1256016   -1.6876554    0.7538529  0.00   -0.0000000    0.0000000    0.0000000
