$coord                                                                          
    0.04220103122476      2.88111997251389      2.12844712158107      c       
   -0.38186308514712      4.90842781049511      0.60697245647656      c       
    0.56559134127036      4.92671909686823     -1.76620174692189      c       
    1.41413305769874      0.89040948230843      1.27184169333802      c       
    2.38642655700029      0.91565609822873     -1.11021390490525      c       
    1.94198623649073      2.94391501725730     -2.63097096226898      c       
   -1.78222064802591      6.99139125367200      1.43305559841789      o       
   -2.44949679712846      6.82478404251120      3.22190211047363      h       
    2.66922864298095      2.98473651037379     -4.55380179901261      h       
    1.72728876067648     -0.72204687905501      2.50563591465337      h       
   -0.71874346426886      2.84599414738375      4.03158879485501      h       
    0.19922824240435      6.54603210423684     -2.96842846145387      h       
    3.88039987598398     -1.32422261831804     -2.07803246235543      c       
    2.15209189052346     -3.37211047024107     -3.22817905594474      c       
    5.00008135176185     -2.14752273238475     -0.50125243116073      h       
    5.28618993682530     -0.71022774124776     -3.52074061035002      h       
    0.74421197640770     -2.40458873941639     -5.54816568634740      c       
   -1.79530691941076     -2.97561068691642     -5.87112250765953      o       
    1.99401174092377     -1.04747529020842     -7.41738997422567      o       
    2.80704115373754     -2.30121138603562     -8.60452198210707      h       
    3.70625155504937     -5.59902665644762     -3.84477290313264      n       
    0.67562141920142     -3.90465932055588     -1.82001961995611      h       
    4.44611329899933     -6.36175837096660     -2.17415865603014      h       
    2.53988761101656     -7.01143355079871     -4.60246110928239      h       
$end                                                                            
