    24
 Energy =       0.4660444023
c     1.6703672    2.6182922    0.2614132  0.00    0.0470099    0.0712849    0.0240930
c     0.3248649    2.9356558    0.1418766  0.00   -0.0069145    0.1042482    0.0284536
c    -0.5827484    1.9945952   -0.3219261  0.00   -0.0888143    0.0437677    0.0043538
c     2.1038063    1.3347474   -0.0833024  0.00    0.0673332   -0.0109791    0.0085863
c     1.2047783    0.3610782   -0.5608861  0.00    0.0187416   -0.0960068   -0.0237961
c    -0.1441045    0.7159142   -0.6796715  0.00   -0.0315809   -0.0462615   -0.0211030
o    -0.1504797    4.1703171    0.4675790  0.00   -0.0526712   -0.0239160   -0.0595503
h    -0.5871159    4.5498648   -0.3125495  0.00    0.0451016   -0.0389302    0.0476063
h    -0.8895274    0.0262790   -1.0546636  0.00   -0.0077239   -0.0053129   -0.0010838
h     3.1621727    1.0964802    0.0165124  0.00    0.0027657    0.0004192   -0.0007565
h     2.3926004    3.3457758    0.6178375  0.00    0.0100083   -0.0071382   -0.0019334
h    -1.6336796    2.2563998   -0.4108671  0.00   -0.0017403    0.0002886   -0.0009759
c     1.7669373   -1.0073413   -0.8964724  0.00    0.3550810   -0.5464852    0.0559095
c     0.8861134   -2.0194266   -1.6556448  0.00    0.1306887    0.0863307    0.0836847
h     2.1212937   -1.4658931    0.0371405  0.00    0.7406030   -1.2397592   -0.7800551
h     2.6645729   -0.8285312   -1.5058794  0.00   -0.0114164   -0.0404378    0.0280324
c     1.7481012   -3.2276699   -2.0845864  0.00   -0.0302019   -0.2646123   -0.2668681
o     1.5179317   -3.9787875   -3.0189800  0.00    0.0589539    0.1747531    0.2250106
o     2.8094516   -3.3865268   -1.2478409  0.00   -0.0628813    0.0970733    0.0366078
h     2.7944772   -2.5928198   -0.6549742  0.00   -1.1445664    1.7920207    0.6063568
n    -0.2697763   -2.5678537   -0.8742070  0.00   -0.0687906   -0.0417130    0.0105390
h     0.4960411   -1.5757973   -2.5789902  0.00   -0.0072717   -0.0117927    0.0223872
h    -0.1377783   -2.3090138    0.1103184  0.00    0.0005439    0.0035623   -0.0385821
h    -1.1177682   -2.0693246   -1.1533357  0.00    0.0377426   -0.0004036    0.0130832
    24
 Energy =       0.4658440925
c     1.6533972    2.6165729    0.2867089  0.00    0.0461724    0.0700587    0.0236609
c     0.3090535    2.9352999    0.1722258  0.00   -0.0062689    0.1011916    0.0274534
c    -0.5958088    2.0053809   -0.3164452  0.00   -0.0874260    0.0426254    0.0040533
c     2.0862249    1.3381073   -0.0725875  0.00    0.0663138   -0.0109460    0.0084118
c     1.1882351    0.3695289   -0.5623330  0.00    0.0180552   -0.0946278   -0.0234134
c    -0.1575874    0.7303723   -0.6877690  0.00   -0.0310740   -0.0458191   -0.0209001
o    -0.1698390    4.1539583    0.5536657  0.00   -0.0513060   -0.0223236   -0.0563580
h    -0.6050969    4.5775885   -0.2059820  0.00    0.0434463   -0.0374733    0.0452803
h    -0.9029404    0.0510576   -1.0736640  0.00   -0.0074557   -0.0054843   -0.0015204
h     3.1432901    1.0970589    0.0343003  0.00    0.0027571    0.0004037   -0.0007384
h     2.3732334    3.3356606    0.6651208  0.00    0.0100039   -0.0067812   -0.0018053
h    -1.6466549    2.2686322   -0.4014490  0.00   -0.0017183    0.0003136   -0.0009710
c     1.7544864   -1.0010400   -0.8874930  0.00    0.3509319   -0.5364240    0.0558278
c     0.9204339   -2.0225937   -1.7124729  0.00    0.1299814    0.0867938    0.0806534
h     2.1380633   -1.4477230    0.0663646  0.00    0.7272135   -1.2178804   -0.7655648
h     2.6615392   -0.8061717   -1.4784251  0.00   -0.0109182   -0.0399474    0.0274675
c     1.7951377   -3.2561807   -2.0628147  0.00   -0.0334384   -0.2527129   -0.2660494
o     1.6306308   -4.0564499   -2.9773772  0.00    0.0573491    0.1677562    0.2193150
o     2.7767608   -3.4344405   -1.1323769  0.00   -0.0514213    0.0790037    0.0351199
h     2.7963172   -2.5743479   -0.6445382  0.00   -1.1270287    1.7722906    0.6019079
n    -0.3003773   -2.5523625   -1.0161443  0.00   -0.0721052   -0.0460080    0.0100633
h     0.6068125   -1.5835562   -2.6689675  0.00   -0.0082226   -0.0104471    0.0190619
h    -0.1962939   -2.3714239   -0.0075574  0.00    0.0023075    0.0043263   -0.0321534
h    -1.1084859   -1.9965140   -1.3120889  0.00    0.0338512    0.0021113    0.0111978
    24
 Energy =       0.4707423560
c     1.6450393    2.6205522    0.3024092  0.00    0.0454568    0.0689535    0.0232915
c     0.3028820    2.9454126    0.1943121  0.00   -0.0061140    0.0994076    0.0269417
c    -0.6058578    2.0233986   -0.2988357  0.00   -0.0860683    0.0419236    0.0039643
c     2.0711197    1.3425039   -0.0635272  0.00    0.0653234   -0.0108768    0.0082510
c     1.1687616    0.3782903   -0.5553235  0.00    0.0173114   -0.0933465   -0.0230075
c    -0.1746668    0.7479642   -0.6751524  0.00   -0.0305209   -0.0453419   -0.0206233
o    -0.1697250    4.1601957    0.5967697  0.00   -0.0504110   -0.0218674   -0.0550838
h    -0.6045141    4.6027827   -0.1531654  0.00    0.0425887   -0.0367055    0.0442888
h    -0.9279424    0.0802581   -1.0553158  0.00   -0.0070499   -0.0053995   -0.0020980
h     3.1270395    1.0969863    0.0442118  0.00    0.0027181    0.0003614   -0.0007437
h     2.3679570    3.3335965    0.6865697  0.00    0.0098663   -0.0066415   -0.0017586
h    -1.6561381    2.2910345   -0.3772435  0.00   -0.0017211    0.0003170   -0.0009570
c     1.7335253   -0.9982005   -0.8711307  0.00    0.3472159   -0.5266059    0.0567460
c     0.9525661   -2.0267193   -1.7702933  0.00    0.1297041    0.0880082    0.0775292
h     2.1382672   -1.4386974    0.1006644  0.00    0.7144925   -1.1970887   -0.7518947
h     2.6546690   -0.7879410   -1.4359081  0.00   -0.0102461   -0.0391514    0.0268856
c     1.8337165   -3.2867415   -2.0345983  0.00   -0.0357543   -0.2404406   -0.2663317
o     1.7305786   -4.1445870   -2.9144583  0.00    0.0557908    0.1602419    0.2134777
o     2.7243612   -3.4725765   -1.0127792  0.00   -0.0413931    0.0615984    0.0377251
h     2.7830024   -2.5644887   -0.6277679  0.00   -1.1092821    1.7532166    0.5952664
n    -0.3308973   -2.5406839   -1.1748974  0.00   -0.0765188   -0.0533530    0.0026303
h     0.7239853   -1.5914463   -2.7549079  0.00   -0.0091253   -0.0090941    0.0152384
h    -0.2470862   -2.4892834   -0.1412784  0.00    0.0054708    0.0045788   -0.0175807
h    -1.0901114   -1.9051958   -1.4504535  0.00    0.0282660    0.0073059    0.0078430
    24
 Energy =       0.4490748821
c     1.6426822    2.6055818    0.3115529  0.00    0.0441932    0.0670657    0.0226381
c     0.2991583    2.9212107    0.2007119  0.00   -0.0058519    0.0964760    0.0260837
c    -0.6001274    1.9981787   -0.3066953  0.00   -0.0837005    0.0407155    0.0038336
c     2.0793701    1.3346459   -0.0611203  0.00    0.0635678   -0.0106773    0.0080006
c     1.1857858    0.3701355   -0.5613879  0.00    0.0164506   -0.0908744   -0.0223143
c    -0.1582999    0.7292999   -0.6900866  0.00   -0.0296442   -0.0443806   -0.0200473
o    -0.1848839    4.1262655    0.6218812  0.00   -0.0489757   -0.0209951   -0.0532029
h    -0.6160886    4.5831422   -0.1230823  0.00    0.0413009   -0.0355929    0.0428894
h    -0.8989613    0.0519845   -1.0863728  0.00   -0.0066978   -0.0060922   -0.0023824
h     3.1363609    1.0945397    0.0483097  0.00    0.0026552    0.0003177   -0.0007358
h     2.3575393    3.3205594    0.7069549  0.00    0.0096437   -0.0063805   -0.0016721
h    -1.6517326    2.2591556   -0.3885419  0.00   -0.0017032    0.0003082   -0.0009359
c     1.7579605   -0.9966028   -0.8922499  0.00    0.3388230   -0.5117964    0.0564921
c     0.9346963   -2.0186204   -1.7378268  0.00    0.1258233    0.0873049    0.0741685
h     2.1620136   -1.4336440    0.0600293  0.00    0.6935440   -1.1626754   -0.7306804
h     2.6629983   -0.7906450   -1.4845326  0.00   -0.0095352   -0.0379216    0.0259454
c     1.8099965   -3.2629943   -2.0593704  0.00   -0.0367397   -0.2291669   -0.2601057
o     1.6617956   -4.0751629   -2.9824812  0.00    0.0534560    0.1529888    0.2052339
o     2.7734161   -3.4568654   -1.1003144  0.00   -0.0350994    0.0542691    0.0389440
h     2.8164049   -2.5667658   -0.6548527  0.00   -1.0779738    1.7067897    0.5795972
n    -0.3168889   -2.5309634   -1.0727635  0.00   -0.0711414   -0.0635991   -0.0070593
h     0.6550881   -1.5806867   -2.7111260  0.00   -0.0094613   -0.0086349    0.0135873
h    -0.2424497   -2.3305303   -0.0453436  0.00    0.0081341    0.0076695    0.0002700
h    -1.1153026   -1.9748039   -1.4333913  0.00    0.0189323    0.0148822    0.0014522
    24
 Energy =       0.4307020402
c     1.6145538    2.6096949    0.3157873  0.00    0.0418300    0.0635041    0.0215394
c     0.2693709    2.9101454    0.2042206  0.00   -0.0050185    0.0903058    0.0245612
c    -0.6229710    1.9666160   -0.2738785  0.00   -0.0794444    0.0380463    0.0034077
c     2.0633711    1.3419170   -0.0453317  0.00    0.0603483   -0.0101695    0.0075982
c     1.1796559    0.3636812   -0.5309886  0.00    0.0157596   -0.0861070   -0.0211505
c    -0.1707810    0.6987016   -0.6409135  0.00   -0.0283101   -0.0421173   -0.0190293
o    -0.2207339    4.1320504    0.5751990  0.00   -0.0459803   -0.0188292   -0.0483390
h    -0.6417060    4.5556760   -0.1992820  0.00    0.0383598   -0.0329555    0.0393315
h    -0.9086553   -0.0011702   -1.0055742  0.00   -0.0066059   -0.0058093   -0.0015720
h     3.1247487    1.1175571    0.0557909  0.00    0.0026974    0.0002885   -0.0006779
h     2.3235743    3.3419054    0.6901810  0.00    0.0093779   -0.0057883   -0.0013922
h    -1.6782091    2.2143158   -0.3507535  0.00   -0.0017567    0.0002513   -0.0008825
c     1.7704531   -0.9945637   -0.8658335  0.00    0.3213577   -0.4849167    0.0535809
c     0.9693978   -2.0133205   -1.7381838  0.00    0.1202272    0.0824191    0.0699413
h     2.1979570   -1.4198224    0.0797260  0.00    0.6578183   -1.1025903   -0.6928503
h     2.6736249   -0.7712678   -1.4552222  0.00   -0.0089238   -0.0359049    0.0245085
c     1.8446746   -3.2602683   -2.0405133  0.00   -0.0344954   -0.2170118   -0.2463213
o     1.6985678   -4.0803966   -2.9677883  0.00    0.0506634    0.1448620    0.1943490
o     2.8110383   -3.4505407   -1.0838154  0.00   -0.0332534    0.0513826    0.0368671
h     2.8495344   -2.5618704   -0.6358244  0.00   -1.0220772    1.6183381    0.5496632
n    -0.3087746   -2.5121504   -1.1166768  0.00   -0.0584768   -0.0695880   -0.0105801
h     0.7308157   -1.5671342   -2.7202839  0.00   -0.0089211   -0.0078931    0.0118508
h    -0.3182037   -2.2261907   -0.0999965  0.00    0.0073404    0.0110767    0.0113059
h    -1.1007718   -2.0171503   -1.5921444  0.00    0.0074838    0.0192062   -0.0057095
    24
 Energy =       0.4150402151
c     1.6326645    2.5856105    0.3398051  0.00    0.0404708    0.0617926    0.0209262
c     0.2891361    2.8924059    0.2373613  0.00   -0.0034888    0.0848295    0.0225168
c    -0.6024452    1.9719742   -0.2850780  0.00   -0.0774875    0.0359434    0.0027467
c     2.0782047    1.3270243   -0.0522305  0.00    0.0589758   -0.0101992    0.0073355
c     1.1922454    0.3653883   -0.5618645  0.00    0.0151409   -0.0839689   -0.0206084
c    -0.1534394    0.7127015   -0.6836629  0.00   -0.0275833   -0.0414920   -0.0186584
o    -0.2018380    4.0875589    0.6964062  0.00   -0.0435796   -0.0158794   -0.0411129
h    -0.6238750    4.5795120   -0.0405289  0.00    0.0350236   -0.0295246    0.0345267
h    -0.8884217    0.0269077   -1.0832599  0.00   -0.0066576   -0.0053022   -0.0017354
h     3.1372821    1.0933112    0.0518086  0.00    0.0026948    0.0003039   -0.0006426
h     2.3402434    3.3007528    0.7502952  0.00    0.0095119   -0.0049470   -0.0010020
h    -1.6564958    2.2254760   -0.3577398  0.00   -0.0017695    0.0002600   -0.0008608
c     1.7742804   -0.9908290   -0.9162257  0.00    0.3141325   -0.4719244    0.0531419
c     0.9333806   -2.0073197   -1.7379321  0.00    0.1183225    0.0807639    0.0670814
h     2.1937013   -1.4183891    0.0146841  0.00    0.6392899   -1.0721924   -0.6740481
h     2.6644118   -0.7765579   -1.5291951  0.00   -0.0083635   -0.0348941    0.0236420
c     1.8078921   -3.2359145   -2.0963485  0.00   -0.0340279   -0.2085749   -0.2402354
o     1.6211329   -4.0208006   -3.0526116  0.00    0.0487270    0.1392659    0.1876111
o     2.8261629   -3.4334044   -1.1910219  0.00   -0.0290874    0.0460516    0.0364093
h     2.8555493   -2.5657953   -0.6891696  0.00   -0.9944322    1.5767993    0.5360021
n    -0.3029741   -2.5195620   -1.0425889  0.00   -0.0587598   -0.0700553   -0.0087336
h     0.6323789   -1.5594991   -2.7052400  0.00   -0.0092154   -0.0069745    0.0096717
h    -0.2679995   -2.2191395   -0.0295048  0.00    0.0071227    0.0111803    0.0128116
h    -1.1306458   -2.0449978   -1.4782576  0.00    0.0050402    0.0187388   -0.0067852
    24
 Energy =       0.3828538749
c     1.6525185    2.5713494    0.3383303  0.00    0.0371978    0.0566187    0.0191337
c     0.3152024    2.8895423    0.2241434  0.00   -0.0031850    0.0776691    0.0206338
c    -0.5770790    1.9792591   -0.3080323  0.00   -0.0710191    0.0328731    0.0025556
c     2.0919756    1.3133318   -0.0523469  0.00    0.0541314   -0.0092957    0.0067090
c     1.2044338    0.3634940   -0.5710501  0.00    0.0138091   -0.0768985   -0.0187891
c    -0.1345975    0.7217185   -0.7076952  0.00   -0.0253256   -0.0380258   -0.0170506
o    -0.1652829    4.0931396    0.6771973  0.00   -0.0399644   -0.0146239   -0.0374772
h    -0.5740971    4.5929778   -0.0658702  0.00    0.0320567   -0.0268747    0.0314507
h    -0.8679929    0.0448046   -1.1266719  0.00   -0.0060327   -0.0042234   -0.0017534
h     3.1481647    1.0705989    0.0588883  0.00    0.0025441    0.0002624   -0.0005900
h     2.3602667    3.2821238    0.7557771  0.00    0.0087468   -0.0045111   -0.0009110
h    -1.6277472    2.2427012   -0.3929386  0.00   -0.0017608    0.0002433   -0.0008046
c     1.7752799   -0.9948211   -0.9357039  0.00    0.2909316   -0.4343144    0.0503239
c     0.8909639   -2.0070802   -1.7018952  0.00    0.1099226    0.0746204    0.0604367
h     2.1869535   -1.4279832   -0.0219082  0.00    0.5862649   -0.9849487   -0.6204036
h     2.6509991   -0.7923529   -1.5756545  0.00   -0.0072506   -0.0320052    0.0214447
c     1.7550269   -3.2183158   -2.1165307  0.00   -0.0319245   -0.1879639   -0.2201597
o     1.5133499   -3.9654016   -3.1076573  0.00    0.0433858    0.1256804    0.1693688
o     2.8291758   -3.4284433   -1.2736024  0.00   -0.0224177    0.0378399    0.0337484
h     2.8632715   -2.5860016   -0.7153447  0.00   -0.9139162    1.4523048    0.4949207
n    -0.2968550   -2.5250575   -0.9302846  0.00   -0.0556290   -0.0667258   -0.0063336
h     0.5291065   -1.5584379   -2.6515195  0.00   -0.0091240   -0.0057186    0.0070363
h    -0.2136474   -2.2151672    0.0777745  0.00    0.0065349    0.0106318    0.0137844
h    -1.1588579   -2.0695644   -1.3195045  0.00    0.0020239    0.0173858   -0.0072740
    24
 Energy =       0.3273920283
c     1.6675985    2.5527134    0.3389401  0.00    0.0304310    0.0455585    0.0153027
c     0.3421465    2.8870205    0.2001059  0.00   -0.0024122    0.0619194    0.0166879
c    -0.5484498    1.9869461   -0.3377394  0.00   -0.0573758    0.0264335    0.0023014
c     2.0997694    1.2957817   -0.0416589  0.00    0.0439496   -0.0074047    0.0053073
c     1.2137892    0.3613279   -0.5715105  0.00    0.0112218   -0.0621103   -0.0150582
c    -0.1148414    0.7311899   -0.7290211  0.00   -0.0205568   -0.0307541   -0.0137262
o    -0.1207071    4.1138687    0.6203731  0.00   -0.0325874   -0.0117576   -0.0288863
h    -0.4945956    4.6166419   -0.1480261  0.00    0.0256393   -0.0207536    0.0240586
h    -0.8460591    0.0627180   -1.1659000  0.00   -0.0048132   -0.0030758   -0.0017384
h     3.1516292    1.0422990    0.0835227  0.00    0.0022270    0.0001845   -0.0004744
h     2.3732942    3.2621593    0.7612746  0.00    0.0070822   -0.0036215   -0.0007584
h    -1.5936519    2.2640763   -0.4441294  0.00   -0.0017715    0.0002754   -0.0006675
c     1.7734062   -1.0001466   -0.9457368  0.00    0.2431090   -0.3600560    0.0436319
c     0.8475942   -2.0069920   -1.6597020  0.00    0.0908216    0.0609922    0.0483001
h     2.1803292   -1.4436007   -0.0487092  0.00    0.4818432   -0.8127253   -0.5142919
h     2.6344233   -0.8075597   -1.6128830  0.00   -0.0054725   -0.0262905    0.0172865
c     1.6927863   -3.2044715   -2.1208848  0.00   -0.0267372   -0.1492560   -0.1773194
o     1.3895163   -3.9184939   -3.1525579  0.00    0.0330576    0.1003324    0.1337055
o     2.8200848   -3.4358022   -1.3472261  0.00   -0.0137667    0.0260936    0.0270647
h     2.8777539   -2.6222368   -0.7354258  0.00   -0.7540072    1.2030847    0.4122264
n    -0.2888478   -2.5181429   -0.8165525  0.00   -0.0465087   -0.0562881   -0.0036349
h     0.4354370   -1.5580863   -2.5918485  0.00   -0.0080016   -0.0041404    0.0043556
h    -0.1610909   -2.2013714    0.1839474  0.00    0.0053087    0.0088925    0.0129234
h    -1.1807830   -2.0834244   -1.1607514  0.00   -0.0006804    0.0144671   -0.0065966
    24
 Energy =       0.2280060632
c     1.6550279    2.5124552    0.3772870  0.00    0.0160163    0.0203699    0.0062980
c     0.3558510    2.8719240    0.1801681  0.00   -0.0012611    0.0270524    0.0078331
c    -0.5195202    1.9938970   -0.3867347  0.00   -0.0270366    0.0118460    0.0020661
c     2.0824321    1.2658571    0.0096573  0.00    0.0212539   -0.0024574    0.0019886
c     1.2121184    0.3623590   -0.5587513  0.00    0.0054338   -0.0287952   -0.0065004
c    -0.0950005    0.7468007   -0.7639656  0.00   -0.0103050   -0.0142407   -0.0060145
o    -0.0820428    4.1314798    0.5567830  0.00   -0.0146687   -0.0128101   -0.0001745
h    -0.3358425    4.6732894   -0.2616248  0.00    0.0103537   -0.0005947   -0.0022008
h    -0.8156354    0.0902380   -1.2360513  0.00   -0.0026990   -0.0020677   -0.0016030
h     3.1249197    0.9962040    0.1732991  0.00    0.0019978    0.0000716   -0.0000916
h     2.3466493    3.2179117    0.8278046  0.00    0.0037587   -0.0014243   -0.0003097
h    -1.5535926    2.2923588   -0.5385657  0.00   -0.0021838    0.0003798   -0.0004530
c     1.7673044   -0.9983066   -0.9511126  0.00    0.1464629   -0.2146982    0.0297534
c     0.8055797   -2.0004728   -1.6253094  0.00    0.0472861    0.0294907    0.0231439
h     2.1793483   -1.4657930   -0.0682361  0.00    0.2799302   -0.4789777   -0.3059015
h     2.6142472   -0.8043537   -1.6440853  0.00   -0.0021570   -0.0149114    0.0092056
c     1.6285782   -3.1816829   -2.1259318  0.00   -0.0145869   -0.0670397   -0.0798541
o     1.2573291   -3.8691749   -3.2230026  0.00    0.0118390    0.0469711    0.0567946
o     2.8122196   -3.4575925   -1.4430370  0.00   -0.0003402    0.0032100    0.0090469
h     2.9205822   -2.6983267   -0.7588491  0.00   -0.4413759    0.7167511    0.2519224
n    -0.2663299   -2.4904909   -0.7086464  0.00   -0.0226090   -0.0293195    0.0007888
h     0.3528496   -1.5479555   -2.5395019  0.00   -0.0043952   -0.0014308    0.0010481
h    -0.1037627   -2.1632960    0.2791835  0.00    0.0025350    0.0042378    0.0072726
h    -1.1927785   -2.1009151   -1.0128766  0.00   -0.0032491    0.0083868   -0.0040590
    24
 Energy =       0.1931899080
c     1.6131252    2.4980338    0.4195728  0.00    0.0107641    0.0136326    0.0044022
c     0.3196289    2.8535185    0.2047720  0.00   -0.0006616    0.0188249    0.0031886
c    -0.5396489    1.9804940   -0.3836437  0.00   -0.0182307    0.0082854    0.0011180
c     2.0515572    1.2612282    0.0464058  0.00    0.0143876   -0.0014299    0.0013623
c     1.1976544    0.3645841   -0.5469259  0.00    0.0034191   -0.0193814   -0.0042967
c    -0.1051924    0.7431143   -0.7674645  0.00   -0.0070907   -0.0096830   -0.0040184
o    -0.1298724    4.1089184    0.5856211  0.00   -0.0081773   -0.0305783    0.0362166
h    -0.1770893    4.7234140   -0.2503300  0.00    0.0053157    0.0205737   -0.0356995
h    -0.8148806    0.0867353   -1.2557334  0.00   -0.0019732   -0.0016284   -0.0011341
h     3.0918559    0.9940519    0.2247899  0.00    0.0014720    0.0000786   -0.0000267
h     2.2910566    3.2025153    0.8916686  0.00    0.0027455   -0.0007351   -0.0000962
h    -1.5714568    2.2782256   -0.5483173  0.00   -0.0015347    0.0003659   -0.0003064
c     1.7676145   -0.9862753   -0.9538762  0.00    0.1047519   -0.1540770    0.0215822
c     0.8158118   -1.9916046   -1.6426884  0.00    0.0321718    0.0196815    0.0156630
h     2.1872650   -1.4671345   -0.0720864  0.00    0.2019648   -0.3457776   -0.2198722
h     2.6156779   -0.7766407   -1.6429151  0.00   -0.0012843   -0.0106562    0.0064879
c     1.6455844   -3.1619863   -2.1536847  0.00   -0.0100747   -0.0450153   -0.0527922
o     1.2788871   -3.8355722   -3.2784322  0.00    0.0079503    0.0314932    0.0372315
o     2.8302383   -3.4607301   -1.4820733  0.00   -0.0001098    0.0012096    0.0053733
h     2.9527392   -2.7326790   -0.7716113  0.00   -0.3172252    0.5167601    0.1822846
n    -0.2460026   -2.4894675   -0.7260593  0.00   -0.0142009   -0.0203436    0.0004683
h     0.3626702   -1.5317013   -2.5528437  0.00   -0.0029208   -0.0009164    0.0006529
h    -0.1038454   -2.1460253    0.2580646  0.00    0.0019342    0.0030175    0.0053511
h    -1.1828464   -2.1386027   -1.0443090  0.00   -0.0033929    0.0062992   -0.0031401
    24
 Energy =       0.1843506765
c     1.5544571    2.4696471    0.5065894  0.00    0.0122108    0.0131247    0.0052118
c     0.2759795    2.8361639    0.2267606  0.00   -0.0005424    0.0183435    0.0030884
c    -0.5523934    1.9818358   -0.4347733  0.00   -0.0187931    0.0064043   -0.0003833
c     2.0107718    1.2434494    0.1226486  0.00    0.0148665   -0.0001010    0.0022765
c     1.1876361    0.3648986   -0.5399688  0.00    0.0034130   -0.0185763   -0.0041344
c    -0.1009340    0.7528289   -0.8246470  0.00   -0.0084591   -0.0093568   -0.0044592
o    -0.1864353    4.0850356    0.6170825  0.00   -0.0060050   -0.0326690    0.0412065
h    -0.3358425    4.6778448   -0.2261320  0.00    0.0036837    0.0234780   -0.0402331
h    -0.7843711    0.1111972   -1.3712921  0.00   -0.0033834   -0.0026353   -0.0021379
h     3.0413608    0.9703964    0.3482353  0.00    0.0026401    0.0002585    0.0004843
h     2.2076797    3.1605431    1.0342334  0.00    0.0039822    0.0004121    0.0008854
h    -1.5738762    2.2865036   -0.6504316  0.00   -0.0028788    0.0002973   -0.0007787
c     1.7816760   -0.9700246   -0.9648604  0.00    0.0958119   -0.1419589    0.0194051
c     0.8444477   -1.9875254   -1.6570029  0.00    0.0293568    0.0182883    0.0143668
h     2.2226142   -1.4445214   -0.0887396  0.00    0.1855306   -0.3173548   -0.2015737
h     2.6213062   -0.7373417   -1.6568289  0.00   -0.0008993   -0.0098058    0.0058227
c     1.6923528   -3.1377086   -2.1838890  0.00   -0.0085500   -0.0395077   -0.0446822
o     1.3704336   -3.7604789   -3.3567886  0.00    0.0066077    0.0267915    0.0302531
o     2.8717885   -3.4418251   -1.5064557  0.00   -0.0000232    0.0010588    0.0047606
h     2.9892819   -2.7223302   -0.7883174  0.00   -0.2911475    0.4744874    0.1672777
n    -0.2056573   -2.5049880   -0.7392176  0.00   -0.0103735   -0.0217244   -0.0022966
h     0.3803084   -1.5307937   -2.5631252  0.00   -0.0027103   -0.0006523    0.0005178
h    -0.0220293   -2.2242794    0.2604485  0.00    0.0024770    0.0040663    0.0094097
h    -1.1400236   -2.1021127   -1.0056279  0.00   -0.0068147    0.0073316   -0.0042874
    24
 Energy =       0.1657337626
c     1.5229832    2.4288746    0.6067801  0.00    0.0125131    0.0107870    0.0056641
c     0.2695973    2.8239101    0.2600430  0.00   -0.0006152    0.0158149    0.0023682
c    -0.5295309    2.0016229   -0.4771946  0.00   -0.0173706    0.0037793   -0.0021469
c     1.9863378    1.2106889    0.2107271  0.00    0.0138168    0.0015273    0.0032182
c     1.1922083    0.3651892   -0.5263490  0.00    0.0028866   -0.0160163   -0.0035467
c    -0.0726136    0.7791989   -0.8752931  0.00   -0.0091459   -0.0077402   -0.0045376
o    -0.1924479    4.0713002    0.6619091  0.00   -0.0024282   -0.0311191    0.0423158
h    -0.4530088    4.6383504   -0.1720434  0.00    0.0007652    0.0235449   -0.0408489
h    -0.7323038    0.1634642   -1.4809017  0.00   -0.0045042   -0.0032377   -0.0029961
h     3.0001929    0.9179378    0.4863852  0.00    0.0037560    0.0004586    0.0011277
h     2.1530994    3.0959990    1.1929865  0.00    0.0048211    0.0015104    0.0019323
h    -1.5339151    2.3251633   -0.7442699  0.00   -0.0040486    0.0002003   -0.0012493
c     1.7950175   -0.9610963   -0.9675251  0.00    0.0772696   -0.1142479    0.0152452
c     0.8649122   -1.9647218   -1.6933530  0.00    0.0234570    0.0144033    0.0109913
h     2.2131289   -1.4629886   -0.0889259  0.00    0.1505794   -0.2582176   -0.1627362
h     2.6503771   -0.7179957   -1.6374231  0.00   -0.0003548   -0.0077237    0.0044417
c     1.7069301   -3.1201962   -2.2177687  0.00   -0.0070123   -0.0307089   -0.0354523
o     1.3702830   -3.7537432   -3.3865001  0.00    0.0052675    0.0209727    0.0237316
o     2.8767281   -3.4524317   -1.5367857  0.00    0.0002692    0.0001209    0.0033919
h     2.9991786   -2.7587101   -0.7975390  0.00   -0.2357300    0.3849050    0.1362274
n    -0.2060869   -2.4779997   -0.7999303  0.00   -0.0082806   -0.0180983   -0.0020114
h     0.4240846   -1.4951373   -2.6044287  0.00   -0.0023052   -0.0003585    0.0001323
h    -0.0261894   -2.2317496    0.2086979  0.00    0.0023434    0.0034598    0.0083859
h    -1.1284310   -2.0485151   -1.0633972  0.00   -0.0059494    0.0059838   -0.0036482
    24
 Energy =       0.1439127185
c     1.5031303    2.3794739    0.7084437  0.00    0.0120576    0.0071394    0.0058081
c     0.2863867    2.8188339    0.2919439  0.00   -0.0010770    0.0122022    0.0011398
c    -0.4837532    2.0377205   -0.5189586  0.00   -0.0145808    0.0015196   -0.0036538
c     1.9624509    1.1639370    0.3056177  0.00    0.0120456    0.0027346    0.0040467
c     1.1974744    0.3623781   -0.5059753  0.00    0.0025857   -0.0124214   -0.0026662
c    -0.0323122    0.8172355   -0.9218393  0.00   -0.0092693   -0.0052572   -0.0043947
o    -0.1616068    4.0719292    0.7007209  0.00    0.0019399   -0.0266291    0.0398776
h    -0.5385687    4.6086111   -0.1056912  0.00   -0.0029307    0.0212222   -0.0381403
h    -0.6674758    0.2352714   -1.5857803  0.00   -0.0051113   -0.0032178   -0.0035523
h     2.9514966    0.8390938    0.6342199  0.00    0.0048171    0.0003695    0.0018159
h     2.1110464    3.0152672    1.3517396  0.00    0.0051724    0.0020814    0.0026972
h    -1.4624105    2.3916823   -0.8408124  0.00   -0.0050642    0.0003669   -0.0017419
c     1.7983717   -0.9605593   -0.9598005  0.00    0.0552985   -0.0803515    0.0102486
c     0.8760166   -1.9380895   -1.7341604  0.00    0.0167670    0.0098029    0.0067456
h     2.1759739   -1.5031622   -0.0773500  0.00    0.1095569   -0.1898761   -0.1166557
h     2.6794329   -0.7136159   -1.5964162  0.00    0.0005229   -0.0050402    0.0027036
c     1.7053841   -3.1061933   -2.2527859  0.00   -0.0054660   -0.0201462   -0.0245084
o     1.3503877   -3.7464147   -3.4194376  0.00    0.0035007    0.0138875    0.0160228
o     2.8608421   -3.4810604   -1.5670603  0.00    0.0008234   -0.0014138    0.0017041
h     2.9983673   -2.8228160   -0.8014770  0.00   -0.1701452    0.2797233    0.1002853
n    -0.2313254   -2.4387173   -0.8807364  0.00   -0.0064068   -0.0140656   -0.0012030
h     0.4745391   -1.4465510   -2.6523309  0.00   -0.0019561    0.0002063   -0.0007259
h    -0.0687945   -2.2307840    0.1384625  0.00    0.0020311    0.0026832    0.0071218
h    -1.1345219   -1.9770561   -1.1526356  0.00   -0.0051112    0.0044798   -0.0029747
    24
 Energy =       0.1272857628
c     1.4320555    2.3319449    0.8184400  0.00    0.0095590    0.0052486    0.0051802
c     0.2420444    2.7912228    0.3549238  0.00   -0.0004565    0.0090394    0.0011728
c    -0.4874623    2.0382025   -0.5178499  0.00   -0.0110116   -0.0001521   -0.0039184
c     1.9078379    1.1292920    0.4000709  0.00    0.0095294    0.0032668    0.0041476
c     1.1849568    0.3589760   -0.4756519  0.00    0.0012957   -0.0091564   -0.0022671
c    -0.0199850    0.8305711   -0.9365165  0.00   -0.0075704   -0.0040429   -0.0038402
o    -0.2154860    4.0376459    0.7809319  0.00    0.0046205   -0.0212834    0.0334749
h    -0.6850296    4.5531122    0.0155944  0.00   -0.0049469    0.0182173   -0.0318125
h    -0.6220031    0.2725008   -1.6497916  0.00   -0.0047263   -0.0031730   -0.0036321
h     2.8786750    0.7912009    0.7656672  0.00    0.0041864    0.0004841    0.0017994
h     2.0084119    2.9456520    1.5104927  0.00    0.0046974    0.0023860    0.0029686
h    -1.4473320    2.4040167   -0.8782763  0.00   -0.0044110    0.0001184   -0.0016385
c     1.8099546   -0.9455473   -0.9510693  0.00    0.0386317   -0.0552222    0.0077688
c     0.9240619   -1.9019506   -1.7963582  0.00    0.0121193    0.0068447    0.0029076
h     2.1575704   -1.5219923   -0.0716002  0.00    0.0783745   -0.1366461   -0.0819982
h     2.7153076   -0.6724890   -1.5441133  0.00    0.0016328   -0.0029637    0.0011117
c     1.7774099   -3.0426538   -2.3395842  0.00   -0.0040270   -0.0117886   -0.0118414
o     1.4837884   -3.6046285   -3.5729608  0.00    0.0002559    0.0061979    0.0022690
o     2.8983194   -3.4709635   -1.6245860  0.00    0.0015793   -0.0030587    0.0001655
h     3.0175232   -2.8694625   -0.8106442  0.00   -0.1195534    0.2013788    0.0752972
n    -0.2046033   -2.4422317   -0.9974774  0.00   -0.0062462   -0.0120875   -0.0026595
h     0.5481085   -1.3769865   -2.7070837  0.00   -0.0013184    0.0004851   -0.0013841
h    -0.0576453   -2.3083411    0.0376127  0.00    0.0018784    0.0023214    0.0094597
h    -1.0959469   -1.9506763   -1.2522695  0.00   -0.0040927    0.0035860   -0.0027308
    24
 Energy =       0.1228322948
c     1.4225758    2.3124840    0.8607322  0.00    0.0084272    0.0046079    0.0045965
c     0.2397037    2.7795836    0.3891076  0.00   -0.0003962    0.0079473    0.0010223
c    -0.4819702    2.0359345   -0.4970571  0.00   -0.0097018   -0.0002069   -0.0035199
c     1.8998117    1.1126707    0.4368356  0.00    0.0084383    0.0029315    0.0037051
c     1.1858980    0.3534416   -0.4540251  0.00    0.0009980   -0.0080980   -0.0020734
c    -0.0133603    0.8310444   -0.9209022  0.00   -0.0066962   -0.0035439   -0.0033834
o    -0.2175733    4.0244344    0.8217358  0.00    0.0043993   -0.0189893    0.0300074
h    -0.7154984    4.5328499    0.0729542  0.00   -0.0046619    0.0163593   -0.0285063
h    -0.6101272    0.2796281   -1.6425264  0.00   -0.0041734   -0.0026318   -0.0032034
h     2.8649158    0.7679424    0.8101939  0.00    0.0037308    0.0004248    0.0016067
h     1.9923727    2.9182513    1.5642990  0.00    0.0041843    0.0021517    0.0026675
h    -1.4369720    2.4065379   -0.8639987  0.00   -0.0039075    0.0000932   -0.0014515
c     1.8114182   -0.9501683   -0.9312775  0.00    0.0339329   -0.0471544    0.0069828
c     0.9468879   -1.8760973   -1.8330617  0.00    0.0115320    0.0056575    0.0016619
h     2.1116510   -1.5550416   -0.0500377  0.00    0.0694673   -0.1212971   -0.0710678
h     2.7455266   -0.6780809   -1.4809848  0.00    0.0025243   -0.0020418    0.0004197
c     1.8076331   -3.0118130   -2.3756064  0.00   -0.0042089   -0.0098779   -0.0102504
o     1.5485491   -3.5391708   -3.6334619  0.00   -0.0004106    0.0049450    0.0002515
o     2.8981792   -3.4760853   -1.6341288  0.00    0.0022197   -0.0036508    0.0000897
h     2.9971921   -2.9073542   -0.7939900  0.00   -0.1047133    0.1781522    0.0680309
n    -0.2135723   -2.4272689   -1.0867898  0.00   -0.0034698   -0.0142128   -0.0046229
h     0.6084635   -1.3219000   -2.7423817  0.00   -0.0012127    0.0008669   -0.0023502
h    -0.1354531   -2.2618283   -0.0467055  0.00    0.0018441    0.0025909    0.0128983
h    -1.1057197   -1.9735799   -1.4110226  0.00   -0.0081459    0.0049766   -0.0035112
    24
 Energy =       0.1216366152
c     1.4004965    2.3176894    0.8474016  0.00    0.0083174    0.0045792    0.0045694
c     0.2195715    2.7811055    0.3675758  0.00   -0.0003648    0.0078431    0.0010401
c    -0.4903418    2.0380064   -0.5285292  0.00   -0.0095787   -0.0002244   -0.0034947
c     1.8870518    1.1218892    0.4229746  0.00    0.0083828    0.0028599    0.0036487
c     1.1836916    0.3619694   -0.4755908  0.00    0.0008166   -0.0079079   -0.0020500
c    -0.0119427    0.8374099   -0.9537495  0.00   -0.0066304   -0.0034900   -0.0033803
o    -0.2472179    4.0220993    0.8015866  0.00    0.0043267   -0.0186205    0.0295440
h    -0.7486553    4.5281627    0.0540086  0.00   -0.0045922    0.0161081   -0.0280358
h    -0.5979355    0.2876967   -1.6857450  0.00   -0.0041679   -0.0024450   -0.0032478
h     2.8514846    0.7814053    0.8017973  0.00    0.0036957    0.0003817    0.0015720
h     1.9617006    2.9236755    1.5576063  0.00    0.0041468    0.0021511    0.0026634
h    -1.4431884    2.4061225   -0.9034205  0.00   -0.0038807    0.0000906   -0.0014487
c     1.8229969   -0.9323604   -0.9597743  0.00    0.0329462   -0.0448122    0.0067324
c     0.9399275   -1.8977848   -1.8033340  0.00    0.0119457    0.0050749    0.0006646
h     2.1865963   -1.5074917   -0.0802494  0.00    0.0691104   -0.1201140   -0.0679254
h     2.7224926   -0.6444289   -1.5595642  0.00    0.0040174   -0.0012180   -0.0004532
c     1.7950461   -3.0348727   -2.3526513  0.00   -0.0049330   -0.0088485   -0.0096193
o     1.4880204   -3.6012360   -3.5842323  0.00   -0.0014936    0.0040927   -0.0022772
o     2.9255614   -3.4627832   -1.6481570  0.00    0.0036738   -0.0045466    0.0006527
h     3.0545930   -2.8693446   -0.8294175  0.00   -0.1021927    0.1755851    0.0683209
n    -0.1866189   -2.4425415   -1.0011738  0.00   -0.0014860   -0.0179089   -0.0072703
h     0.5598993   -1.3749770   -2.7159683  0.00   -0.0013483    0.0013834   -0.0036628
h    -0.0365308   -2.3112233    0.0387764  0.00    0.0022043    0.0029721    0.0178075
h    -1.0861670   -1.9517732   -1.2522695  0.00   -0.0129154    0.0070140   -0.0043501
    24
 Energy =       0.1127156330
c     1.3215570    2.2978907    0.8809152  0.00    0.0067919    0.0041576    0.0043148
c     0.1554271    2.7618242    0.3693239  0.00    0.0002248    0.0064100    0.0014550
c    -0.5103919    2.0346563   -0.5729550  0.00   -0.0078716   -0.0009077   -0.0035083
c     1.8371369    1.1187551    0.4450107  0.00    0.0072034    0.0027371    0.0034595
c     1.1766608    0.3742515   -0.4970595  0.00   -0.0001986   -0.0063538   -0.0018010
c    -0.0022449    0.8512875   -1.0111980  0.00   -0.0056251   -0.0032978   -0.0034792
o    -0.3388172    3.9880771    0.8192715  0.00    0.0048358   -0.0149381    0.0249614
h    -0.8943778    4.4758710    0.1025101  0.00   -0.0050222    0.0141477   -0.0233108
h    -0.5515479    0.3151906   -1.7816378  0.00   -0.0040230   -0.0025377   -0.0035961
h     2.7914709    0.7805829    0.8492395  0.00    0.0032125    0.0003424    0.0014286
h     1.8488992    2.8919714    1.6263062  0.00    0.0038033    0.0023408    0.0028664
h    -1.4510767    2.4020791   -0.9768225  0.00   -0.0034624   -0.0000816   -0.0014336
c     1.8526355   -0.8937442   -1.0029983  0.00    0.0238685   -0.0336640    0.0042005
c     0.9654955   -1.9088355   -1.7837984  0.00    0.0090728    0.0030249   -0.0002820
h     2.3011011   -1.4346965   -0.1357700  0.00    0.0560262   -0.0952656   -0.0497271
h     2.7019578   -0.5710885   -1.6582992  0.00    0.0055441    0.0002872   -0.0018795
c     1.8191951   -3.0401037   -2.3500812  0.00   -0.0046880   -0.0050187   -0.0063482
o     1.4515213   -3.6483590   -3.5471410  0.00   -0.0029733    0.0019280   -0.0052931
o     2.9976792   -3.4331798   -1.7043504  0.00    0.0056182   -0.0046207    0.0018766
h     3.1668292   -2.8291169   -0.9044203  0.00   -0.0788688    0.1369631    0.0542012
n    -0.1179546   -2.4518995   -0.9257736  0.00    0.0012972   -0.0183070   -0.0091764
h     0.5366563   -1.4210463   -2.6945579  0.00   -0.0013096    0.0017706   -0.0045227
h     0.1088868   -2.3630924    0.1057030  0.00    0.0023172    0.0026127    0.0196753
h    -1.0161672   -1.9208609   -1.0935164  0.00   -0.0157733    0.0082707   -0.0040810
    24
 Energy =       0.1033823441
c     1.2384088    2.2548772    0.9452732  0.00    0.0049648    0.0037465    0.0040759
c     0.0916439    2.7289004    0.4031859  0.00    0.0009625    0.0047623    0.0020050
c    -0.5245598    2.0328737   -0.5952995  0.00   -0.0059082   -0.0018026   -0.0036874
c     1.7834450    1.0976334    0.4873450  0.00    0.0057880    0.0028427    0.0035236
c     1.1717067    0.3844759   -0.5098391  0.00   -0.0013086   -0.0051148   -0.0018733
c     0.0141049    0.8726343   -1.0573621  0.00   -0.0043301   -0.0032798   -0.0036497
o    -0.4309566    3.9344167    0.8814821  0.00    0.0060576   -0.0110225    0.0204456
h    -1.0531309    4.3999071    0.2098539  0.00   -0.0062071    0.0123658   -0.0184028
h    -0.4943388    0.3619571   -1.8724570  0.00   -0.0037414   -0.0028892   -0.0039241
h     2.7231071    0.7535075    0.9183336  0.00    0.0026175    0.0004720    0.0013727
h     1.7272482    2.8248511    1.7347577  0.00    0.0034263    0.0026494    0.0032843
h    -1.4489210    2.4071455   -1.0278392  0.00   -0.0028625   -0.0003927   -0.0014460
c     1.8809134   -0.8534007   -1.0464162  0.00    0.0151537   -0.0232235    0.0018965
c     0.9985050   -1.9001217   -1.7889610  0.00    0.0057415    0.0017812   -0.0002541
h     2.3901706   -1.3760023   -0.1992702  0.00    0.0405168   -0.0678099   -0.0331266
h     2.6870822   -0.4977498   -1.7370196  0.00    0.0050828    0.0008041   -0.0021992
c     1.8488730   -3.0214759   -2.3836655  0.00   -0.0036107   -0.0022351   -0.0038182
o     1.4331079   -3.6468542   -3.5562265  0.00   -0.0028492    0.0006991   -0.0051318
o     3.0603557   -3.4025641   -1.7954355  0.00    0.0056227   -0.0040640    0.0018282
h     3.2668750   -2.8066181   -1.0028114  0.00   -0.0546436    0.0954569    0.0379446
n    -0.0482069   -2.4493497   -0.8948858  0.00    0.0030846   -0.0153285   -0.0092334
h     0.5304266   -1.4314083   -2.6889187  0.00   -0.0010014    0.0015399   -0.0039068
h     0.2398067   -2.4079542    0.1228047  0.00    0.0022342    0.0019671    0.0175582
h    -0.9351350   -1.8832666   -0.9887283  0.00   -0.0147903    0.0080756   -0.0032811
    24
 Energy =       0.0954613364
c     1.1582695    2.1910794    1.0253455  0.00    0.0032233    0.0035087    0.0038950
c     0.0324710    2.6850259    0.4602166  0.00    0.0016833    0.0032335    0.0025831
c    -0.5328711    2.0369704   -0.5992997  0.00   -0.0041881   -0.0024858   -0.0038772
c     1.7313575    1.0612305    0.5339167  0.00    0.0045111    0.0029539    0.0037426
c     1.1694567    0.3962396   -0.5240597  0.00   -0.0024563   -0.0044595   -0.0022518
c     0.0354813    0.9062556   -1.0970379  0.00   -0.0029456   -0.0033641   -0.0039074
o    -0.5187660    3.8622933    0.9795453  0.00    0.0063701   -0.0067478    0.0157642
h    -1.2029108    4.3057998    0.3596740  0.00   -0.0067167    0.0102003   -0.0130538
h    -0.4305451    0.4345905   -1.9600661  0.00   -0.0034346   -0.0032480   -0.0042501
h     2.6538127    0.7022161    0.9876152  0.00    0.0020146    0.0006642    0.0013719
h     1.6074313    2.7237709    1.8633636  0.00    0.0030181    0.0029496    0.0038166
h    -1.4384840    2.4271862   -1.0551046  0.00   -0.0021879   -0.0007107   -0.0014977
c     1.9064343   -0.8069243   -1.1027117  0.00    0.0078463   -0.0141075    0.0000457
c     1.0233069   -1.8825691   -1.8017559  0.00    0.0034083    0.0013100   -0.0002520
h     2.4811558   -1.3126984   -0.2852977  0.00    0.0272817   -0.0443980   -0.0188878
h     2.6595156   -0.4169519   -1.8329128  0.00    0.0046587    0.0013196   -0.0026902
c     1.8616534   -2.9881128   -2.4473588  0.00   -0.0031170    0.0002582   -0.0020633
o     1.3838718   -3.6198523   -3.5931155  0.00   -0.0029697   -0.0004924   -0.0052189
o     3.1114934   -3.3619003   -1.9388697  0.00    0.0066991   -0.0044455    0.0014892
h     3.3679177   -2.7811204   -1.1532749  0.00   -0.0335779    0.0602391    0.0244116
n     0.0302583   -2.4466959   -0.8602062  0.00    0.0043590   -0.0142193   -0.0112155
h     0.4997823   -1.4289195   -2.6777492  0.00   -0.0010366    0.0014713   -0.0039407
h     0.3985598   -2.4672093    0.1321620  0.00    0.0033395    0.0010381    0.0180595
h    -0.8381206   -1.8432895   -0.8551181  0.00   -0.0157828    0.0095320   -0.0020727
    24
 Energy =       0.0921641134
c     1.1606866    2.1292381    1.0929935  0.00    0.0026855    0.0030617    0.0036266
c     0.0486084    2.6569905    0.5315238  0.00    0.0014983    0.0025898    0.0023496
c    -0.5052095    2.0580350   -0.5616612  0.00   -0.0036132   -0.0022024   -0.0036144
c     1.7302226    1.0131458    0.5665517  0.00    0.0039627    0.0025497    0.0035805
c     1.1791051    0.3975518   -0.5258292  0.00   -0.0022584   -0.0040581   -0.0020453
c     0.0606120    0.9430995   -1.0955465  0.00   -0.0025241   -0.0029572   -0.0036881
o    -0.4997649    3.8181579    1.0898369  0.00    0.0051820   -0.0044437    0.0127511
h    -1.2077310    4.2646431    0.5032522  0.00   -0.0056971    0.0081609   -0.0100810
h    -0.3943763    0.5125198   -1.9849463  0.00   -0.0031078   -0.0029513   -0.0039839
h     2.6410274    0.6262705    1.0204487  0.00    0.0018839    0.0005550    0.0013741
h     1.6010407    2.6235606    1.9582954  0.00    0.0026635    0.0027214    0.0036593
h    -1.3983686    2.4761180   -1.0169835  0.00   -0.0020043   -0.0005777   -0.0014694
c     1.9074682   -0.7906827   -1.1455959  0.00    0.0053150   -0.0103083   -0.0001366
c     1.0013781   -1.8608530   -1.8251248  0.00    0.0023218    0.0017432    0.0000518
h     2.5179310   -1.3027196   -0.3571018  0.00    0.0212133   -0.0336585   -0.0130283
h     2.6280781   -0.3858918   -1.8988357  0.00    0.0039283    0.0011070   -0.0025557
c     1.8069893   -2.9566850   -2.5310705  0.00   -0.0030089    0.0011589   -0.0015381
o     1.2699134   -3.5687244   -3.6619731  0.00   -0.0031861   -0.0014281   -0.0058837
o     3.0795425   -3.3460489   -2.0951256  0.00    0.0076171   -0.0053286    0.0008039
h     3.3805215   -2.7858266   -1.3120280  0.00   -0.0244793    0.0455251    0.0190570
n     0.0482852   -2.4380482   -0.8521064  0.00    0.0034339   -0.0118196   -0.0095584
h     0.4390676   -1.3960153   -2.6701901  0.00   -0.0012546    0.0013921   -0.0039250
h     0.4635709   -2.4885654    0.1188391  0.00    0.0031857    0.0006985    0.0157219
h    -0.8080666   -1.8228555   -0.7897223  0.00   -0.0137572    0.0084702   -0.0014680
    24
 Energy =       0.0884999146
c     1.0843970    2.0574312    1.1614576  0.00    0.0024576    0.0027424    0.0039864
c    -0.0001120    2.6163558    0.5767672  0.00    0.0017166    0.0021255    0.0028507
c    -0.5029969    2.0758265   -0.5713139  0.00   -0.0031650   -0.0026419   -0.0043906
c     1.6745396    0.9659800    0.6074837  0.00    0.0037062    0.0028232    0.0045119
c     1.1735101    0.4092706   -0.5401066  0.00   -0.0026134   -0.0041512   -0.0028386
c     0.0859308    0.9878738   -1.1347708  0.00   -0.0023331   -0.0026157   -0.0041032
o    -0.5720782    3.7490622    1.1695769  0.00    0.0035664   -0.0016474    0.0091785
h    -1.3000631    4.1893321    0.6083952  0.00   -0.0038839    0.0056889   -0.0059728
h    -0.3227310    0.6046401   -2.0686417  0.00   -0.0032614   -0.0027776   -0.0048609
h     2.5613766    0.5526187    1.0850038  0.00    0.0019575    0.0006245    0.0018074
h     1.4849792    2.5059725    2.0707213  0.00    0.0027879    0.0028106    0.0045028
h    -1.3714944    2.5209418   -1.0482824  0.00   -0.0019454   -0.0006038   -0.0018482
c     1.9181748   -0.7512933   -1.1893887  0.00    0.0028661   -0.0059781   -0.0008196
c     1.0152893   -1.8483363   -1.8269707  0.00    0.0023252    0.0015751   -0.0006575
h     2.5726758   -1.2453976   -0.4269531  0.00    0.0141693   -0.0227840   -0.0074840
h     2.5935087   -0.3240404   -1.9708393  0.00    0.0033136    0.0013522   -0.0024562
c     1.8111556   -2.9195265   -2.5835105  0.00   -0.0035904    0.0019818   -0.0011636
o     1.2206285   -3.5434980   -3.6806486  0.00   -0.0035801   -0.0014583   -0.0054526
o     3.1196426   -3.2811923   -2.2320195  0.00    0.0086188   -0.0055622    0.0004771
h     3.4720188   -2.7215377   -1.4707811  0.00   -0.0139762    0.0298867    0.0133634
n     0.1282524   -2.4522142   -0.8089873  0.00    0.0021553   -0.0117490   -0.0104478
h     0.3928194   -1.3979412   -2.6371635  0.00   -0.0017184    0.0013946   -0.0043194
h     0.6175657   -2.5513093    0.1232627  0.00    0.0044579   -0.0002930    0.0161248
h    -0.7064574   -1.8226042   -0.6543901  0.00   -0.0140312    0.0092568    0.0000122
    24
 Energy =       0.0865959674
c     0.9709136    2.0118588    1.2028525  0.00    0.0017386    0.0028491    0.0038856
c    -0.0999341    2.5710290    0.5943598  0.00    0.0017317    0.0016412    0.0027803
c    -0.5476490    2.0595142   -0.5891388  0.00   -0.0028113   -0.0022368   -0.0040499
c     1.6008438    0.9477770    0.6391690  0.00    0.0032517    0.0024348    0.0042981
c     1.1556025    0.4213058   -0.5446275  0.00   -0.0025491   -0.0037551   -0.0033831
c     0.0828159    1.0002931   -1.1632618  0.00   -0.0015932   -0.0027613   -0.0039524
o    -0.7148197    3.6742007    1.2006256  0.00    0.0022512    0.0001631    0.0075693
h    -1.4519545    4.0992641    0.6423532  0.00   -0.0028862    0.0043221   -0.0039684
h    -0.2784206    0.6397271   -2.1255873  0.00   -0.0027659   -0.0026367   -0.0048825
h     2.4743119    0.5329076    1.1387980  0.00    0.0016476    0.0006156    0.0017026
h     1.3275011    2.4374833    2.1407714  0.00    0.0024307    0.0027187    0.0044864
h    -1.4036591    2.5061381   -1.0861118  0.00   -0.0015801   -0.0005441   -0.0016517
c     1.9392987   -0.7072369   -1.2028071  0.00    0.0021244   -0.0037123   -0.0014053
c     1.0694455   -1.8400692   -1.8211910  0.00    0.0018015    0.0017192   -0.0013293
h     2.6228266   -1.1753369   -0.4511301  0.00    0.0102650   -0.0169390   -0.0048552
h     2.5837285   -0.2540868   -1.9949339  0.00    0.0028081    0.0014693   -0.0020972
c     1.8863812   -2.8730270   -2.6101671  0.00   -0.0044683    0.0016987   -0.0013043
o     1.2784766   -3.5260578   -3.6798576  0.00   -0.0036009   -0.0010774   -0.0045323
o     3.2260843   -3.1753424   -2.3179118  0.00    0.0098942   -0.0053045    0.0007986
h     3.6006305   -2.5970186   -1.5818351  0.00   -0.0083633    0.0212739    0.0097707
n     0.2390432   -2.4859639   -0.7815566  0.00    0.0008572   -0.0111427   -0.0085340
h     0.4010349   -1.4113003   -2.6059997  0.00   -0.0020309    0.0016886   -0.0039316
h     0.7763188   -2.6125226    0.1189089  0.00    0.0040909   -0.0007856    0.0140806
h    -0.5882885   -1.8671218   -0.5638208  0.00   -0.0122435    0.0083014    0.0005049
    24
 Energy =       0.0858211482
c     0.8950902    1.9521728    1.2591072  0.00    0.0012227    0.0028374    0.0036829
c    -0.1666923    2.5193388    0.6427218  0.00    0.0016668    0.0013166    0.0026299
c    -0.5784045    2.0423393   -0.5675026  0.00   -0.0024644   -0.0019394   -0.0036867
c     1.5511024    0.9137399    0.6773583  0.00    0.0028168    0.0021370    0.0040130
c     1.1425820    0.4231327   -0.5341264  0.00   -0.0023750   -0.0033317   -0.0035018
c     0.0790988    1.0099329   -1.1599288  0.00   -0.0010831   -0.0027882   -0.0037166
o    -0.8095258    3.5950760    1.2691738  0.00    0.0014717    0.0010504    0.0065925
h    -1.5508507    4.0170115    0.7156646  0.00   -0.0022430    0.0034273   -0.0028986
h    -0.2515513    0.6769301   -2.1428480  0.00   -0.0023226   -0.0024826   -0.0046481
h     2.4157168    0.4912284    1.1852111  0.00    0.0013299    0.0006126    0.0015394
h     1.2227317    2.3504250    2.2189761  0.00    0.0020959    0.0025632    0.0042947
h    -1.4263043    2.4961472   -1.0711548  0.00   -0.0012616   -0.0005147   -0.0014389
c     1.9523033   -0.6745386   -1.2116187  0.00    0.0012817   -0.0025910   -0.0014057
c     1.1063883   -1.8193248   -1.8391932  0.00    0.0009448    0.0021196   -0.0016974
h     2.6517059   -1.1376543   -0.4720028  0.00    0.0076165   -0.0131508   -0.0031591
h     2.5781678   -0.1932025   -2.0015286  0.00    0.0024622    0.0013794   -0.0019489
c     1.9344188   -2.8134429   -2.6678727  0.00   -0.0060297    0.0016345   -0.0016675
o     1.3048369   -3.4945283   -3.7069910  0.00   -0.0040735   -0.0010079   -0.0042610
o     3.3016413   -3.0551542   -2.4442966  0.00    0.0118975   -0.0057214    0.0006543
h     3.6989455   -2.4514967   -1.7405882  0.00   -0.0043890    0.0165126    0.0078972
n     0.3149299   -2.5094318   -0.7978674  0.00    0.0004838   -0.0103452   -0.0070161
h     0.4093530   -1.3933793   -2.5995303  0.00   -0.0018716    0.0017271   -0.0034009
h     0.8826531   -2.6636856    0.0779859  0.00    0.0036971   -0.0009695    0.0123557
h    -0.5078051   -1.9052211   -0.5312483  0.00   -0.0108738    0.0075247    0.0007878
    24
 Energy =       0.0860468109
c     0.8649700    1.9055471    1.3076575  0.00    0.0009758    0.0028230    0.0035295
c    -0.2014585    2.4741317    0.7008352  0.00    0.0015778    0.0011717    0.0024494
c    -0.6049819    2.0181572   -0.5197320  0.00   -0.0023600   -0.0016524   -0.0033379
c     1.5338041    0.8865925    0.7059824  0.00    0.0026803    0.0018261    0.0036547
c     1.1338631    0.4174484   -0.5163185  0.00   -0.0021339   -0.0030283   -0.0032342
c     0.0654047    1.0057066   -1.1319710  0.00   -0.0008670   -0.0027337   -0.0035478
o    -0.8573857    3.5298368    1.3477050  0.00    0.0011513    0.0013633    0.0063037
h    -1.6053375    3.9515341    0.8033952  0.00   -0.0021131    0.0031871   -0.0026188
h    -0.2589409    0.6902456   -2.1223498  0.00   -0.0021182   -0.0023132   -0.0043702
h     2.4018688    0.4628054    1.2066388  0.00    0.0012337    0.0005329    0.0014016
h     1.1858522    2.2871699    2.2761846  0.00    0.0018963    0.0024377    0.0040461
h    -1.4563916    2.4734802   -1.0158431  0.00   -0.0011732   -0.0004400   -0.0013055
c     1.9587823   -0.6550154   -1.2158869  0.00    0.0009978   -0.0020918   -0.0011008
c     1.1299820   -1.7941759   -1.8759327  0.00    0.0004971    0.0020830   -0.0021070
h     2.6589462   -1.1305351   -0.4843030  0.00    0.0065911   -0.0117515   -0.0023282
h     2.5819722   -0.1465049   -1.9908966  0.00    0.0024872    0.0014458   -0.0021095
c     1.9705587   -2.7606129   -2.7257695  0.00   -0.0068196    0.0015408   -0.0018998
o     1.3356855   -3.4651742   -3.7457645  0.00   -0.0042898   -0.0010113   -0.0041542
o     3.3525027   -2.9543490   -2.5428653  0.00    0.0125977   -0.0060445    0.0003590
h     3.7578017   -2.3254016   -1.8656160  0.00   -0.0027015    0.0150451    0.0073462
n     0.3423176   -2.5174536   -0.8543064  0.00    0.0001861   -0.0099783   -0.0061481
h     0.4312629   -1.3587242   -2.6286948  0.00   -0.0016490    0.0015600   -0.0031914
h     0.9119060   -2.6930348    0.0157074  0.00    0.0034195   -0.0009748    0.0115404
h    -0.4824527   -1.9252595   -0.5699555  0.00   -0.0100662    0.0070033    0.0008230
    24
 Energy =       0.0868319791
c     0.8507874    1.8506080    1.3680164  0.00    0.0008610    0.0029092    0.0036367
c    -0.2313132    2.4148319    0.7848402  0.00    0.0014331    0.0011259    0.0022776
c    -0.6407046    1.9780111   -0.4404892  0.00   -0.0025722   -0.0012280   -0.0030735
c     1.5298398    0.8554173    0.7375564  0.00    0.0028760    0.0013815    0.0033606
c     1.1244026    0.4055316   -0.4899480  0.00   -0.0017670   -0.0028140   -0.0028104
c     0.0395421    0.9896271   -1.0812774  0.00   -0.0008232   -0.0026918   -0.0036052
o    -0.8969142    3.4468137    1.4603468  0.00    0.0008645    0.0017978    0.0064787
h    -1.6578486    3.8670887    0.9330519  0.00   -0.0023076    0.0032519   -0.0025960
h    -0.2909030    0.6909296   -2.0744628  0.00   -0.0020958   -0.0020543   -0.0042529
h     2.4108139    0.4356667    1.2191679  0.00    0.0014187    0.0003339    0.0013856
h     1.1760507    2.2171578    2.3407520  0.00    0.0017958    0.0023919    0.0039567
h    -1.5046829    2.4301906   -0.9177837  0.00   -0.0013439   -0.0002505   -0.0012937
c     1.9640668   -0.6345325   -1.2220374  0.00    0.0008440   -0.0014427   -0.0004702
c     1.1547930   -1.7565411   -1.9357302  0.00    0.0003415    0.0019204   -0.0032043
h     2.6599817   -1.1354212   -0.5017615  0.00    0.0059561   -0.0110957   -0.0012863
h     2.5892854   -0.0892638   -1.9709615  0.00    0.0028853    0.0018615   -0.0027193
c     2.0142431   -2.6929044   -2.8018993  0.00   -0.0081908    0.0015134   -0.0022928
o     1.3820696   -3.4269694   -3.8028128  0.00   -0.0048326   -0.0011667   -0.0043206
o     3.4093170   -2.8288908   -2.6569586  0.00    0.0140182   -0.0069037   -0.0001864
h     3.8160571   -2.1666485   -2.0113895  0.00   -0.0007947    0.0146889    0.0073110
n     0.3529949   -2.5167723   -0.9512788  0.00   -0.0007698   -0.0104252   -0.0053855
h     0.4679752   -1.3018381   -2.6878992  0.00   -0.0015087    0.0012814   -0.0034410
h     0.9096866   -2.7172706   -0.0782232  0.00    0.0034256   -0.0010934    0.0115711
h    -0.4790087   -1.9384068   -0.6609182  0.00   -0.0097135    0.0067084    0.0009600
    24
 Energy =       0.0855177870
c     0.8358678    1.8967524    1.3110460  0.00    0.0011520    0.0027840    0.0039723
c    -0.2199347    2.4740877    0.6917749  0.00    0.0010785    0.0012704    0.0020620
c    -0.6039596    2.0306726   -0.5396121  0.00   -0.0030979   -0.0007355   -0.0031312
c     1.5129407    0.8808782    0.7115610  0.00    0.0033842    0.0008947    0.0033354
c     1.1324013    0.4245069   -0.5215676  0.00   -0.0012179   -0.0026752   -0.0021861
c     0.0751470    1.0216651   -1.1497561  0.00   -0.0012338   -0.0023512   -0.0038448
o    -0.8852933    3.5254553    1.3376141  0.00    0.0008116    0.0020218    0.0067395
h    -1.6282773    3.9495839    0.7876318  0.00   -0.0027662    0.0034916   -0.0028138
h    -0.2323424    0.7158157   -2.1486874  0.00   -0.0022928   -0.0015620   -0.0043389
h     2.3716280    0.4491054    1.2232200  0.00    0.0020249   -0.0000385    0.0016590
h     1.1412462    2.2683673    2.2883412  0.00    0.0018728    0.0023219    0.0040371
h    -1.4464645    2.4932990   -1.0457549  0.00   -0.0018781    0.0001045   -0.0015494
c     1.9633075   -0.6473867   -1.2171680  0.00    0.0010544   -0.0004243    0.0003204
c     1.1376148   -1.8001787   -1.8636667  0.00    0.0008913    0.0014335   -0.0048617
h     2.6697700   -1.1110667   -0.4832679  0.00    0.0056271   -0.0106458    0.0000244
h     2.5799732   -0.1402512   -2.0009288  0.00    0.0034642    0.0024365   -0.0036107
c     1.9754864   -2.7608255   -2.7239451  0.00   -0.0092154    0.0016283   -0.0026701
o     1.3324652   -3.4660733   -3.7391259  0.00   -0.0052916   -0.0013585   -0.0045454
o     3.3617340   -2.9515784   -2.5535209  0.00    0.0148017   -0.0079284   -0.0009408
h     3.7747359   -2.3254016   -1.8758346  0.00    0.0009358    0.0146581    0.0076551
n     0.3703825   -2.5294270   -0.8279711  0.00   -0.0025961   -0.0114026   -0.0047363
h     0.4231569   -1.3748075   -2.6083286  0.00   -0.0016715    0.0008659   -0.0042596
h     0.9577914   -2.7072991    0.0302377  0.00    0.0039085   -0.0013304    0.0123921
h    -0.4488452   -1.9394792   -0.5243905  0.00   -0.0097457    0.0065411    0.0012914
    24
 Energy =       0.0839718645
c     0.8172356    1.9345822    1.2575079  0.00    0.0012751    0.0026158    0.0040415
c    -0.2185730    2.5172955    0.6093254  0.00    0.0008489    0.0013166    0.0018859
c    -0.5791762    2.0673253   -0.6268081  0.00   -0.0032769   -0.0004618   -0.0031110
c     1.4968261    0.9060929    0.6829388  0.00    0.0035477    0.0006261    0.0032547
c     1.1396921    0.4437915   -0.5547987  0.00   -0.0008638   -0.0024154   -0.0017497
c     0.1031110    1.0456509   -1.2122250  0.00   -0.0014160   -0.0020473   -0.0038490
o    -0.8882554    3.5801741    1.2314627  0.00    0.0007658    0.0020720    0.0066458
h    -1.6185684    4.0032092    0.6638294  0.00   -0.0028979    0.0034763   -0.0028273
h    -0.1840148    0.7314922   -2.2150834  0.00   -0.0022962   -0.0012239   -0.0043255
h     2.3378654    0.4684125    1.2188535  0.00    0.0022914   -0.0002325    0.0017888
h     1.1038768    2.3109876    2.2385364  0.00    0.0018635    0.0022113    0.0039866
h    -1.4055748    2.5339582   -1.1558320  0.00   -0.0020901    0.0002843   -0.0016519
c     1.9654298   -0.6502736   -1.2206494  0.00    0.0011308    0.0008621    0.0008164
c     1.1277770   -1.8328817   -1.7981988  0.00    0.0013968    0.0008713   -0.0063351
h     2.6908195   -1.0727208   -0.4814263  0.00    0.0051648   -0.0096179    0.0015744
h     2.5647067   -0.1757319   -2.0388389  0.00    0.0039100    0.0028305   -0.0043198
c     1.9461229   -2.8117537   -2.6555553  0.00   -0.0101857    0.0020381   -0.0028717
o     1.2995579   -3.4766193   -3.6964205  0.00   -0.0061472   -0.0017423   -0.0051245
o     3.3186000   -3.0622923   -2.4507594  0.00    0.0151178   -0.0094628   -0.0023837
h     3.7284464   -2.4841547   -1.7278913  0.00    0.0034286    0.0147914    0.0088814
n     0.4031202   -2.5352360   -0.7131093  0.00   -0.0045068   -0.0120561   -0.0039937
h     0.3821819   -1.4365155   -2.5296421  0.00   -0.0020183    0.0006235   -0.0049427
h     1.0238951   -2.6903665    0.1262517  0.00    0.0044831   -0.0015588    0.0130562
h    -0.4045699   -1.9380118   -0.3935669  0.00   -0.0095254    0.0061997    0.0015538
    24
 Energy =       0.0822217349
c     0.7970555    1.9632337    1.2071346  0.00    0.0012783    0.0023984    0.0038864
c    -0.2244623    2.5468111    0.5371159  0.00    0.0006975    0.0012774    0.0017150
c    -0.5644824    2.0920035   -0.7029460  0.00   -0.0032009   -0.0003247   -0.0029841
c     1.4824417    0.9288152    0.6508663  0.00    0.0034500    0.0004969    0.0030925
c     1.1464746    0.4631345   -0.5910545  0.00   -0.0006377   -0.0021207   -0.0014315
c     0.1239331    1.0641895   -1.2699877  0.00   -0.0014238   -0.0017662   -0.0036632
o    -0.9015045    3.6147965    1.1418914  0.00    0.0007173    0.0019910    0.0062746
h    -1.6235271    4.0342120    0.5613399  0.00   -0.0028094    0.0032841   -0.0026871
h    -0.1461381    0.7418003   -2.2752937  0.00   -0.0021494   -0.0010272   -0.0041784
h     2.3101420    0.4886225    1.2051593  0.00    0.0023072   -0.0002972    0.0017953
h     1.0667210    2.3427512    2.1915191  0.00    0.0017778    0.0020564    0.0038005
h    -1.3797225    2.5586805   -1.2489628  0.00   -0.0020791    0.0003487   -0.0016260
c     1.9695224   -0.6446695   -1.2351163  0.00    0.0009978    0.0023023    0.0011133
c     1.1241059   -1.8567314   -1.7394986  0.00    0.0016157    0.0003155   -0.0077210
h     2.7238480   -1.0224278   -0.5014803  0.00    0.0047920   -0.0080340    0.0032612
h     2.5403598   -0.1975743   -2.0894293  0.00    0.0042849    0.0032208   -0.0049795
c     1.9260147   -2.8538209   -2.5895223  0.00   -0.0111051    0.0025760   -0.0030212
o     1.2854311   -3.4747652   -3.6618281  0.00   -0.0071371   -0.0021219   -0.0058391
o     3.2789472   -3.1660175   -2.3412133  0.00    0.0152913   -0.0110130   -0.0040796
h     3.6738584   -2.6403022   -1.5691381  0.00    0.0060805    0.0144007    0.0105741
n     0.4454392   -2.5296700   -0.6060195  0.00   -0.0063459   -0.0124691   -0.0030631
h     0.3475949   -1.4908805   -2.4560904  0.00   -0.0024179    0.0005402   -0.0054551
h     1.0995102   -2.6598371    0.2123165  0.00    0.0050556   -0.0017410    0.0134651
h    -0.3510310   -1.9259396   -0.2718619  0.00   -0.0090399    0.0057064    0.0017509
    24
 Energy =       0.0802717416
c     0.7729077    1.9765528    1.1640122  0.00    0.0011762    0.0020672    0.0034664
c    -0.2374036    2.5613151    0.4782929  0.00    0.0005706    0.0011428    0.0014934
c    -0.5571791    2.1087143   -0.7675406  0.00   -0.0028673   -0.0002748   -0.0027150
c     1.4672183    0.9432488    0.6177276  0.00    0.0030654    0.0004528    0.0028118
c     1.1526706    0.4822451   -0.6306222  0.00   -0.0005315   -0.0018307   -0.0011989
c     0.1401238    1.0817087   -1.3241687  0.00   -0.0012920   -0.0014565   -0.0032623
o    -0.9248174    3.6272889    1.0738990  0.00    0.0006409    0.0017675    0.0055150
h    -1.6416552    4.0431747    0.4850456  0.00   -0.0024847    0.0028699   -0.0023503
h    -0.1141976    0.7553407   -2.3323727  0.00   -0.0018378   -0.0009167   -0.0037800
h     2.2836673    0.4996101    1.1853408  0.00    0.0020965   -0.0002672    0.0016853
h     1.0252877    2.3532069    2.1535939  0.00    0.0015952    0.0018137    0.0034242
h    -1.3640673    2.5753345   -1.3254392  0.00   -0.0018695    0.0003323   -0.0014704
c     1.9746474   -0.6312978   -1.2622301  0.00    0.0005234    0.0036296    0.0012903
c     1.1261910   -1.8716634   -1.6889117  0.00    0.0015070   -0.0001703   -0.0087426
h     2.7675117   -0.9627302   -0.5472455  0.00    0.0047490   -0.0060051    0.0046472
h     2.5049653   -0.2070796   -2.1544165  0.00    0.0045003    0.0036097   -0.0055638
c     1.9154620   -2.8875237   -2.5257081  0.00   -0.0113148    0.0029786   -0.0029845
o     1.2911137   -3.4665862   -3.6311350  0.00   -0.0077297   -0.0023165   -0.0062771
o     3.2433525   -3.2575119   -2.2282030  0.00    0.0148369   -0.0117013   -0.0053224
h     3.6116944   -2.7812605   -1.4103850  0.00    0.0078531    0.0128334    0.0118490
n     0.4965511   -2.5111322   -0.5082158  0.00   -0.0077900   -0.0122855   -0.0019308
h     0.3195158   -1.5386321   -2.3893799  0.00   -0.0027493    0.0005836   -0.0056431
h     1.1842664   -2.6157597    0.2856247  0.00    0.0054528   -0.0018102    0.0131907
h    -0.2872949   -1.9001489   -0.1596623  0.00   -0.0081006    0.0049536    0.0018678
    24
 Energy =       0.0780424882
c     0.7359681    1.9693895    1.1288853  0.00    0.0009857    0.0015663    0.0027964
c    -0.2591798    2.5619530    0.4281512  0.00    0.0004199    0.0009091    0.0012014
c    -0.5507067    2.1250051   -0.8294929  0.00   -0.0022652   -0.0003200   -0.0023993
c     1.4433062    0.9440339    0.5856923  0.00    0.0023511    0.0004532    0.0024958
c     1.1586353    0.5022355   -0.6753621  0.00   -0.0005517   -0.0015576   -0.0012213
c     0.1592266    1.1055270   -1.3821211  0.00   -0.0010513   -0.0010985   -0.0026858
o    -0.9616410    3.6183054    1.0217566  0.00    0.0005078    0.0014307    0.0042713
h    -1.6724876    4.0335752    0.4263271  0.00   -0.0018730    0.0021382   -0.0017420
h    -0.0741802    0.7839386   -2.3966862  0.00   -0.0013202   -0.0008684   -0.0030718
h     2.2444416    0.4901541    1.1661215  0.00    0.0016866   -0.0001767    0.0015211
h     0.9639799    2.3319468    2.1289500  0.00    0.0013118    0.0014718    0.0029214
h    -1.3463423    2.5964741   -1.3985392  0.00   -0.0014644    0.0002487   -0.0012093
c     1.9800410   -0.6118449   -1.3005869  0.00   -0.0002572    0.0045022    0.0013878
c     1.1336091   -1.8791375   -1.6408562  0.00    0.0013085   -0.0005826   -0.0090015
h     2.8187659   -0.8945817   -0.6173715  0.00    0.0050327   -0.0037159    0.0051411
h     2.4576491   -0.2106888   -2.2326949  0.00    0.0042994    0.0038052   -0.0058382
c     1.9126744   -2.9122131   -2.4617628  0.00   -0.0098494    0.0031457   -0.0022721
o     1.3160972   -3.4466009   -3.6044178  0.00   -0.0076300   -0.0023392   -0.0063657
o     3.2086035   -3.3373622   -2.1107077  0.00    0.0128381   -0.0107261   -0.0055898
h     3.5392288   -2.9074852   -1.2516319  0.00    0.0079362    0.0099127    0.0119721
n     0.5631088   -2.4809478   -0.4116546  0.00   -0.0085624   -0.0109928   -0.0006199
h     0.2937160   -1.5830226   -2.3194041  0.00   -0.0029729    0.0007158   -0.0052932
h     1.2893893   -2.5609142    0.3488948  0.00    0.0055723   -0.0017059    0.0116970
h    -0.2033714   -1.8613249   -0.0435884  0.00   -0.0064523    0.0037841    0.0019042
    24
 Energy =       0.0757343873
c     0.6705058    1.9363564    1.1000028  0.00    0.0009251    0.0008227    0.0022589
c    -0.2945571    2.5508223    0.3763500  0.00    0.0001630    0.0006963    0.0009714
c    -0.5359996    2.1504812   -0.9036027  0.00   -0.0015195   -0.0005957   -0.0026877
c     1.3973666    0.9254357    0.5573634  0.00    0.0013950    0.0004251    0.0026627
c     1.1644303    0.5243722   -0.7265379  0.00   -0.0005891   -0.0012524   -0.0021101
c     0.1924357    1.1444982   -1.4540569  0.00   -0.0009558   -0.0006642   -0.0023437
o    -1.0202554    3.5894088    0.9711623  0.00    0.0004636    0.0009829    0.0028021
h    -1.7168295    4.0111807    0.3649683  0.00   -0.0010782    0.0010871   -0.0009559
h    -0.0047870    0.8416948   -2.4817554  0.00   -0.0007023   -0.0009375   -0.0023500
h     2.1696232    0.4476046    1.1569794  0.00    0.0012932   -0.0001531    0.0016111
h     0.8558478    2.2673315    2.1193743  0.00    0.0010508    0.0011125    0.0028298
h    -1.3086121    2.6377378   -1.4900611  0.00   -0.0010139    0.0001383   -0.0010981
c     1.9853382   -0.5895298   -1.3440298  0.00   -0.0007114    0.0041505    0.0013829
c     1.1478727   -1.8813615   -1.5842104  0.00    0.0014524   -0.0007959   -0.0078616
h     2.8712775   -0.8199572   -0.7026850  0.00    0.0048327   -0.0016863    0.0038401
h     2.4004969   -0.2196025   -2.3168200  0.00    0.0031207    0.0032784   -0.0049897
c     1.9167386   -2.9267176   -2.3930992  0.00   -0.0053480    0.0029945    0.0000962
o     1.3630008   -3.4007624   -3.5825382  0.00   -0.0065630   -0.0022644   -0.0063964
o     3.1708503   -3.4098672   -1.9874386  0.00    0.0082202   -0.0069142   -0.0038492
h     3.4547701   -3.0257725   -1.0928788  0.00    0.0052210    0.0058664    0.0094262
n     0.6575157   -2.4412466   -0.3032607  0.00   -0.0081243   -0.0079411    0.0007236
h     0.2672035   -1.6281645   -2.2274688  0.00   -0.0030254    0.0008883   -0.0040511
h     1.4310856   -2.4948563    0.4089269  0.00    0.0053331   -0.0013787    0.0083383
h    -0.0847870   -1.8126717    0.0932164  0.00   -0.0038399    0.0021407    0.0017503
    24
 Energy =       0.0743347343
c     0.5862270    1.8979683    1.0635094  0.00    0.0010125   -0.0002644    0.0015893
c    -0.3315050    2.5459193    0.3079031  0.00   -0.0002924    0.0005443    0.0004839
c    -0.5043002    2.1912396   -0.9955430  0.00   -0.0007623   -0.0005153   -0.0026293
c     1.3332531    0.8984474    0.5294451  0.00    0.0004602   -0.0001786    0.0021339
c     1.1686429    0.5442147   -0.7767807  0.00    0.0001399   -0.0001370   -0.0018305
c     0.2418721    1.1941862   -1.5353751  0.00   -0.0011485    0.0001963   -0.0017210
o    -1.0826000    3.5688240    0.8956948  0.00    0.0008487   -0.0000754    0.0014125
h    -1.7503026    4.0069094    0.2695617  0.00   -0.0007275    0.0003320   -0.0007103
h     0.0931175    0.9181755   -2.5779564  0.00   -0.0003340   -0.0005742   -0.0013971
h     2.0623383    0.3868961    1.1544893  0.00    0.0009669   -0.0004566    0.0014372
h     0.7139686    2.1899587    2.1026186  0.00    0.0006634    0.0004356    0.0022033
h    -1.2395506    2.7042476   -1.6073249  0.00   -0.0007547    0.0002490   -0.0010920
c     1.9860828   -0.5790768   -1.3747806  0.00    0.0004974    0.0015207    0.0012112
c     1.1642261   -1.8890096   -1.5045284  0.00    0.0012289   -0.0002883   -0.0043702
h     2.9070134   -0.7583939   -0.7730814  0.00    0.0017783   -0.0005802    0.0008200
h     2.3425870   -0.2579794   -2.3835667  0.00    0.0008225    0.0012432   -0.0020085
c     1.9148465   -2.9438105   -2.3142491  0.00    0.0009893    0.0018289    0.0033170
o     1.4127825   -3.3304835   -3.5556522  0.00   -0.0038019   -0.0016318   -0.0056410
o     3.1195817   -3.4961462   -1.8709943  0.00    0.0021324   -0.0006987    0.0006522
h     3.3664289   -3.1591167   -0.9528286  0.00    0.0002700    0.0016877    0.0022055
n     0.7727433   -2.4006724   -0.1734380  0.00   -0.0054986   -0.0023923    0.0021691
h     0.2389295   -1.6810395   -2.0968397  0.00   -0.0021007    0.0005936   -0.0016284
h     1.5898387   -2.4021186    0.4854687  0.00    0.0035207   -0.0008677    0.0031449
h     0.0443104   -1.7727254    0.2421489  0.00    0.0000895    0.0000292    0.0002484
    24
 Energy =       0.0740933567
c     0.5979698    1.9222225    1.0228362  0.00   -0.0002006    0.0000818   -0.0003274
c    -0.2971890    2.5837130    0.2548269  0.00   -0.0000016   -0.0001233   -0.0002284
c    -0.4604740    2.2246052   -1.0455687  0.00   -0.0000589    0.0004415    0.0007992
c     1.3320007    0.9049897    0.5040221  0.00    0.0000918   -0.0002192   -0.0006468
c     1.1749146    0.5437433   -0.7983487  0.00    0.0002322    0.0000180    0.0007878
c     0.2707736    1.2079507   -1.5697464  0.00    0.0002379   -0.0000796    0.0003674
o    -1.0354969    3.6248919    0.8266761  0.00   -0.0002121    0.0001540   -0.0001082
h    -1.6841441    4.0749400    0.1898795  0.00   -0.0001621    0.0001692   -0.0000305
h     0.1280369    0.9288499   -2.6106117  0.00    0.0000748    0.0001503    0.0003791
h     2.0434374    0.3833966    1.1380617  0.00   -0.0000770   -0.0000628   -0.0003572
h     0.7179124    2.2176213    2.0592025  0.00   -0.0001586   -0.0001310   -0.0006221
h    -1.1771913    2.7489744   -1.6675992  0.00   -0.0000130    0.0001002    0.0002147
c     1.9739112   -0.6025565   -1.3791750  0.00    0.0004453   -0.0001745    0.0003021
c     1.1455543   -1.9095484   -1.4479469  0.00   -0.0010572    0.0004204   -0.0003174
h     2.9055622   -0.7677438   -0.7933352  0.00   -0.0002244   -0.0000206   -0.0000332
h     2.3101277   -0.3191988   -2.4040003  0.00    0.0001604   -0.0000513   -0.0002482
c     1.8633532   -2.9865539   -2.2603952  0.00   -0.0010961    0.0004840   -0.0005214
o     1.3818439   -3.3105621   -3.5239240  0.00   -0.0008006    0.0000671   -0.0007232
o     3.0299845   -3.6075025   -1.8072712  0.00    0.0021658   -0.0011604    0.0004934
h     3.2724417   -3.3073035   -0.8764656  0.00    0.0006254   -0.0000068    0.0003610
n     0.7953223   -2.3829060   -0.0946980  0.00   -0.0012332   -0.0007952   -0.0014893
h     0.2045034   -1.7122727   -2.0139079  0.00    0.0001941   -0.0002668    0.0001652
h     1.6154522   -2.3130859    0.5548089  0.00    0.0018490    0.0001467    0.0018871
h     0.0419250   -1.7702500    0.3005805  0.00   -0.0007812    0.0008583   -0.0001038
    24
 Energy =       0.0740698297
c     0.5824401    1.9218626    1.0225721  0.00    0.0001494   -0.0000810    0.0001704
c    -0.3322652    2.5648977    0.2611919  0.00   -0.0000990    0.0000790   -0.0000631
c    -0.5026484    2.1990043   -1.0371749  0.00   -0.0001742    0.0001164   -0.0001507
c     1.3291679    0.9164972    0.4990750  0.00    0.0001457   -0.0001210    0.0001202
c     1.1653988    0.5491812   -0.8014894  0.00    0.0001122   -0.0000881    0.0000304
c     0.2414166    1.1944376   -1.5659967  0.00   -0.0001719    0.0001005   -0.0001766
o    -1.0829126    3.5944453    0.8377056  0.00    0.0000815   -0.0000102    0.0001643
h    -1.7456481    4.0309692    0.2059122  0.00   -0.0002138    0.0001551   -0.0001818
h     0.0932490    0.9096579   -2.6050289  0.00   -0.0000518    0.0000135   -0.0000831
h     2.0565882    0.4098640    1.1278592  0.00    0.0001898   -0.0001314    0.0001725
h     0.7079841    2.2226191    2.0574209  0.00    0.0000514   -0.0000067    0.0001040
h    -1.2350080    2.7084744   -1.6538519  0.00   -0.0001774    0.0001264   -0.0001545
c     1.9796342   -0.5830831   -1.3876794  0.00    0.0000840    0.0000505   -0.0000664
c     1.1731824   -1.9037775   -1.4496498  0.00    0.0001767   -0.0000103    0.0001186
h     2.9193792   -0.7327181   -0.8097255  0.00    0.0001985   -0.0000681    0.0000643
h     2.3023102   -0.2937371   -2.4150465  0.00    0.0000445    0.0000766   -0.0000588
c     1.9040431   -2.9670695   -2.2675681  0.00    0.0003191    0.0000484    0.0007936
o     1.4508741   -3.2627417   -3.5485022  0.00   -0.0003144   -0.0002755   -0.0010260
o     3.0584545   -3.5988329   -1.8034587  0.00   -0.0002157   -0.0000392   -0.0005091
h     3.2811478   -3.3179865   -0.8617022  0.00    0.0001106    0.0002536    0.0006600
n     0.8410880   -2.3831390   -0.0936912  0.00   -0.0000030   -0.0003429    0.0000140
h     0.2245663   -1.7225285   -2.0091860  0.00   -0.0002071    0.0000849   -0.0000486
h     1.6617049   -2.2916465    0.5500926  0.00    0.0001673   -0.0000775    0.0000153
h     0.0763846   -1.7882356    0.3058222  0.00   -0.0002023    0.0001471    0.0000911
    24
 Energy =       0.0740679557
c     0.5856828    1.9228368    1.0213933  0.00   -0.0000111    0.0000050   -0.0000110
c    -0.3321179    2.5636886    0.2624728  0.00    0.0000076   -0.0000056    0.0000054
c    -0.5055395    2.1966567   -1.0350605  0.00    0.0000145   -0.0000098    0.0000097
c     1.3324128    0.9184592    0.4962944  0.00   -0.0000121    0.0000100   -0.0000059
c     1.1654784    0.5498826   -0.8034107  0.00   -0.0000091    0.0000044   -0.0000020
c     0.2384988    1.1930430   -1.5654850  0.00    0.0000136   -0.0000075    0.0000121
o    -1.0827752    3.5921782    0.8406244  0.00   -0.0000045   -0.0000017   -0.0000101
h    -1.7479967    4.0270506    0.2106322  0.00    0.0000153   -0.0000108    0.0000117
h     0.0878198    0.9073023   -2.6038178  0.00    0.0000036   -0.0000010    0.0000041
h     2.0623281    0.4135866    1.1231247  0.00   -0.0000156    0.0000097   -0.0000121
h     0.7136641    2.2244989    2.0555844  0.00   -0.0000041    0.0000003   -0.0000062
h    -1.2403709    2.7044032   -1.6497724  0.00    0.0000139   -0.0000096    0.0000107
c     1.9793658   -0.5816711   -1.3911707  0.00   -0.0000090   -0.0000039    0.0000091
c     1.1744962   -1.9031887   -1.4501768  0.00   -0.0000211    0.0000055   -0.0000168
h     2.9205716   -0.7299073   -0.8155901  0.00   -0.0000152    0.0000050   -0.0000043
h     2.2989553   -0.2928599   -2.4195680  0.00   -0.0000024   -0.0000057    0.0000014
c     1.9060887   -2.9670982   -2.2665531  0.00   -0.0000401    0.0000105   -0.0000657
o     1.4589590   -3.2571075   -3.5501812  0.00    0.0000039    0.0000209    0.0000630
o     3.0557916   -3.6045696   -1.7984085  0.00    0.0000424   -0.0000171    0.0000473
h     3.2740774   -3.3281149   -0.8547837  0.00    0.0000061   -0.0000164   -0.0000364
n     0.8432344   -2.3798697   -0.0931349  0.00   -0.0000183    0.0000041   -0.0000409
h     0.2258163   -1.7241822   -2.0099230  0.00    0.0000190   -0.0000073    0.0000035
h     1.6618119   -2.2802804    0.5519870  0.00    0.0000268    0.0000130    0.0000337
h     0.0742791   -1.7883228    0.3028237  0.00   -0.0000039    0.0000081   -0.0000001
    24
 Energy =       0.0740679424
c     0.5859380    1.9230777    1.0213401  0.00    0.0000000   -0.0000000    0.0000000
c    -0.3320913    2.5637436    0.2624992  0.00   -0.0000000    0.0000000    0.0000000
c    -0.5057632    2.1964940   -1.0349450  0.00   -0.0000000   -0.0000000   -0.0000001
c     1.3326502    0.9186703    0.4962503  0.00    0.0000000    0.0000000    0.0000000
c     1.1654746    0.5498858   -0.8033695  0.00    0.0000000   -0.0000000   -0.0000000
c     0.2382666    1.1928606   -1.5653631  0.00   -0.0000000    0.0000000   -0.0000000
o    -1.0827144    3.5922760    0.8406377  0.00    0.0000000   -0.0000000    0.0000000
h    -1.7481168    4.0269971    0.2107113  0.00   -0.0000000    0.0000000   -0.0000000
h     0.0874077    0.9069593   -2.6036289  0.00   -0.0000000   -0.0000000   -0.0000000
h     2.0627620    0.4139588    1.1230155  0.00    0.0000000   -0.0000000    0.0000000
h     0.7141237    2.2249188    2.0554592  0.00    0.0000000    0.0000000    0.0000000
h    -1.2407765    2.7040918   -1.6495932  0.00   -0.0000000    0.0000000   -0.0000000
c     1.9794002   -0.5816489   -1.3911371  0.00    0.0000000    0.0000000    0.0000000
c     1.1745298   -1.9031747   -1.4503004  0.00   -0.0000000    0.0000000    0.0000000
h     2.9205873   -0.7299608   -0.8155147  0.00    0.0000000   -0.0000000    0.0000000
h     2.2990558   -0.2927394   -2.4194895  0.00    0.0000000    0.0000000   -0.0000000
c     1.9062804   -2.9670132   -2.2666384  0.00   -0.0000000    0.0000001    0.0000003
o     1.4598189   -3.2564743   -3.5506618  0.00   -0.0000002   -0.0000000   -0.0000005
o     3.0555945   -3.6048411   -1.7981100  0.00    0.0000001   -0.0000001   -0.0000001
h     3.2734013   -3.3287594   -0.8542443  0.00    0.0000001    0.0000001    0.0000003
n     0.8430827   -2.3799397   -0.0933219  0.00   -0.0000000   -0.0000000    0.0000000
h     0.2259066   -1.7241500   -2.0101678  0.00   -0.0000000    0.0000000   -0.0000000
h     1.6615848   -2.2804411    0.5518676  0.00    0.0000000   -0.0000000    0.0000000
h     0.0741289   -1.7883768    0.3026049  0.00   -0.0000000    0.0000000    0.0000000
    24
 Energy =       0.0740679424
c     0.5859363    1.9230767    1.0213405  0.00    0.0000000   -0.0000000    0.0000000
c    -0.3320916    2.5637437    0.2624988  0.00   -0.0000000    0.0000000    0.0000000
c    -0.5057619    2.1964952   -1.0349459  0.00   -0.0000000   -0.0000000   -0.0000000
c     1.3326485    0.9186691    0.4962509  0.00    0.0000000    0.0000000    0.0000000
c     1.1654745    0.5498857   -0.8033693  0.00    0.0000000   -0.0000000   -0.0000000
c     0.2382679    1.1928616   -1.5653637  0.00   -0.0000000    0.0000000   -0.0000000
o    -1.0827148    3.5922761    0.8406370  0.00    0.0000000   -0.0000000    0.0000000
h    -1.7481160    4.0269982    0.2107100  0.00   -0.0000000    0.0000000   -0.0000000
h     0.0874102    0.9069611   -2.6036298  0.00   -0.0000000   -0.0000000   -0.0000000
h     2.0627591    0.4139567    1.1230167  0.00    0.0000000   -0.0000000    0.0000000
h     0.7141208    2.2249169    2.0554599  0.00    0.0000000    0.0000000    0.0000000
h    -1.2407740    2.7040939   -1.6495947  0.00   -0.0000000    0.0000000   -0.0000000
c     1.9794001   -0.5816492   -1.3911365  0.00    0.0000000   -0.0000000    0.0000000
c     1.1745295   -1.9031750   -1.4502995  0.00   -0.0000000    0.0000000   -0.0000000
h     2.9205871   -0.7299609   -0.8155141  0.00    0.0000000   -0.0000000   -0.0000000
h     2.2990558   -0.2927402   -2.4194890  0.00   -0.0000000   -0.0000000   -0.0000000
c     1.9062790   -2.9670136   -2.2666382  0.00   -0.0000000    0.0000000    0.0000000
o     1.4598129   -3.2564786   -3.5506588  0.00   -0.0000000   -0.0000000   -0.0000000
o     3.0555958   -3.6048387   -1.7981129  0.00    0.0000000   -0.0000000   -0.0000000
h     3.2734059   -3.3287542   -0.8542490  0.00    0.0000000    0.0000000    0.0000000
n     0.8430834   -2.3799402   -0.0933209  0.00   -0.0000000   -0.0000000   -0.0000000
h     0.2259058   -1.7241500   -2.0101660  0.00   -0.0000000    0.0000000   -0.0000000
h     1.6615866   -2.2804432    0.5518676  0.00    0.0000000    0.0000000    0.0000000
h     0.0741309   -1.7883767    0.3026073  0.00   -0.0000000    0.0000000    0.0000000
