$grad          cartesian gradients
  cycle =      1    UFF energy =      0.1150461380   |dE/dxyz| =  0.279871
   -7.01729009392409      3.20319916480816      0.59970836510224      c       
   -4.71726663311957      4.97852126984908      0.45731372215944      c       
   -9.36652202301386      4.52101857507718     -0.40736826068558      c       
   -9.04317098582915      5.18998162319471     -2.34072816152896      h       
   -9.85477056183342      6.16919990645329      0.74600151304014      h       
  -10.99916980564554      3.24953524938398     -0.45748757696290      h       
   -6.44356924248771      0.85406928092912     -0.85967231888863      n       
   -7.28973190931139      2.67910252140445      2.58312333153470      h       
   -6.06080521594476     -0.55716685058466      0.41191116228918      h       
   -8.06720303150492      0.26397584234897     -1.73401458168273      h       
   -3.68744148424351      5.67703963455575     -1.48144890567425      o       
   -3.96955869738889      5.71969075318856      2.80161346606394      o       
   -4.29077434405278      7.56183357399625      2.86028946223357      h       
  -.40475860056513D-01  0.18253657434005D-01  0.49983526558704D-01
  0.10784135263154D+00  0.88411801292069D-01  -.15909809297738D+00
  0.69274871402485D-02  -.25364778004873D-03  0.54929332666318D-02
  -.26915979177724D-02  -.18612800501683D-02  0.98495462492131D-02
  0.13165700050663D-02  -.63790594032927D-02  -.66770622736569D-02
  0.64175063265184D-02  0.59935758795247D-02  -.26977386577996D-02
  0.13675013252654D-01  -.36297225591091D-01  -.57913602257852D-02
  0.44787132618655D-02  -.44752828241905D-02  -.14761513007401D-01
  -.93549892863516D-02  0.15718977452445D-01  -.10078764416669D-01
  0.12179250737754D-01  0.11511835581230D-01  0.13295592669837D-01
  -.68559534840972D-01  -.54645816551112D-01  0.13051908220986D+00
  -.23707318666263D-01  -.16279017663141D-01  -.53030453450446D-02
  -.80465925877719D-02  -.19698517776229D-01  -.47331040505060D-02
  cycle =      2    UFF energy =      0.0951340524   |dE/dxyz| =  0.175793
   -7.03475932555396      3.20259638137571      0.61567173425812      c       
   -4.70367456744341      4.91832425476349      0.52679855433717      c       
   -9.33985003902071      4.56899329152818     -0.47588021551158      c       
   -8.86723721295264      5.41136508581195     -2.33891558915621      h       
   -9.95128447874827      6.10930747905649      0.79857859837304      h       
  -10.95933588338536      3.27043674984584     -0.75748757696290      h       
   -6.49445660944863      0.83987577920717     -0.80883451214930      n       
   -7.37542508393492      2.72791850604604      2.61688191149725      h       
   -6.12799171595099     -0.58557111476757      0.47543935761839      h       
   -8.08798803504074      0.25428451000144     -1.77484022814748      h       
   -3.64587432076395      5.60369035155894     -1.54330513083780      o       
   -3.82524544742546      5.68890633330959      2.83625576049116      o       
   -4.39415130863053      7.49987293686755      3.00887855319027      h       
  -.25386001660643D-01  0.11343103883457D-01  0.31551377709176D-01
  0.66563054376429D-01  0.57204578796066D-01  -.99712116323186D-01
  0.60916085780232D-02  -.10102279965206D-02  0.49345390138497D-02
  -.28770033332663D-03  0.50126406377213D-03  0.27472247220528D-02
  0.32830342131472D-03  -.22790210914291D-02  -.18449303345844D-02
  0.11743124901253D-02  0.11478335359513D-02  -.26097823703237D-02
  0.98898746806996D-02  -.22573105407949D-01  -.33326297987702D-02
  0.27917730635331D-02  -.27502478787616D-02  -.89291728371587D-02
  -.60314145291884D-02  0.98793165327383D-02  -.61953912648194D-02
  0.67913155447520D-02  0.71661748426635D-02  0.77443178576001D-02
  -.43388171065042D-01  -.35008932084141D-01  0.81501568800597D-01
  -.96044114121940D-02  -.20078860585618D-01  -.20580640754671D-02
  -.89325431544830D-02  -.35418766102293D-02  -.37969410989670D-02
  cycle =      3    UFF energy =      0.0886450114   |dE/dxyz| =  0.119854
   -7.00559825893656      3.19148112196623      0.60930247449447      c       
   -4.65571807057850      4.87137718652901      0.54614173716415      c       
   -9.29595126465462      4.60249388430983     -0.46449232834922      c       
   -8.89220184690303      5.18545906130107     -2.46458336625873      h       
   -9.70306601640580      6.34038150161651      0.67469358745644      h       
  -11.01822470108588      3.36813519127271     -0.45748757696290      h       
   -6.53282854493746      0.83922112910449     -0.84101094137379      n       
   -7.35139180159027      2.71717067012953      2.61889110158431      h       
   -6.20207460762157     -0.63241073437553      0.41596829929205      h       
   -8.12606507326081      0.31357541063046     -1.86389847010506      h       
   -3.58387976638993      5.57792561949797     -1.59184962214598      o       
   -3.76778686561225      5.72032003579987      2.83876371405997      o       
   -4.67248721032286      7.41487046682270      3.15880260814448      h       
  -.16451522989565D-01  0.73379216069091D-02  0.20685117351999D-01
  0.43031398800151D-01  0.38092264284863D-01  -.65235521322061D-01
  0.80712358962950D-02  -.31254101010434D-02  0.48450193729571D-02
  0.19287420763330D-02  0.13698558531487D-02  -.41248277055574D-02
  -.55004248082279D-03  0.41540014771163D-02  0.27812469480086D-02
  -.44121442155892D-02  -.36806653263786D-02  -.11539035496878D-02
  0.71964427774781D-02  -.14296764342357D-01  -.21086076957029D-02
  0.18337426671232D-02  -.17869754728345D-02  -.57837961343751D-02
  -.39651097373954D-02  0.59302849916212D-02  -.38004339234371D-02
  0.36388735189410D-02  0.47472989604017D-02  0.44355466513906D-02
  -.28534180136518D-01  -.22545210117708D-01  0.52963543453582D-01
  0.30220952764954D-02  -.29975422587442D-01  -.26398384568467D-02
  -.14809531452926D-01  0.13778820773703D-01  -.86354499026859D-03
  cycle =      4    UFF energy =      0.0873982040   |dE/dxyz| =  0.111030
   -6.97674189848616      3.14599947141707      0.59118416348110      c       
   -4.63914498076833      4.84043270695563      0.53754004119707      c       
   -9.32054309041852      4.61555301844334     -0.29403534223063      c       
   -9.01306272052771      5.29856677213072     -2.28275893563338      h       
   -9.67471059686713      6.29414122123337      0.95218007970197      h       
  -11.03943228636498      3.37916751840095     -0.26643183710288      h       
   -6.56125618680958      0.88627549978464     -1.02556912585396      n       
   -7.22857828976516      2.54386802037381      2.58897480112513      h       
   -6.17424358393605     -0.67242279462695      0.11596829929205      h       
   -8.18990615498659      0.42864644337147     -2.03100511634519      h       
   -3.53740348751738      5.52643072256763     -1.60417349625268      o       
   -3.79480936847933      5.74777486957765      2.82677491779397      o       
   -4.65744138337433      7.47556707497510      3.07059276782611      h       
  -.14305063085838D-01  0.83835105508316D-02  0.19947020843106D-01
  0.39632855296240D-01  0.34933702466349D-01  -.60477983672762D-01
  0.60004645062318D-02  -.23973692850726D-02  0.45637823798944D-02
  0.18731827029312D-02  0.16780722231921D-02  -.51477007783265D-02
  -.90784183102966D-03  0.48089393953026D-02  0.32965630325089D-02
  -.42189140931546D-02  -.33016100066986D-02  -.10183921756280D-02
  0.75205172795755D-02  -.13621577285230D-01  -.51562555778122D-02
  0.15391302158813D-02  -.20309710531847D-02  -.34651339385800D-02
  -.29612727250924D-02  0.31337625119380D-02  -.18862165075056D-02
  0.28546353060868D-02  0.39388810761420D-02  0.34803094303809D-02
  -.26316169111359D-01  -.20802166500123D-01  0.48677310414912D-01
  0.34808910079344D-02  -.28329953023561D-01  -.21674102299739D-02
  -.14192415468407D-01  0.13606778930115D-01  -.64589322021415D-03
  cycle =      5    UFF energy =      0.0855046223   |dE/dxyz| =  0.092692
   -7.01416502129223      3.14275249369532      0.58282969324718      c       
   -4.58625821969237      4.70954558476742      0.52975702447534      c       
   -9.29373855469860      4.74813655343350     -0.25176474570659      c       
   -8.98126575016202      5.44333060244630     -2.23181837979037      h       
   -9.54983315535158      6.42276014475656      1.02157172378192      h       
  -11.07039017285114      3.59775710728307     -0.21630365302243      h       
   -6.74242929592352      0.88624792486732     -1.06857704448557      n       
   -7.27389446421233      2.53083968143513      2.57841782837856      h       
   -6.44238334649496     -0.71737709325847      0.04410760839841      h       
   -8.39767614386923      0.54122930243787     -2.08680345295941      h       
   -3.47004989503114      5.36943013094451     -1.63856890127079      o       
   -3.62774862534776      5.52799305836323      2.81652743159690      o       
   -4.35744138337433      7.30735505343265      3.09986608435512      h       
  -.12115147905891D-01  0.69760367688874D-02  0.17107279523566D-01
  0.32314883237464D-01  0.28616721573227D-01  -.50629440113747D-01
  0.45003601857798D-02  -.12402684937077D-02  0.32090498421237D-02
  0.14680909038899D-02  0.14289182058880D-02  -.42703157740898D-02
  -.90086259508624D-03  0.45849840144336D-02  0.30799458293740D-02
  -.41248287124660D-02  -.31136073948430D-02  -.88700411963769D-03
  0.76433292623069D-02  -.11484152865341D-01  -.47762990781013D-02
  0.12638461296492D-02  -.17172667064960D-02  -.27682469737031D-02
  -.22766113616591D-02  0.13500531875102D-02  -.10675045885603D-02
  0.98400146587635D-03  0.28076075242061D-02  0.19424301154684D-02
  -.21271195199765D-01  -.17013482336207D-01  0.39930972172667D-01
  0.52808002472085D-02  -.24664825495731D-01  -.77911091338356D-03
  -.12766665657307D-01  0.13469282018174D-01  -.91755921976226D-04
  cycle =      6    UFF energy =      0.0861342925   |dE/dxyz| =  0.093110
   -7.03915835391248      3.15278528355063      0.56565212564579      c       
   -4.52768068994822      4.59066229334295      0.49479353106940      c       
   -9.24978810086503      4.88528306917310     -0.21421653699425      c       
   -8.92788797750676      5.59723323758867     -2.18667658988483      h       
   -9.41318238996515      6.55109995139984      1.08823834772229      h       
  -11.07987655166105      3.81826605311851     -0.17713041764111      h       
   -6.90663789395609      0.90519421141526     -1.11904751238900      n       
   -7.29950071850291      2.52726124297124      2.55714257367272      h       
   -6.66536600542591     -0.72888945800766     -0.03391781156781      h       
   -8.59651488673921      0.65477859255801     -2.11385923095374      h       
   -3.45520885304558      5.28036935909047     -1.68944431604576      o       
   -3.44228586231571      5.26860165497041      2.78015012244704      o       
   -4.20418574445900      7.00735505343265      3.22755693191631      h       
  -.12151507741317D-01  0.68988790830750D-02  0.17151902931473D-01
  0.31240924537569D-01  0.27758758049142D-01  -.51051024792231D-01
  0.39959823664028D-02  -.53285097808480D-03  0.26499735081400D-02
  0.13610663463513D-02  0.14604147101939D-02  -.42285545731356D-02
  -.95190472016646D-03  0.50637751232653D-02  0.33671641475144D-02
  -.46667676819559D-02  -.33591421770917D-02  -.91133975235742D-03
  0.85601818703932D-02  -.12053608163581D-01  -.51668195136162D-02
  0.12241124147491D-02  -.17180532950783D-02  -.26315102530973D-02
  -.21586812270398D-02  0.68704788971100D-03  -.84359648718143D-03
  -.10167420445224D-03  0.23876825879677D-02  0.11789137175957D-02
  -.20881529812712D-01  -.16590720015101D-01  0.38626168448518D-01
  0.85188498268846D-02  -.26415141868855D-01  0.13608989781979D-02
  -.13989051974707D-01  0.16412959054437D-01  0.49782364017981D-03
  cycle =      7    UFF energy =      0.0839198150   |dE/dxyz| =  0.072046
   -7.02689276810103      3.13403605801583      0.58699353078422      c       
   -4.56535660633882      4.64842527086377      0.54575962178831      c       
   -9.27985604540535      4.78969916831165     -0.23834347019184      c       
   -8.96898232515939      5.47979821800248     -2.21579460333878      h       
   -9.49295933576080      6.46594229109255      1.03619557430682      h       
  -11.07737639637152      3.67708565382142     -0.18861300961797      h       
   -6.81171591712448      0.87299325177689     -1.06530992353543      n       
   -7.29808144806537      2.53242359465840      2.58665178266923      h       
   -6.64635281857541     -0.75334768271413      0.04969859568248      h       
   -8.43094412109609      0.62151955765817     -2.18084425866631      h       
   -3.40773040624210      5.25141579967695     -1.65388221561299      o       
   -3.57605122919005      5.48265431000756      2.83039658333409      o       
   -4.22497461087274      7.30735505343265      3.08633300939482      h       
  -.89977704604809D-02  0.49917232004601D-02  0.12718482501645D-01
  0.21735368364605D-01  0.20298696675495D-01  -.38120325839094D-01
  0.27396210697969D-02  -.99591732314695D-04  0.17689124722838D-02
  0.97430031802217D-03  0.11161435591854D-02  -.31604917628763D-02
  -.68393045995324D-03  0.39229399418700D-02  0.26196143689888D-02
  -.36609044755198D-02  -.25672875330016D-02  -.69225921824374D-03
  0.81174577999473D-02  -.87450036939377D-02  -.37581805304678D-02
  0.90237787623523D-03  -.12710835830065D-02  -.18680080014094D-02
  -.14472207792150D-02  -.13552635989482D-04  0.57850856213735D-04
  -.19665217248630D-02  0.15196033667764D-02  -.46438185965091D-03
  -.14951125036531D-01  -.12612060220428D-01  0.26944993464098D-01
  0.10394236321900D-01  -.24823919621996D-01  0.24152074804890D-02
  -.13155888813943D-01  0.18283392276887D-01  0.15385860680246D-02
  cycle =      8    UFF energy =      0.0822582945   |dE/dxyz| =  0.050313
   -7.02839331961089      3.12487819885484      0.62341456805466      c       
   -4.58482280521042      4.65714186248794      0.58177994555164      c       
   -9.28927290570902      4.73730563601513     -0.25954424546714      c       
   -8.97791309192540      5.38475457655188     -2.24640408802359      h       
   -9.52411920252242      6.43374292715020      0.97472581322197      h       
  -11.07135848233775      3.61185361522210     -0.18732949971943      h       
   -6.78711909306216      0.82523289107151     -0.96210112225998      n       
   -7.31514579932851      2.58177228148496      2.64074744693352      h       
   -6.78191036148947     -0.78817918320517      0.19573007703246      h       
   -8.31154955604600      0.62033469562086     -2.22346075016122      h       
   -3.26556666899528      5.02330890214662     -1.63032374224882      o       
   -3.70125630634679      5.69693757950023      2.83500050301555      o       
   -4.16884643571903      7.60091656170317      2.83700631106688      h       
  -.54794103854844D-02  0.30760096246262D-02  0.75180382728849D-02
  0.84362586892061D-02  0.12257362701311D-01  -.19946582587445D-01
  0.15416890189070D-02  0.50900983653787D-04  0.96714092117401D-03
  0.58992651732766D-03  0.73054385235835D-03  -.20226014163739D-02
  -.40997619480174D-03  0.24751716316668D-02  0.17046947358618D-02
  -.22452865868386D-02  -.15915384000729D-02  -.43776174882642D-03
  0.81288974799054D-02  -.33081395417842D-02  -.26921444394516D-02
  0.51922472363180D-03  -.78136713683506D-03  -.83066807058931D-03
  -.66001935140638D-03  -.25119071787704D-02  0.22629354454744D-02
  -.43178008951908D-02  0.10182031655590D-02  -.25791337179383D-02
  -.56219866851969D-02  -.85544799849340D-02  0.89916818205391D-02
  0.11577283295584D-01  -.25566448324291D-01  0.54827806552480D-02
  -.12058799625643D-01  0.22705688607513D-01  0.15816201294421D-02
  cycle =      9    UFF energy =      0.0813916699   |dE/dxyz| =  0.057421
   -7.01797840796568      3.11653393209266      0.60522964729896      c       
   -4.64086689468417      4.75728114007551      0.62827356775745      c       
   -9.33003494793797      4.65334255785037     -0.28689620514671      c       
   -9.01794665910571      5.33145035259200     -2.26499901003346      h       
   -9.63984412106807      6.33162824100581      0.96089541514369      h       
  -11.07361714081043      3.46237563554017     -0.24668097460918      h       
   -6.65224743320052      0.85736427656564     -1.02360048652810      n       
   -7.31704052812952      2.52133683453540      2.60651048963321      h       
   -6.50282162403534     -0.77186885726585      0.11335451099702      h       
   -8.20525349522169      0.56402959862763     -2.23828824233719      h       
   -3.37028973869576      5.32330890214662     -1.57429943504682      o       
   -3.79759686952374      5.72244355893005      2.93379109236291      o       
   -4.24173616792444      7.64077437190821      2.96595084750490      h       
  -.72803600590639D-02  0.40437890135190D-02  0.95145377874312D-02
  0.85145375792741D-02  0.13807974282036D-01  -.21027193247220D-01
  0.17466630742356D-02  0.31691730796265D-03  0.10215079055257D-02
  0.74582313337916D-03  0.87208882591918D-03  -.24027224845753D-02
  -.59850321041884D-03  0.32167765654661D-02  0.21933826297642D-02
  -.29931274923086D-02  -.21034104501844D-02  -.48720911026641D-03
  0.10832599535972D-01  -.30915694851199D-02  -.44099014479689D-02
  0.39825299360321D-03  -.85027013463263D-03  -.68383427070315D-03
  -.49663285592081D-03  -.52336854442828D-02  0.37743597748803D-02
  -.61467202152697D-02  0.11126414217857D-02  -.36346916902514D-02
  -.43255907601602D-02  -.89450697493430D-02  0.71030624953999D-02
  0.13478079735955D-01  -.29551282066754D-01  0.72658513553903D-02
  -.13875021459277D-01  0.26405099913628D-01  0.17728503025935D-02
  cycle =     10    UFF energy =      0.0831828118   |dE/dxyz| =  0.056112
   -7.00333344554999      3.12307631707787      0.63093062784421      c       
   -4.57644536384780      4.69490292499312      0.51533033223669      c       
   -9.31830398337877      4.70068013087205     -0.18243610556314      c       
   -9.06449826043433      5.37177678143860     -2.17152370291419      h       
   -9.55671573337529      6.38396253363754      1.07515191415245      h       
  -11.07952568500238      3.53833712504188     -0.08128111512902      h       
   -6.77049127747966      0.81841033647066     -0.96384565026614      n       
   -7.22123264735474      2.57825232354790      2.65935901495060      h       
   -6.80282162403534     -0.81699556115962      0.18713662789653      h       
   -8.28886069868219      0.64914557063264     -2.25213110225718      h       
   -3.29119540810032      5.03818052679424     -1.73829147615007      o       
   -3.65799078438572      5.76562361196518      2.74783001949984      o       
   -4.17585911667624      7.66464792329229      2.75301183269613      h       
  -.79872345660476D-02  0.46068076002507D-02  0.96070107209859D-02
  0.65590715093434D-02  0.12633821823951D-01  -.17958550574735D-01
  0.14354201201131D-02  0.23801269795554D-03  0.91434704429960D-03
  0.75713767929034D-03  0.84237493602640D-03  -.25753586424053D-02
  -.63463126446548D-03  0.33370620708253D-02  0.23675145533647D-02
  -.32007998581839D-02  -.21308123173368D-02  -.47614539043437D-03
  0.12869342536116D-01  -.13015307067976D-02  -.56650840083458D-02
  0.15070570902507D-03  -.57137066551125D-03  0.19896201500169D-03
  -.43902216225837D-03  -.85945847702369D-02  0.54690182592071D-02
  -.80666680100548D-02  0.11431142174948D-02  -.49883293525765D-02
  -.17150847482892D-02  -.78125682503081D-02  0.26262189262153D-02
  0.13728563932657D-01  -.28396453605990D-01  0.91143316552519D-02
  -.13456800877245D-01  0.26006126969677D-01  0.13660647941712D-02
  cycle =     11    UFF energy =      0.0816704875   |dE/dxyz| =  0.059552
   -7.06444265813584      3.12267680034787      0.59840372574882      c       
   -4.61609131988650      4.67220841342749      0.70424934345492      c       
   -9.28707210135522      4.75014443953551     -0.38000815388770      c       
   -8.89184925602011      5.38690819593749     -2.36223111066295      h       
   -9.55937195240087      6.45532402208673      0.84020694197148      h       
  -11.08568364019025      3.63868407839503     -0.36916154538104      h       
   -6.73497491097382      0.85176471602993     -1.02847745757150      n       
   -7.46391756164454      2.54290448965116      2.59788467588916      h       
   -6.50282162403534     -0.78709311283595      0.12236340745117      h       
   -8.36042370615241      0.52658159571352     -2.16731562340202      h       
   -3.24377820942559      5.19434616245807     -1.47214930187328      o       
   -3.80597306856087      5.61294621073498      3.04293524755333      o       
   -4.19087401952122      7.54260453312273      3.05254106770650      h       
  -.80163866146557D-02  0.36372243291317D-02  0.80887405420720D-02
  0.56278323570694D-02  0.11130547020997D-01  -.16005619848669D-01
  0.12937484716375D-04  0.80099546912728D-03  0.10196550205859D-02
  0.93611352596642D-03  0.12391739714099D-02  -.38315883737074D-02
  -.78754062991599D-03  0.32235269149005D-02  0.23674201651478D-02
  -.38266860528843D-02  -.22259665278615D-02  -.31474786414151D-03
  0.16960616596783D-01  0.50212388573170D-02  -.71032494811852D-02
  -.47804101474715D-03  -.74504194991325D-03  0.27607920887688D-02
  0.75718922587085D-03  -.14887971580105D-01  0.94725646176002D-02
  -.13161409363641D-01  0.44935882649587D-03  -.83768564423201D-02
  0.41612561680513D-03  -.64008549203557D-02  -.11675688699059D-02
  0.14705152915709D-01  -.27252823753556D-01  0.12582874581210D-01
  -.13145904047076D-01  0.26010593342412D-01  0.50758386454496D-03
  cycle =     12    UFF energy =      0.0805184390   |dE/dxyz| =  0.064219
   -7.01244593058616      3.10533473770313      0.61600823466964      c       
   -4.65752749131812      4.81062334424985      0.62373415922014      c       
   -9.37510020119769      4.59690729412114     -0.27552330918932      c       
   -9.08553668289738      5.27392129263559     -2.26666909403464      h       
   -9.71014222429699      6.27882312323089      0.96495870886871      h       
  -11.10474888755228      3.37280339035710     -0.21144654129428      h       
   -6.60311919388842      0.84605622623267     -1.01586521472299      n       
   -7.29644882218630      2.50876215522714      2.63441591388760      h       
   -6.42825405783095     -0.80544098645258      0.13216143160764      h       
   -8.17280944141825      0.53214896198915     -2.24086627550451      h       
   -3.45371973833619      5.49434616245807     -1.61962624530551      o       
   -3.80148897504789      5.77323316703175      2.93880132182358      o       
   -4.10593238174559      7.72248167582048      2.89915812697076      h       
  -.86095596552593D-02  0.23044373253906D-02  0.93792961227703D-02
  0.48899284852781D-02  0.10950360740393D-01  -.13660576898161D-01
  -.92607564376084D-03  0.25383314525398D-02  0.10922881932341D-02
  0.11240054681017D-02  0.18168173521109D-02  -.48775871704366D-02
  -.10914035173103D-02  0.38016583734874D-02  0.25656130457367D-02
  -.52879135307042D-02  -.31239300443926D-02  -.11771488328145D-03
  0.19044451666711D-01  0.51243743655284D-02  -.72746400894490D-02
  -.68585222144515D-03  -.15167782570189D-02  0.37463316937577D-02
  0.84331995597557D-03  -.15986029416192D-01  0.10378326169374D-01
  -.14724291142590D-01  -.15316677330083D-03  -.98228659740958D-02
  0.35193894033044D-02  -.46755171777134D-02  -.54017596985033D-02
  0.15704558077017D-01  -.29768836614554D-01  0.13549081658518D-01
  -.13800557345317D-01  0.28688278673721D-01  0.44420783053623D-03
  cycle =     13    UFF energy =      0.0769291825   |dE/dxyz| =  0.060438
   -6.98098696433410      3.09145444540161      0.62490247664133      c       
   -4.72693190448343      4.92742119477010      0.60102392834084      c       
   -9.43644576879400      4.45767752320113     -0.22275697828903      c       
   -9.21572743943463      5.15481077093261     -2.21450928854556      h       
   -9.83360003454499      6.11978450304254      1.02480259982509      h       
  -11.10037624989639      3.14714879767379     -0.13127991949556      h       
   -6.47813196093580      0.85742768350978     -1.01386586248523      n       
   -7.20009655889478      2.47991866966418      2.64636200105526      h       
   -6.31584947687735     -0.79675057061856      0.12274885779045      h       
   -7.99685386069428      0.52717905538856     -2.29189931454246      h       
   -3.67968247081263      5.79434616245807     -1.66858820531535      o       
   -3.85953193933907      5.89170190448644      2.90716119497260      o       
   -3.98305939926081      7.85788040469423      2.79513972704457      h       
  -.76824010329026D-02  0.12002990950476D-02  0.91154301366599D-02
  0.30873262272847D-02  0.80387647723647D-02  -.82104777360991D-02
  -.13362511110879D-02  0.32508517861695D-02  0.89236582249592D-03
  0.10442328510907D-02  0.18160837411253D-02  -.45477598679102D-02
  -.10771263149456D-02  0.36186934383729D-02  0.23061972559450D-02
  -.53309651299986D-02  -.32025704145814D-02  -.33047607605105D-05
  0.17224754256654D-01  0.37206576431469D-02  -.63183493083191D-02
  -.69187813982052D-03  -.16519488816223D-02  0.34808287576318D-02
  0.72754839086337D-03  -.13846338784621D-01  0.90620885233324D-02
  -.13191645003931D-01  -.52843179930914D-03  -.89923353987587D-02
  0.55601841907128D-02  -.15483718101839D-02  -.87823388395033D-02
  0.13878588616716D-01  -.30229356202093D-01  0.12155311486226D-01
  -.12212367800635D-01  0.29361667416184D-01  -.15765607094047D-03
  cycle =     14    UFF energy =      0.0717936336   |dE/dxyz| =  0.052148
   -6.94898845902433      3.08546608423008      0.63308060716115      c       
   -4.82753627209144      5.06642257049275      0.58598902245940      c       
   -9.50256223047982      4.28969064580540     -0.16677056816078      c       
   -9.36483065253020      5.00504586312036     -2.15564561683645      h       
   -9.97912227511345      5.92142924121496      1.08880821387073      h       
  -11.07605095834105      2.87719814445630     -0.04667168740928      h       
   -6.33109398448328      0.89175053038511     -1.01311586477379      n       
   -7.09536327426400      2.45977072248894      2.65427462514896      h       
   -6.18611790334079     -0.76582569815183      0.10152881399949      h       
   -7.77329193882834      0.54680112554032     -2.36182131865049      h       
   -3.94823333521641      6.09434616245807     -1.69311850599277      o       
   -3.95339481232962      6.04148830490109      2.87770732178774      o       
   -3.82068793225970      7.99641684766296      2.67499617439312      h       
  -.53413538532888D-02  -.29849143450572D-03  0.76127678526408D-02
  0.19155190937661D-02  0.44127288665918D-02  -.25869397615605D-02
  -.16890174677558D-02  0.37311579729161D-02  0.53631921244531D-03
  0.80530293532315D-03  0.15999013742858D-02  -.35585270109438D-02
  -.94449696507331D-03  0.30139039706861D-02  0.17338964496084D-02
  -.47772207172233D-02  -.29881363838981D-02  0.14452777043575D-03
  0.13101103192053D-01  0.15364113073954D-02  -.43324245739354D-02
  -.60599439646330D-03  -.15859653802437D-02  0.26682118784795D-02
  0.49665447555201D-03  -.94883387119858D-02  0.63552943646343D-02
  -.98908521253088D-02  -.10300357195607D-02  -.70415632840400D-02
  0.59012076548356D-02  0.16649288144471D-02  -.96151640618409D-02
  0.93200298898273D-02  -.29158264156919D-01  0.94011826150000D-02
  -.82908817162442D-02  0.28590199480791D-01  -.13175814509235D-02
  cycle =     15    UFF energy =      0.0673939962   |dE/dxyz| =  0.042910
   -6.90377006110355      3.09062658339353      0.64951133654910      c       
   -4.92918899220968      5.21066112852926      0.53974918231032      c       
   -9.56285314684355      4.10480334701212     -0.06698423289007      c       
   -9.53957247549120      4.84679519439403     -2.04868785286303      h       
  -10.12158100049784      5.68714621422751      1.21447972545783      h       
  -11.02071728075379      2.57719814445630      0.08660245289223      h       
   -6.18760561278026      0.93730422131427     -1.00068706200447      n       
   -6.93840320639839      2.46571698591581      2.67529654690316      h       
   -6.17274873172764     -0.74788736623560      0.07337962631757      h       
   -7.49966599924823      0.66170230245091     -2.49211527719415      h       
   -4.21386792805502      6.31112461599361     -1.76093363267000      o       
   -4.02662836681115      6.22826231328257      2.79716438922336      o       
   -3.69067122638188      8.13654685987006      2.51246601496522      h       
  -.29035253619001D-02  -.19480970584440D-02  0.57894097770533D-02
  0.18983433545509D-02  0.27831603600334D-02  -.25216788454873D-03
  -.23314246623385D-02  0.43186698180550D-02  0.46812908062549D-03
  0.59417201877228D-03  0.16392315158725D-02  -.30714986993912D-02
  -.10052881700900D-02  0.25676224103193D-02  0.12802861061449D-02
  -.44669578823726D-02  -.31338390348108D-02  0.38600814080208D-03
  0.11725966324302D-01  0.24842792203772D-02  -.16316390024371D-02
  -.45480299906552D-03  -.17340956492922D-02  0.23969275215677D-02
  0.53573235967366D-03  -.75205530585503D-02  0.56905091905837D-02
  -.92248569045029D-02  -.20795218360243D-02  -.81486224206961D-02
  0.49509316831860D-02  0.27619749002652D-02  -.82115261317760D-02
  0.54125138166090D-02  -.23610072810715D-01  0.67856482894339D-02
  -.47308035768242D-02  0.23471241222914D-01  -.14814639673619D-02
  cycle =     16    UFF energy =      0.0638866719   |dE/dxyz| =  0.045687
   -6.84015820371282      3.10004044673028      0.68151400368789      c       
   -5.01251681666774      5.33730813009330      0.43803385311375      c       
   -9.60228313666823      3.91417734715266      0.10225862393530      c       
   -9.73476651983882      4.67813598374241     -1.86838264730357      h       
  -10.21621055009358      5.43778576931297      1.42668731964462      h       
  -10.93075844409246      2.27719814445630      0.30690122102467      h       
   -6.08055608425465      0.96733244598901     -0.96390428633420      n       
   -6.71238888475802      2.50657495466570      2.71630720516079      h       
   -6.35876230144042     -0.76265815082751      0.03039501576833      h       
   -7.20198331406266      0.88122907317276     -2.64573657959724      h       
   -4.47840988622541      6.43166102721615     -1.91446429244668      o       
   -4.04892007543532      6.44388545145466      2.62766262292941      o       
   -3.58955981105210      8.29732992144559      2.24196915741360      h       
  -.12874428011571D-02  -.36272630789730D-02  0.37233606788605D-02
  0.20352273910388D-02  0.17322914872220D-02  0.58498153571425D-03
  -.36127526567139D-02  0.46283640339155D-02  0.10002952085791D-02
  0.29528254222857D-03  0.21256321466602D-02  -.35490502535283D-02
  -.12070836071259D-02  0.22287506922957D-02  0.99800766234114D-03
  -.44251147119401D-02  -.36543067521139D-02  0.67422592221385D-03
  0.16812892599137D-01  0.10558206823482D-01  0.24314089890607D-02
  -.81992053283980D-04  -.20006577404540D-02  0.34362877805807D-02
  -.92537446313156D-03  -.13984155475037D-01  0.10088969217040D-01
  -.12877265273880D-01  -.21974891897569D-02  -.16064863005073D-01
  0.42636673655067D-02  0.34967581615426D-02  -.80974340863826D-02
  0.34997896459704D-02  -.17869407148614D-01  0.59295734469768D-02
  -.24898339766490D-02  0.18563276039830D-01  -.11557630963830D-02
  cycle =     17    UFF energy =      0.0593550198   |dE/dxyz| =  0.030324
   -6.79640592754449      3.12331229017194      0.71066078874295      c       
   -5.13154484964487      5.45962294856193      0.34864483179750      c       
   -9.62494697189281      3.73081445106104      0.24952019680557      c       
   -9.90346317224484      4.47381339206414     -1.71027331286493      h       
  -10.28697634229688      5.20647469074336      1.59876399926934      h       
  -10.81628594760528      2.00496459951372      0.51117017293800      h       
   -5.98718264838554      1.01839195313680     -0.93006058851289      n       
   -6.53024326069444      2.57145661637419      2.74055970442497      h       
   -6.42161752593745     -0.71381704261597     -0.02911300341396      h       
   -6.95830630929303      1.04462710249330     -2.68593172506635      h       
   -4.77840988622541      6.53194375983079     -2.04240342014445      o       
   -4.10758689233170      6.65063717356200      2.46297801265677      o       
   -3.46430429420557      8.40775860970699      1.95472556036396      h       
  0.30773330088259D-03  -.34334158497170D-02  0.16560089051942D-02
  0.14940343319373D-02  0.65411937015972D-03  0.87738640502288D-03
  -.29704427644164D-02  0.32425390531839D-02  0.85981449260071D-03
  -.90698305188935D-04  0.17261664301402D-02  -.26923139848302D-02
  -.81263723293734D-03  0.12636068361757D-02  0.44593247600992D-03
  -.31086597937148D-02  -.29580694414957D-02  0.56427473365151D-03
  0.97787478943809D-02  0.71239821211099D-02  0.19241739864119D-02
  0.20403966187721D-03  -.16379147086026D-02  0.26477544145804D-02
  -.63720935166121D-03  -.83723704074357D-02  0.64006999031160D-02
  -.76026769798661D-02  -.15355353738452D-02  -.10076181210089D-01
  0.25407754959340D-02  0.29128586075062D-02  -.59025426010149D-02
  0.27809671822090D-03  -.12561592395710D-01  0.47493243832682D-02
  0.61889702455183D-03  0.13575625758531D-01  -.14543319039220D-02
  cycle =     18    UFF energy =      0.0564616957   |dE/dxyz| =  0.025017
   -6.74678882817084      3.14310975913131      0.74670071605256      c       
   -5.24473992709096      5.55878287908678      0.25624338463681      c       
   -9.62112263920872      3.55754807491318      0.41675717209633      c       
  -10.04866295213533      4.24710839272558     -1.53358589299087      h       
  -10.30933956398763      5.00269242042059      1.78142767125683      h       
  -10.67912534260874      1.76444009528645      0.75682376207706      h       
   -5.90760552305920      1.06161454942244     -0.89515547612339      n       
   -6.34068283179746      2.64002282191304      2.76324905944298      h       
   -6.57311414243397     -0.66931260603113     -0.13976575903577      h       
   -6.67858165208366      1.26379622321172     -2.73717930550951      h       
   -5.06704830926860      6.57914220249795     -2.17309412088705      o       
   -4.16493574248810      6.84820898752778      2.28209444561663      o       
   -3.42552657396899      8.51284674449834      1.65472556036396      h       
  0.70190058389992D-03  -.27837842240449D-02  0.45223827952044D-03
  0.98601427449619D-03  -.50279964603554D-04  0.55558885771088D-03
  -.22176716565090D-02  0.17905742440357D-02  0.99068439502523D-03
  -.50036285983754D-03  0.13788643970492D-02  -.22326665945516D-02
  -.42785856001254D-03  0.51825139343761D-03  0.11292921154946D-03
  -.19771326433556D-02  -.24122678017681D-02  0.40912901625689D-03
  0.93489020745400D-02  0.82654323490411D-02  0.41458663195786D-02
  0.48067382162554D-03  -.12739786663188D-02  0.21028961125653D-02
  -.27803190045774D-02  -.91974259905197D-02  0.61757374433508D-02
  -.58934257079361D-02  0.28456107849135D-03  -.10820298910624D-01
  0.12970605828814D-02  0.22363990982818D-02  -.44697192689578D-02
  -.25951914178249D-03  -.59303601315803D-02  0.34944048643244D-02
  0.12417382365677D-02  0.71740142184985D-02  -.91678972574901D-03
  cycle =     19    UFF energy =      0.0549664569   |dE/dxyz| =  0.005662
   -6.71263479963068      3.16524802361979      0.77916013577583      c       
   -5.36229542200603      5.63368461435528      0.17272459900374      c       
   -9.60436958305130      3.42322773440201      0.56671754713812      c       
  -10.15703423359402      3.99221978323673     -1.38709498184020      h       
  -10.29807681948671      4.89025450697455      1.90243788892787      h       
  -10.54955022605136      1.60288505684061      1.03480844203947      h       
   -5.84816656922761      1.09789412880549     -0.86265720696002      n       
   -6.19415651130311      2.72216189157430      2.77716282983114      h       
   -6.64945703276320     -0.61112836582541     -0.25431351519494      h       
   -6.45003790400491      1.41793563184302     -2.72864122935924      h       
   -5.36704830926860      6.60217698566797     -2.27860326308455      o       
   -4.20639854520966      6.99979698616298      2.10005832637225      o       
   -3.40804807270501      8.57364356694664      1.35748164434716      h       
  0.28058097462753D-03  -.69175077209213D-03  0.27820745422229D-03
  0.11740899485704D-03  -.60434557392406D-03  0.32835719105391D-03
  0.44501244538421D-04  0.32963573935186D-03  0.62838996097120D-03
  -.52514952059011D-03  0.51475135832431D-03  -.13601023288525D-02
  0.20107453347641D-03  0.36749083477922D-04  0.72885759919086D-04
  -.73088148860247D-03  -.12053265111670D-02  0.78834884764026D-04
  0.15401287487390D-02  0.17535867555550D-02  0.70187737288246D-03
  0.18595880309026D-03  -.40110245351112D-03  0.52961228748161D-03
  -.57857265949821D-03  -.15780887153908D-02  0.14481684387532D-02
  -.11842877142813D-02  0.36694551054155D-03  -.18412887948614D-02
  0.14929775064611D-03  0.82301780902179D-03  -.21284991723946D-02
  -.23535960137116D-03  -.50194884379604D-03  0.15018829524227D-02
  0.73529993436842D-03  0.11578766136088D-02  -.23832600636206D-03
  cycle =     20    UFF energy =      0.0548269702   |dE/dxyz| =  0.002421
   -6.70950588617626      3.16800682657229      0.79244086416587      c       
   -5.39635402161452      5.64954366791424      0.17194149781711      c       
   -9.60124062126139      3.38904304541934      0.58410445986682      c       
  -10.16413760129496      3.87792408836479     -1.38336067100214      h       
  -10.31066484034445      4.89502206729803      1.86896655271187      h       
  -10.52068330543149      1.58005060558692      1.12287455287815      h       
   -5.81908674652022      1.10179625348279     -0.83997171561002      n       
   -6.18391141518993      2.74387862863438      2.78983860883199      h       
   -6.69808315191448     -0.59542868155989     -0.31800527345075      h       
   -6.30869391580686      1.47380607465930     -2.72757342116358      h       
   -5.48288926737954      6.63611655708893     -2.26633992573036      o       
   -4.18487715413581      7.00313011985514      2.07013221499142      o       
   -3.42714610123207      8.58711129128759      1.31419347269095      h       
  -.93845669958836D-04  0.65539125449764D-04  0.15037065303040D-03
  -.64629818036523D-04  -.57202380570350D-04  0.56332673436688D-04
  0.26858006292470D-03  -.13427767371268D-03  -.47050669634216D-04
  -.33935219462428D-04  0.64816434381472D-04  -.14423739645130D-03
  -.74880547947424D-04  0.22919926205094D-03  0.18283684481464D-03
  -.69145982743013D-05  -.12606929105523D-03  0.91436583737970D-05
  0.97925599206664D-03  0.61006324399376D-03  0.85547674601738D-03
  -.20122579742190D-04  0.41673841100353D-04  -.95623119337390D-04
  -.54345558724957D-03  -.95175537798354D-03  0.40493975145351D-03
  -.37590190161570D-03  0.32214122384302D-03  -.13282520846822D-02
  -.13270597537547D-04  -.19555629400970D-06  -.22553314975107D-03
  0.29296502310466D-04  -.85929093664085D-06  0.26835197999552D-03
  -.50176037477289D-04  -.63073560266870D-04  -.86755887265737D-04
  cycle =     21    UFF energy =      0.0548215480   |dE/dxyz| =  0.000115
   -6.71169952982645      3.17032330597011      0.79414120452729      c       
   -5.40098335154136      5.65311825669154      0.17146588560637      c       
   -9.60406716877426      3.38626599770919      0.58262562898413      c       
  -10.16603542355060      3.86574617172430     -1.38686508177765      h       
  -10.31687233557032      4.89563515307797      1.85993916437730      h       
  -10.52147394086977      1.57873938328870      1.12828995357814      h       
   -5.81653619080368      1.10333309493922     -0.83441301031985      n       
   -6.18752660911283      2.74937440929023      2.79296443549917      h       
   -6.69447626637132     -0.59242234997633     -0.31522621913177      h       
   -6.30014298630078      1.47287711754860     -2.72090085705163      h       
   -5.51086111484146      6.65065497120356     -2.26107203826640      o       
   -4.16504924903265      6.99509830791000      2.06203840857887      o       
   -3.41154986170664      8.58125672522688      1.30625374239336      h       
  0.47476563390259D-06  0.15667162131033D-05  0.49460051933204D-05
  -.18023140982728D-04  -.33270912430337D-04  -.54772580036751D-05
  0.19928334958712D-05  -.99425772264578D-06  0.39854674125693D-06
  -.21331727101006D-05  0.22920092848517D-05  -.57780483088961D-05
  -.93900320730133D-06  0.35974482391676D-05  0.41842363559344D-05
  -.81286755497550D-06  -.38551866434238D-05  0.28450010207789D-06
  0.57705220757077D-05  -.36428886527337D-05  -.95932717001962D-06
  0.39086779939155D-06  -.50334993746204D-06  0.10106073847133D-05
  -.11631908159501D-06  -.10807639787465D-06  0.12473323266508D-05
  -.44586241444455D-05  0.14047117599123D-05  -.28988069048268D-05
  -.10614057050335D-04  0.94238988514826D-05  -.67064914805670D-04
  0.27057941488090D-04  0.22519453986324D-04  0.74273216223148D-04
  0.14102542385112D-05  0.15704334496371D-05  -.41660891340238D-05
  cycle =     22    UFF energy =      0.0548215283   |dE/dxyz| =  0.000001
   -6.71190275902324      3.17047884538637      0.79429663104184      c       
   -5.40133433778356      5.65336105325187      0.17165093576695      c       
   -9.60426401255589      3.38608707527689      0.58238121150398      c       
  -10.16602085541512      3.86501887046805     -1.38728020267754      h       
  -10.31739509291581      4.89569093518282      1.85920284693691      h       
  -10.52156216390331      1.57861923931420      1.12837403312974      h       
   -5.81630176515050      1.10349495278490     -0.83401071010632      n       
   -6.18796226212424      2.74969416490142      2.79321105056903      h       
   -6.69440512649777     -0.59226749500713     -0.31512500950553      h       
   -6.29928789807873      1.47306913882425     -2.72064235931002      h       
   -5.51292640660639      6.65191005052127     -2.26025249847280      o       
   -4.16352138835683      6.99423969693854      2.06156857070819      o       
   -3.41038995989074      8.58060401676053      1.30586671741289      h       
  0.32098545370339D-08  0.10303046499998D-07  0.29012474535533D-07
  -.10119030674429D-06  -.22337716431339D-06  -.57554686659807D-07
  0.39462674896514D-08  -.10323253992741D-07  0.94596500331296D-08
  -.14374634225338D-07  0.11590029564876D-07  -.13729527746143D-07
  -.26120210536596D-08  0.17128652431261D-07  0.30323850940393D-07
  0.20765458746508D-08  -.10582632600906D-07  0.76175783266792D-08
  0.27300188030783D-07  -.83463490684749D-08  0.12613078055634D-07
  0.99626000292334D-08  -.82949471536323D-08  0.16919154331133D-08
  -.11406019655516D-07  -.85029812655962D-08  -.25215407510745D-08
  -.21683368145822D-07  0.12465102611344D-07  -.53003897993766D-07
  -.36598951547780D-07  0.39059297280049D-07  -.42722702618073D-06
  0.13153439036258D-06  0.16803447528335D-06  0.49749336364737D-06
  0.98354550471906D-08  0.10846724722395D-07  -.34175231642015D-07
  cycle =     23    UFF energy =      0.0548215283   |dE/dxyz| =  0.000000
   -6.71190815058123      3.17048365594532      0.79430012622629      c       
   -5.40134366036073      5.65336805041157      0.17165492983547      c       
   -9.60426932657027      3.38608296739405      0.58237314026191      c       
  -10.16601980647424      3.86500863344555     -1.38729154738538      h       
  -10.31741006210948      4.89568772113110      1.85918807102086      h       
  -10.52156437367635      1.57861368437360      1.12836625252385      h       
   -5.81629501382548      1.10349990960564     -0.83400053332941      n       
   -6.18797423216891      2.74970365771978      2.79321725699392      h       
   -6.69439397543177     -0.59226459355724     -0.31511417571347      h       
   -6.29927653711973      1.47306888990385     -2.72063423704730      h       
   -5.51298064985957      6.65194284049141     -2.26023498064969      o       
   -4.16348098479451      6.99421832943293      2.06155877770570      o       
   -3.41035725532984      8.58058679830640      1.30585813655458      h       
  0.41223997956572D-11  0.11663309369952D-10  0.17549659384682D-10
  -.77249641579347D-10  -.14795412464630D-09  -.40350782611054D-10
  -.57609286265026D-11  -.20163241735982D-11  0.36160362356340D-12
  -.29133714754895D-11  0.18538280719543D-11  -.44354129744018D-11
  -.24922290793594D-11  0.60696306921487D-11  0.80501320195926D-11
  -.20418584358028D-12  -.10934737273635D-11  0.74413627590051D-12
  0.98288941005262D-11  -.10105057849513D-10  -.53542103476550D-11
  0.30404936381123D-11  -.28228530624119D-11  0.44619665492789D-11
  -.14169599738337D-11  -.31494651721656D-11  -.23714748155663D-11
  -.34105059813598D-11  0.23118940572706D-11  -.75357084938429D-11
  -.48046169473515D-10  0.36727094455957D-10  -.27642220630508D-09
  0.12172575382559D-09  0.10197362051989D-09  0.32061295784057D-09
  0.27764648219408D-11  0.65418998343447D-11  -.15310649449651D-10
$end
