$coord                                                                          
    2.04173689686693      4.73927993728258     -0.91469824384469      c       
   -0.08498674384147      5.06684911751665      0.46549405124256      c       
   -1.27687015950083      3.04509603582495      1.47639193020007      c       
    2.99918982686747      2.38593331634537     -1.26930616909756      c       
    1.82161532287548      0.33838772734427     -0.24307281806518      c       
   -0.33245644065397      0.68571909680252      1.12812453568391      c       
   -1.05524418816193      7.48244094359377      0.83474589737811      o       
   -0.29562565562481      8.28478261884240      2.39958905597280      h       
   -1.32031937048328     -0.92031822036840      1.94336305282520      h       
    4.69690194029581      2.14867400515389     -2.40005344621812      h       
    2.95743147036567      6.37417757294823     -1.74441668383710      h       
   -2.99872082184511      3.32880405895356      2.55241524644009      h       
    2.88069516879383     -2.29491123215832     -0.65754893379832      c       
    1.97886690885410     -3.49752890745577     -3.16051878621793      c       
    2.35813270025652     -3.54471148831431      0.95201318715482      h       
    4.97948828985625     -2.20811084591376     -0.65870286309563      h       
   -0.87167458082220     -3.95852488897429     -3.19102275272751      c       
   -2.12011880213774     -4.67487636346824     -0.98929530585912      o       
   -2.21076806121770     -3.93876994629371     -5.45138409287399      o       
   -4.04618764312405     -4.33460302208306     -5.08955675434301      h       
    2.86359605342094     -1.92330571085623     -5.28792414950149      n       
    2.82345666473005     -5.42021292638055     -3.31162089073712      h       
    4.78291812516371     -2.27522192144580     -5.60375503481429      h       
    1.91919500374037     -2.45188456037580     -6.95170571807553      h       
$end                                                                            
