$ufftopology
nxtnei12
    1     3
          2     4    11
    2     3
          1     3     7
    3     3
          2     6    12
    4     3
          1     5    10
    5     3
          4     6    13
    6     3
          3     5     9
    7     2
          2     8
    8     1
          7
    9     1
          6
   10     1
          4
   11     1
          1
   12     1
          3
   13     4
          5    14    15    16
   14     4
         13    17    21    22
   15     1
         13
   16     1
         13
   17     3
         14    18    19
   18     1
         17
   19     2
         17    20
   20     1
         19
   21     3
         14    23    24
   22     1
         14
   23     1
         21
   24     1
         21
nxtnei13
    1     4
          3     7     5    10
    2     5
          4    11     6    12     8
    3     4
          1     7     5     9
    4     4
          2    11     6    13
    5     7
          1    10     3     9    14    15    16
    6     4
          2    12     4    13
    7     2
          1     3
    8     1
          2
    9     2
          3     5
   10     2
          1     5
   11     2
          2     4
   12     2
          2     6
   13     5
          4     6    17    21    22
   14     7
          5    15    16    18    19    23    24
   15     3
          5    14    16
   16     3
          5    14    15
   17     4
         13    21    22    20
   18     2
         14    19
   19     2
         14    18
   20     1
         17
   21     3
         13    17    22
   22     3
         13    17    21
   23     2
         14    24
   24     2
         14    23
nxtnei14
    1     4
          6    12     8    13
    2     3
          5    10     9
    3     4
          4    11     8    13
    4     6
          3     7     9    14    15    16
    5     6
          2    11    12    17    21    22
    6     6
          1     7    10    14    15    16
    7     4
          4    11     6    12
    8     2
          1     3
    9     4
          2    12     4    13
   10     4
          2    11     6    13
   11     4
          3     7     5    10
   12     4
          1     7     5     9
   13     8
          1    10     3     9    18    19    23    24
   14     3
          4     6    20
   15     5
          4     6    17    21    22
   16     5
          4     6    17    21    22
   17     5
          5    15    16    23    24
   18     4
         13    21    22    20
   19     3
         13    21    22
   20     2
         14    18
   21     5
          5    15    16    18    19
   22     7
          5    15    16    18    19    23    24
   23     3
         13    17    22
   24     3
         13    17    22
connectivity (= bond)
                    24
     1     2   2.556401   2.000000
     1     4   2.565288   2.000000
     1    11   2.049346   1.000000
     2     3   2.555384   2.000000
     2     7   2.629226   1.000000
     3     6   2.565125   2.000000
     3    12   2.050143   1.000000
     4     5   2.575321   2.000000
     4    10   2.053560   1.000000
     5     6   2.576984   2.000000
     5    13   2.868397   1.000000
     6     9   2.054226   1.000000
     7     8   1.915596   1.000000
    13    14   2.919665   1.000000
    13    15   2.103750   1.000000
    13    16   2.100588   1.000000
    14    17   2.887739   1.000000
    14    21   2.790480   1.000000
    14    22   2.105440   1.000000
    17    18   2.630471   1.000000
    17    19   2.627317   1.000000
    19    20   1.912163   1.000000
    21    23   1.976712   1.000000
    21    24   1.984807   1.000000
angle
                    38
     1     2     3     2     120.02       1.00       4.00
     1     2     7     2     120.04       1.00       5.00
     1     4     5     2     120.24       2.00       8.00
     1     4    10     2     119.38       2.00       9.00
     2     1     4     2     120.18       1.00       2.00
     2     1    11     2     119.21       1.00       3.00
     2     3     6     2     120.15       4.00       6.00
     2     3    12     2     119.33       4.00       7.00
     2     7     8     9     110.68       5.00      13.00
     3     2     7     2     119.95       4.00       5.00
     3     6     5     2     120.26       6.00      10.00
     3     6     9     2     119.22       6.00      12.00
     4     1    11     2     120.61       2.00       3.00
     4     5     6     2     119.15       8.00      10.00
     4     5    13     2     120.23       8.00      11.00
     5     4    10     2     120.37       8.00       9.00
     5     6     9     2     120.52      10.00      12.00
     5    13    14     9     112.83      11.00      14.00
     5    13    15     9     110.07      11.00      15.00
     5    13    16     9     109.33      11.00      16.00
     6     3    12     2     120.51       6.00       7.00
     6     5    13     2     120.61      10.00      11.00
    13    14    17     9     112.32      14.00      17.00
    13    14    21     9     108.86      14.00      18.00
    13    14    22     9     108.29      14.00      19.00
    14    13    15     9     109.54      14.00      15.00
    14    13    16     9     108.98      14.00      16.00
    14    17    18     2     120.21      17.00      20.00
    14    17    19     2     120.73      17.00      21.00
    14    21    23     9     109.22      18.00      23.00
    14    21    24     9     109.75      18.00      24.00
    15    13    16     9     105.85      15.00      16.00
    17    14    21     9     113.26      17.00      18.00
    17    14    22     9     104.44      17.00      19.00
    17    19    20     9     108.96      21.00      22.00
    18    17    19     2     118.70      20.00      21.00
    21    14    22     9     109.47      18.00      19.00
    23    21    24     9     106.30      23.00      24.00
torsion
                    55
     4     1     2     3     1     3 359.37223534 120.17767900 120.01502427
     4     1     2     7     1     3 179.71622671 120.17767900 120.03645881
    11     1     2     3     1     3 178.82375619 119.21485603 120.01502427
    11     1     2     7     1     3 359.16774756 119.21485603 120.03645881
     2     1     4     5     2     3   0.16040605 120.17767900 120.24045038
     2     1     4    10     2     3 179.30992178 120.17767900 119.38423738
    11     1     4     5     2     3 180.71659579 120.60516362 120.24045038
    11     1     4    10     2     3 359.86611152 120.60516362 119.38423738
     1     2     3     6     4     3   0.56365643 120.01502427 120.15094947
     1     2     3    12     4     3 181.04798322 120.01502427 119.33236922
     7     2     3     6     4     3 180.21997276 119.94762358 120.15094947
     7     2     3    12     4     3   0.70429955 119.94762358 119.33236922
     1     2     7     8     5     3 270.84760381 120.03645881 110.68343208
     3     2     7     8     5     3  91.19136180 119.94762358 110.68343208
     2     3     6     5     6     3 359.96758220 120.15094947 120.26278018
     2     3     6     9     6     3 180.39026589 120.15094947 119.22085256
    12     3     6     5     6     3 179.47746726 120.51489008 120.26278018
    12     3     6     9     6     3 359.90015096 120.51489008 119.22085256
     1     4     5     6     8     3   0.36571006 120.24045038 119.14918647
     1     4     5    13     8     3 179.50491407 120.24045038 120.23118239
    10     4     5     6     8     3 181.22464144 120.36980481 119.14918647
    10     4     5    13     8     3   0.36384545 120.36980481 120.23118239
     4     5     6     3    10     3 359.57041778 119.14918647 120.26278018
     4     5     6     9    10     3 179.14221516 119.14918647 120.51500303
    13     5     6     3    10     3 180.43459768 120.61396162 120.26278018
    13     5     6     9    10     3   0.00639505 120.61396162 120.51500303
     4     5    13    14    11    22 274.91513360 120.23118239 112.82831891
     4     5    13    15    11    22 152.22333514 120.23118239 110.06725131
     4     5    13    16    11    22  36.35241654 120.23118239 109.33266159
     6     5    13    14    11    22  94.04159756 120.61396162 112.82831891
     6     5    13    15    11    22 331.34979910 120.61396162 110.06725131
     6     5    13    16    11    22 215.47888051 120.61396162 109.33266159
     5    13    14    17    14     1 295.24953784 112.82831891 112.31593760
     5    13    14    21    14     1  61.50546169 112.82831891 108.86081583
     5    13    14    22    14     1 180.43950144 112.82831891 108.28640535
    15    13    14    17    14     1  58.23535569 109.54027111 112.31593760
    15    13    14    21    14     1 184.49127954 109.54027111 108.86081583
    15    13    14    22    14     1 303.42531929 109.54027111 108.28640535
    16    13    14    17    14     1 173.61021124 108.97566822 112.31593760
    16    13    14    21    14     1 299.86613509 108.97566822 108.86081583
    16    13    14    22    14     1  58.80017484 108.97566822 108.28640535
    13    14    17    18    17    22 324.37076389 112.31593760 120.20715616
    13    14    17    19    17    22 151.35050452 112.31593760 120.73068155
    21    14    17    18    17    22 200.53346622 113.26437692 120.20715616
    21    14    17    19    17    22  27.51320685 113.26437692 120.73068155
    22    14    17    18    17    22  81.49786200 104.44431824 120.20715616
    22    14    17    19    17    22 268.47760263 104.44431824 120.73068155
    13    14    21    23    18     1  77.32676101 108.86081583 109.22161863
    13    14    21    24    18     1 193.49541524 108.86081583 109.75356604
    17    14    21    23    18     1 203.03382182 113.26437692 109.22161863
    17    14    21    24    18     1 319.20247604 113.26437692 109.75356604
    22    14    21    23    18     1 319.13464442 109.46759225 109.22161863
    22    14    21    24    18     1  75.30329864 109.46759225 109.75356604
    14    17    19    20    21     3 178.16868306 120.73068155 108.95790630
    18    17    19    20    21     3   5.04512873 118.70193068 108.95790630
inversion
                     8
     1     2     4    11    11    11    11    0.479    0.474    0.481
     2     1     3     7    10    11    11   -0.298   -0.298   -0.298
     3     2     6    12    11    11    11   -0.422   -0.419   -0.424
     4     1     5    10    11    11    11    0.741    0.735    0.742
     5     4     6    13    11    11    11    0.744    0.752    0.755
     6     3     5     9    11    11    11   -0.369   -0.365   -0.370
    17    14    18    19    10    10    11   -5.996   -6.028   -5.907
    21    14    23    24     9     9     9   57.638   57.937   56.201
nonbond
                   214
    1     6    5.123
    1     8    5.387
    1     9    7.177
    1    12    6.278
    1    13    7.089
    1    14    8.538
    1    15    8.498
    1    16    7.547
    1    17    9.451
    1    18   10.293
    1    19   10.676
    1    20   11.697
    1    21    8.012
    1    22   10.468
    1    23    8.872
    1    24    9.390
    2     5    5.147
    2     9    6.289
    2    10    6.292
    2    13    8.016
    2    14    9.527
    2    15    8.965
    2    16    8.935
    2    17    9.770
    2    18   10.058
    2    19   10.983
    2    20   11.616
    2    21    9.521
    2    22   11.520
    2    23   10.698
    2    24   10.750
    3     4    5.124
    3     8    5.410
    3    10    7.177
    3    11    6.276
    3    13    7.096
    3    14    8.655
    3    15    7.544
    3    16    8.444
    3    17    8.426
    3    18    8.148
    3    19    9.881
    3    20   10.259
    3    21    9.359
    3    22   10.555
    3    23   10.731
    3    24   10.558
    4     7    6.844
    4     8    7.688
    4     9    6.317
    4    12    7.174
    4    14    6.264
    4    15    6.365
    4    16    5.040
    4    17    7.677
    4    18    8.726
    4    19    9.200
    4    20   10.459
    4    21    5.894
    4    22    8.071
    4    23    6.610
    4    24    7.541
    5     7    7.777
    5     8    8.638
    5    11    6.323
    5    12    6.324
    5    17    5.866
    5    18    6.421
    5    19    7.854
    5    20    8.931
    5    21    5.626
    5    22    6.602
    5    23    6.659
    5    24    7.266
    6     7    6.841
    6     8    7.705
    6    10    6.315
    6    11    7.172
    6    14    6.421
    6    15    5.017
    6    16    6.307
    6    17    6.365
    6    18    6.034
    6    19    8.259
    6    20    8.812
    6    21    7.628
    6    22    8.183
    6    23    8.958
    6    24    8.955
    7     9    8.480
    7    10    8.485
    7    11    4.897
    7    12    4.897
    7    13   10.645
    7    14   12.072
    7    15   11.544
    7    16   11.513
    7    17   12.130
    7    18   12.339
    7    19   13.088
    7    20   13.553
    7    21   11.887
    7    22   14.097
    7    23   13.067
    7    24   12.968
    8     9    9.273
    8    10    9.253
    8    11    5.604
    8    12    5.647
    8    13   11.461
    8    14   13.225
    8    15   12.210
    8    16   12.136
    8    17   13.472
    8    18   13.519
    8    19   14.653
    8    20   15.146
    8    21   13.164
    8    22   15.171
    8    23   14.190
    8    24   14.409
    9    10    8.031
    9    11    9.225
    9    12    4.609
    9    13    5.129
    9    14    6.601
    9    15    4.626
    9    16    6.937
    9    17    5.983
    9    18    4.831
    9    19    8.037
    9    20    8.279
    9    21    8.414
    9    22    8.064
    9    23    9.800
    9    24    9.590
   10    11    4.616
   10    12    9.227
   10    13    5.107
   10    14    6.312
   10    15    7.009
   10    16    4.700
   10    17    8.303
   10    18    9.748
   10    19    9.700
   10    20   11.212
   10    21    5.318
   10    22    7.850
   10    23    5.463
   10    24    7.043
   11    12    7.951
   11    13    8.737
   11    14   10.021
   11    15   10.296
   11    16    8.884
   11    17   11.114
   11    18   12.183
   11    19   12.116
   11    20   13.226
   11    21    9.023
   11    22   11.899
   11    23    9.646
   11    24   10.300
   12    13    8.746
   12    14   10.199
   12    15    8.860
   12    16   10.228
   12    17    9.519
   12    18    8.796
   12    19   10.840
   12    20   10.873
   12    21   11.110
   12    22   12.035
   12    23   12.589
   12    24   12.163
   13    18    5.548
   13    19    7.184
   13    20    8.473
   13    23    5.299
   13    24    6.369
   14    20    6.381
   15    17    5.270
   15    18    5.010
   15    19    7.876
   15    20    8.840
   15    21    6.467
   15    22    4.681
   15    23    7.104
   15    24    7.991
   16    17    6.612
   16    18    7.523
   16    19    8.813
   16    20   10.277
   16    21    5.098
   16    22    4.691
   16    23    4.949
   16    24    7.002
   17    23    6.374
   17    24    4.920
   18    20    4.543
   18    21    7.133
   18    22    5.513
   18    23    8.643
   18    24    7.537
   19    21    5.462
   19    22    5.667
   19    23    7.190
   19    24    4.639
   20    21    7.321
   20    22    7.179
   20    23    9.081
   20    24    6.527
   22    23    4.357
   22    24    4.783
qpartial
                    24
        -0.05207    0.24173   -0.09337   -0.14641    0.04286   -0.07666
        -0.68887    0.35399    0.16031    0.12104    0.15635    0.14004
        -0.21047   -0.02140    0.15499    0.13172    0.52899   -0.46670
        -0.71417    0.35383   -0.63864    0.14896    0.24870    0.32526
$end
