    24
 Energy =       0.1643583335
c     1.6703672    2.6182922    0.2614132  0.00    0.0452481    0.0677659    0.0348057
c     0.3248649    2.9356558    0.1418766  0.00   -0.0081597    0.1018668    0.0387472
c    -0.5827484    1.9945952   -0.3219261  0.00   -0.0874489    0.0436029   -0.0028080
c     2.1038063    1.3347474   -0.0833024  0.00    0.0667974   -0.0106788    0.0074024
c     1.2047783    0.3610782   -0.5608861  0.00    0.0118254   -0.1010267   -0.0389702
c    -0.1441045    0.7159142   -0.6796715  0.00   -0.0276212   -0.0725540   -0.0869820
o    -0.1504797    4.1703171    0.4675790  0.00   -0.0616031   -0.0488005    0.0185195
h    -0.7850651    4.0755150    1.1967033  0.00    0.0569397   -0.0068844   -0.0484702
h    -0.8895274    0.0262790   -1.0546636  0.00    0.0193198    0.0000933   -0.0551176
h     3.1621727    1.0964802    0.0165124  0.00    0.0030171   -0.0000868   -0.0002343
h     2.3926004    3.3457758    0.6178375  0.00    0.0096572   -0.0073292   -0.0004652
h    -1.6336796    2.2563998   -0.4108671  0.00   -0.0027573   -0.0008494    0.0027002
c     1.7669373   -1.0073413   -0.8964724  0.00   -0.0323957    0.0191334   -0.0103126
c     0.8861134   -2.0194266   -1.6556448  0.00    0.0507418   -0.0472416    0.0745749
h     2.1212937   -1.4658931    0.0371405  0.00   -0.0005488    0.0094123   -0.0107131
h     2.6645729   -0.8285312   -1.5058794  0.00   -0.0116220    0.0007658    0.0099725
c     0.2877588   -1.3395944   -2.9073099  0.00   -0.1181651    0.3809985   -0.0869349
o    -0.0664180   -0.1744118   -2.9918994  0.00    0.0654449   -0.2520235    0.1401117
o     0.1608327   -2.2305444   -3.9280651  0.00    0.0418725   -0.0328668    0.0656637
h     0.6173059   -1.8088839   -4.6997648  0.00    0.0028910   -0.0087461    0.0360324
n     1.5974427   -3.2508470   -2.1301054  0.00   -0.0176170   -0.0635699   -0.0612385
h     0.0358579   -2.3311629   -1.0380560  0.00    0.0171912   -0.0067769   -0.0131266
h     2.6066344   -3.0920603   -2.0299520  0.00   -0.0341443    0.0036823    0.0092267
h     1.3975604   -4.0138454   -1.4794020  0.00    0.0111370    0.0321135   -0.0223836
    24
 Energy =       0.1475744258
c     1.5938086    2.6292635    0.2408275  0.00    0.0384177    0.0573169    0.0296213
c     0.2523382    2.9264158    0.0928440  0.00   -0.0057787    0.0817491    0.0330857
c    -0.6369105    1.9590232   -0.3377593  0.00   -0.0741908    0.0363884   -0.0020672
c     2.0475971    1.3498572   -0.0602251  0.00    0.0571628   -0.0098175    0.0061069
c     1.1727891    0.3591233   -0.5259353  0.00    0.0092983   -0.0855869   -0.0331026
c    -0.1784261    0.6818132   -0.6585695  0.00   -0.0239371   -0.0618938   -0.0735853
o    -0.2254524    4.1909976    0.3187487  0.00   -0.0497344   -0.0344508    0.0114953
h    -0.8461715    4.1760088    1.0779365  0.00    0.0442813   -0.0060484   -0.0365873
h    -0.8982389   -0.0335817   -1.0447608  0.00    0.0160252   -0.0008724   -0.0478034
h     3.1085998    1.1317036    0.0566252  0.00    0.0029211   -0.0003047   -0.0002164
h     2.3005343    3.3850692    0.5696648  0.00    0.0086125   -0.0054260   -0.0001364
h    -1.6874977    2.2095689   -0.4577238  0.00   -0.0028514   -0.0003588    0.0023489
c     1.7654313   -1.0064290   -0.8202029  0.00   -0.0295039    0.0184341   -0.0083934
c     0.9511419   -2.0163492   -1.6602675  0.00    0.0406734   -0.0387653    0.0614534
h     2.0293448   -1.4717750    0.1463145  0.00    0.0005880    0.0069546   -0.0048046
h     2.7216162   -0.8280640   -1.3471262  0.00   -0.0055831    0.0011199    0.0060056
c     0.3673349   -1.3486006   -2.9163894  0.00   -0.0968546    0.3258078   -0.0707356
o    -0.0170868   -0.1660730   -3.0019734  0.00    0.0545367   -0.2136009    0.1181623
o     0.1613643   -2.2567689   -3.9159851  0.00    0.0288473   -0.0352640    0.0596520
h     0.6853050   -1.9114793   -4.6930811  0.00    0.0070633   -0.0031137    0.0245530
n     1.7290010   -3.2085810   -2.1214068  0.00   -0.0144255   -0.0559117   -0.0542114
h     0.0809699   -2.3742403   -1.0873708  0.00    0.0124349   -0.0062071   -0.0102554
h     2.7334026   -3.0123819   -1.9983442  0.00   -0.0272391    0.0033921    0.0079476
h     1.5380823   -3.9960127   -1.4906453  0.00    0.0092361    0.0264590   -0.0185330
    24
 Energy =       0.1410770607
c     1.5692271    2.6275325    0.2714365  0.00    0.0361556    0.0539839    0.0277565
c     0.2236184    2.9071183    0.1417781  0.00   -0.0035257    0.0726865    0.0298060
c    -0.6484615    1.9434309   -0.3276139  0.00   -0.0699199    0.0334035   -0.0023434
c     2.0402197    1.3645178   -0.0650164  0.00    0.0542506   -0.0098432    0.0056948
c     1.1788635    0.3741617   -0.5500283  0.00    0.0082249   -0.0807183   -0.0313951
c    -0.1741925    0.6826403   -0.6812523  0.00   -0.0225592   -0.0594083   -0.0698829
o    -0.2845550    4.1436223    0.4677379  0.00   -0.0451802   -0.0249007    0.0079585
h    -0.8952212    4.0417882    1.2366896  0.00    0.0376984   -0.0064549   -0.0294699
h    -0.8866530   -0.0332368   -1.0789389  0.00    0.0151145   -0.0009970   -0.0451361
h     3.1039900    1.1570240    0.0461721  0.00    0.0028453   -0.0003676   -0.0002034
h     2.2619155    3.3814585    0.6343001  0.00    0.0083542   -0.0044325    0.0001418
h    -1.7041639    2.1804658   -0.4310821  0.00   -0.0029362   -0.0001022    0.0022494
c     1.7931103   -0.9737598   -0.8802258  0.00   -0.0290305    0.0174624   -0.0080566
c     0.9600045   -1.9970924   -1.6830898  0.00    0.0377873   -0.0363944    0.0578706
h     2.1179489   -1.4388552    0.0704666  0.00    0.0011937    0.0057054   -0.0029597
h     2.7172097   -0.7679596   -1.4575923  0.00   -0.0035830    0.0014468    0.0044594
c     0.3749571   -1.3497401   -2.9476243  0.00   -0.0912414    0.3075193   -0.0665863
o    -0.0148014   -0.1607606   -3.0458924  0.00    0.0514017   -0.2012854    0.1116367
o     0.1871616   -2.2604888   -3.9504558  0.00    0.0267583   -0.0336353    0.0567507
h     0.7382065   -1.9265219   -4.7153131  0.00    0.0071361   -0.0026887    0.0224692
n     1.7301295   -3.2016674   -2.1209960  0.00   -0.0134266   -0.0528583   -0.0515846
h     0.0930693   -2.3346931   -1.0917727  0.00    0.0114597   -0.0059621   -0.0094620
h     2.7375959   -3.0138833   -2.0008798  0.00   -0.0255992    0.0031535    0.0075255
h     1.5296983   -3.9765935   -1.4756128  0.00    0.0086218    0.0246878   -0.0172390
    24
 Energy =       0.1393416948
c     1.4673257    2.6386025    0.3009425  0.00    0.0354098    0.0527910    0.0270678
c     0.1164025    2.8806976    0.1567934  0.00   -0.0029206    0.0697259    0.0286560
c    -0.7202071    1.9007437   -0.3438691  0.00   -0.0684698    0.0320727   -0.0024923
c     1.9771575    1.3937420   -0.0405624  0.00    0.0532695   -0.0095410    0.0056436
c     1.1518142    0.3849879   -0.5476768  0.00    0.0080160   -0.0782790   -0.0302241
c    -0.2074580    0.6567127   -0.7048682  0.00   -0.0226021   -0.0577814   -0.0674028
o    -0.4381879    4.0902566    0.5161101  0.00   -0.0432849   -0.0214254    0.0067309
h    -1.0405270    3.9376422    1.2866146  0.00    0.0352136   -0.0065859   -0.0267539
h    -0.8913673   -0.0746322   -1.1302586  0.00    0.0138076   -0.0015962   -0.0437859
h     3.0446763    1.2146799    0.0882600  0.00    0.0033674   -0.0004098   -0.0001032
h     2.1317810    3.4059442    0.6889849  0.00    0.0085836   -0.0036743    0.0004354
h    -1.7807086    2.1105296   -0.4601017  0.00   -0.0033445   -0.0000218    0.0021064
c     1.8200497   -0.9388589   -0.8740730  0.00   -0.0277043    0.0168807   -0.0068994
c     1.0442040   -1.9849735   -1.7043251  0.00    0.0354197   -0.0342981    0.0557849
h     2.1393224   -1.4009825    0.0802047  0.00    0.0011972    0.0055734   -0.0027947
h     2.7507712   -0.6962586   -1.4284985  0.00   -0.0026037    0.0015658    0.0039050
c     0.4613241   -1.3520870   -2.9732848  0.00   -0.0879419    0.2977919   -0.0643049
o     0.0486885   -0.1666815   -3.0782397  0.00    0.0498009   -0.1948885    0.1071384
o     0.2598452   -2.2787614   -3.9605451  0.00    0.0253983   -0.0329056    0.0548543
h     0.8104659   -1.9646464   -4.7345582  0.00    0.0071139   -0.0024852    0.0214694
n     1.8701839   -3.1539911   -2.1368686  0.00   -0.0130354   -0.0531987   -0.0512916
h     0.1765169   -2.3623481   -1.1353445  0.00    0.0101146   -0.0059967   -0.0087857
h     2.8683528   -2.9260467   -1.9947197  0.00   -0.0230140    0.0033340    0.0073743
h     1.6884514   -3.9457635   -1.5049215  0.00    0.0082091    0.0233523   -0.0163277
    24
 Energy =       0.1343617637
c     1.5543943    2.6284861    0.2828859  0.00    0.0339472    0.0505080    0.0259190
c     0.2076178    2.8984850    0.1598344  0.00   -0.0027104    0.0660443    0.0272020
c    -0.6568046    1.9333210   -0.3179474  0.00   -0.0656572    0.0303040   -0.0025285
c     2.0343196    1.3736104   -0.0642081  0.00    0.0511312   -0.0089580    0.0055397
c     1.1800521    0.3820948   -0.5544000  0.00    0.0076900   -0.0744097   -0.0285300
c    -0.1746340    0.6801948   -0.6812567  0.00   -0.0218649   -0.0548674   -0.0637404
o    -0.3091382    4.1282421    0.5106056  0.00   -0.0409199   -0.0192573    0.0058999
h    -0.9093815    4.0092776    1.2905935  0.00    0.0329009   -0.0062470   -0.0245880
h    -0.8824724   -0.0400929   -1.0823499  0.00    0.0125260   -0.0019106   -0.0413827
h     3.1006305    1.1732826    0.0431942  0.00    0.0036888   -0.0004416   -0.0000290
h     2.2404930    3.3858895    0.6537315  0.00    0.0084575   -0.0031687    0.0005711
h    -1.7151059    2.1632526   -0.4169370  0.00   -0.0035609    0.0000112    0.0019394
c     1.8047922   -0.9585662   -0.9017063  0.00   -0.0260410    0.0166174   -0.0055981
c     0.9654443   -1.9883740   -1.6958364  0.00    0.0324202   -0.0314625    0.0524180
h     2.1488856   -1.4247532    0.0425980  0.00    0.0013285    0.0053910   -0.0022331
h     2.7193025   -0.7417178   -1.4946651  0.00   -0.0014537    0.0015960    0.0030819
c     0.3797156   -1.3546365   -2.9653336  0.00   -0.0833951    0.2828593   -0.0610104
o    -0.0171122   -0.1567460   -3.0690175  0.00    0.0474666   -0.1852067    0.1008086
o     0.1889600   -2.2658753   -3.9695632  0.00    0.0230403   -0.0318558    0.0527634
h     0.7738244   -1.9572462   -4.7223894  0.00    0.0076068   -0.0018586    0.0194038
n     1.7390789   -3.1978283   -2.1184153  0.00   -0.0124915   -0.0523746   -0.0504649
h     0.0959657   -2.3186752   -1.0984293  0.00    0.0083148   -0.0059679   -0.0076674
h     2.7503515   -3.0127316   -1.9968403  0.00   -0.0198994    0.0033733    0.0070392
h     1.5296983   -3.9703856   -1.4689531  0.00    0.0074753    0.0212819   -0.0148133
    24
 Energy =       0.1248400287
c     1.6322275    2.6134499    0.2673221  0.00    0.0296775    0.0440531    0.0226732
c     0.2915941    2.9065235    0.1706938  0.00   -0.0024468    0.0570898    0.0234741
c    -0.5955132    1.9578612   -0.2867858  0.00   -0.0574574    0.0261301   -0.0024014
c     2.0855052    1.3552145   -0.0907958  0.00    0.0447653   -0.0076213    0.0050530
c     1.2069778    0.3828536   -0.5649911  0.00    0.0067255   -0.0644738   -0.0245373
c    -0.1413442    0.7017285   -0.6571311  0.00   -0.0190893   -0.0475632   -0.0552564
o    -0.1894079    4.1511932    0.5266781  0.00   -0.0351142   -0.0160214    0.0042638
h    -0.7717540    4.0594754    1.3283482  0.00    0.0279005   -0.0052731   -0.0201759
h    -0.8695650   -0.0082362   -1.0351071  0.00    0.0105790   -0.0020132   -0.0356861
h     3.1505303    1.1374234   -0.0079366  0.00    0.0036814   -0.0004427    0.0000440
h     2.3355532    3.3618799    0.6240698  0.00    0.0075453   -0.0025265    0.0006087
h    -1.6516848    2.2048269   -0.3653036  0.00   -0.0034715    0.0000405    0.0016160
c     1.7916741   -0.9689530   -0.9423553  0.00   -0.0223601    0.0151506   -0.0039396
c     0.8890137   -1.9816769   -1.6949785  0.00    0.0267972   -0.0260237    0.0447522
h     2.1682671   -1.4430128   -0.0130843  0.00    0.0015017    0.0046904   -0.0012645
h     2.6824682   -0.7714082   -1.5793744  0.00   -0.0001040    0.0014429    0.0018277
c     0.2982975   -1.3582292   -2.9677953  0.00   -0.0722684    0.2449607   -0.0529589
o    -0.0858776   -0.1389473   -3.0741764  0.00    0.0412544   -0.1603070    0.0867739
o     0.1145346   -2.2538303   -3.9896229  0.00    0.0158716   -0.0297068    0.0496423
h     0.7661652   -1.9800005   -4.7067367  0.00    0.0104960    0.0003814    0.0128336
n     1.6131247   -3.2286452   -2.0934961  0.00   -0.0110392   -0.0469200   -0.0458093
h     0.0209380   -2.2612578   -1.0662850  0.00    0.0057745   -0.0054057   -0.0057310
h     2.6362078   -3.0890275   -1.9892375  0.00   -0.0152240    0.0029888    0.0061232
h     1.3709451   -3.9806973   -1.4267238  0.00    0.0060051    0.0173699   -0.0119253
    24
 Energy =       0.1075215326
c     1.6755436    2.5897739    0.2645344  0.00    0.0169385    0.0249929    0.0128892
c     0.3448543    2.8900378    0.2115029  0.00   -0.0016687    0.0317337    0.0121543
c    -0.5506606    1.9607779   -0.2353676  0.00   -0.0329059    0.0150942   -0.0019350
c     2.1133325    1.3475358   -0.1231549  0.00    0.0256260   -0.0044826    0.0033992
c     1.2242482    0.3978511   -0.5857829  0.00    0.0036618   -0.0365593   -0.0135122
c    -0.1157558    0.7192271   -0.6309319  0.00   -0.0105071   -0.0280926   -0.0337511
o    -0.1080055    4.1363775    0.6150451  0.00   -0.0169524   -0.0075531   -0.0052990
h    -0.6130009    4.0524025    1.4846032  0.00    0.0122709   -0.0033605   -0.0028774
h    -0.8545014    0.0169357   -0.9973364  0.00    0.0075402   -0.0020330   -0.0223252
h     3.1786158    1.1245995   -0.0742993  0.00    0.0026897   -0.0004279    0.0001162
h     2.3839006    3.3340212    0.6169600  0.00    0.0042605   -0.0013745    0.0004267
h    -1.6060766    2.2154933   -0.2841365  0.00   -0.0024551    0.0001932    0.0008467
c     1.7842562   -0.9504225   -1.0175038  0.00   -0.0128825    0.0092105   -0.0015946
c     0.8256634   -1.9466612   -1.7277809  0.00    0.0132044   -0.0120466    0.0253099
h     2.2035501   -1.4431157   -0.1134067  0.00    0.0015471    0.0021799    0.0003569
h     2.6405047   -0.7539058   -1.7039196  0.00    0.0012848    0.0008279   -0.0002128
c     0.2358585   -1.3635451   -3.0159435  0.00   -0.0399531    0.1400093   -0.0311831
o    -0.1463789   -0.0962803   -3.1343392  0.00    0.0231281   -0.0893685    0.0527520
o     0.0376702   -2.2435665   -4.0564584  0.00   -0.0362438   -0.0277810    0.0612118
h     0.8648440   -2.1284608   -4.6773134  0.00    0.0499437    0.0099604   -0.0233569
n     1.5139459   -3.2273590   -2.0558634  0.00   -0.0058292   -0.0269694   -0.0308674
h    -0.0439539   -2.1649328   -1.0700144  0.00    0.0015532   -0.0030885   -0.0018031
h     2.5479397   -3.1407528   -1.9471726  0.00   -0.0062651    0.0013113    0.0038251
h     1.2124834   -3.9575233   -1.3767256  0.00    0.0020143    0.0076244   -0.0045703
    24
 Energy =       0.1016189409
c     1.7139262    2.5744072    0.2657811  0.00    0.0119952    0.0174505    0.0089719
c     0.3866231    2.8763540    0.2549083  0.00   -0.0015951    0.0218732    0.0081757
c    -0.5189897    1.9571641   -0.1780424  0.00   -0.0231911    0.0107210   -0.0015017
c     2.1394592    1.3428141   -0.1525172  0.00    0.0181620   -0.0034424    0.0025261
c     1.2392487    0.4043702   -0.6016966  0.00    0.0029398   -0.0254735   -0.0092095
c    -0.0984198    0.7244019   -0.5991350  0.00   -0.0075896   -0.0195752   -0.0239764
o    -0.0498910    4.1195998    0.6907216  0.00   -0.0074729   -0.0035970   -0.0142619
h    -0.4542478    4.0394817    1.6214831  0.00    0.0039214   -0.0033391    0.0088093
h    -0.8483345    0.0261233   -0.9483250  0.00    0.0053803   -0.0015452   -0.0158827
h     3.2055592    1.1193153   -0.1388225  0.00    0.0024853   -0.0004930    0.0001048
h     2.4300822    3.3150405    0.6088507  0.00    0.0030554   -0.0009189    0.0003484
h    -1.5748463    2.2141715   -0.1930116  0.00   -0.0022845    0.0003283    0.0005674
c     1.7852372   -0.9374001   -1.0739321  0.00   -0.0089293    0.0064442   -0.0009726
c     0.8001735   -1.9340981   -1.7501611  0.00    0.0090895   -0.0083442    0.0173984
h     2.2423630   -1.4375706   -0.1911361  0.00    0.0015146    0.0011284    0.0009893
h     2.6116854   -0.7333549   -1.7948673  0.00    0.0016747    0.0005992   -0.0008579
c     0.1816688   -1.3723545   -3.0336197  0.00   -0.0272823    0.0971033   -0.0212838
o    -0.2140367   -0.0895659   -3.1496253  0.00    0.0151807   -0.0615601    0.0374868
o    -0.0509999   -2.2494277   -4.0736917  0.00   -0.0276149   -0.0194562    0.0427682
h     0.7350724   -2.1232543   -4.7297941  0.00    0.0367959    0.0068167   -0.0170373
n     1.4806570   -3.2192415   -2.0628858  0.00   -0.0042206   -0.0177385   -0.0227383
h    -0.0541694   -2.1360113   -1.0662313  0.00    0.0006380   -0.0022463   -0.0008678
h     2.5157984   -3.1555928   -1.9348314  0.00   -0.0035797    0.0009036    0.0027850
h     1.1452584   -3.9568639   -1.4042241  0.00    0.0009271    0.0043612   -0.0023412
    24
 Energy =       0.0995961856
c     1.7397028    2.5602980    0.2794966  0.00    0.0093222    0.0135700    0.0068877
c     0.4131442    2.8558643    0.3112724  0.00   -0.0017604    0.0165382    0.0063791
c    -0.4983015    1.9415130   -0.1109624  0.00   -0.0180737    0.0085707   -0.0011091
c     2.1592059    1.3424669   -0.1765415  0.00    0.0143002   -0.0031985    0.0018935
c     1.2523208    0.4098302   -0.6163098  0.00    0.0026144   -0.0194096   -0.0068713
c    -0.0851608    0.7197785   -0.5626345  0.00   -0.0063095   -0.0147562   -0.0183009
o    -0.0165439    4.0902837    0.7807106  0.00   -0.0014856   -0.0003053   -0.0257703
h    -0.2954947    4.0126375    1.7656308  0.00   -0.0015351   -0.0042577    0.0215183
h    -0.8424289    0.0212830   -0.8939570  0.00    0.0039376   -0.0011707   -0.0119545
h     3.2266987    1.1255717   -0.2010549  0.00    0.0026404   -0.0006675    0.0000382
h     2.4606521    3.2993126    0.6152048  0.00    0.0024179   -0.0007060    0.0002912
h    -1.5554769    2.1935823   -0.0892362  0.00   -0.0024235    0.0005143    0.0004673
c     1.7930891   -0.9162825   -1.1395853  0.00   -0.0069160    0.0046905   -0.0008476
c     0.7899653   -1.9215005   -1.7784005  0.00    0.0071538   -0.0064968    0.0134529
h     2.3011163   -1.4222833   -0.2864450  0.00    0.0019681    0.0001057    0.0020293
h     2.5801538   -0.6903002   -1.8988039  0.00    0.0025061    0.0005960   -0.0018264
c     0.1181100   -1.3744540   -3.0425326  0.00   -0.0201403    0.0742028   -0.0158005
o    -0.3035076   -0.0879199   -3.1440268  0.00    0.0106072   -0.0464390    0.0282405
o    -0.1597643   -2.2525218   -4.0736474  0.00   -0.0238383   -0.0152735    0.0326027
h     0.5857523   -2.1205769   -4.7678006  0.00    0.0300485    0.0053145   -0.0143229
n     1.4751467   -3.1993136   -2.1043461  0.00   -0.0027574   -0.0132776   -0.0175363
h    -0.0368080   -2.1274405   -1.0610582  0.00   -0.0002135   -0.0018724   -0.0000770
h     2.5112383   -3.1400617   -1.9773473  0.00   -0.0026918    0.0007489    0.0021622
h     1.1360677   -3.9512594   -1.4624309  0.00    0.0006286    0.0029792   -0.0015461
    24
 Energy =       0.0995083359
c     1.7177853    2.5532984    0.3133565  0.00    0.0083325    0.0125408    0.0062981
c     0.3890241    2.8347015    0.3531000  0.00   -0.0016583    0.0147499    0.0060345
c    -0.5134212    1.9185090   -0.0813739  0.00   -0.0163987    0.0078637   -0.0009329
c     2.1483727    1.3495896   -0.1672030  0.00    0.0129890   -0.0030843    0.0016444
c     1.2504040    0.4155580   -0.6197481  0.00    0.0022159   -0.0173896   -0.0061878
c    -0.0897313    0.7086366   -0.5528849  0.00   -0.0057755   -0.0134144   -0.0165259
o    -0.0532935    4.0572276    0.8426142  0.00   -0.0001837    0.0011988   -0.0290216
h    -0.2513860    3.9809560    1.8493860  0.00   -0.0025904   -0.0048149    0.0249891
h    -0.8412813    0.0062112   -0.8888068  0.00    0.0035147   -0.0010876   -0.0107461
h     3.2180427    1.1455485   -0.2016992  0.00    0.0025131   -0.0006850    0.0000101
h     2.4317753    3.2945125    0.6587779  0.00    0.0022023   -0.0005582    0.0002997
h    -1.5729361    2.1592854   -0.0510650  0.00   -0.0022776    0.0005429    0.0004469
c     1.8059557   -0.8909666   -1.1773146  0.00   -0.0063961    0.0039120   -0.0009131
c     0.8100576   -1.9098991   -1.8057262  0.00    0.0064226   -0.0056380    0.0123124
h     2.3446131   -1.3985113   -0.3434726  0.00    0.0020600   -0.0003160    0.0022425
h     2.5701391   -0.6371876   -1.9515255  0.00    0.0027822    0.0006840   -0.0021392
c     0.1056540   -1.3714454   -3.0561781  0.00   -0.0179072    0.0671043   -0.0140475
o    -0.3300640   -0.0856714   -3.1499389  0.00    0.0093544   -0.0416834    0.0252694
o    -0.1983024   -2.2540918   -4.0770654  0.00   -0.0228366   -0.0142332    0.0297754
h     0.5560805   -2.1618203   -4.7664608  0.00    0.0280507    0.0051122   -0.0137845
n     1.5142198   -3.1729905   -2.1476448  0.00   -0.0021243   -0.0121097   -0.0159315
h    -0.0006882   -2.1336066   -1.0749317  0.00   -0.0004839   -0.0017808    0.0001432
h     2.5502189   -3.1006819   -2.0242175  0.00   -0.0022687    0.0006781    0.0019607
h     1.1876384   -3.9386544   -1.5147831  0.00    0.0004636    0.0024084   -0.0011966
    24
 Energy =       0.0985086285
c     1.6407874    2.5416310    0.3943040  0.00    0.0058071    0.0106020    0.0051720
c     0.3057980    2.7822788    0.4443937  0.00   -0.0011589    0.0101058    0.0054977
c    -0.5678885    1.8578183   -0.0252684  0.00   -0.0125422    0.0063787   -0.0004329
c     2.1061064    1.3741115   -0.1379103  0.00    0.0101022   -0.0031650    0.0008380
c     1.2371643    0.4326011   -0.6255211  0.00    0.0010128   -0.0124166   -0.0045099
c    -0.1105278    0.6796788   -0.5412970  0.00   -0.0046716   -0.0106153   -0.0122370
o    -0.1741464    3.9742735    0.9777492  0.00    0.0004107    0.0069270   -0.0375205
h    -0.2312835    3.9014416    2.0081391  0.00   -0.0031175   -0.0067193    0.0342849
h    -0.8422848   -0.0337016   -0.8990162  0.00    0.0022026   -0.0012359   -0.0078658
h     3.1815616    1.2057707   -0.1859389  0.00    0.0025620   -0.0008479   -0.0001192
h     2.3321600    3.2914584    0.7669604  0.00    0.0018528    0.0002113    0.0005190
h    -1.6338299    2.0666100    0.0158094  0.00   -0.0021931    0.0007520    0.0004426
c     1.8368928   -0.8270778   -1.2488775  0.00   -0.0049190    0.0012713   -0.0011600
c     0.8717887   -1.8800161   -1.8697449  0.00    0.0039714   -0.0031558    0.0093114
h     2.4307823   -1.3326940   -0.4502489  0.00    0.0024760   -0.0018716    0.0027504
h     2.5593718   -0.5107473   -2.0423359  0.00    0.0039992    0.0013138   -0.0034567
c     0.1170010   -1.3652860   -3.1010331  0.00   -0.0115872    0.0486058   -0.0098134
o    -0.3476372   -0.0802491   -3.1860229  0.00    0.0059142   -0.0291192    0.0177555
o    -0.2236411   -2.2592327   -4.1030824  0.00   -0.0294724   -0.0117257    0.0300811
h     0.5779335   -2.2877249   -4.7494954  0.00    0.0318314    0.0047291   -0.0193691
n     1.6249427   -3.1088212   -2.2318233  0.00   -0.0002505   -0.0095469   -0.0122976
h     0.0856256   -2.1425853   -1.1236451  0.00   -0.0012858   -0.0017041    0.0007024
h     2.6578947   -3.0069372   -2.0953924  0.00   -0.0007142    0.0006668    0.0014758
h     1.3143057   -3.9040928   -1.6255076  0.00   -0.0002301    0.0005596   -0.0000488
    24
 Energy =       0.0971826523
c     1.6691640    2.5474408    0.3716191  0.00    0.0062675    0.0079887    0.0040307
c     0.3340295    2.7628263    0.4873432  0.00   -0.0018044    0.0078870    0.0046416
c    -0.5447712    1.8248016    0.0565804  0.00   -0.0113818    0.0051548   -0.0003596
c     2.1301115    1.3914417   -0.1846360  0.00    0.0088704   -0.0024945    0.0007328
c     1.2562205    0.4383201   -0.6364736  0.00    0.0017076   -0.0099195   -0.0036221
c    -0.0908962    0.6604302   -0.4894675  0.00   -0.0051547   -0.0081616   -0.0093026
o    -0.1374714    3.9470612    1.0452064  0.00   -0.0005385    0.0062873   -0.0336772
h    -0.2576638    3.8352357    2.0645472  0.00   -0.0021288   -0.0058263    0.0308839
h    -0.8252861   -0.0606759   -0.8269363  0.00    0.0013545   -0.0009859   -0.0063488
h     3.2058525    1.2426591   -0.2823767  0.00    0.0034437   -0.0008030   -0.0001594
h     2.3633399    3.3091124    0.7144964  0.00    0.0020375    0.0003601    0.0004903
h    -1.6119434    2.0152930    0.1452316  0.00   -0.0030313    0.0007883    0.0003994
c     1.8485947   -0.8084956   -1.2916336  0.00   -0.0036562    0.0008522   -0.0009402
c     0.8740110   -1.8669118   -1.8886213  0.00    0.0034265   -0.0011670    0.0081768
h     2.4748410   -1.3133650   -0.5178797  0.00    0.0023461   -0.0017530    0.0026868
h     2.5388472   -0.4774292   -2.1069825  0.00    0.0036280    0.0011632   -0.0032383
c     0.0615037   -1.3497221   -3.0825695  0.00   -0.0082995    0.0381272   -0.0064422
o    -0.3539152   -0.0418322   -3.1647625  0.00    0.0046100   -0.0201498    0.0146705
o    -0.3658542   -2.2443440   -4.0552629  0.00   -0.0288198   -0.0123969    0.0224509
h     0.4191804   -2.3510849   -4.7104373  0.00    0.0285650    0.0038153   -0.0179750
n     1.6314244   -3.0794864   -2.2927807  0.00    0.0008338   -0.0075667   -0.0099462
h     0.1221097   -2.1486365   -1.1137439  0.00   -0.0018131   -0.0014319    0.0013442
h     2.6667199   -2.9721954   -2.1767545  0.00   -0.0001696    0.0004000    0.0011677
h     1.3407292   -3.8919353   -1.6985112  0.00   -0.0002930   -0.0001681    0.0003362
    24
 Energy =       0.0960153495
c     1.6196602    2.5610285    0.3882133  0.00    0.0049902    0.0065405    0.0032673
c     0.2818494    2.7564701    0.4944806  0.00   -0.0013274    0.0060752    0.0038772
c    -0.5792030    1.8146266    0.0397344  0.00   -0.0091129    0.0040066   -0.0002712
c     2.1008213    1.4216353   -0.1821016  0.00    0.0071601   -0.0020495    0.0005191
c     1.2451439    0.4630725   -0.6540970  0.00    0.0011595   -0.0077965   -0.0029881
c    -0.1055861    0.6654503   -0.5190184  0.00   -0.0042552   -0.0066376   -0.0074394
o    -0.2116458    3.9254465    1.0660961  0.00   -0.0001363    0.0062075   -0.0284228
h    -0.2792189    3.8205741    2.0881934  0.00   -0.0020322   -0.0052409    0.0262081
h    -0.8279243   -0.0602618   -0.8722547  0.00    0.0008663   -0.0008802   -0.0049772
h     3.1788931    1.2897313   -0.2728385  0.00    0.0028562   -0.0006601   -0.0001447
h     2.2998164    3.3271749    0.7484776  0.00    0.0017359    0.0004845    0.0004748
h    -1.6491387    1.9896925    0.1213252  0.00   -0.0025079    0.0006522    0.0003308
c     1.8634118   -0.7657702   -1.3194804  0.00   -0.0028937    0.0011160   -0.0006264
c     0.9119539   -1.8599322   -1.8897484  0.00    0.0022202   -0.0009313    0.0069269
h     2.5210873   -1.2461991   -0.5562144  0.00    0.0023014   -0.0018445    0.0025955
h     2.5259971   -0.4156546   -2.1490805  0.00    0.0032926    0.0012476   -0.0028680
c     0.0847575   -1.3891639   -3.0923391  0.00   -0.0065498    0.0298346   -0.0046725
o    -0.3364010   -0.0826650   -3.2156259  0.00    0.0033070   -0.0146639    0.0113897
o    -0.3481990   -2.3161910   -4.0328925  0.00   -0.0284475   -0.0093913    0.0216175
h     0.4545512   -2.5098380   -4.6456901  0.00    0.0280641    0.0017293   -0.0190955
n     1.6959839   -3.0634891   -2.2676329  0.00    0.0005801   -0.0066229   -0.0080053
h     0.1695022   -2.1401722   -1.1057987  0.00   -0.0014342   -0.0012793    0.0010875
h     2.7277352   -2.9411246   -2.1331318  0.00    0.0004018    0.0002368    0.0009455
h     1.4050299   -3.8759331   -1.6733812  0.00   -0.0002384   -0.0001328    0.0002710
    24
 Energy =       0.0940593808
c     1.5829170    2.5758632    0.3862853  0.00    0.0033555    0.0032435    0.0016948
c     0.2446689    2.7312045    0.5217443  0.00   -0.0010587    0.0030376    0.0022597
c    -0.5973993    1.7726403    0.0701436  0.00   -0.0053844    0.0027134    0.0000966
c     2.0851072    1.4565501   -0.1994710  0.00    0.0041565   -0.0012702    0.0002256
c     1.2496550    0.4806141   -0.6655045  0.00    0.0008460   -0.0042319   -0.0016531
c    -0.1032046    0.6480733   -0.5161745  0.00   -0.0024786   -0.0038413   -0.0038981
o    -0.2654243    3.8810183    1.1176150  0.00   -0.0002465    0.0052468   -0.0262084
h    -0.4379720    3.7212791    2.1191838  0.00   -0.0014113   -0.0041654    0.0249704
h    -0.8109954   -0.0849881   -0.8846327  0.00    0.0003449   -0.0007171   -0.0038079
h     3.1642125    1.3542426   -0.3059043  0.00    0.0020001   -0.0004410   -0.0001138
h     2.2464153    3.3575553    0.7430390  0.00    0.0010984    0.0003999    0.0003192
h    -1.6695714    1.9194122    0.1672908  0.00   -0.0017800    0.0005136    0.0002254
c     1.8913148   -0.7321329   -1.3369502  0.00   -0.0013263    0.0005379   -0.0004763
c     0.9583782   -1.8424560   -1.9042240  0.00    0.0010401    0.0003853    0.0038136
h     2.5630327   -1.1986636   -0.5798056  0.00    0.0012566   -0.0010959    0.0013960
h     2.5383480   -0.3661636   -2.1697582  0.00    0.0017805    0.0007193   -0.0015661
c     0.1196534   -1.3819257   -3.0987773  0.00   -0.0007099    0.0088792    0.0019781
o    -0.1818622   -0.0381792   -3.2939946  0.00    0.0012990    0.0061953    0.0072859
o    -0.4158951   -2.3245731   -3.9751141  0.00   -0.0255359   -0.0108656    0.0130279
h     0.3505650   -2.6329447   -4.5822831  0.00    0.0229235   -0.0009799   -0.0166427
n     1.7616655   -3.0292042   -2.2873613  0.00    0.0002508   -0.0031658   -0.0047933
h     0.2263974   -2.1364064   -1.1166333  0.00   -0.0008581   -0.0006566    0.0005985
h     2.7889809   -2.9036416   -2.1218905  0.00    0.0010054    0.0003462    0.0005817
h     1.4598900   -3.8586661   -1.7216279  0.00   -0.0005676   -0.0007872    0.0006861
    24
 Energy =       0.0936197047
c     1.5218833    2.5696948    0.4241627  0.00    0.0030025    0.0027535    0.0014053
c     0.1792920    2.7100905    0.5253916  0.00   -0.0008212    0.0025514    0.0017540
c    -0.6407054    1.7479676    0.0414509  0.00   -0.0046532    0.0019083    0.0000380
c     2.0509718    1.4600431   -0.1551200  0.00    0.0037306   -0.0008675    0.0002070
c     1.2384701    0.4796258   -0.6507251  0.00    0.0007975   -0.0034807   -0.0011761
c    -0.1199556    0.6344609   -0.5420969  0.00   -0.0026293   -0.0030825   -0.0028567
o    -0.3573871    3.8488637    1.1196221  0.00   -0.0002892    0.0044066   -0.0208696
h    -0.5673702    3.6750812    2.1086424  0.00   -0.0011697   -0.0031653    0.0202694
h    -0.8103219   -0.1002902   -0.9405224  0.00   -0.0002418   -0.0009020   -0.0032709
h     3.1336781    1.3684132   -0.2309553  0.00    0.0020760   -0.0003238   -0.0001060
h     2.1675464    3.3549938    0.8055118  0.00    0.0011850    0.0006222    0.0003861
h    -1.7165768    1.8838137    0.1097492  0.00   -0.0018580    0.0003870    0.0001764
c     1.9108147   -0.7267010   -1.3035476  0.00   -0.0006366    0.0004511    0.0000277
c     1.0021693   -1.8337572   -1.9155757  0.00    0.0007072   -0.0005491    0.0028272
h     2.5540818   -1.1963275   -0.5238801  0.00    0.0013695   -0.0008715    0.0015961
h     2.5882891   -0.3536389   -2.1090208  0.00    0.0018841    0.0006891   -0.0018292
c     0.2053817   -1.3614213   -3.1326118  0.00   -0.0000282    0.0036813    0.0016489
o    -0.0231091   -0.0077947   -3.3694942  0.00    0.0000186    0.0090236    0.0046709
o    -0.3587584   -2.2976187   -3.9949329  0.00   -0.0205146   -0.0084325    0.0102772
h     0.3826276   -2.5944347   -4.6328659  0.00    0.0185676   -0.0012817   -0.0130121
n     1.8224648   -3.0119559   -2.2863436  0.00   -0.0007033   -0.0020067   -0.0050188
h     0.2446126   -2.1400935   -1.1567735  0.00   -0.0012056   -0.0006365    0.0009884
h     2.8426349   -2.8883237   -2.0760878  0.00    0.0023847    0.0005273    0.0007032
h     1.4981437   -3.8521832   -1.7487825  0.00   -0.0009726   -0.0014016    0.0011636
    24
 Energy =       0.0929388424
c     1.4246062    2.5409682    0.5206796  0.00    0.0026530    0.0030275    0.0015478
c     0.0768169    2.6515018    0.5766151  0.00   -0.0000246    0.0018570    0.0014459
c    -0.7053591    1.6924687    0.0261300  0.00   -0.0041583    0.0003043   -0.0003273
c     1.9963037    1.4641178   -0.0797542  0.00    0.0035264    0.0000585    0.0004027
c     1.2222240    0.4855685   -0.6389346  0.00    0.0003174   -0.0030094   -0.0010575
c    -0.1421644    0.6109743   -0.5774706  0.00   -0.0027346   -0.0031349   -0.0022375
o    -0.5052051    3.7574303    1.1918881  0.00   -0.0003203    0.0047240   -0.0106996
h    -0.6874866    3.5670836    2.1778632  0.00   -0.0009194   -0.0019838    0.0113044
h    -0.8039392   -0.1228001   -1.0255576  0.00   -0.0012315   -0.0016289   -0.0024994
h     3.0827509    1.3968527   -0.1194851  0.00    0.0021495    0.0000240    0.0000273
h     2.0402302    3.3251725    0.9535890  0.00    0.0016851    0.0016836    0.0009174
h    -1.7856182    1.8049785    0.0598287  0.00   -0.0019347    0.0001302    0.0000361
c     1.9422708   -0.6851994   -1.3071301  0.00    0.0002256   -0.0003774    0.0004610
c     1.0766802   -1.8027756   -1.9618552  0.00   -0.0002724   -0.0005362    0.0013402
h     2.5832730   -1.1540891   -0.5266032  0.00    0.0007342   -0.0004700    0.0008763
h     2.6236457   -0.2739145   -2.0900845  0.00    0.0016253    0.0006182   -0.0016597
c     0.3010036   -1.3277244   -3.1893103  0.00    0.0006916    0.0002758    0.0014969
o     0.1356441    0.0277585   -3.4648538  0.00   -0.0003749    0.0081615    0.0022336
o    -0.3080054   -2.2584545   -4.0236707  0.00   -0.0124232   -0.0059027    0.0057136
h     0.4054165   -2.5945798   -4.6656205  0.00    0.0111108   -0.0008716   -0.0078155
n     1.9328908   -2.9544178   -2.3332552  0.00   -0.0011743   -0.0008556   -0.0052150
h     0.3082576   -2.1396362   -1.2271492  0.00   -0.0012443   -0.0004905    0.0010042
h     2.9401144   -2.8240210   -2.0677634  0.00    0.0037961    0.0009249    0.0008877
h     1.5945267   -3.8187553   -1.8429010  0.00   -0.0017024   -0.0025282    0.0018162
    24
 Energy =       0.0921784308
c     1.3407484    2.5177502    0.5896082  0.00    0.0009085    0.0018198    0.0009517
c    -0.0089102    2.5925680    0.6202152  0.00    0.0003627    0.0006328    0.0004587
c    -0.7530470    1.6351810    0.0197936  0.00   -0.0019444   -0.0000669   -0.0001348
c     1.9522380    1.4775471   -0.0341124  0.00    0.0018150   -0.0000157    0.0000558
c     1.2165547    0.4989617   -0.6400056  0.00   -0.0001343   -0.0014199   -0.0006645
c    -0.1502051    0.5900490   -0.6069650  0.00   -0.0011548   -0.0020418   -0.0014037
o    -0.6324138    3.6605614    1.2613714  0.00   -0.0006038    0.0029209   -0.0015454
h    -0.8028753    3.4447183    2.2388653  0.00   -0.0003437   -0.0003412    0.0027722
h    -0.7837939   -0.1448727   -1.0899470  0.00   -0.0007478   -0.0010666   -0.0011793
h     3.0397818    1.4389216   -0.0526057  0.00    0.0011084    0.0000323    0.0000032
h     1.9259748    3.3018025    1.0615172  0.00    0.0009572    0.0012900    0.0006820
h    -1.8355509    1.7192487    0.0344719  0.00   -0.0009944    0.0000949    0.0000351
c     1.9795768   -0.6325964   -1.3271009  0.00    0.0003781   -0.0007460    0.0000659
c     1.1536900   -1.7700550   -1.9963930  0.00   -0.0006645    0.0007859    0.0004316
h     2.6387524   -1.0900130   -0.5558885  0.00    0.0003172   -0.0004187    0.0002467
h     2.6431590   -0.1835055   -2.1033291  0.00    0.0008439    0.0004671   -0.0008865
c     0.3654818   -1.3064022   -3.2176254  0.00    0.0033433   -0.0011646    0.0046022
o     0.2943972    0.0422403   -3.5664480  0.00    0.0004654    0.0108204    0.0010321
o    -0.3449145   -2.2350319   -3.9746274  0.00   -0.0118909   -0.0068392    0.0014713
h     0.3047637   -2.6446262   -4.6387701  0.00    0.0076557   -0.0027272   -0.0064381
n     2.0459643   -2.8888457   -2.3799128  0.00    0.0004041   -0.0006436   -0.0022398
h     0.3963643   -2.1392463   -1.2664762  0.00   -0.0007269   -0.0002652    0.0004614
h     3.0424397   -2.7417179   -2.0894301  0.00    0.0015414    0.0003604    0.0002590
h     1.7207011   -3.7741293   -1.9210112  0.00   -0.0008953   -0.0014679    0.0009630
    24
 Energy =       0.0917111236
c     1.2485139    2.4839919    0.6671997  0.00    0.0004754    0.0017257    0.0010362
c    -0.1029587    2.5175988    0.6762943  0.00    0.0003568    0.0004305    0.0001646
c    -0.8070510    1.5614448    0.0280723  0.00   -0.0016855    0.0000481   -0.0000254
c     1.9019397    1.4856271    0.0177197  0.00    0.0016549   -0.0000576   -0.0000121
c     1.2069286    0.5074420   -0.6348745  0.00   -0.0001585   -0.0011429   -0.0007007
c    -0.1621976    0.5579843   -0.6246450  0.00   -0.0006440   -0.0019143   -0.0012990
o    -0.7696057    3.5419153    1.3453151  0.00   -0.0009140    0.0029622   -0.0002988
h    -0.9483201    3.2859652    2.3111562  0.00   -0.0003628   -0.0001896    0.0020720
h    -0.7656411   -0.1781974   -1.1425370  0.00   -0.0006895   -0.0010398   -0.0008624
h     2.9902515    1.4800323    0.0174154  0.00    0.0010241    0.0000359    0.0000135
h     1.8013476    3.2674002    1.1775903  0.00    0.0007764    0.0012995    0.0007601
h    -1.8916897    1.6125639    0.0266829  0.00   -0.0009366    0.0001052    0.0000353
c     2.0152410   -0.5763394   -1.3476893  0.00    0.0004413   -0.0008910    0.0000108
c     1.2337088   -1.7300652   -2.0418660  0.00   -0.0009458    0.0013268    0.0001213
h     2.6925636   -1.0253257   -0.5874957  0.00    0.0002467   -0.0004345    0.0001323
h     2.6605474   -0.0831246   -2.1127859  0.00    0.0009159    0.0006274   -0.0009440
c     0.4280547   -1.2692704   -3.2518138  0.00    0.0016070   -0.0003314    0.0022126
o     0.4042885    0.0662373   -3.6423383  0.00    0.0002529    0.0049439    0.0006445
o    -0.3382216   -2.1867020   -3.9602799  0.00   -0.0060205   -0.0029653    0.0008287
h     0.2738874   -2.6492748   -4.6211217  0.00    0.0038558   -0.0017067   -0.0035561
n     2.1661725   -2.8067259   -2.4502757  0.00    0.0014176   -0.0007428   -0.0020789
h     0.4911813   -2.1423601   -1.3190530  0.00   -0.0009525   -0.0004274    0.0006882
h     3.1536009   -2.6360931   -2.1433147  0.00    0.0010875    0.0001623    0.0001514
h     1.8663355   -3.7162168   -2.0221608  0.00   -0.0008025   -0.0018242    0.0009059
    24
 Energy =       0.0914007284
c     1.1786973    2.4527784    0.7252858  0.00    0.0002002    0.0007983    0.0005089
c    -0.1724990    2.4577077    0.7095460  0.00    0.0002148    0.0002382    0.0000715
c    -0.8434761    1.5094675    0.0180922  0.00   -0.0007269   -0.0001246   -0.0001106
c     1.8649842    1.4902848    0.0578653  0.00    0.0007157    0.0000983    0.0000681
c     1.2035748    0.5187662   -0.6365870  0.00   -0.0002037   -0.0004970   -0.0004117
c    -0.1657627    0.5418040   -0.6527442  0.00   -0.0002714   -0.0009442   -0.0007716
o    -0.8730464    3.4443212    1.3979702  0.00   -0.0003122    0.0013120   -0.0001267
h    -1.0615665    3.1539228    2.3514820  0.00   -0.0002039   -0.0001024    0.0009855
h    -0.7446834   -0.1901538   -1.2019408  0.00   -0.0002465   -0.0005734   -0.0005094
h     2.9525229    1.5077935    0.0780366  0.00    0.0004374    0.0000594    0.0000314
h     1.7047835    3.2302519    1.2703757  0.00    0.0003846    0.0006645    0.0004090
h    -1.9283559    1.5375448   -0.0020415  0.00   -0.0003924    0.0000065   -0.0000085
c     2.0471732   -0.5240893   -1.3673424  0.00    0.0001955   -0.0004764   -0.0000581
c     1.3021966   -1.6944542   -2.0719136  0.00   -0.0001893    0.0011640    0.0002173
h     2.7439835   -0.9592945   -0.6168894  0.00    0.0002127   -0.0002897    0.0000985
h     2.6710971    0.0019936   -2.1273483  0.00    0.0003889    0.0003206   -0.0004010
c     0.4750714   -1.2443212   -3.2702886  0.00    0.0024474   -0.0015453    0.0042078
o     0.5360379    0.0656401   -3.7428211  0.00    0.0017905    0.0087576   -0.0006149
o    -0.3833863   -2.1456617   -3.8926030  0.00   -0.0103134   -0.0024480    0.0029870
h     0.1694269   -2.7025864   -4.5369902  0.00    0.0055022   -0.0051161   -0.0064430
n     2.2654089   -2.7342231   -2.4997643  0.00    0.0007822   -0.0003084   -0.0009866
h     0.5787046   -2.1385749   -1.3491370  0.00   -0.0004679   -0.0002056    0.0002803
h     3.2434097   -2.5480158   -2.1735295  0.00    0.0004606    0.0001574    0.0001182
h     1.9845810   -3.6623939   -2.1015186  0.00   -0.0004053   -0.0009458    0.0004587
    24
 Energy =       0.0912275661
c     1.1153885    2.3984852    0.8125429  0.00    0.0001003    0.0013893    0.0010366
c    -0.2351341    2.3855307    0.7694014  0.00    0.0005371    0.0005526    0.0003179
c    -0.8785717    1.4601147    0.0217254  0.00   -0.0010287   -0.0004022   -0.0003588
c     1.8285005    1.4761125    0.1162723  0.00    0.0010155    0.0004563    0.0003349
c     1.1949989    0.5262160   -0.6336537  0.00   -0.0005850   -0.0007925   -0.0006642
c    -0.1739703    0.5326782   -0.6784202  0.00   -0.0001588   -0.0014891   -0.0011542
o    -0.9633078    3.3308817    1.4871938  0.00   -0.0002056    0.0022742   -0.0007080
h    -1.1665728    2.9951696    2.4234435  0.00   -0.0004844   -0.0005188    0.0021315
h    -0.7321325   -0.1815565   -1.2717723  0.00   -0.0005778   -0.0011360   -0.0008952
h     2.9150780    1.5085729    0.1586189  0.00    0.0004678    0.0001808    0.0001299
h     1.6193434    3.1583931    1.4027074  0.00    0.0005907    0.0011773    0.0008631
h    -1.9631534    1.4743093   -0.0195982  0.00   -0.0004067   -0.0000876   -0.0000918
c     2.0675804   -0.4688830   -1.3978775  0.00   -0.0000525   -0.0010373   -0.0003883
c     1.3556658   -1.6527829   -2.1145821  0.00   -0.0004996    0.0004152    0.0000815
h     2.7897437   -0.8936428   -0.6652007  0.00    0.0003942   -0.0005640    0.0001940
h     2.6634568    0.0955876   -2.1535275  0.00    0.0006814    0.0006150   -0.0007525
c     0.5182436   -1.2121290   -3.3089016  0.00    0.0002739   -0.0002057    0.0007300
o     0.5923815    0.0821244   -3.8097674  0.00    0.0002276    0.0015543    0.0000633
o    -0.3600716   -2.1076965   -3.9010964  0.00   -0.0017329   -0.0005752    0.0004392
h     0.1736449   -2.6884744   -4.5327735  0.00    0.0010437   -0.0007265   -0.0011922
n     2.3460000   -2.6618840   -2.5531567  0.00    0.0006752   -0.0002440   -0.0007965
h     0.6441601   -2.1227631   -1.3961548  0.00   -0.0003845   -0.0001790    0.0002414
h     3.3161233   -2.4617207   -2.2123473  0.00    0.0004170    0.0001403    0.0001088
h     2.0814822   -3.6041353   -2.1778811  0.00   -0.0003081   -0.0007974    0.0003295
    24
 Energy =       0.0911574706
c     1.0952073    2.3876574    0.8222124  0.00    0.0000543    0.0003305    0.0002423
c    -0.2548393    2.3605965    0.7791893  0.00    0.0000999    0.0000974    0.0000603
c    -0.8880554    1.4329433    0.0280037  0.00   -0.0002913   -0.0000474   -0.0000519
c     1.8181868    1.4771359    0.1222470  0.00    0.0002951    0.0000547    0.0000458
c     1.1951881    0.5251123   -0.6314096  0.00   -0.0000677   -0.0002017   -0.0001568
c    -0.1736058    0.5170999   -0.6756384  0.00   -0.0000695   -0.0003581   -0.0003226
o    -0.9932065    3.2934465    1.5011152  0.00   -0.0001181    0.0005917   -0.0001248
h    -1.1913042    2.9512006    2.4350126  0.00   -0.0001122   -0.0001153    0.0004857
h    -0.7244141   -0.2005149   -1.2699403  0.00   -0.0001332   -0.0002267   -0.0002195
h     2.9041452    1.5205116    0.1651199  0.00    0.0001598    0.0000278    0.0000208
h     1.5907635    3.1490560    1.4156325  0.00    0.0001449    0.0002672    0.0001931
h    -1.9725787    1.4354998   -0.0125356  0.00   -0.0001548   -0.0000027   -0.0000107
c     2.0784230   -0.4579594   -1.3967706  0.00    0.0000240   -0.0001714    0.0000336
c     1.3784001   -1.6382964   -2.1295558  0.00   -0.0000195    0.0004481    0.0000616
h     2.7971747   -0.8848509   -0.6626168  0.00    0.0000801   -0.0001008    0.0000632
h     2.6766921    0.1155335   -2.1426668  0.00    0.0001946    0.0001573   -0.0002151
c     0.5368508   -1.1874004   -3.3165961  0.00    0.0010948   -0.0009149    0.0018200
o     0.6716722    0.0861820   -3.8597274  0.00    0.0010552    0.0038926   -0.0006581
o    -0.3987679   -2.0546178   -3.8650425  0.00   -0.0045095   -0.0006892    0.0014645
h     0.0934782   -2.6877116   -4.4823849  0.00    0.0021549   -0.0024673   -0.0026245
n     2.3772351   -2.6316165   -2.5827200  0.00    0.0002870    0.0000134   -0.0005753
h     0.6724969   -2.1246168   -1.4166782  0.00   -0.0001834   -0.0001000    0.0001603
h     3.3431711   -2.4327740   -2.2297933  0.00    0.0002056    0.0000985    0.0000715
h     2.1165639   -3.5831087   -2.2292619  0.00   -0.0001910   -0.0005835    0.0002368
    24
 Energy =       0.0911193842
c     1.0361285    2.3427174    0.8856797  0.00   -0.0000410    0.0007445    0.0006170
c    -0.3127020    2.2950712    0.8236106  0.00    0.0002388    0.0002510    0.0001412
c    -0.9205219    1.3826564    0.0330355  0.00   -0.0006011   -0.0000881   -0.0001038
c     1.7833439    1.4676144    0.1653538  0.00    0.0005931    0.0001458    0.0001071
c     1.1861642    0.5301165   -0.6273940  0.00   -0.0002345   -0.0004245   -0.0003830
c    -0.1817467    0.5023004   -0.6913452  0.00    0.0000186   -0.0007781   -0.0006576
o    -1.0759650    3.1914794    1.5663783  0.00   -0.0003284    0.0013347   -0.0001611
h    -1.2809291    2.8149026    2.4858971  0.00   -0.0002654   -0.0003144    0.0010866
h    -0.7131875   -0.2039051   -1.3166964  0.00   -0.0002637   -0.0005538   -0.0004642
h     2.8678799    1.5278430    0.2238422  0.00    0.0002939    0.0000740    0.0000543
h     1.5111489    3.0923205    1.5107793  0.00    0.0002456    0.0005931    0.0004802
h    -2.0044185    1.3689688   -0.0221438  0.00   -0.0002586   -0.0000162   -0.0000251
c     2.0953623   -0.4112527   -1.4158181  0.00    0.0001177   -0.0005348   -0.0001833
c     1.4265629   -1.6009710   -2.1630761  0.00   -0.0004058    0.0001920   -0.0000104
h     2.8317838   -0.8285196   -0.6935250  0.00    0.0002095   -0.0002976    0.0000593
h     2.6720822    0.1935573   -2.1544063  0.00    0.0004096    0.0004059   -0.0004177
c     0.5780729   -1.1563929   -3.3472998  0.00   -0.0000668    0.0000297    0.0000435
o     0.7239718    0.1039232   -3.9122172  0.00   -0.0000110    0.0001092    0.0000438
o    -0.3729668   -2.0173718   -3.8729803  0.00   -0.0000843   -0.0000469    0.0000339
h     0.1035961   -2.6687571   -4.4795600  0.00    0.0000999   -0.0000411   -0.0001288
n     2.4499444   -2.5650658   -2.6247948  0.00    0.0004960   -0.0001475   -0.0005568
h     0.7307922   -2.1116247   -1.4570082  0.00   -0.0002698   -0.0001571    0.0001758
h     3.4084951   -2.3530168   -2.2597018  0.00    0.0002879    0.0000720    0.0000685
h     2.2059856   -3.5280859   -2.2914151  0.00   -0.0001800   -0.0005518    0.0001805
    24
 Energy =       0.0911074205
c     1.0371905    2.3430527    0.8828393  0.00   -0.0000121    0.0002238    0.0001846
c    -0.3113974    2.2956498    0.8196282  0.00    0.0000725    0.0000755    0.0000424
c    -0.9185850    1.3846618    0.0279702  0.00   -0.0001812   -0.0000273   -0.0000315
c     1.7847982    1.4690588    0.1626142  0.00    0.0001788    0.0000435    0.0000316
c     1.1882611    0.5327444   -0.6310293  0.00   -0.0000723   -0.0001280   -0.0001185
c    -0.1794432    0.5054010   -0.6962983  0.00    0.0000057   -0.0002345   -0.0002053
o    -1.0750811    3.1908359    1.5623462  0.00   -0.0000985    0.0004009   -0.0000501
h    -1.2802273    2.8134274    2.4809679  0.00   -0.0000795   -0.0000938    0.0003274
h    -0.7106162   -0.1998835   -1.3221245  0.00   -0.0000763   -0.0001684   -0.0001439
h     2.8691346    1.5291374    0.2220599  0.00    0.0000888    0.0000218    0.0000158
h     1.5117052    3.0915531    1.5088170  0.00    0.0000745    0.0001790    0.0001441
h    -2.0023068    1.3711180   -0.0280135  0.00   -0.0000781   -0.0000048   -0.0000071
c     2.0977722   -0.4074920   -1.4192544  0.00    0.0000335   -0.0001533   -0.0000393
c     1.4300786   -1.6004305   -2.1617024  0.00   -0.0000973    0.0000687   -0.0000076
h     2.8369580   -0.8208525   -0.6977827  0.00    0.0000686   -0.0000919    0.0000267
h     2.6711422    0.1967380   -2.1602804  0.00    0.0001306    0.0001273   -0.0001283
c     0.5794465   -1.1598143   -3.3456921  0.00    0.0002649   -0.0002706    0.0005689
o     0.7526111    0.0838029   -3.9406262  0.00    0.0003522    0.0011574   -0.0003157
o    -0.3988765   -2.0082937   -3.8425326  0.00   -0.0012215   -0.0000395    0.0005139
h     0.0551837   -2.6879954   -4.4362807  0.00    0.0005561   -0.0008407   -0.0007643
n     2.4537236   -2.5641620   -2.6222730  0.00    0.0001405   -0.0000486   -0.0001789
h     0.7366278   -2.1098013   -1.4527024  0.00   -0.0000871   -0.0000517    0.0000561
h     3.4115130   -2.3527259   -2.2552145  0.00    0.0000911    0.0000220    0.0000208
h     2.2092645   -3.5272225   -2.2902412  0.00   -0.0000539   -0.0001668    0.0000580
    24
 Energy =       0.0911042908
c     1.0357512    2.3437648    0.8803803  0.00    0.0000070   -0.0000663   -0.0000554
c    -0.3126984    2.2938317    0.8184319  0.00   -0.0000220   -0.0000224   -0.0000127
c    -0.9188628    1.3816872    0.0278993  0.00    0.0000523    0.0000090    0.0000088
c     1.7842761    1.4711523    0.1600114  0.00   -0.0000506   -0.0000131   -0.0000093
c     1.1888138    0.5336577   -0.6324845  0.00    0.0000232    0.0000383    0.0000340
c    -0.1788126    0.5037542   -0.6964597  0.00   -0.0000038    0.0000701    0.0000591
o    -1.0773256    3.1875616    1.5613292  0.00    0.0000302   -0.0001162    0.0000121
h    -1.2805369    2.8101774    2.4801029  0.00    0.0000237    0.0000280   -0.0000962
h    -0.7092991   -0.2027061   -1.3211275  0.00    0.0000219    0.0000500    0.0000414
h     2.8684671    1.5332336    0.2184912  0.00   -0.0000236   -0.0000067   -0.0000050
h     1.5093983    3.0931400    1.5055055  0.00   -0.0000203   -0.0000527   -0.0000434
h    -2.0025360    1.3660596   -0.0270105  0.00    0.0000209    0.0000024    0.0000019
c     2.0992658   -0.4051386   -1.4206604  0.00   -0.0000099    0.0000465    0.0000141
c     1.4331624   -1.5994279   -2.1619156  0.00    0.0000347   -0.0000145    0.0000017
h     2.8396496   -0.8166034   -0.6994955  0.00   -0.0000193    0.0000259   -0.0000066
h     2.6709384    0.1994894   -2.1623026  0.00   -0.0000373   -0.0000378    0.0000382
c     0.5809491   -1.1601512   -3.3451779  0.00   -0.0000137    0.0000336   -0.0000545
o     0.7655186    0.0744603   -3.9534187  0.00   -0.0000437   -0.0001125    0.0000458
o    -0.4095204   -2.0012105   -3.8285669  0.00    0.0001025   -0.0000199   -0.0000552
h     0.0331760   -2.6928374   -4.4156809  0.00   -0.0000408    0.0000908    0.0000664
n     2.4578243   -2.5614616   -2.6230539  0.00   -0.0000422    0.0000129    0.0000510
h     0.7414847   -2.1096344   -1.4519698  0.00    0.0000234    0.0000142   -0.0000154
h     3.4152133   -2.3492773   -2.2555936  0.00   -0.0000271   -0.0000073   -0.0000056
h     2.2145805   -3.5250136   -2.2920390  0.00    0.0000147    0.0000475   -0.0000151
    24
 Energy =       0.0911041409
c     1.0355157    2.3425037    0.8822042  0.00    0.0000018   -0.0000057   -0.0000046
c    -0.3129190    2.2932954    0.8189566  0.00   -0.0000019   -0.0000015   -0.0000005
c    -0.9188021    1.3825352    0.0264997  0.00    0.0000042   -0.0000003   -0.0000003
c     1.7842947    1.4705116    0.1612267  0.00   -0.0000041   -0.0000001    0.0000000
c     1.1891042    0.5343083   -0.6331293  0.00    0.0000021    0.0000031    0.0000028
c    -0.1785005    0.5052476   -0.6985034  0.00   -0.0000016    0.0000060    0.0000046
o    -1.0778106    3.1863866    1.5624687  0.00    0.0000037   -0.0000100   -0.0000006
h    -1.2821210    2.8077761    2.4805565  0.00    0.0000017    0.0000017   -0.0000073
h    -0.7088021   -0.2000617   -1.3247094  0.00    0.0000012    0.0000037    0.0000029
h     2.8684778    1.5320568    0.2207420  0.00   -0.0000016   -0.0000003   -0.0000002
h     1.5089551    3.0908227    1.5088506  0.00   -0.0000011   -0.0000041   -0.0000032
h    -2.0024493    1.3675102   -0.0294341  0.00    0.0000013   -0.0000001   -0.0000002
c     2.0998117   -0.4036931   -1.4221271  0.00   -0.0000017    0.0000047    0.0000013
c     1.4340501   -1.5989080   -2.1622885  0.00    0.0000035   -0.0000021    0.0000002
h     2.8413493   -0.8143053   -0.7016287  0.00   -0.0000011    0.0000021    0.0000001
h     2.6702741    0.2013903   -2.1644082  0.00   -0.0000032   -0.0000031    0.0000032
c     0.5816441   -1.1607293   -3.3458008  0.00    0.0000050   -0.0000040    0.0000084
o     0.7702089    0.0708997   -3.9590174  0.00    0.0000049    0.0000171   -0.0000054
o    -0.4128029   -1.9998528   -3.8245689  0.00   -0.0000181   -0.0000006    0.0000079
h     0.0263947   -2.6958297   -4.4093060  0.00    0.0000080   -0.0000127   -0.0000109
n     2.4589236   -2.5610498   -2.6228258  0.00   -0.0000045    0.0000010    0.0000046
h     0.7426040   -2.1087096   -1.4517723  0.00    0.0000022    0.0000013   -0.0000013
h     3.4161163   -2.3489790   -2.2547678  0.00   -0.0000023   -0.0000007   -0.0000005
h     2.2153606   -3.5246183   -2.2920228  0.00    0.0000015    0.0000047   -0.0000014
    24
 Energy =       0.0911041403
c     1.0355206    2.3424122    0.8823507  0.00    0.0000000    0.0000000    0.0000000
c    -0.3129137    2.2932799    0.8190106  0.00    0.0000000    0.0000000    0.0000000
c    -0.9187911    1.3826349    0.0264078  0.00   -0.0000000   -0.0000000   -0.0000000
c     1.7843039    1.4704563    0.1613210  0.00    0.0000000    0.0000000    0.0000000
c     1.1891178    0.5343613   -0.6331766  0.00   -0.0000000   -0.0000000   -0.0000000
c    -0.1784852    0.5053868   -0.6986514  0.00   -0.0000000   -0.0000000   -0.0000000
o    -1.0778097    3.1863349    1.5625744  0.00    0.0000000    0.0000000   -0.0000000
h    -1.2822127    2.8076317    2.4806083  0.00   -0.0000000   -0.0000000    0.0000000
h    -0.7087827   -0.1998216   -1.3249801  0.00   -0.0000000   -0.0000000   -0.0000000
h     2.8684875    1.5319456    0.2209087  0.00    0.0000000    0.0000000    0.0000000
h     1.5089571    3.0906439    1.5091114  0.00    0.0000000    0.0000000    0.0000000
h    -2.0024364    1.3676737   -0.0296006  0.00   -0.0000000   -0.0000000   -0.0000000
c     2.0998274   -0.4035853   -1.4222544  0.00   -0.0000000    0.0000000   -0.0000000
c     1.4340775   -1.5988856   -2.1622990  0.00   -0.0000000   -0.0000000    0.0000000
h     2.8414754   -0.8141205   -0.7018241  0.00    0.0000000   -0.0000000    0.0000000
h     2.6701726    0.2015284   -2.1646076  0.00    0.0000000    0.0000000   -0.0000000
c     0.5816428   -1.1608245   -3.3458337  0.00    0.0000000   -0.0000000    0.0000000
o     0.7702716    0.0706813   -3.9592537  0.00    0.0000000    0.0000000   -0.0000000
o    -0.4128991   -1.9999282   -3.8244130  0.00   -0.0000000   -0.0000000    0.0000000
h     0.0261999   -2.6960380   -4.4090469  0.00    0.0000000   -0.0000000   -0.0000000
n     2.4589614   -2.5610504   -2.6227784  0.00    0.0000000   -0.0000000   -0.0000000
h     0.7426517   -2.1086381   -1.4517230  0.00   -0.0000000   -0.0000000    0.0000000
h     3.4161506   -2.3489642   -2.2547179  0.00    0.0000000   -0.0000000    0.0000000
h     2.2153901   -3.5246070   -2.2919379  0.00   -0.0000000   -0.0000000    0.0000000
