$grad          cartesian gradients
  cycle =      1    UFF energy =      0.1458290334   |dE/dxyz| =  0.312747
    3.15653744054784      4.94785655287779      0.49399942177011      c       
    0.61390578147846      5.54758711489206      0.26810804202603      c       
   -1.10123512633053      3.76923975334534     -0.60835229383869      c       
    3.97561891225440      2.52230784394958     -0.15741877141280      c       
    2.27670173181520      0.68233916533149     -1.05992136196283      c       
   -0.27231816701648      1.35288212086523     -1.28439340545333      c       
   -0.28436548437756      7.88075944045980      0.88359659083223      o       
   -1.10948858660078      8.59800082668680     -0.59063312702259      h       
   -1.68096360495587      0.04966007182198     -1.99302594947409      h       
    5.97564213489843      2.07204790986547      0.03120401305987      h       
    4.52136082961171      6.32260170877482      1.16754392662849      h       
   -3.08720781552980      4.26397894582351     -0.77642655718089      h       
    3.33902854184680     -1.90359970827362     -1.69408775856058      c       
    1.67451218673593     -3.81616429485692     -3.12871616310681      c       
    4.00866518397528     -2.77013718712219      0.07018538617077      h       
    5.03531450485767     -1.56569743410941     -2.84570037895308      h       
    0.54378553634649     -2.53146726483286     -5.49402106519418      c       
   -1.39424848982436     -3.15227926735521     -6.58047796546731      o       
    2.04864417469314     -0.60712729466486     -6.29737170173508      o       
    2.72809785516627     -1.17067231330467     -7.94856086498496      h       
    3.01872999613837     -6.14321234388351     -4.02531706453862      n       
    0.06776158972694     -4.40526072442005     -1.96164202417708      h       
    2.54355005678186     -6.43020383929814     -5.88400351839019      h       
    4.91589471581500     -5.77945706900350     -4.07137825652847      h       
  0.24887219053228D-01  0.37733089598517D-01  0.12691893667293D-01
  -.36217510502243D-02  0.55320071226969D-01  0.15642834254219D-01
  -.46951567932614D-01  0.22982542227781D-01  0.20274289666737D-02
  0.35314623535957D-01  -.59630985905914D-02  0.39892750399087D-02
  0.87268506628154D-02  -.53233770273590D-01  -.19393585924566D-01
  -.15042583478057D-01  -.26842984077691D-01  -.15710505216090D-01
  -.27809454251505D-01  -.12699001101203D-01  -.32205234114788D-01
  0.23818106168318D-01  -.20419989212811D-01  0.25580726691787D-01
  -.11230394995525D-02  0.33173048080130D-02  -.26320667996600D-02
  0.16273417074879D-02  -.84076278002849D-04  -.16868586232060D-03
  0.52501958868669D-02  -.37146550642153D-02  -.82483187257955D-03
  -.10143815959273D-02  0.23337587684500D-03  -.14415769005802D-03
  -.18651479934026D-01  0.14269999163773D-01  -.17034862972732D-01
  0.47796505431011D-01  0.20920466712187D-01  0.58885603539111D-01
  -.30902524043679D-03  0.53709077174067D-02  -.52790832866080D-02
  -.72654248566471D-02  0.67497224240907D-03  0.33988006380010D-02
  -.15263138115796D+00  -.56269513316145D-01  -.12732847820917D+00
  0.12671694073164D+00  0.44365449480772D-01  0.72512197520116D-01
  0.14707246838407D-01  -.18667756366790D-01  0.40358349519650D-01
  -.32552594062304D-02  -.50222954288306D-02  0.20238700500575D-01
  0.48955967440825D-02  -.25953896431428D-01  -.46689337327608D-01
  0.72128822733770D-02  -.11478503785585D-03  -.72726082909663D-02
  -.15038878221734D-02  0.23306455591296D-01  0.18548578010338D-01
  -.21774272807840D-01  0.49118653318562D-03  0.80904921947542D-03
  cycle =      2    UFF energy =      0.1291879813   |dE/dxyz| =  0.263495
    3.15715777523943      4.92824702927448      0.47912051268093      c       
    0.63030471424289      5.53568385439522      0.22216827739195      c       
   -1.08593711285899      3.73765963466065     -0.58182633441821      c       
    3.97138983886253      2.50040050864449     -0.12373504152468      c       
    2.27752921553812      0.66148187612894     -0.99953989190450      c       
   -0.26682133587109      1.31785945199508     -1.20482929001588      c       
   -0.23101061485261      7.93854940586104      0.66483203928741      o       
   -1.02336021563966      8.56339928080643     -0.89063312702259      h       
   -1.67700466284283     -0.00231159593291     -1.88022621632492      h       
    5.97239803323043      2.05524946793289      0.05851775529530      h       
    4.52149735938626      6.33004392622244      1.09758145929824      h       
   -3.06821882688766      4.23779437145849     -0.77231441207209      h       
    3.33821267297647     -1.92203025309283     -1.66330592613892      c       
    1.65716957523325     -3.79504014088470     -3.13261462084210      c       
    3.99164237323001     -2.82357503078504      0.09401279153760      h       
    5.03831578579880     -1.57929897768664     -2.81481263100351      h       
    0.54528248046186     -2.49136199608549     -5.48517903494898      c       
   -1.44273538349598     -3.13951235128143     -6.56762490253074      o       
    1.97240207844466     -0.49462256582203     -6.27846649076971      o       
    2.77243909755968     -1.05848744490521     -7.88623885517832      h       
    2.98947338038796     -6.13325555636420     -3.99486550160380      n       
    0.03445081416837     -4.36881932887209     -1.97056169365622      h       
    2.53482804390828     -6.44366819650336     -5.86186950581365      h       
    4.90451881183418     -5.82040265559481     -3.99440020721851      h       
  0.20968017249412D-01  0.31634683459636D-01  0.10732039975561D-01
  -.22923408911421D-02  0.44441110994373D-01  0.13253186015346D-01
  -.39662835495721D-01  0.18751930982637D-01  0.16747469460361D-02
  0.29918819767055D-01  -.52137824870691D-02  0.33140588842227D-02
  0.73873441284809D-02  -.45001944513055D-01  -.16423898300158D-01
  -.12730201576420D-01  -.22858074296066D-01  -.13481908906767D-01
  -.23547008965115D-01  -.79378702939350D-02  -.25069491590390D-01
  0.19356957724676D-01  -.16681645759485D-01  0.19749252064580D-01
  -.99681588031190D-03  0.27009312598634D-02  -.22624058011199D-02
  0.13840667029830D-02  -.64290945639634D-04  -.13837778017388D-03
  0.45517181902530D-02  -.28629279344056D-02  -.62217685427092D-03
  -.90803960554623D-03  0.24956994669046D-03  -.10722635876498D-03
  -.15692618058975D-01  0.12069350335312D-01  -.14605533976481D-01
  0.40208379283778D-01  0.17637284460128D-01  0.49634705026798D-01
  -.23274852896088D-03  0.44960615044437D-02  -.43853069731254D-02
  -.62085320627908D-02  0.59237946756640D-03  0.27867323820834D-02
  -.12903759255362D+00  -.48584851406842D-01  -.10760477221865D+00
  0.10712867369070D+00  0.37548265068243D-01  0.61399470443026D-01
  0.12032937312314D-01  -.13906066663781D-01  0.35940860598989D-01
  -.21221405305926D-02  -.52146296030622D-02  0.15410704346394D-01
  0.36276554975274D-02  -.22011091141413D-01  -.39351829785153D-01
  0.60540269174189D-02  -.76817014888618D-04  -.61353754506447D-02
  -.13474191535489D-02  0.19861772183102D-01  0.15579467694052D-01
  -.17840303161849D-01  0.43065239764690D-03  0.71307961861392D-03
  cycle =      3    UFF energy =      0.1234269747   |dE/dxyz| =  0.246180
    3.20189846860131      4.88032768707363      0.54307790037298      c       
    0.68151858180724      5.50865560575479      0.31548708173234      c       
   -1.04156282282906      3.75406600444159     -0.55651204381144      c       
    4.00056577379974      2.46825558938445     -0.12345436076252      c       
    2.29535124109126      0.66442911532340     -1.03596685928265      c       
   -0.24051799754932      1.34644391316094     -1.23607231326566      c       
   -0.16887491701317      7.88616138327775      0.92112482107920      o       
   -0.94146141698821      8.65192911619740     -0.59063312702259      h       
   -1.66093257005422      0.05387765275436     -1.94392363361304      h       
    5.99757554792285      2.00340419405438      0.05239970354733      h       
    4.56948078669620      6.25255103750219      1.22143860945180      h       
   -3.02148853266598      4.27155285885963     -0.72316075359678      h       
    3.33464375731457     -1.91561094002970     -1.74918363407544      c       
    1.60696552024559     -3.76482976435270     -3.19328852213093      c       
    4.01963647379197     -2.83917029290107     -0.01321318720269      h       
    5.01296781858788     -1.57228263196540     -2.93553264365003      h       
    0.51148261940178     -2.46426901008006     -5.55262576203854      c       
   -1.49115827538270     -3.12285216177289     -6.63747897273616      o       
    1.93871738638138     -0.47512656054619     -6.37058509760259      o       
    2.77104699550612     -1.07019551400952     -7.95379392000547      h       
    2.89293070327465     -6.13848746087708     -4.02381720340733      n       
   -0.02258007743052     -4.29225947070600     -2.01521105176734      h       
    2.44708143704393     -6.46352541231499     -5.89268553474749      h       
    4.82063739650110     -5.88906222465973     -3.99320034296161      h       
  0.19593607713887D-01  0.29699287740672D-01  0.10051264279328D-01
  -.16123277965865D-02  0.40171917876276D-01  0.11903351469680D-01
  -.37292186824074D-01  0.17169420762154D-01  0.13400418585828D-02
  0.28196350856135D-01  -.50616685780712D-02  0.30987794037951D-02
  0.68633716103813D-02  -.42348876972334D-01  -.15431367762474D-01
  -.11960442520667D-01  -.21731421843404D-01  -.12700133985549D-01
  -.21440628713302D-01  -.61648346095983D-02  -.20544019519083D-01
  0.16978680524736D-01  -.14524127821370D-01  0.16358399682181D-01
  -.10167950670672D-02  0.23998661651217D-02  -.21720548356057D-02
  0.13405475521648D-02  -.57172036158500D-04  -.12066999051077D-03
  0.44200982482381D-02  -.23770196050448D-02  -.45165945905193D-03
  -.91976905555975D-03  0.29209039831242D-03  -.99114054572597D-04
  -.14722176229945D-01  0.11334507408632D-01  -.13707120381538D-01
  0.37526442940958D-01  0.16757878924762D-01  0.46481930326442D-01
  -.14840768410158D-03  0.41732672203436D-02  -.39952953514001D-02
  -.57286677497730D-02  0.53701633415577D-03  0.25009827246772D-02
  -.12100283840940D+00  -.45508237489049D-01  -.10092643045890D+00
  0.10047459835736D+00  0.35201124165772D-01  0.57595873846881D-01
  0.11153527693247D-01  -.12855136955784D-01  0.34016148160302D-01
  -.18486844030864D-02  -.50339926431868D-02  0.14182882320479D-01
  0.29870582770130D-02  -.20998007251356D-01  -.36940350577511D-01
  0.55313295218252D-02  -.10166486499952D-03  -.56624164165800D-02
  -.12510447123206D-02  0.18615754234404D-01  0.14575265866190D-01
  -.16121644130068D-01  0.41002943975002D-03  0.64571285423594D-03
  cycle =      4    UFF energy =      0.1090855004   |dE/dxyz| =  0.189291
    3.23493820948844      4.79196543421388      0.63822588970283      c       
    0.73141446359477      5.44186183468501      0.43846690109528      c       
   -0.99349313255453      3.73818583246752     -0.49198655083517      c       
    4.01810974954755      2.41050250616049     -0.09740848447047      c       
    2.30806113636903      0.65516642992036     -1.05039405771791      c       
   -0.21460845973681      1.35412892701337     -1.22818329416172      c       
   -0.09282233770439      7.79795672401237      1.19025070230706      o       
   -0.79455852818801      8.72488961967115     -0.29063312702259      h       
   -1.64361809602962      0.08634522113641     -1.96444310530630      h       
    6.01146500770311      1.92830315510836      0.06522480506167      h       
    4.59987342374137      6.13687525376037      1.37543058936745      h       
   -2.97019684949007      4.27347131513510     -0.63279450681449      h       
    3.32855481561118     -1.91106362275643     -1.85140486752453      c       
    1.55221819667843     -3.70696473384950     -3.30654006032976      c       
    4.03136994980611     -2.89128078849940     -0.14741412517698      h       
    4.99007854930686     -1.55131176189643     -3.06489067741294      h       
    0.47743110228052     -2.39073375397161     -5.65576999391660      c       
   -1.58039773223218     -3.08447523133660     -6.73969534566836      o       
    1.85073339859383     -0.36531153478170     -6.50218023301263      o       
    2.82280716853061     -0.99415611796283     -8.00627397144314      h       
    2.79920433856153     -6.10981080629263     -4.09022541691047      n       
   -0.09052635780833     -4.19426115338204     -2.11857270736023      h       
    2.39303703453465     -6.45862121297972     -5.97231160712767      h       
    4.74484884744911     -5.94767882200679     -3.98328760281911      h       
  0.15031346511067D-01  0.23148980606719D-01  0.76745374790596D-02
  -.94799859007083D-03  0.29917091377688D-01  0.83975377487921D-02
  -.28931898622448D-01  0.13072173664929D-01  0.75140512264188D-03
  0.21910751728492D-01  -.40117660977997D-02  0.24282251050341D-02
  0.51694697596657D-02  -.32825967458519D-01  -.11780736022790D-01
  -.92111308818103D-02  -.17089756689555D-01  -.97772162975796D-02
  -.15561352722700D-01  -.50320575177467D-02  -.11886212934544D-01
  0.11812535270430D-01  -.91983524560958D-02  0.96253394106889D-02
  -.82550783778467D-03  0.16912314805345D-02  -.17344910584269D-02
  0.10854637579894D-02  -.39172108577017D-04  -.80207531513701D-04
  0.35438045968675D-02  -.15405148896034D-02  -.20971103878853D-03
  -.77716478581139D-03  0.29940696346505D-03  -.77794974532339D-04
  -.11295589105927D-01  0.85923864235598D-02  -.10999151814285D-01
  0.28613462031045D-01  0.13141662693720D-01  0.35664660695903D-01
  0.22773694043579D-04  0.30391237651091D-02  -.28668615308906D-02
  -.44064609926250D-02  0.38178118417767D-03  0.17528989501138D-02
  -.93077830811816D-01  -.35558015812562D-01  -.78295353257470D-01
  0.77562889149979D-01  0.27072434856489D-01  0.44671910044434D-01
  0.70016328382208D-02  -.78518193008393D-02  0.29409192742015D-01
  0.95342903277257D-04  -.55310229849250D-02  0.83561494821954D-02
  0.94350782756280D-03  -.16476906661652D-01  -.28346141767606D-01
  0.41413642744916D-02  -.57785373520748D-04  -.43101442829751D-02
  -.10516194781509D-02  0.14570637809512D-01  0.11002486132807D-01
  -.10847790513988D-01  0.28622652549352D-03  0.62967959771559D-03
  cycle =      5    UFF energy =      0.0938527140   |dE/dxyz| =  0.080050
    3.18391534728231      4.62384899650436      0.82009150856831      c       
    0.70761044045741      5.27335120573478      0.64825627881552      c       
   -0.99612695398467      3.61294972653723     -0.31972375453946      c       
    3.97358948427153      2.30890438465791     -0.00551904389404      c       
    2.28655021504141      0.61247244182070     -1.01365405937681      c       
   -0.22413218800374      1.28227031541110     -1.12558237425380      c       
   -0.09082652897556      7.62375898656301      1.49025070230706      o       
   -0.50962605496561      8.75631642003592     -0.02636525114435      h       
   -1.64731527748823      0.01870855529093     -1.88130157743802      h       
    5.96949259584772      1.83408174908604      0.12652155706904      h       
    4.52572671241702      5.95912314476115      1.61167227875243      h       
   -2.97335913105707      4.14928295629608     -0.42771821615082      h       
    3.32500632056840     -1.90190178622204     -1.97629907280018      c       
    1.54188845585581     -3.61004063012122     -3.54501974033210      c       
    4.01254611328659     -2.99954545351969     -0.32265437004600      h       
    4.99177688132094     -1.46841235598663     -3.17703099824655      h       
    0.44381203257658     -2.22113600034508     -5.82197540255245      c       
   -1.73328068545098     -3.00950202937301     -6.89551646346358      o       
    1.64986771132078     -0.07385691155979     -6.70427529462116      o       
    3.00541670101800     -0.70355407392947     -7.96923780360373      h       
    2.83003421621949     -5.97989025022175     -4.32093239111904      n       
   -0.10731517181969     -4.14518187515349     -2.36277800348383      h       
    2.56121937613574     -6.31514227985037     -6.25313741034243      h       
    4.78745328617900     -5.89292252285059     -4.03488194559870      h       
  0.49779330975466D-02  0.87773518879703D-02  0.24683181291823D-02
  -.52921141839174D-03  0.10468948493137D-01  0.17783152211079D-02
  -.10209395931324D-01  0.52143952325259D-02  -.13573515114093D-03
  0.76507407493881D-02  -.15266280986673D-02  0.97023235092859D-03
  0.16558967051325D-02  -.11591550125747D-01  -.32357700358350D-02
  -.32763779279765D-02  -.58958440960648D-02  -.30792735049176D-02
  -.32756282600881D-02  -.10400255474128D-01  0.94466209918601D-02
  0.22212860788435D-02  0.54885021703415D-02  -.92450883600398D-02
  -.33152924939693D-03  0.56410746395158D-03  -.59618339858716D-03
  0.46626903595207D-03  -.95935062218662D-04  -.33209198056666D-04
  0.13043932971501D-02  -.27646183398666D-03  0.29121788891499D-04
  -.31085197687697D-03  0.28059983533485D-03  -.18065152934674D-04
  -.38127914374437D-02  0.26050130350727D-02  -.58602591802620D-02
  0.99196129741913D-02  0.40234695284294D-02  0.11720770008462D-01
  0.27221046942653D-03  0.28553374958822D-03  -.23435571070909D-03
  -.16705949679370D-02  0.41062260437375D-03  -.17727985314629D-03
  -.30970789239363D-01  -.16653663201917D-01  -.29318493437919D-01
  0.26810096352501D-01  0.86257307626041D-02  0.16524405146603D-01
  -.14330888756533D-01  0.13175626024010D-01  0.28745227193365D-01
  0.16304864587172D-01  -.13530267395922D-01  -.12901437154552D-01
  -.43264841126681D-02  -.60407929646476D-02  -.83478803229082D-02
  0.13965655606848D-02  -.14070782322305D-03  -.12819231800889D-02
  -.40035618440268D-03  0.57272557076773D-02  0.11995592239373D-02
  0.46503055441325D-03  0.50494958150560D-03  0.15823835867592D-02
  cycle =      6    UFF energy =      0.0939299735   |dE/dxyz| =  0.075267
    3.12419227563026      4.70839010170267      0.69844622417836      c       
    0.63114281265264      5.30129683950573      0.56699592993207      c       
   -1.05758103170761      3.58610426169414     -0.32659363757402      c       
    3.94229674714851      2.39125894936954     -0.08789427576101      c       
    2.26926045557001      0.64061210000214     -1.02381335006623      c       
   -0.25548705471722      1.25652182263638     -1.10147280723025      c       
   -0.20430380361057      7.65203196993203      1.37201174203202      o       
   -0.39345818184940      8.83392873516859     -0.16957278867396      h       
   -1.66661126000328     -0.05478734851375     -1.80090885661721      h       
    5.94924810004074      1.95679569291732      0.02021596483302      h       
    4.45442138128592      6.08775599125337      1.43450407475553      h       
   -3.04745598539677      4.08189151418824     -0.40421726576218      h       
    3.33078263508044     -1.88873406727866     -1.91924283627731      c       
    1.57440093865658     -3.62834437763571     -3.48477689225481      c       
    3.99266734654990     -2.95225042720538     -0.23233497993435      h       
    5.01618990680383     -1.47751231124772     -3.10314624299560      h       
    0.48772977448924     -2.27422890929790     -5.78740097636921      c       
   -1.70879478506410     -3.06248126582110     -6.83785742720191      o       
    1.72099294973065     -0.16874705916070     -6.73382923999364      o       
    3.03415453324870     -0.83353296152637     -8.01895960066145      h       
    2.88797564744427     -5.99901360088499     -4.21444187491830      n       
   -0.08248556658736     -4.16171839329689     -2.31166783597737      h       
    2.67797132712515     -6.34628299560154     -6.15283511415181      h       
    4.83667473550734     -5.91497154731776     -3.86801878082255      h       
  0.48829063230745D-02  0.81387457877123D-02  0.24801477901844D-02
  -.42154754666717D-03  0.97001493031972D-02  0.11855199023304D-02
  -.96229503921715D-02  0.45770966814907D-02  -.36694430464993D-03
  0.72136586570305D-02  -.11456963641924D-02  0.10424353388457D-02
  0.14342290085351D-02  -.10512505231426D-01  -.29754597238181D-02
  -.32280812614599D-02  -.54895096655577D-02  -.29104886902395D-02
  -.21304630489737D-02  -.12880835834782D-01  0.14961348163487D-01
  0.12414209742882D-02  0.84107430691854D-02  -.14217090350392D-01
  -.60130543503598D-03  0.21723069625910D-03  -.71528135370111D-03
  0.62635303431969D-03  -.36297559638972D-04  0.25034589278616D-04
  0.14563273983359D-02  0.36395082468794D-05  0.16861884535085D-03
  -.50408378963855D-03  0.25783802864340D-03  -.46618438125042D-04
  -.35381434324969D-02  0.22000555338634D-02  -.53813331707603D-02
  0.87806439641344D-02  0.36564092608641D-02  0.10604535716072D-01
  0.31450839271945D-03  0.16102033117090D-03  -.32828832766444D-04
  -.14430543377629D-02  0.33658142872183D-03  -.25300588754549D-03
  -.28086972184592D-01  -.15252125844623D-01  -.26241065335880D-01
  0.24046725615639D-01  0.77073442829925D-02  0.14897179527187D-01
  -.12989950946541D-01  0.12407455271703D-01  0.25868461899378D-01
  0.15015816345887D-01  -.12269167351696D-01  -.11863130388441D-01
  -.41669776386105D-02  -.55435096668612D-02  -.72153114431661D-02
  0.12375280119507D-02  -.11172250285146D-03  -.11419946943023D-02
  -.38810445326365D-03  0.50523749126690D-02  0.65969008650663D-03
  0.87151674129948D-03  0.41468592490861D-03  0.14675807551673D-02
  cycle =      7    UFF energy =      0.0932813937   |dE/dxyz| =  0.071855
    3.04126714163453      4.82132977578326      0.50446940082182      c       
    0.52058280965892      5.31672012081114      0.47537804207214      c       
   -1.14579850128452      3.51071202211678     -0.27623037134058      c       
    3.90437308969740      2.50691337513934     -0.23464327152587      c       
    2.25167659578891      0.66832022463011     -1.03514806634726      c       
   -0.29627063574247      1.18907436151656     -1.01744595489245      c       
   -0.37171312675838      7.66204407910590      1.23870977351084      o       
   -0.27748507946031      8.90898472139162     -0.28170979706612      h       
   -1.68904996508981     -0.19974276835578     -1.60910414614036      h       
    5.93032718745294      2.14447068452282     -0.19579182188790      h       
    4.35519473754959      6.27204876866935      1.13450407475553      h       
   -3.15672486057639      3.93362033652908     -0.27563795393757      h       
    3.34940924409137     -1.87198949714537     -1.85203258275407      c       
    1.63109008395676     -3.64603495787534     -3.42313362182842      c       
    3.97845137132924     -2.89720362072426     -0.12841866930777      h       
    5.05823614749661     -1.48080309838422     -3.01088224518609      h       
    0.54060649028929     -2.31952957438498     -5.73882084277676      c       
   -1.68061025889860     -3.10900439290678     -6.75955365318950      o       
    1.79686473281925     -0.25967785620680     -6.75693284865718      o       
    3.04305403717609     -0.95764600860050     -8.08229703610154      h       
    2.98787916281052     -6.00130603625762     -4.12305257718261      n       
   -0.02696522987078     -4.20048642963856     -2.26039731874313      h       
    2.84545959835619     -6.34598005565850     -6.06937891864564      h       
    4.92406912560486     -5.91085146050117     -3.70926044116074      h       
  0.57611617945794D-02  0.75914974376786D-02  0.25350089156339D-02
  -.17427286289244D-03  0.90821985954002D-02  0.36721207476254D-03
  -.97056251801676D-02  0.31232876004290D-02  -.86360520657155D-03
  0.72763122685300D-02  -.15511498228324D-03  0.13627400892154D-02
  0.13783005864506D-02  -.94201941628350D-02  -.28304277209063D-02
  -.39493260936502D-02  -.51140098922755D-02  -.27592637062625D-02
  -.23759650464623D-02  -.16432043200343D-01  0.22606256253905D-01
  0.16273315013242D-02  0.12531465902677D-01  -.20961941267177D-01
  -.15686624472183D-02  -.68730657328653D-03  -.10531563362187D-02
  0.14088245618177D-02  0.15114851220453D-03  0.18227916725439D-03
  0.21998008869054D-02  0.80254609801368D-03  0.52338199685751D-03
  -.14043588810819D-02  0.15579413751202D-03  -.13809915511319D-03
  -.32555373579214D-02  0.15274340815868D-02  -.47359367479486D-02
  0.73255432270774D-02  0.31639352099345D-02  0.89591244385905D-02
  0.35948119537505D-03  0.29967063874583D-04  0.22191976960630D-03
  -.11337629110887D-02  0.20608099735656D-03  -.37637119047702D-03
  -.24081622263127D-01  -.13198489542738D-01  -.21946345189740D-01
  0.20246403832932D-01  0.64615709124953D-02  0.12653828643840D-01
  -.11379006749921D-01  0.11251048325055D-01  0.22177821177611D-01
  0.13418081875271D-01  -.10635038864281D-01  -.10570537673892D-01
  -.39485188349079D-02  -.48123410779402D-02  -.57686274289433D-02
  0.99421470273121D-03  -.10603919117532D-03  -.94837109569876D-03
  -.32524921478746D-03  0.41260690123469D-02  0.22895536230609D-04
  0.13064514102320D-02  0.35653360059294D-03  0.13402146554416D-02
  cycle =      8    UFF energy =      0.0913275626   |dE/dxyz| =  0.061252
    2.96493207232794      4.92708279571521      0.35248144822088      c       
    0.43610287278460      5.37024732934231      0.35162372272995      c       
   -1.20171871444202      3.51162324796168     -0.32434490588265      c       
    3.86322076022628      2.61270073476992     -0.33508044715947      c       
    2.23791333864168      0.72214337761592     -1.05944047911135      c       
   -0.31714171730587      1.19145909107830     -1.01997806459664      c       
   -0.49540022879582      7.71749931929517      1.06779441067264      o       
   -0.30476745188014      8.97551977456414     -0.42437436464626      h       
   -1.68876855426839     -0.24261602117447     -1.55177702884114      h       
    5.89580308948089      2.28986233297617     -0.31077815812969      h       
    4.25739777825998      6.41989107151755      0.92586728168520      h       
   -3.22041285364592      3.89383259109195     -0.30305866184669      h       
    3.37065589992799     -1.82996250041464     -1.78752287520610      c       
    1.68240582770737     -3.66766175779494     -3.32038863866172      c       
    3.99078193054405     -2.79542487108567     -0.02535526161136      h       
    5.08806166017785     -1.46089553824234     -2.94288584657269      h       
    0.60528020223878     -2.42036049129143     -5.68595901526367      c       
   -1.68824764602663     -3.16415305658739     -6.61065454490779      o       
    1.92430542172255     -0.47060137527944     -6.84753749059676      o       
    3.02527284051217     -1.25764600860050     -8.25049020461102      h       
    3.06935609353300     -6.03232192922372     -3.92764768082963      n       
    0.01791688443571     -4.20165803727567     -2.15584654031303      h       
    3.01422515552708     -6.41173161870425     -5.87379138824684      h       
    4.98674923634893     -5.94284574667891     -3.42766611378408      h       
  0.49145739724908D-02  0.64777143836189D-02  0.22153967390737D-02
  0.11303799815529D-04  0.75300368745423D-02  0.21638936867048D-03
  -.81789892602031D-02  0.23066486808728D-02  -.80963714725175D-03
  0.61773255539996D-02  0.12675144772616D-03  0.12475887960264D-02
  0.94393752967502D-03  -.75825269786008D-02  -.23641570930858D-02
  -.33729699533193D-02  -.43620333664744D-02  -.23771585693835D-02
  -.19013040187308D-02  -.13505403488645D-01  0.19615453702150D-01
  0.13121885955006D-02  0.10630632113768D-01  -.18013287244889D-01
  -.15623204198355D-02  -.89877280894226D-03  -.10049355572064D-02
  0.13026092698065D-02  0.17901241217624D-03  0.18715342005110D-03
  0.20354991712203D-02  0.94551119360516D-03  0.55105725824297D-03
  -.13137000517979D-02  0.10127040928992D-03  -.13376099555913D-03
  -.26380529301621D-02  0.12126773328831D-02  -.38430487884618D-02
  0.52452709251405D-02  0.24593727196908D-02  0.75385411742470D-02
  0.39916876263141D-03  -.14000714942712D-03  0.49798139484017D-03
  -.88006967435512D-03  0.15738003562997D-03  -.38506179519936D-03
  -.19561278934260D-01  -.11640954615763D-01  -.16840577877314D-01
  0.14810672019715D-01  0.43808433228469D-02  0.10295624266601D-01
  -.10169775739862D-01  0.12995939962046D-01  0.19326328372641D-01
  0.13545839158409D-01  -.10103589648276D-01  -.11424882916652D-01
  -.36660597241309D-02  -.43227300039489D-02  -.40010527705181D-02
  0.78308945863846D-03  -.92118958322102D-04  -.71434666047048D-03
  -.24950021750230D-03  0.30380120274021D-02  -.98519771530935D-03
  0.20125427071166D-02  0.10633410230033D-03  0.12055906387565D-02
  cycle =      9    UFF energy =      0.0894476958   |dE/dxyz| =  0.061976
    2.90614002990139      5.00355808382790      0.16900701422966      c       
    0.36273749976236      5.36381076361821      0.30007469167224      c       
   -1.24921227412014      3.42949921072485     -0.21913391776670      c       
    3.84059234531834      2.69675200204919     -0.49083238838260      c       
    2.23742537904901      0.73459250042751     -1.06888669221935      c       
   -0.32823659631806      1.12084784815901     -0.89925560245657      c       
   -0.61565712597391      7.70268352412633      0.98900173271093      o       
   -0.18449495151930      9.03193672164486     -0.40350170149640      h       
   -1.67992960918549     -0.37491533262503     -1.31308196558591      h       
    5.88398844626451      2.43839356190669     -0.56369871152899      h       
    4.18243360198102      6.55356333338719      0.62586728168520      h       
   -3.27849350953584      3.74761567567903     -0.09731958745623      h       
    3.40216420052162     -1.81190406040214     -1.76307120356179      c       
    1.73122026238845     -3.67660006824765     -3.28338843337466      c       
    4.02644884653955     -2.75255376372866      0.01064051337679      h       
    5.11865894603771     -1.44172213830281     -2.92014369891189      h       
    0.60743852085298     -2.44284271909257     -5.63380820354789      c       
   -1.72608530242120     -3.16986709150806     -6.48844416448398      o       
    1.92068040776695     -0.53016717035856     -6.86236095128410      o       
    2.93745757040586     -1.33843693555757     -8.31071141603245      h       
    3.15519335121708     -6.01532384934607     -3.90452665940027      n       
    0.08789784500959     -4.24424704564096     -2.10374073443438      h       
    3.10494905942438     -6.38889124602992     -5.85163085236364      h       
    5.07060695466282     -5.90179909113547     -3.40386519689911      h       
  0.60501229824118D-02  0.63814697346591D-02  0.19259789048478D-02
  0.23492515564816D-03  0.74323640511150D-02  -.26925108803644D-03
  -.87974677595088D-02  0.81074101101187D-03  -.91866245598207D-03
  0.65976183277314D-02  0.10313209204193D-02  0.14133225879778D-02
  0.11988550073924D-02  -.72226370780432D-02  -.24164933819742D-02
  -.44617857806355D-02  -.41238463938433D-02  -.21466669672204D-02
  -.42937134361003D-02  -.16902522656682D-01  0.24474989734564D-01
  0.36876579564470D-02  0.14184809628078D-01  -.22355301519010D-01
  -.24907822168229D-02  -.15938043235370D-02  -.11286156036354D-02
  0.22488165430366D-02  0.38731859276142D-03  0.25874251068986D-03
  0.27606395158337D-02  0.16783229213053D-02  0.75221621791164D-03
  -.23054220690180D-02  -.58712076541811D-04  -.15078362227611D-03
  -.23617437690763D-02  0.84794227800279D-03  -.33417114611562D-02
  0.45753307089516D-02  0.21661363352375D-02  0.64820582769545D-02
  0.36275460520264D-03  -.14516693143793D-03  0.47866527431031D-03
  -.75259181935239D-03  0.10407670839217D-03  -.38202702045633D-03
  -.16722328468559D-01  -.10016840706646D-01  -.14251302148319D-01
  0.12138093031058D-01  0.35689248447595D-02  0.87565084489390D-02
  -.91576819554536D-02  0.11933773570011D-01  0.17257411610549D-01
  0.12404272808800D-01  -.90987390453835D-02  -.10631766804715D-01
  -.31130269481127D-02  -.38654537310113D-02  -.34523033971501D-02
  0.58068514624695D-03  -.16890394229722D-03  -.54742634705850D-03
  -.18845865782385D-03  0.25838125715444D-02  -.85682666643864D-03
  0.18052310917043D-02  0.85613718125263D-04  0.10492449166848D-02
  cycle =     10    UFF energy =      0.0868115454   |dE/dxyz| =  0.051120
    2.86544173952799      5.07914178558362      0.01644097765768      c       
    0.32094272421874      5.37740490925485      0.24490921850217      c       
   -1.25513813054893      3.38890937736873     -0.15709469424000      c       
    3.83382083453596      2.78507292858719     -0.62817483492072      c       
    2.26267525168652      0.77212009183921     -1.09650354538705      c       
   -0.30179840093203      1.09311024900158     -0.82502198689930      c       
   -0.69838240373787      7.70879049814643      0.91076671672485      o       
   -0.13819603484734      9.08212802657865     -0.37765302906969      h       
   -1.62858918530013     -0.44702966691965     -1.14756811095415      h       
    5.87925810698592      2.57776989066373     -0.77782086163200      h       
    4.11830660030501      6.67055852781224      0.38585016807517      h       
   -3.28603664657830      3.65667699167202      0.03982951935484      h       
    3.46520069388328     -1.75921286821813     -1.77886295922781      c       
    1.78611283186697     -3.68921866815878     -3.21141325313941      c       
    4.16429360330854     -2.65232472476072     -0.00682060334708      h       
    5.13814584698653     -1.37392442733837     -2.99713565596265      h       
    0.55208176383760     -2.52072204639875     -5.54200068936175      c       
   -1.88786812504335     -3.18321277348565     -6.18844416448399      o       
    1.84440671519448     -0.71047050999824     -6.94812946612095      o       
    2.69178956045427     -1.59054583299693     -8.46063344511563      h       
    3.24765390140757     -6.00312171606632     -3.83573499873237      n       
    0.19764153701709     -4.27633541475581     -1.96335591004681      h       
    3.17457078873467     -6.40113897776062     -5.77686366256494      h       
    5.16759032505609     -5.85044293607587     -3.36537557661768      h       
  0.53729959611692D-02  0.51181865892024D-02  0.14299809381809D-02
  0.30178940673357D-03  0.59822454009168D-02  -.36348513892431D-03
  -.74267958025176D-02  -.97054621335178D-04  -.77976609933400D-03
  0.56345379410173D-02  0.12666690132353D-02  0.12230140745166D-02
  0.10624968770679D-02  -.56944868119023D-02  -.20330550867595D-02
  -.42311022380037D-02  -.32216858633442D-02  -.16571254385317D-02
  -.42360638095903D-02  -.14355126175681D-01  0.21111026332085D-01
  0.37622896266717D-02  0.12354762665076D-01  -.19222027013540D-01
  -.25163378209567D-02  -.16748882132068D-02  -.96464338621902D-03
  0.23467123927196D-02  0.41051249761851D-03  0.22587603113635D-03
  0.26089506395151D-02  0.17384480009189D-02  0.71178558572363D-03
  -.23657471786590D-02  -.13236160978650D-03  -.12311877478001D-03
  -.16578007772115D-02  0.88431193768351D-03  -.23916096698175D-02
  0.34997088842985D-02  0.12379620913729D-02  0.48948315084777D-02
  0.46706088840637D-03  -.36088473828768D-03  0.82060043331130D-03
  -.19140218358712D-03  0.27661091386448D-03  -.48148591517495D-03
  -.10019464024281D-01  -.76837168784476D-02  -.90699154755428D-02
  0.36471081859246D-02  0.90529204382517D-03  0.58879919268205D-02
  -.68543466975317D-02  0.12904556920013D-01  0.14467675620940D-01
  0.11657798690436D-01  -.83602647438166D-02  -.11293203054096D-01
  -.23472660765020D-02  -.30056427813402D-02  -.24257863496055D-02
  0.13936115983017D-04  -.40615459925270D-03  -.71649266335887D-04
  -.14595831991317D-03  0.18586086010274D-02  -.76129014381783D-03
  0.16168993188106D-02  0.54100361646324D-04  0.86537836128758D-03
  cycle =     11    UFF energy =      0.0845174145   |dE/dxyz| =  0.042414
    2.84745965507889      5.09573139331248     -0.12362483158447      c       
    0.31316652827134      5.33823320450650      0.26226209378398      c       
   -1.22955515548328      3.29913077335508      0.02049077361180      c       
    3.83325911068311      2.81387668101055     -0.77431630040333      c       
    2.28753828554346      0.75505786347784     -1.09373023622081      c       
   -0.26081589737028      1.01509208926206     -0.65271594323378      c       
   -0.73460100694527      7.66283665867922      0.92291199062100      o       
   -0.01383501229588      9.10055584976221     -0.19916130429903      h       
   -1.56377620461619     -0.56771030088547     -0.84924985751609      h       
    5.87160055716428      2.65516079665194     -1.05281409030401      h       
    4.08266168695988      6.72472745435650      0.12365179293423      h       
   -3.25224033679013      3.51995428684523      0.33982951935484      h       
    3.49770532758952     -1.76469586706806     -1.80455161684080      c       
    1.80217043848503     -3.67815614211152     -3.24157827431956      c       
    4.21498875514843     -2.67171064092206     -0.04835470140453      h       
    5.15783181264049     -1.36831654683021     -3.03669505184923      h       
    0.46864860057029     -2.45309735267995     -5.48833790586765      c       
   -2.09099959148624     -2.91662874206254     -5.90716625533418      o       
    1.76473910325994     -0.74871033627905     -7.02084456805697      o       
    2.59141178155403     -1.71508776219547     -8.47690065755795      h       
    3.27791580137751     -5.95149513046396     -3.97765291225781      n       
    0.26519685640909     -4.32503062892124     -1.95574145705897      h       
    3.18303446716412     -6.28121182142321     -5.93126769478960      h       
    5.20041833510478     -5.80452306580216     -3.52125335891802      h       
  0.52876169345875D-02  0.38123738788306D-02  0.65901649113856D-03
  0.16715731222673D-03  0.47708957575120D-02  -.36834104976718D-03
  -.65336120724786D-02  -.12853053433271D-02  -.45333179104776D-03
  0.50598173485179D-02  0.16811795197883D-02  0.98175394183350D-03
  0.13860750089342D-02  -.42745247332720D-02  -.18174734694039D-02
  -.48334301045667D-02  -.21791544136155D-02  -.91918501732254D-03
  -.55980671357719D-02  -.13793645333139D-01  0.18468168320487D-01
  0.51515450156000D-02  0.12322713969314D-01  -.16977409038934D-01
  -.29045806700932D-02  -.17793654085042D-02  -.66327878758767D-03
  0.30284263956642D-02  0.48787418223229D-03  0.90152354053801D-04
  0.27259630094033D-02  0.19607129169380D-02  0.63359135404255D-03
  -.29094128725000D-02  -.26192525846447D-03  -.78499357790173D-05
  -.98115002104445D-03  0.57341117532710D-03  -.15196435542223D-02
  0.31766524918934D-02  0.16220646924004D-02  0.36434672173920D-02
  0.35121145747589D-03  -.22234893449262D-03  0.56876807058105D-03
  -.11785467489195D-03  0.18944287976901D-03  -.41925184147526D-03
  -.31951421514303D-03  -.44749065787952D-02  -.47626704887387D-02
  -.73396592088445D-02  -.12892049746365D-02  0.25442556281970D-02
  -.28204578375316D-02  0.10364697260667D-01  0.10036538698385D-01
  0.79987294941530D-02  -.59546541034789D-02  -.84109235894622D-02
  -.76884046920038D-03  -.28260021668653D-02  -.12118854669361D-02
  -.26203830633609D-03  -.44328536678798D-03  0.48874010260652D-03
  -.38324903899283D-04  0.98772200080983D-03  -.11376818283810D-02
  0.10937480238457D-02  0.11234381790171D-04  0.55447368034128D-03
  cycle =     12    UFF energy =      0.0822750088   |dE/dxyz| =  0.034961
    2.76312609222682      5.07135535167542     -0.18303711248142      c       
    0.24255957483286      5.26839911347356      0.30162673783507      c       
   -1.25746292516127      3.19178493296064      0.16256729738719      c       
    3.77303490216047      2.80178496424443     -0.83266531457051      c       
    2.26375390842251      0.70753298123758     -1.05116628228425      c       
   -0.26502065222132      0.91888737087949     -0.50647199702937      c       
   -0.83862009248049      7.58225764594299      0.95837738658287      o       
   -0.02843824726597      9.06303481457806     -0.02251067284096      h       
   -1.53261198937865     -0.69873984699931     -0.62117865817045      h       
    5.79999400359831      2.68317216440200     -1.19260877850106      h       
    3.97144878022945      6.72862384737429     -0.01893580421073      h       
   -3.26917377370715      3.37417093593149      0.55848991019932      h       
    3.48123768559369     -1.80668839396333     -1.76480182155085      c       
    1.81643054611170     -3.64017108142863     -3.34436773448326      c       
    4.09199475052482     -2.77493814930401      0.00206871772285      h       
    5.21194346766916     -1.41028988787232     -2.90094103963326      h       
    0.54083570316087     -2.29551607406400     -5.55707062237755      c       
   -2.04024940934424     -2.61662874206254     -5.97360217979806      o       
    1.91250309849756     -0.64098778034882     -7.07674403496509      o       
    2.84121676360535     -1.64875545249588     -8.43482582055369      h       
    3.29765554951489     -5.88522658149038     -4.15009503435904      n       
    0.24287728196237     -4.34305962203211     -2.13195076873774      h       
    3.29792946841389     -6.09508358078971     -6.12765231492743      h       
    5.19695941106027     -5.80093621627154     -3.57931490577073      h       
  0.42571682014423D-02  0.27087751591726D-02  0.29935945759647D-03
  0.17985100006795D-03  0.35522303944210D-02  -.31838781349177D-03
  -.49923391745752D-02  -.13931911450076D-02  -.24163332177907D-03
  0.39763429654939D-02  0.15616814354379D-02  0.81141707149698D-03
  0.10961922501532D-02  -.30648257256274D-02  -.16745703475323D-02
  -.40675972917269D-02  -.15131144476791D-02  -.41075459268174D-03
  -.53152188523544D-02  -.11323432733899D-01  0.14475913864633D-01
  0.48681743744645D-02  0.10381979949427D-01  -.13352865169166D-01
  -.25576803247126D-02  -.14813591903736D-02  -.44633335293804D-03
  0.26616984739000D-02  0.42843271075023D-03  0.56538497188871D-04
  0.22992747014732D-02  0.17194172696900D-02  0.51095742111673D-03
  -.25138780195885D-02  -.26906615095239D-03  0.31841895684955D-04
  -.93351616666724D-03  0.13018168591033D-02  -.48034117852135D-03
  0.24559936479208D-02  0.82002141857138D-03  0.22577581329748D-02
  0.52966324556962D-03  -.48496362122466D-03  0.13645009507692D-02
  0.74090136541413D-03  0.45504252984555D-03  -.83704621671474D-03
  0.42124864401921D-03  -.27755038740530D-02  -.32654460718447D-02
  -.67057645093879D-02  -.11459211120887D-02  0.12447692647705D-02
  -.23966645646020D-02  0.84896970988438D-02  0.84800858064113D-02
  0.63789484791643D-02  -.51769400440600D-02  -.77031125658491D-02
  -.24196784780133D-02  -.26517937510087D-02  0.85199469385126D-03
  -.45461499825693D-03  -.90323285759424D-03  0.78493280078665D-03
  -.17884734026098D-03  0.38760293722930D-03  -.36449333135826D-02
  0.26703423710626D-02  0.37664689107614D-03  0.12053540868208D-02
  cycle =     13    UFF energy =      0.0795028170   |dE/dxyz| =  0.028899
    2.64476721568127      5.09061534188483     -0.35100076261839      c       
    0.14867496336533      5.23239961327506      0.26548971775926      c       
   -1.28764789119050      3.10726570837601      0.28081727230625      c       
    3.68819821977241      2.83069026118393     -0.97514525297854      c       
    2.23649170258915      0.68662283938110     -1.02876418904920      c       
   -0.26120295884465      0.84202495001564     -0.35580611834067      c       
   -0.97764881849224      7.53478195599559      0.90137144600432      o       
   -0.06981685454630      9.06069355376955      0.10748084221955      h       
   -1.47546363978850     -0.82086142232844     -0.34189470898099      h       
    5.69395601233422      2.76094658367775     -1.44651353688952      h       
    3.81090451844615      6.78591265697634     -0.31893580421073      h       
   -3.27975786614712      3.24330462478440      0.77802522705943      h       
    3.46984767210555     -1.82643582916145     -1.71137562222534      c       
    1.84067902517511     -3.60740484670163     -3.38461912515443      c       
    3.98511042968328     -2.82190567772605      0.07048934381006      h       
    5.25836527142334     -1.45015776263533     -2.76258600318433      h       
    0.64541584372454     -2.20113749529786     -5.60221832676578      c       
   -1.94085407475258     -2.40411150919994     -6.03694269805565      o       
    2.09801525478727     -0.63038166385312     -7.13466151457818      o       
    3.07022484729196     -1.69721679641489     -8.40171691399928      h       
    3.32535829416179     -5.84822812360389     -4.18778717518851      n       
    0.22066488355533     -4.32033189731442     -2.24223397255946      h       
    3.49803260240268     -5.94879078717242     -6.17266931892693      h       
    5.17160924528869     -5.86431156433369     -3.43561365297169      h       
  0.35943120050761D-02  0.18976396486142D-02  -.16787501722228D-03
  0.34580306237613D-03  0.27029196289543D-02  -.24342736290548D-03
  -.37211673992515D-02  -.18996739937941D-02  0.59171736059107D-04
  0.33100121285611D-02  0.22339046916582D-02  0.61669966607340D-03
  0.24559113947919D-03  -.25395042723917D-02  -.14786930513645D-02
  -.34483333020323D-02  -.13695782544923D-02  -.73129475638077D-05
  -.55720904882358D-02  -.92782440242242D-02  0.10348450496771D-01
  0.50771504033698D-02  0.90370934718040D-02  -.95946600931402D-02
  -.25010886788005D-02  -.18064959862845D-02  -.26081728739493D-03
  0.25683126811569D-02  0.66694373458641D-03  -.23033831479497D-04
  0.23200340199125D-02  0.19973804307957D-02  0.36549277541575D-03
  -.23037316168450D-02  -.43287106746842D-03  0.12995202702009D-03
  -.82238187202096D-03  0.80582122753602D-03  0.12987370161150D-03
  0.15697656203451D-02  0.30962521740556D-03  0.82509955921588D-03
  0.46294869361795D-03  -.45072623276991D-03  0.13499975744758D-02
  0.10359713513003D-02  0.19353579759178D-03  -.92111618210595D-03
  0.21941642808198D-03  -.15961704495904D-02  -.12490743111884D-02
  -.46724265945496D-02  -.89897984791114D-03  0.49259531290914D-03
  -.11018098589400D-02  0.57106383905532D-02  0.50649840474853D-02
  0.39683178060074D-02  -.33825548429577D-02  -.52433514029112D-02
  -.62771139734590D-02  -.16669677552442D-02  0.32141613752913D-02
  -.49110567244003D-03  -.85315243012521D-03  0.63181665060114D-03
  -.13431066490634D-03  0.12775068399654D-03  -.68748709653499D-02
  0.63279247821965D-02  0.49166623375772D-03  0.28359375296966D-02
  cycle =     14    UFF energy =      0.0773841160   |dE/dxyz| =  0.026389
    2.55657886136659      5.11562082574532     -0.52240682640315      c       
    0.09828494009372      5.21572123103673      0.24017492087079      c       
   -1.27641910536052      3.05803622110493      0.39817920990243      c       
    3.62086042239134      2.86555435860493     -1.14280048223119      c       
    2.22873163437006      0.68676925654802     -1.03521879341066      c       
   -0.22697232067141      0.80100491176027     -0.22445708375230      c       
   -1.05458166274155      7.50528954647763      0.88275874314296      o       
   -0.09609772373216      9.06087266241554      0.24606999984510      h       
   -1.38730584254658     -0.89366203743029     -0.08455690304764      h       
    5.59392828774159      2.83167025122241     -1.73900751035364      h       
    3.67807281081957      6.83731750174299     -0.61893580421073      h       
   -3.23865536151051      3.15925611618698      1.00830409060511      h       
    3.47202950493507     -1.82162450973326     -1.70660402002772      c       
    1.84771165862822     -3.58299123806115     -3.39931581102448      c       
    3.95538707334754     -2.82195541798807      0.07858139571867      h       
    5.27723277015883     -1.46078005091904     -2.72994201507553      h       
    0.69759935524700     -2.16378446187155     -5.63052259072847      c       
   -1.89006026249909     -2.28792573724400     -6.06234833089057      o       
    2.19446736483333     -0.66888263429525     -7.19379355717440      o       
    3.14659001474249     -1.78582460978650     -8.42002280078431      h       
    3.32123456060483     -5.83628475494287     -4.18179200222488      n       
    0.20364933656370     -4.27718534653987     -2.28339662695748      h       
    3.71882300849590     -5.81449486317045     -6.14423591937727      h       
    5.07283457274860     -5.98773450728655     -3.22152212992971      h       
  0.31176999740999D-02  0.10244603472371D-02  -.49805069898130D-03
  -.47956639517407D-04  0.18437736640099D-02  0.14093694011134D-04
  -.27204065146883D-02  -.18112691952423D-02  0.22370492932582D-03
  0.27785063315437D-02  0.23906891835709D-02  0.27663855410586D-03
  -.67185405058670D-04  -.20450755165298D-02  -.10357801672136D-02
  -.29212070203176D-02  -.10381730098461D-02  0.25914830824108D-03
  -.41581774104310D-02  -.63108501754760D-02  0.60645624199839D-02
  0.36284271405714D-02  0.64655514135350D-02  -.56496832624687D-02
  -.22250916998999D-02  -.17658173554355D-02  -.10762900153596D-04
  0.25083708558132D-02  0.73773137871840D-03  -.22092853519033D-03
  0.22156890704954D-02  0.18415793976685D-02  0.12623620428687D-03
  -.21683841769716D-02  -.47798881344597D-03  0.28011522699096D-03
  -.46991275518495D-03  0.40036680510177D-03  0.22203105910791D-03
  0.91040055185502D-03  0.32082290207541D-03  0.15848770457316D-03
  0.21699934960317D-03  -.21840788987193D-03  0.66480367464712D-03
  0.54595967496237D-03  -.73843465493838D-04  -.54443633621736D-03
  -.60873094805794D-04  -.80790865631628D-03  -.15514242354263D-03
  -.25944398655921D-02  -.58088259193806D-03  0.20434590491386D-03
  -.26669023955462D-03  0.31560998802151D-02  0.22636608555466D-02
  0.20648074295333D-02  -.17321901208283D-02  -.26741851274850D-02
  -.10733200038647D-01  -.11768667935293D-02  0.53628556409723D-02
  -.24617269555558D-03  -.51788222464906D-03  0.28961173034180D-03
  0.56977722095122D-03  0.35913742886905D-03  -.10852965810438D-01
  0.10123059956796D-01  0.16943407601548D-04  0.52316393546420D-02
  cycle =     15    UFF energy =      0.0755285884   |dE/dxyz| =  0.020862
    2.47724692960069      5.12736466143522     -0.66778523083162      c       
    0.07243328547074      5.18939938888493      0.25654300210025      c       
   -1.23463177269179      3.00577730492013      0.55188480969133      c       
    3.55544956174093      2.88891979986158     -1.30464181842312      c       
    2.23236535151083      0.68277605323079     -1.04036034541149      c       
   -0.16785260227500      0.75963749366584     -0.07734187076265      c       
   -1.09453693477275      7.46445481583163      0.92798701072329      o       
   -0.11986057330837      9.03687693023546      0.39348825312989      h       
   -1.26695901795177     -0.96079336176131      0.18389694243176      h       
    5.48234066693917      2.88620184727076     -2.03900751035364      h       
    3.54436089886772      6.87089581913809     -0.88976739156771      h       
   -3.15513866040516      3.07606270603334      1.28754357291303      h       
    3.48001431634123     -1.81660041820057     -1.72659986382533      c       
    1.84442248986752     -3.55129744109714     -3.43177857029025      c       
    3.95172559959292     -2.83103445561950      0.05222806177013      h       
    5.29145870273965     -1.46096669515558     -2.73782629814034      h       
    0.73201848560023     -2.11244104483578     -5.66878425806452      c       
   -1.86171004235189     -2.13539204380025     -6.07454465892628      o       
    2.26852821535234     -0.69227774860592     -7.26230348021449      o       
    3.18859462133384     -1.85759121375777     -8.46119379287570      h       
    3.29533691911172     -5.81953652867014     -4.20666473185242      n       
    0.18069273463991     -4.22271030436330     -2.33273100845816      h       
    3.87627793284692     -5.70321244591689     -6.11564973608573      h       
    4.94134679022551     -6.09053040514187     -3.10340193419638      h       
  0.29772211026479D-02  0.48715908182771D-03  -.77279745129264D-03
  -.54338647516090D-03  0.12441684856399D-02  0.26464892339277D-03
  -.22846291355850D-02  -.16447756116863D-02  0.38144503468716D-03
  0.25493051059637D-02  0.22880310311244D-02  -.99324283758824D-04
  -.21374926219560D-04  -.16910607543176D-02  -.76699389590318D-03
  -.27680212063037D-02  -.75298394867627D-03  0.57178242271617D-03
  -.23829122782193D-02  -.33038951382360D-02  0.29156386539091D-02
  0.17999424497716D-02  0.36542681742800D-02  -.26428489234094D-02
  -.20052826572797D-02  -.15979806106667D-02  0.27231844764612D-03
  0.26338519918855D-02  0.73732656866069D-03  -.51542674779148D-03
  0.21151814590310D-02  0.16474911022382D-02  -.15268632587668D-03
  -.22421151885536D-02  -.47784959262213D-03  0.50497293619797D-03
  -.73719867701201D-04  0.24022799877797D-03  0.16317628857641D-03
  0.51173051790050D-03  0.24835431316198D-03  -.11481997149222D-03
  0.80475565325846D-04  -.87282745289271D-04  0.29677200788924D-03
  0.24291687383084D-03  -.18101811632647D-03  -.28179701026102D-03
  0.27222459198978D-03  -.42362346019497D-03  0.30437597744891D-03
  -.20169713416787D-02  -.40441605200591D-03  0.32391932632129D-04
  0.19162715327809D-03  0.18549334187579D-02  0.89983196692611D-03
  0.10973851735935D-02  -.94069898279040D-03  -.13515787015897D-02
  -.94329953302709D-02  -.86141802048940D-03  0.48039052970954D-02
  -.10822633977062D-03  -.34675183068428D-03  0.76139599680803D-04
  0.79473185207874D-03  0.52742509586278D-03  -.95702904494401D-02
  0.86130409094461D-02  -.21563040634574D-03  0.47811642720170D-02
  cycle =     16    UFF energy =      0.0741084854   |dE/dxyz| =  0.020082
    2.37267945121335      5.09440960952467     -0.73324331568224      c       
    0.02332700386793      5.12349138913269      0.32651123108221      c       
   -1.21715662287842      2.91930429042338      0.73187563238040      c       
    3.46316875341355      2.86767864359917     -1.39009831781159      c       
    2.21009465969014      0.64117309711127     -0.99980749389060      c       
   -0.13492659619116      0.68499522845302      0.08794069746340      c       
   -1.15377278791602      7.38494256387798      1.02596152848856      o       
   -0.19706698899770      8.96705410244796      0.50421979630917      h       
   -1.17263699394814     -1.05727489309867      0.43969865620638      h       
    5.34048536006181      2.89054569362822     -2.24345797811327      h       
    3.38328597892772      6.85525760432114     -1.05470427927472      h       
   -3.09498544523097      2.96365569505557      1.57175935754988      h       
    3.45195711239681     -1.84834516851407     -1.71852281897771      c       
    1.83422220084291     -3.48573035576944     -3.53612714945004      c       
    3.83752548075080     -2.93010366339415      0.04438016302853      h       
    5.31020467167184     -1.49643330737012     -2.64599772895394      h       
    0.87225078787691     -1.95513717906490     -5.78873147990850      c       
   -1.70733974930456     -1.83539204380025     -6.28005364557453      o       
    2.53190255834935     -0.58592476876964     -7.30744550322335      o       
    3.45408349824693     -1.77845715719901     -8.47484047399950      h       
    3.24283476972715     -5.78380983199591     -4.29869357077542      n       
    0.09527413662831     -4.12113850627414     -2.52910755089988      h       
    3.99207949625363     -5.60173913892316     -6.14161671485307      h       
    4.77643316256732     -6.17903918981662     -3.07670988864293      h       
  0.27804318680798D-02  0.37782198287334D-03  -.86792071049185D-03
  -.69478634770747D-03  0.10034096785851D-02  0.33820146402799D-03
  -.21325265285697D-02  -.15393426047337D-02  0.49354061152405D-03
  0.23505271850816D-02  0.21285998056536D-02  -.28778733663915D-03
  -.94805931872584D-04  -.14235018356659D-02  -.57184749504150D-03
  -.25568306932689D-02  -.61650638725191D-03  0.73313429701463D-03
  -.14325995986780D-02  -.16985162884063D-02  0.15873425813015D-02
  0.90544318769921D-03  0.20276611045725D-02  -.13564971070606D-02
  -.17503692129645D-02  -.14037552430808D-02  0.47661724759078D-03
  0.26160287064687D-02  0.75293976055014D-03  -.68783207295756D-03
  0.19295108898834D-02  0.15350203321276D-02  -.30388507212237D-03
  -.21555400424437D-02  -.45347167718790D-03  0.60984992125577D-03
  0.37119043810549D-03  0.72416899880363D-03  0.40437909612815D-03
  0.70480262705559D-03  -.49535224760182D-03  -.20671482972860D-03
  0.16747459483560D-03  -.40740886541019D-03  0.94032238585461D-03
  0.73068681189352D-03  -.79200208181391D-05  -.40873542135014D-03
  0.51069892875090D-03  -.49894331657443D-03  0.48496539535258D-03
  -.35920623489057D-02  -.95765207970416D-04  -.53523110961403D-03
  0.13488752173707D-02  0.22083272622744D-02  -.68015787118342D-03
  0.67249719813639D-03  -.58475073478951D-03  -.87505119505345D-03
  -.96088046255783D-02  -.84536183052301D-03  0.41911103699699D-02
  -.87353426367551D-03  -.82892049790705D-03  0.35020810100313D-03
  0.13514540984029D-02  0.90504090567108D-03  -.92263030969100D-02
  0.84522378419005D-02  -.76347307319044D-03  0.53982918471297D-02
  cycle =     17    UFF energy =      0.0737363187   |dE/dxyz| =  0.018312
    2.28293478836112      5.05564711568294     -0.71690745977706      c       
   -0.04021598437550      5.05924567801448      0.39849945741904      c       
   -1.24129363290547      2.84112002163870      0.84218888176142      c       
    3.38741968226221      2.84025833376793     -1.38855816837009      c       
    2.17664675768502      0.60059588734931     -0.95176706289785      c       
   -0.14389989847029      0.61822762100713      0.18407514121404      c       
   -1.23071379528298      7.30827765250034      1.11515606329794      o       
   -0.29633074117469      8.89975421121534      0.58395445005112      h       
   -1.14688569071187     -1.13856067103778      0.56297834968264      h       
    5.23965805029570      2.88211305694041     -2.29340892436401      h       
    3.25989118771583      6.82771250279695     -1.07442225180177      h       
   -3.09946877918499      2.86554302059824      1.72406083359195      h       
    3.42047671450099     -1.87706283764616     -1.69873426477282      c       
    1.84430070992243     -3.42450943566012     -3.63140454985754      c       
    3.72098183874911     -3.02327171974365      0.04279879727188      h       
    5.32150773384806     -1.52080019797294     -2.53786992939161      h       
    1.04030403088734     -1.81296241774388     -5.89533039777026      c       
   -1.50847369362579     -1.62010949326876     -6.52286755926280      o       
    2.81501942029955     -0.45572250992834     -7.29732169011043      o       
    3.75408349824693     -1.64708628249537     -8.45206286304666      h       
    3.21670532758874     -5.75286828131023     -4.37382891367675      n       
    0.03545272538657     -4.02290270273290     -2.72234233311494      h       
    3.95492347757293     -5.61054902781485     -6.22181802667142      h       
    4.75090017043365     -6.15810681057062     -3.16187842693121      h       
  0.25245150447823D-02  0.35214246704250D-03  -.81042994767110D-03
  -.65571761470435D-03  0.89090193131315D-03  0.31510852878207D-03
  -.19635451813459D-02  -.13888829322955D-02  0.48512073785006D-03
  0.21448704228238D-02  0.19247345561342D-02  -.30332748195792D-03
  -.78133486546818D-04  -.11993729977626D-02  -.38183603354200D-03
  -.23081647001457D-02  -.56049178654787D-03  0.69716421986520D-03
  -.12853918612407D-02  -.14252364627893D-02  0.13675870730104D-02
  0.78895876730907D-03  0.17528845561722D-02  -.11430504559240D-02
  -.15463048729871D-02  -.12775439240699D-02  0.47926507425683D-03
  0.24136553224872D-02  0.70276652319556D-03  -.67026937059105D-03
  0.17453191231507D-02  0.14045363363277D-02  -.30231873083618D-03
  -.19687654717671D-02  -.40559301673840D-03  0.57783230541167D-03
  0.60982804179380D-03  0.11326114440071D-02  0.68653712122238D-03
  0.80787179874996D-03  -.12118747946668D-02  -.67595284523113D-04
  0.21902802335612D-03  -.69993854960139D-03  0.15445614832752D-02
  0.12315625292922D-02  0.18849399849724D-03  -.57458788920066D-03
  0.33731912117218D-03  -.77262081323455D-03  0.69189586507658D-03
  -.52320290867877D-02  0.67141587973124D-04  -.97405766264725D-03
  0.27484869404541D-02  0.31583571350434D-02  -.19492407774432D-02
  0.58168806507335D-03  -.43243029115186D-03  -.80024950061285D-03
  -.78036655239074D-02  -.93235853887140D-03  0.37354158092746D-02
  -.16425651806268D-02  -.11964443628054D-02  0.68501618305617D-03
  0.13179893338793D-02  0.61082935602605D-03  -.77714610969563D-02
  0.70131904457354D-02  -.68261142119729D-03  0.44829198308245D-02
  cycle =     18    UFF energy =      0.0734000414   |dE/dxyz| =  0.018203
    2.16897000487821      5.02252959881681     -0.70641294296271      c       
   -0.12543459216074      4.99185125065068      0.46567479756300      c       
   -1.27550693239975      2.75549543791300      0.94996042572333      c       
    3.29681655864058      2.82292823329622     -1.39106482703599      c       
    2.14066866376404      0.56585019956646     -0.90552199053683      c       
   -0.15379018945290      0.54845722252847      0.27875409615337      c       
   -1.33867465911957      7.22369499241483      1.19799000918893      o       
   -0.43433823711335      8.82796612389579      0.65529153870161      h       
   -1.11402113616875     -1.22600268159497      0.68531789057591      h       
    5.12156123160070      2.89023374455616     -2.34802461008929      h       
    3.10265165648062      6.80917135914782     -1.10207581288903      h       
   -3.11234978644861      2.75289149733455      1.87450613304236      h       
    3.39875379364392     -1.89402666863579     -1.67880947513885      c       
    1.87631505787451     -3.36041808130384     -3.71612652159554      c       
    3.62555204480807     -3.09915432068325      0.03562568400969      h       
    5.33445005197489     -1.52586459880134     -2.43241223423588      h       
    1.22818229632389     -1.68214271666727     -5.98516241555205      c       
   -1.28080003794669     -1.42028954810890     -6.74311711300752      o       
    3.10754778665911     -0.34913132562362     -7.27388621441566      o       
    4.05408349824693     -1.54377681751800     -8.41881831119327      h       
    3.21489384805126     -5.71833069751780     -4.43375757297356      n       
    0.00675454433484     -3.91844109562405     -2.90340352531316      h       
    3.87556321385808     -5.64895862351439     -6.31538668159720      h       
    4.79607521769392     -6.09054977094203     -3.27595117394776      h       
  0.22826643316591D-02  0.37082974978620D-03  -.76328430873228D-03
  -.60287697974924D-03  0.80277406808353D-03  0.28941033095587D-03
  -.18158966451044D-02  -.12729032337313D-02  0.49196598011429D-03
  0.19550522410559D-02  0.17604434126522D-02  -.34330077612315D-03
  -.63850573453866D-04  -.10826849372527D-02  -.15599819293187D-03
  -.20690774348806D-02  -.55244458539780D-03  0.66079371798239D-03
  -.11637988947235D-02  -.11701262960134D-02  0.11709800839556D-02
  0.69920452336790D-03  0.15318038065667D-02  -.95114251906613D-03
  -.13560603210319D-02  -.12110544095619D-02  0.45954880953758D-03
  0.22026587869193D-02  0.66195207612888D-03  -.66720392821054D-03
  0.15791786165895D-02  0.13212505018732D-02  -.31332302941241D-03
  -.17896605286448D-02  -.36836913500894D-03  0.55539598980917D-03
  0.75089788940142D-03  0.13411176460024D-02  0.91063438109827D-03
  0.92672581261291D-03  -.16548201097004D-02  0.11589335421357D-03
  0.19612014555658D-03  -.84521942060272D-03  0.18757891456278D-02
  0.15534032192765D-02  0.29750177348518D-03  -.67233101122017D-03
  0.17329710590551D-03  -.89391717424696D-03  0.80877998277418D-03
  -.62736003874948D-02  0.23647259881354D-03  -.13645443206377D-02
  0.37755690603693D-02  0.37198259646431D-02  -.27419822940795D-02
  0.46933893052364D-03  -.29335216826200D-03  -.67763975374995D-03
  -.70488656579801D-02  -.10052810216152D-02  0.37963130690449D-02
  -.21949450971362D-02  -.13641862116075D-02  0.91046410476122D-03
  0.17136296071303D-02  0.38654822339407D-03  -.75482709461495D-02
  0.61008922498316D-02  -.71616111842816D-03  0.41530521304383D-02
  cycle =     19    UFF energy =      0.0722553694   |dE/dxyz| =  0.012834
    1.99375257365117      5.00043030557090     -0.79103121200283      c       
   -0.21933892576580      4.91606244701071      0.52985691514906      c       
   -1.25609982147811      2.65149348297949      1.13530137178073      c       
    3.15639654873418      2.82559652312327     -1.49686258870651      c       
    2.12030880393587      0.54181552526462     -0.87762124767112      c       
   -0.09814840482787      0.46983114474671      0.44237843989340      c       
   -1.46431683608503      7.12066596753672      1.29098872871688      o       
   -0.62749303065326      8.74384869485354      0.69924921323996      h       
   -0.96632157240989     -1.33083449098471      0.93921214409082      h       
    4.90842718689223      2.93140346115459     -2.58194668886640      h       
    2.83135748976162      6.80956521471628     -1.29346732095623      h       
   -3.03144072669434      2.60596661277426      2.17450613304235      h       
    3.40217582248812     -1.89007125150198     -1.68877956054644      c       
    1.91524736060288     -3.28711972550863     -3.79198667663886      c       
    3.59426756976652     -3.14434558035182     -0.00864766126840      h       
    5.35267159554902     -1.50078873322761     -2.38572754537808      h       
    1.40224585246163     -1.56598898763179     -6.05829996501064      c       
   -1.06209950159394     -1.22701724561667     -6.91095031281981      o       
    3.36360479694006     -0.27508419852884     -7.25637662918724      o       
    4.31751490276614     -1.48448844030871     -8.37833758163420      h       
    3.20953091624938     -5.67445174594787     -4.49129519074341      n       
    0.00342648267911     -3.79229986402487     -3.05116067670003      h       
    3.93091256207360     -5.60772142265305     -6.34182905557612      h       
    4.73734225298574     -6.10248497985559     -3.29398387973503      h       
  0.26511220155510D-02  0.69484531850478D-03  -.12047877283248D-02
  -.71926325281632D-03  0.96740507722427D-03  0.38633088233763D-03
  -.21325615576887D-02  -.17679817476908D-02  0.90543710131992D-03
  0.21321977032261D-02  0.21977599529412D-02  -.84247851195197D-03
  -.50618096406519D-04  -.15960440775566D-02  0.76876883652243D-04
  -.23785933165028D-02  -.87231912440641D-03  0.10512334201313D-02
  -.11701907542135D-02  -.10360177601558D-02  0.89615905253845D-03
  0.72673793995341D-03  0.14470618238228D-02  -.66293253784923D-03
  -.14113351585026D-02  -.15801762787445D-02  0.62510765441932D-03
  0.24623258354747D-02  0.86002421729941D-03  -.11528053959266D-02
  0.17345910097722D-02  0.17733023306652D-02  -.66460571599864D-03
  -.20685825303346D-02  -.53624859390019D-03  0.90929587576185D-03
  0.69781719929031D-03  0.69138478673841D-03  0.44308671348214D-03
  0.61249866198127D-03  -.10740683894991D-02  0.17248529813172D-03
  0.79743202249610D-04  -.49914384460887D-03  0.11401312517450D-02
  0.94728110999851D-03  0.60143541758976D-04  -.40875532201427D-03
  0.13707432869230D-03  -.54030955567698D-03  0.64924044448290D-03
  -.42100748180455D-02  0.20501017310881D-03  -.99993900988014D-03
  0.26224728120373D-02  0.24426680451278D-02  -.19444909438197D-02
  0.25371315445887D-03  -.13701990112236D-03  -.38411325135383D-03
  -.35716798722226D-02  -.67294609388833D-03  0.19727621352064D-02
  -.15482180971971D-02  -.82073634313955D-03  0.63391863360541D-03
  0.78737703218721D-03  0.19461861851325D-03  -.38102355250614D-02
  0.34161654490573D-02  -.40121217531547D-03  0.22130785953663D-02
  cycle =     20    UFF energy =      0.0714374650   |dE/dxyz| =  0.009641
    1.85317745033135      4.96313244068821     -0.81377126824120      c       
   -0.29894460692846      4.84759937826858      0.59708621423155      c       
   -1.25709841563794      2.56976706332087      1.26837088046734      c       
    3.03618167953087      2.80605769959603     -1.53926394201575      c       
    2.08332152612197      0.51065864363425     -0.84857628236301      c       
   -0.07944145187680      0.40620678721763      0.55293836176062      c       
   -1.56173008415860      7.03297738475114      1.38286712755295      o       
   -0.77548848960967      8.66702271799172      0.75587847739778      h       
   -0.88598331961784     -1.40712467903341      1.09722592922792      h       
    4.73473338853182      2.93285454316015     -2.70031423957329      h       
    2.62363634537161      6.78213780473823     -1.37456989758476      h       
   -2.98603622566146      2.49903156623341      2.37775051954869      h       
    3.37698221638883     -1.90134214101455     -1.69252477221906      c       
    1.94163727322327     -3.21281397941752     -3.88300548854851      c       
    3.50998136647737     -3.21183289645084     -0.05019156617019      h       
    5.35135369577540     -1.50117171028174     -2.31155776910449      h       
    1.59631488684941     -1.43876857207160     -6.14037055227688      c       
   -0.80966632873523     -1.00331192754693     -7.10726352288947      o       
    3.65621844474358     -0.19870596218932     -7.22103812122452      o       
    4.61751490276614     -1.42287103021336     -8.32015105427583      h       
    3.18432711528829     -5.63295158113216     -4.56345629022179      n       
   -0.01920986677505     -3.65923903105740     -3.23666516441786      h       
    3.96158716005565     -5.57652074789478     -6.38762059439733      h       
    4.66055523557265     -6.11680905770501     -3.32858783218384      h       
  0.17947476680567D-02  0.49254499107339D-03  -.85767753315208D-03
  -.49216137865270D-03  0.63662361593487D-03  0.26654856642883D-03
  -.14536727227372D-02  -.12032081191812D-02  0.66351246951481D-03
  0.14050819925506D-02  0.14390992854278D-02  -.65527451882326D-03
  0.60880988162404D-04  -.10296492847140D-02  0.21849852668874D-03
  -.15908457505855D-02  -.61199180623209D-03  0.72598194461194D-03
  -.85710663697085D-03  -.74299228522858D-03  0.60713903440464D-03
  0.54339254688480D-03  0.10227903008150D-02  -.43145715910879D-03
  -.89414541527325D-03  -.10767788483751D-02  0.39087763877529D-03
  0.16213823622154D-02  0.54816828421241D-03  -.86727387350905D-03
  0.11437669700668D-02  0.12065244586947D-02  -.48488424594575D-03
  -.14131370959696D-02  -.36332173190500D-03  0.66216428239412D-03
  0.62580769104110D-03  0.57626068039482D-03  0.46605812492215D-03
  0.49179323656753D-03  -.10978550683878D-02  0.26421124920748D-03
  0.34300733211740D-04  -.49964678980357D-03  0.99795894148724D-03
  0.86658338452265D-03  0.13775208709729D-03  -.29793708766833D-03
  0.67255391947684D-04  -.53862654122541D-03  0.70431759795248D-03
  -.40167421542272D-02  0.41684260493335D-03  -.12492976231195D-02
  0.28676677388542D-02  0.22848581404235D-02  -.18920297540418D-02
  0.16431497648441D-03  -.61262026332266D-04  -.25749470822992D-03
  -.19752834005945D-02  -.54669352718090D-03  0.11026797813992D-02
  -.16173114136383D-02  -.70191729565795D-03  0.59892974449052D-03
  0.46806594398180D-03  0.64629350791394D-04  -.20716029247878D-02
  0.21553643441011D-02  -.35215047557467D-03  0.13960515261088D-02
  cycle =     21    UFF energy =      0.0708002301   |dE/dxyz| =  0.007312
    1.67376301162482      4.92870813135545     -0.84870283942212      c       
   -0.39797220727448      4.77057031625809      0.67239192513497      c       
   -1.24832670013100      2.47587548407417      1.42445692266263      c       
    2.88728388139436      2.79734924424331     -1.59942958042086      c       
    2.04514055921066      0.48648231909309     -0.82658821983374      c       
   -0.04252375004845      0.33806329650370      0.67908751835082      c       
   -1.68785054463579      6.92843320915063      1.48931473542536      o       
   -0.97856646522688      8.57653150522988      0.80822855453518      h       
   -0.76521208393751     -1.49046530738354      1.28506920942341      h       
    4.51880797934850      2.95459950440537     -2.84834164377702      h       
    2.35417793487615      6.76025236968197     -1.47807076411712      h       
   -2.91474845301588      2.37053744540522      2.62213567896617      h       
    3.36335206606978     -1.89748399509868     -1.70728465313252      c       
    1.98614693009570     -3.13247049176784     -3.97576114784119      c       
    3.45408961615453     -3.26131224366127     -0.10737708600124      h       
    5.35359383818981     -1.47486248783634     -2.25429231592785      h       
    1.80586488810715     -1.31978465925045     -6.21887303499850      c       
   -0.53325135443672     -0.78834633063501     -7.29049357873093      o       
    3.95419120538782     -0.14141846118459     -7.18556619626659      o       
    4.91751490276614     -1.38412677543382     -8.26176907481993      h       
    3.17700608267520     -5.58418790757749     -4.63559948014478      n       
   -0.01489578514411     -3.51798398579118     -3.42260141991830      h       
    4.00020547996759     -5.54615523665661     -6.43714464698817      h       
    4.60613286600733     -6.11482222953473     -3.36959970967443      h       
  0.14369271617689D-02  0.55262643345945D-03  -.85252160288982D-03
  -.36037833914244D-03  0.55324842803023D-03  0.20670877310889D-03
  -.11633874360855D-02  -.10754453264508D-02  0.69851105071118D-03
  0.10805369639409D-02  0.11379319053177D-02  -.71208523257621D-03
  0.31015501665148D-03  -.81056840130107D-03  0.20470913626046D-03
  -.12791283447182D-02  -.59248134544761D-03  0.70526082643746D-03
  -.87920217866541D-03  -.91283288981132D-03  0.66511669964666D-03
  0.60420366352010D-03  0.11722184401294D-02  -.49222346086332D-03
  -.69864753500978D-03  -.94574461998461D-03  0.37813202741656D-03
  0.11678397470188D-02  0.38782638785938D-03  -.84714913333794D-03
  0.84018401853478D-03  0.10371723189528D-02  -.49888267312346D-03
  -.11660508198962D-02  -.34001157432462D-03  0.68543079357439D-03
  0.45660514460169D-03  0.25681567881726D-03  0.33869836675048D-03
  0.35212738711582D-03  -.83294848689981D-03  0.29211884425596D-03
  -.14610051713226D-04  -.35529797624685D-03  0.64001566044823D-03
  0.61452402705097D-03  0.11792250092187D-03  -.18499542621254D-03
  0.26768542268300D-04  -.39892456894364D-03  0.61921145738633D-03
  -.30098991339209D-02  0.46121529790850D-03  -.11401577391877D-02
  0.23574392276773D-02  0.17038997037546D-02  -.13405010282584D-02
  0.98915820403061D-04  -.30239819907290D-04  -.15621668219373D-03
  -.73189066518903D-03  -.37045810689815D-03  0.48200333570574D-03
  -.12952027949158D-02  -.45561372881790D-03  0.44498050391270D-03
  0.24277649773989D-03  -.26184662107190D-04  -.80288725568257D-03
  0.10093940809645D-02  -.23412558801032D-03  0.66672275871075D-03
  cycle =     22    UFF energy =      0.0704417690   |dE/dxyz| =  0.003696
    1.49577520194825      4.89904375868537     -0.86798798005010      c       
   -0.50076940600619      4.70098369278979      0.74072910687040      c       
   -1.24760509637626      2.39366373638703      1.55213965056276      c       
    2.74033192327794      2.79513697903426     -1.64437902102010      c       
    2.00074571013378      0.47183631980961     -0.81626339228148      c       
   -0.01498574539478      0.28270834443375      0.77580115636284      c       
   -1.81797757664695      6.82990812328886      1.58842450062245      o       
   -1.18620025821607      8.48916776246309      0.86299247295866      h       
   -0.65719412092955     -1.55683099006228      1.43020637067297      h       
    4.31401217320749      2.98341419601230     -2.95690728949684      h       
    2.09169454511294      6.74000627808368     -1.54538068498724      h       
   -2.85370809031136      2.25593534433809      2.82254633028505      h       
    3.34845213791610     -1.88366409632186     -1.72754944827956      c       
    2.03507709679963     -3.05445385410439     -4.06534251562937      c       
    3.40411725833121     -3.29266696211201     -0.16760000401053      h       
    5.35054753468485     -1.43775572856174     -2.20508025197538      h       
    2.02264643865105     -1.22069914181509     -6.29430510505286      c       
   -0.24167717247245     -0.58292618718519     -7.45747178543692      o       
    4.25419120538782     -0.12454260658027     -7.15537234263034      o       
    5.21067970225908     -1.39563139650381     -8.20439274104479      h       
    3.17066104729073     -5.53988710401659     -4.69598420477663      n       
    0.00037459328712     -3.37402104566715     -3.60715650452061      h       
    4.06035479221345     -5.52135985158314     -6.46532797698944      h       
    4.53438000387305     -6.12338285722427     -3.38314918766987      h       
  0.51923120023405D-03  0.30848780283258D-03  -.36526247061543D-03
  -.86171782826827D-04  0.24269007861027D-03  0.46556647022010D-04
  -.42792221569600D-03  -.43877097207148D-03  0.31244319841928D-03
  0.40448915396752D-03  0.38907677505446D-03  -.31266821195012D-03
  0.30715440561833D-03  -.24117166951806D-03  0.26832844207686D-04
  -.47807113132436D-03  -.27510310072970D-03  0.29083708296676D-03
  -.45478997165073D-03  -.49147772129618D-03  0.36726780340632D-03
  0.32204183275867D-03  0.65643883435520D-03  -.28080460873796D-03
  -.27812632803428D-03  -.41222884433172D-03  0.18437083877972D-03
  0.33927345958731D-03  0.88884095090894D-04  -.29896247354148D-03
  0.27276020717737D-03  0.40704470457796D-03  -.21092807984462D-03
  -.46190965203800D-03  -.14322117953562D-03  0.31871664897705D-03
  0.15920496065585D-03  -.48772034455771D-04  0.22824645238142D-03
  0.20625318033835D-03  -.36250256876868D-03  0.22869227431078D-03
  -.25399922198717D-04  -.14589904418990D-03  0.20444795362937D-03
  0.28759962082501D-03  0.81081078038177D-04  -.80036290108290D-04
  0.71693122291618D-05  -.24594810286142D-03  0.40290407222898D-03
  -.16252826458266D-02  0.36683954421603D-03  -.78184494281383D-03
  0.13492546636600D-02  0.91656295460289D-03  -.60196243405819D-03
  0.10087973615852D-03  -.72454335101249D-04  -.12410854802123D-03
  -.58285563184400D-03  -.12291914478658D-03  0.17075253512280D-03
  -.76683910978612D-03  -.19186178086457D-03  0.22319545655555D-03
  0.25335674706998D-03  0.16322155948654D-04  -.51812465892759D-03
  0.65869991094550D-03  -.28109752481616D-03  0.56943891061102D-03
  cycle =     23    UFF energy =      0.0703833735   |dE/dxyz| =  0.000436
    1.39701175799040      4.88719744516149     -0.87988662005321      c       
   -0.55750289202170      4.66366564142170      0.77357481397629      c       
   -1.24179463080275      2.34948549616625      1.61446323094933      c       
    2.66290916650672      2.80189236920964     -1.67114144906040      c       
    1.98401237252481      0.47118758002408     -0.81645589371706      c       
    0.00981576703242      0.25656513590821      0.82123471756900      c       
   -1.89430496879671      6.77306007271288      1.63818733342963      o       
   -1.31367459848157      8.43784418677456      0.88639981869205      h       
   -0.58321970514641     -1.58895297505647      1.50060712104432      h       
    4.20532089157898      3.01129052221425     -3.01540349879294      h       
    1.94313479521123      6.73366277936850     -1.57989709372801      h       
   -2.81359743214267      2.19125692830357      2.92233589333433      h       
    3.35388593016094     -1.86557386817969     -1.74308571157516      c       
    2.06699425336735     -3.01737961615923     -4.10384000511912      c       
    3.40792744513703     -3.29110386544294     -0.19944687193564      h       
    5.35621718599340     -1.40093785473992     -2.19694300618933      h       
    2.12112252760120     -1.18288735829820     -6.32605410590500      c       
   -0.11032410763730     -0.49330046149601     -7.51379436116045      o       
    4.38243286517165     -0.12992132616965     -7.15052658466066      o       
    5.32874173848532     -1.41607352898236     -8.18973725940252      h       
    3.17794708766075     -5.51676823779403     -4.72056348429967      n       
    0.02286648700866     -3.30877766465380     -3.68322828876012      h       
    4.10366395703852     -5.50718691552119     -6.47005046582069      h       
    4.50433800458249     -6.12426177118217     -3.38355907633477      h       
  0.53622085570393D-04  0.62597974830400D-04  -.49930343759246D-04
  -.40815561323647D-05  0.41973119224167D-04  0.16791568814564D-05
  -.51683797629139D-04  -.69002902281294D-04  0.49748586754945D-04
  0.51303058003334D-04  0.62209415718361D-04  -.47263783197587D-04
  0.22480929291929D-04  -.49241756173265D-04  -.24129636248635D-04
  -.56191024373100D-04  -.53832680526298D-04  0.52282890481125D-04
  -.79618000163985D-04  -.11032091969467D-03  0.78546393465515D-04
  0.60634467880761D-04  0.15188136761758D-03  -.67132833035685D-04
  -.38324261070354D-04  -.69439693487089D-04  0.37213321547520D-04
  0.45406032314980D-04  0.29944793577766D-04  -.34056600536085D-04
  0.30297261117821D-04  0.66062884286020D-04  -.32813529651506D-04
  -.49267251740949D-04  -.23017656363989D-04  0.41433281235474D-04
  -.12249483068044D-04  -.35663290650887D-04  -.36582565295028D-04
  -.12654439133974D-04  0.47716692709866D-04  -.18658762260919D-04
  -.99693495595111D-06  0.12982699147910D-04  -.29620377923117D-04
  -.21390526214672D-04  -.16077543155056D-04  -.18631746377384D-05
  0.22879494733914D-04  0.20043881135765D-04  -.17476656519099D-04
  0.11990735181402D-03  -.53396672323628D-04  0.70765242812301D-04
  -.13537498688513D-03  -.59593799609617D-04  0.58512587970308D-04
  -.31854789987188D-05  -.83524598524887D-05  0.17002347544046D-05
  -.56301776040178D-04  0.18967569284983D-04  0.59139847623929D-05
  0.78513943772491D-04  0.18288594173914D-04  -.12477037603253D-04
  0.61864585162491D-05  0.13314682411130D-04  -.43533304572978D-04
  0.30088433390692D-04  0.19557000003956D-05  0.17742924575410D-04
  cycle =     24    UFF energy =      0.0703829842   |dE/dxyz| =  0.000007
    1.39390312291450      4.88651395020691     -0.88143532405507      c       
   -0.55816774837022      4.66314429395221      0.77456017729597      c       
   -1.23981344977271      2.34941270692693      1.61783218883413      c       
    2.65999289942790      2.80148662287697     -1.67285869225084      c       
    1.98366015297399      0.47121688339053     -0.81587597343766      c       
    0.01190172615328      0.25675314167998      0.82435617602735      c       
   -1.89513294312126      6.77224256055549      1.63937739985831      o       
   -1.31716671761472      8.43649365349023      0.88529981984626      h       
   -0.57910113738984     -1.58843954498215      1.50558188114482      h       
    4.20041935763535      3.01069615885382     -3.01916181584859      h       
    1.93790903908650      6.73261858929983     -1.58333473169414      h       
   -2.80965078268685      2.19130588255531      2.92776454007724      h       
    3.35338563452813     -1.86533037351832     -1.74297997188537      c       
    2.06690710815472     -3.01573200495750     -4.10492612146368      c       
    3.40670881747394     -3.29161016768434     -0.19986507308393      h       
    5.35602784244250     -1.40064437063592     -2.19582605553647      h       
    2.12551910050178     -1.18114665484729     -6.32745345829907      c       
   -0.10456904816075     -0.48515088499341     -7.51468983348372      o       
    4.38963714608534     -0.13326503553981     -7.15174199616279      o       
    5.33292081989529     -1.42131127378962     -8.19135479565881      h       
    3.17521179405259     -5.51670254195124     -4.72028118099264      n       
    0.02175039167448     -3.30453923789813     -3.68611767268796      h       
    4.10005891456941     -5.50948765071867     -6.47013518325489      h       
    4.50161185756943     -6.12454198868228     -3.38354515080820      h       
  0.62944181216772D-06  0.32158976498026D-06  -.44294736815917D-06
  -.10405480785144D-06  0.32540495988525D-06  0.83248961912425D-07
  -.48078306093560D-06  -.68471782548321D-06  0.34847680397441D-06
  0.41077502736477D-06  0.58470807702592D-06  -.35990648306031D-06
  0.24446092794966D-06  -.30524627301858D-06  -.53311153016873D-07
  -.62843622774592D-06  -.25538608654040D-06  0.39945373265462D-06
  -.81933681834654D-06  -.13192232157858D-05  0.46956628460396D-06
  0.67787140195802D-06  0.12819720382598D-05  -.44494829718065D-06
  -.27098698392847D-06  -.47495423644776D-06  0.24819758935829D-06
  0.43761509544163D-06  0.22845136254110D-06  -.45636262146539D-06
  0.27451059022475D-06  0.51687892770212D-06  -.29252330185866D-06
  -.46019575813421D-06  -.24689806301010D-06  0.39754855225659D-06
  0.19713917020039D-06  -.21905302203650D-07  0.61001470187129D-07
  -.13854098204270D-06  0.14419536586521D-06  0.58431251791604D-06
  0.96669254550481D-07  -.30749030354923D-07  0.77681123587239D-07
  0.12783254456594D-06  0.69902606371916D-07  -.39723142238274D-07
  0.71694029350278D-06  -.78994795100866D-06  0.13787583848178D-05
  -.36168787587346D-05  0.98748159238515D-06  -.14429177765664D-05
  0.22473435775417D-05  0.20141520255998D-05  0.14951619703549D-06
  0.57744772920972D-06  -.11421316652444D-05  -.94232956346666D-06
  0.24726794687312D-07  -.95845885136718D-06  0.69598468684616D-06
  -.75623697931072D-06  -.82874673597538D-07  0.17373501801730D-06
  0.49299345530321D-06  -.21570552421947D-06  -.62126444229339D-06
  0.11968270239074D-06  0.53461977671471D-07  0.28752826125095D-07
  cycle =     25    UFF energy =      0.0703829841   |dE/dxyz| =  0.000000
    1.39388791635462      4.88650780805750     -0.88145243100147      c       
   -0.55815419581498      4.66314901332273      0.77457431562360      c       
   -1.23978315179829      2.34942392675432      1.61787045406076      c       
    2.65996659936309      2.80147657997726     -1.67288229352083      c       
    1.98364808339485      0.47121238537275     -0.81587981772580      c       
    0.01191804855281      0.25675942841094      0.82438462225901      c       
   -1.89510556765949      6.77225224752891      1.63940048199798      o       
   -1.31717612345682      8.43649305302899      0.88527991765976      h       
   -0.57907207674932     -1.58842775817038      1.50563080082713      h       
    4.20037536323621      3.01067972537357     -3.01920324040740      h       
    1.93788300582519      6.73260731628137     -1.58336803287537      h       
   -2.80959676948507      2.19132618775386      2.92782933152635      h       
    3.35336565886560     -1.86533900736183     -1.74298682398447      c       
    2.06689563007592     -3.01573091292070     -4.10494266767073      c       
    3.40667541815157     -3.29162484203363     -0.19987735461298      h       
    5.35601183477921     -1.40066007685162     -2.19581967835794      h       
    2.12552816142254     -1.18115438415908     -6.32747186916875      c       
   -0.10452371461956     -0.48528816335835     -7.51483388951609      o       
    4.38963444051626     -0.13319517512427     -7.15167367027261      o       
    5.33299901788120     -1.42120641671606     -8.19125085696717      h       
    3.17518901072498     -5.51670448373916     -4.72029522126589      n       
    0.02173760322891     -3.30452696033484     -3.68614598215267      h       
    4.10004338725587     -5.50949000010816     -6.47014423093240      h       
    4.50157631797750     -6.12455677739462     -3.38355271104176      h       
  0.90155089021657D-10  0.31336910442849D-10  -.69510866887343D-10
  -.18652663045854D-10  0.29371539814020D-10  0.19416602657293D-11
  -.78852504346448D-10  -.35725656740110D-10  0.43839836749433D-10
  0.66151997142366D-10  0.26190404445875D-10  -.60524530374508D-10
  0.84744279959571D-10  -.38606683496790D-11  -.63430887895421D-10
  -.79354526801630D-10  -.23146882712410D-10  0.37289036455509D-10
  -.24250347482055D-09  -.34596850829061D-09  0.17589185449395D-09
  0.16454701743686D-09  0.32770005995884D-09  -.15360829985376D-09
  -.38165013358828D-10  -.35944746040305D-10  0.21038569161542D-10
  0.46412908804742D-10  -.21870182314448D-10  -.77736275317820D-10
  0.15430155810296D-10  0.24443847147131D-10  -.18835671422509D-10
  -.92526898306817D-10  -.22240999000183D-10  0.53670399477760D-10
  0.62312666962092D-11  0.15541319967061D-10  -.91605132767486D-11
  -.89636049234107D-11  -.79216786125560D-11  0.12041369312245D-10
  0.10688667615930D-10  -.86940320394302D-11  0.16642225575056D-10
  0.18594659232513D-10  0.14585049314120D-10  -.37524621539393D-11
  0.16065955751095D-08  -.87188925914153D-09  0.11360762083683D-08
  -.29136077409238D-08  0.75344712456918D-09  -.94078171804495D-09
  0.81429692643745D-09  0.92396089390601D-09  0.46337755832924D-09
  0.51155149688171D-09  -.76396342507321D-09  -.59303927545627D-09
  -.38717124124787D-11  -.14854940194597D-11  -.20834495587096D-10
  -.10313398572659D-10  -.24020299421376D-10  0.33714678957159D-10
  0.11799666061948D-10  0.30162228834354D-10  -.20809854165381D-10
  0.39611800168107D-10  -.10007542971396D-10  0.36501451478889D-10
$end
