$ufftopology
nxtnei12
    1     3
          2     4    20
    2     3
          1     3    21
    3     3
          2     6     7
    4     3
          1     5    22
    5     3
          4     6    23
    6     3
          3     5     8
    7     3
          3     9    10
    8     3
          6     9    11
    9     3
          7     8    24
   10     1
          7
   11     4
          8    12    13    14
   12     4
         11    15    16    17
   13     1
         11
   14     1
         11
   15     3
         12    25    26
   16     3
         12    18    19
   17     1
         12
   18     1
         16
   19     1
         16
   20     1
          1
   21     1
          2
   22     1
          4
   23     1
          5
   24     1
          9
   25     1
         15
   26     2
         15    27
   27     1
         26
nxtnei13
    1     4
          3    21     5    22
    2     4
          4    20     6     7
    3     6
          1    21     5     8     9    10
    4     4
          2    20     6    23
    5     4
          1    22     3     8
    6     6
          2     7     4    23     9    11
    7     4
          2     6     8    24
    8     7
          3     5     7    24    12    13    14
    9     4
          3    10     6    11
   10     2
          3     9
   11     5
          6     9    15    16    17
   12     7
          8    13    14    25    26    18    19
   13     3
          8    12    14
   14     3
          8    12    13
   15     4
         11    16    17    27
   16     3
         11    15    17
   17     3
         11    15    16
   18     2
         12    19
   19     2
         12    18
   20     2
          2     4
   21     2
          1     3
   22     2
          1     5
   23     2
          4     6
   24     2
          7     8
   25     2
         12    26
   26     2
         12    25
   27     1
         15
nxtnei14
    1     3
          6     7    23
    2     5
          5    22     8     9    10
    3     7
          4    20    23     9    11     8    24
    4     3
          3    21     8
    5     5
          2    20     7     9    11
    6    10
          1    21     9    10    22     7    24    12    13    14
    7     6
          1    21     5     8     6    11
    8     9
          2     7     4    23     3    10    15    16    17
    9     7
          2     6     3     5    12    13    14
   10     4
          2     6     8    24
   11     8
          3     5     7    24    25    26    18    19
   12     3
          6     9    27
   13     5
          6     9    15    16    17
   14     5
          6     9    15    16    17
   15     5
          8    13    14    18    19
   16     5
          8    13    14    25    26
   17     7
          8    13    14    25    26    18    19
   18     3
         11    15    17
   19     3
         11    15    17
   20     4
          3    21     5    22
   21     4
          4    20     6     7
   22     4
          2    20     6    23
   23     4
          1    22     3     8
   24     4
          3    10     6    11
   25     4
         11    16    17    27
   26     3
         11    16    17
   27     2
         12    25
connectivity (= bond)
                    28
     1     2   2.576121   2.000000
     1     4   2.583974   2.000000
     1    20   2.054014   1.000000
     2     3   2.550811   2.000000
     2    21   2.049239   1.000000
     3     6   2.521326   2.000000
     3     7   2.684496   1.000000
     4     5   2.577374   2.000000
     4    22   2.054530   1.000000
     5     6   2.566072   2.000000
     5    23   2.050658   1.000000
     6     8   2.539342   2.000000
     7     9   2.708493   1.000000
     7    10   1.974896   1.000000
     8     9   2.540976   2.000000
     8    11   2.861909   1.000000
     9    24   2.054963   1.000000
    11    12   2.925833   1.000000
    11    13   2.101925   1.000000
    11    14   2.103496   1.000000
    12    15   2.891308   1.000000
    12    16   2.794967   1.000000
    12    17   2.110746   1.000000
    15    25   2.626857   1.000000
    15    26   2.637176   1.000000
    16    18   1.980075   1.000000
    16    19   1.979912   1.000000
    26    27   1.905953   1.000000
angle
                    46
     1     2     3     2     118.29       1.00       4.00
     1     2    21     2     121.19       1.00       5.00
     1     4     5     2     120.36       2.00       8.00
     1     4    22     2     119.91       2.00       9.00
     2     1     4     2     120.23       1.00       2.00
     2     1    20     2     119.89       1.00       3.00
     2     3     6     2     121.86       4.00       6.00
     2     3     7     2     127.15       4.00       7.00
     3     2    21     2     120.52       4.00       5.00
     3     6     5     2     120.84       6.00      10.00
     3     6     8     2     109.13       6.00      12.00
     3     7     9     9     101.04       7.00      13.00
     3     7    10     9     129.26       7.00      14.00
     4     1    20     2     119.88       2.00       3.00
     4     5     6     2     118.41       8.00      10.00
     4     5    23     2     120.08       8.00      11.00
     5     4    22     2     119.73       8.00       9.00
     5     6     8     2     130.03      10.00      12.00
     6     3     7     2     110.98       6.00       7.00
     6     5    23     2     121.50      10.00      11.00
     6     8     9     2     108.27      12.00      15.00
     6     8    11     2     127.25      12.00      16.00
     7     9     8     2     110.57      13.00      15.00
     7     9    24     2     124.46      13.00      17.00
     8     9    24     2     124.97      15.00      17.00
     8    11    12     9     111.74      16.00      18.00
     8    11    13     9     110.36      16.00      19.00
     8    11    14     9     108.43      16.00      20.00
     9     7    10     9     129.70      13.00      14.00
     9     8    11     2     124.43      15.00      16.00
    11    12    15     9     112.28      18.00      21.00
    11    12    16     9     110.31      18.00      22.00
    11    12    17     9     108.29      18.00      23.00
    12    11    13     9     110.38      18.00      19.00
    12    11    14     9     109.38      18.00      20.00
    12    15    25     2     119.43      21.00      24.00
    12    15    26     2     121.80      21.00      25.00
    12    16    18     9     109.63      22.00      26.00
    12    16    19     9     112.84      22.00      27.00
    13    11    14     9     106.38      19.00      20.00
    15    12    16     9     110.94      21.00      22.00
    15    12    17     9     105.35      21.00      23.00
    15    26    27     9     110.37      25.00      28.00
    16    12    17     9     109.50      22.00      23.00
    18    16    19     9     106.53      26.00      27.00
    25    15    26     2     118.73      24.00      25.00
torsion
                    69
     4     1     2     3     1     3 359.89550195 120.23329470 118.28982619
     4     1     2    21     1     3 179.56608048 120.23329470 121.18750372
    20     1     2     3     1     3 180.33771796 119.88717571 118.28982619
    20     1     2    21     1     3   0.00829649 119.88717571 121.18750372
     2     1     4     5     2     3   0.10648548 120.23329470 120.35547076
     2     1     4    22     2     3 180.63219471 120.23329470 119.91493312
    20     1     4     5     2     3 179.66430992 119.87805530 120.35547076
    20     1     4    22     2     3   0.19001915 119.87805530 119.91493312
     1     2     3     6     4     3   0.02861683 118.28982619 121.86498815
     1     2     3     7     4     3 179.38309119 118.28982619 127.15102741
    21     2     3     6     4     3 180.35575973 120.52184196 121.86498815
    21     2     3     7     4     3 359.71023409 120.52184196 127.15102741
     2     3     6     5     6     3   0.04745288 121.86498815 120.84166175
     2     3     6     8     6     3 179.63571219 121.86498815 109.13070310
     7     3     6     5     6     3 180.59849986 110.98134805 120.84166175
     7     3     6     8     6     3   0.18675917 110.98134805 109.13070310
     2     3     7     9     7    22 180.79762988 127.15102741 101.03951774
     2     3     7    10     7    22   1.15809809 127.15102741 129.25868094
     6     3     7     9     7    22   0.21045940 110.98134805 101.03951774
     6     3     7    10     7    22 180.57092762 110.98134805 129.25868094
     1     4     5     6     8     3 359.96964374 120.35547076 118.41465781
     1     4     5    23     8     3 180.71376856 120.35547076 120.08496010
    22     4     5     6     8     3 179.44491928 119.72751886 118.41465781
    22     4     5    23     8     3   0.18904410 119.72751886 120.08496010
     4     5     6     3    10     3 359.95396714 118.41465781 120.84166175
     4     5     6     8    10     3 180.46196901 118.41465781 130.02606796
    23     5     6     3    10     3 179.19883961 121.49606923 120.84166175
    23     5     6     8    10     3 359.70684149 121.49606923 130.02606796
     3     6     8     9    12     3 359.46294827 109.13070310 108.27412007
     3     6     8    11    12     3 181.74516102 109.13070310 127.25018022
     5     6     8     9    12     3 179.00128945 130.02606796 108.27412007
     5     6     8    11    12     3   1.28350220 130.02606796 127.25018022
     3     7     9     8    13     2 359.45865456 101.03951774 110.57013378
     3     7     9    24    13    22 178.46563239 101.03951774 124.45609814
    10     7     9     8    13     2 179.09588836 129.70068128 110.57013378
    10     7     9    24    13    22 358.10286618 129.70068128 124.45609814
     6     8     9     7    15     3   0.68620753 108.27412007 110.57013378
     6     8     9    24    15     3 181.68536698 108.27412007 124.96566146
    11     8     9     7    15     3 178.48366420 124.43404036 110.57013378
    11     8     9    24    15     3 359.48282364 124.43404036 124.96566146
     6     8    11    12    16    22  92.15979015 127.25018022 111.73588630
     6     8    11    13    16    22 328.93867109 127.25018022 110.36422282
     6     8    11    14    16    22 212.78214743 127.25018022 108.43034257
     9     8    11    12    16    22 274.78752983 124.43404036 111.73588630
     9     8    11    13    16    22 151.56641076 124.43404036 110.36422282
     9     8    11    14    16    22  35.40988711 124.43404036 108.43034257
     8    11    12    15    18     1 296.66085537 111.73588630 112.28022119
     8    11    12    16    18     1 172.36319331 111.73588630 110.30769404
     8    11    12    17    18     1  52.55218113 111.73588630 108.28779312
    13    11    12    15    18     1  59.87315129 110.37978099 112.28022119
    13    11    12    16    18     1 295.57548923 110.37978099 110.30769404
    13    11    12    17    18     1 175.76447705 110.37978099 108.28779312
    14    11    12    15    18     1 176.59335415 109.37879050 112.28022119
    14    11    12    16    18     1  52.29569209 109.37879050 110.30769404
    14    11    12    17    18     1 292.48467991 109.37879050 108.28779312
    11    12    15    25    21    22 102.97049575 112.28022119 119.43174093
    11    12    15    26    21    22 285.21174613 112.28022119 121.80299661
    16    12    15    25    21    22 226.91564123 110.94233487 119.43174093
    16    12    15    26    21    22  49.15689162 110.94233487 121.80299661
    17    12    15    25    21    22 345.31787995 105.34833715 119.43174093
    17    12    15    26    21    22 167.55913033 105.34833715 121.80299661
    11    12    16    18    22     1 243.04480022 110.30769404 109.62558780
    11    12    16    19    22     1   1.59394056 110.30769404 112.84070797
    15    12    16    18    22     1 117.98112909 110.94233487 109.62558780
    15    12    16    19    22     1 236.53026943 110.94233487 112.84070797
    17    12    16    18    22     1   2.12158503 109.49875915 109.62558780
    17    12    16    19    22     1 120.67072536 109.49875915 112.84070797
    12    15    26    27    25     3 352.79806207 121.80299661 110.36885028
    25    15    26    27    25     3 175.02405277 118.72825970 110.36885028
inversion
                    11
     1     2     4    20    11    11    11   -0.383   -0.382   -0.382
     2     1     3    21    11    11    11    0.282    0.290    0.288
     3     2     6     7    11    11    11    0.515    0.548    0.468
     4     1     5    22    11    11    11   -0.456   -0.454   -0.453
     5     4     6    23    11    11    11   -0.644   -0.654   -0.664
     6     3     5     8    11    11    11    0.389    0.354    0.436
     7     3     9    10     9     9     9   -0.279   -0.354   -0.356
     8     6     9    11    11    11    11   -1.816   -2.167   -2.091
     9     7     8    24    11    11    11    0.819    0.930    0.935
    15    12    25    26    10    10    11   -1.905   -1.952   -1.892
    16    12    18    19     9     9     9   54.050   55.830   52.690
nonbond
                   277
    1     6    5.104
    1     7    6.965
    1     8    7.611
    1     9    8.460
    1    10    8.021
    1    11    9.839
    1    12   11.135
    1    13    9.754
    1    14   11.420
    1    15   10.085
    1    16   13.668
    1    17   11.629
    1    18   15.061
    1    19   14.116
    1    23    6.337
    1    24   10.502
    1    25    9.590
    1    26   10.512
    1    27   11.541
    2     5    5.184
    2     8    6.552
    2     9    6.672
    2    10    5.498
    2    11    9.209
    2    12   10.600
    2    13    9.619
    2    14   10.524
    2    15   10.048
    2    16   13.280
    2    17   10.694
    2    18   14.426
    2    19   13.763
    2    22    6.334
    2    23    7.234
    2    24    8.619
    2    25    9.391
    2    26   11.081
    2    27   12.093
    3     4    5.086
    3    11    6.907
    3    12    8.417
    3    13    7.618
    3    14    8.092
    3    15    8.365
    3    16   11.085
    3    17    8.427
    3    18   12.130
    3    19   11.525
    3    20    6.272
    3    22    7.141
    3    23    6.294
    3    24    6.162
    3    25    8.013
    3    26    9.742
    3    27   10.586
    4     7    7.750
    4     8    6.868
    4     9    8.444
    4    10    9.252
    4    11    8.487
    4    12    9.719
    4    13    7.992
    4    14   10.246
    4    15    8.488
    4    16   12.011
    4    17   10.624
    4    18   13.598
    4    19   12.370
    4    21    6.346
    4    24   10.471
    4    25    8.498
    4    26    8.443
    4    27    9.328
    5     7    6.723
    5     9    6.635
    5    10    8.540
    5    11    5.930
    5    12    7.294
    5    13    5.462
    5    14    7.732
    5    15    6.447
    5    16    9.543
    5    17    8.341
    5    18   11.138
    5    19    9.835
    5    20    6.336
    5    21    7.233
    5    24    8.546
    5    25    6.975
    5    26    6.647
    5    27    7.324
    6    10    6.203
    6    12    6.476
    6    13    5.241
    6    14    6.364
    6    15    6.406
    6    16    9.012
    6    17    7.005
    6    18   10.297
    6    19    9.357
    6    20    7.158
    6    21    6.284
    6    22    6.288
    6    24    6.095
    6    25    6.705
    6    26    7.530
    6    27    8.187
    7    11    7.077
    7    12    8.523
    7    13    8.354
    7    14    7.693
    7    15    9.160
    7    16   11.116
    7    17    7.982
    7    18   11.774
    7    19   11.559
    7    20    8.682
    7    21    5.226
    7    22    9.803
    7    23    8.325
    7    25    8.745
    7    26   11.033
    7    27   11.767
    8    10    6.232
    8    15    5.802
    8    16    7.233
    8    17    5.119
    8    18    8.287
    8    19    7.496
    8    20    9.661
    8    21    8.121
    8    22    8.607
    8    23    5.274
    8    25    6.538
    8    26    7.430
    8    27    7.770
    9    12    6.308
    9    13    6.391
    9    14    5.118
    9    15    7.612
    9    16    8.700
    9    17    5.787
    9    18    9.276
    9    19    9.040
    9    20   10.406
    9    21    7.688
    9    22   10.383
    9    23    7.667
    9    25    7.775
    9    26    9.626
    9    27   10.075
   10    11    8.911
   10    12   10.242
   10    13   10.270
   10    14    9.315
   10    15   10.920
   10    16   12.800
   10    17    9.447
   10    18   13.277
   10    19   13.273
   10    20    9.461
   10    21    5.274
   10    22   11.298
   10    23   10.235
   10    24    5.136
   10    25   10.254
   10    26   12.894
   10    27   13.685
   11    18    5.973
   11    19    4.671
   11    20   11.875
   11    21   10.903
   11    22    9.829
   11    23    5.519
   11    24    5.380
   11    25    6.584
   11    26    6.183
   11    27    5.928
   12    20   13.100
   12    21   12.251
   12    22   10.893
   12    23    6.679
   12    24    6.596
   12    27    4.878
   13    15    5.324
   13    16    5.264
   13    17    5.868
   13    18    6.942
   13    19    4.783
   13    20   11.707
   13    21   11.483
   13    22    9.001
   13    23    4.471
   13    24    7.245
   13    25    7.443
   13    26    5.732
   13    27    5.075
   14    15    6.631
   14    16    5.055
   14    17    4.825
   14    18    5.881
   14    19    4.492
   14    20   13.465
   14    21   12.052
   14    22   11.651
   14    23    7.391
   14    24    5.001
   14    25    8.356
   14    26    8.019
   14    27    7.487
   15    18    5.974
   15    19    6.098
   15    20   11.861
   15    21   11.787
   15    22    9.353
   15    23    5.722
   15    24    8.452
   16    20   15.618
   16    21   14.978
   16    22   12.946
   16    23    8.495
   16    24    8.607
   16    25    6.859
   16    26    5.663
   16    27    4.919
   17    18    4.167
   17    19    5.404
   17    20   13.583
   17    21   12.095
   17    22   12.016
   17    23    8.164
   17    24    5.663
   17    25    4.779
   17    26    6.442
   17    27    6.812
   18    20   17.031
   18    21   15.983
   18    22   14.657
   18    23   10.277
   18    24    8.774
   18    25    7.679
   18    26    7.309
   18    27    6.756
   19    20   16.088
   19    21   15.503
   19    22   13.265
   19    23    8.660
   19    24    8.895
   19    25    8.464
   19    26    6.668
   19    27    5.474
   20    21    4.661
   20    22    4.632
   20    23    8.025
   20    24   12.428
   20    25   11.200
   20    26   12.111
   20    27   13.206
   21    22    8.043
   21    23    9.283
   21    24    9.436
   21    25   10.876
   21    26   12.980
   21    27   14.051
   22    23    4.624
   22    24   12.382
   22    25    9.485
   22    26    8.737
   22    27    9.570
   23    24    9.356
   23    25    6.900
   23    26    5.268
   23    27    5.636
   24    25    8.705
   24    26   10.654
   24    27   10.943
   25    27    6.126
qpartial
                    27
        -0.13364   -0.09497    0.18385   -0.12844   -0.12429    0.08712
        -0.51378   -0.06049    0.02485    0.25792   -0.36524   -0.07395
         0.14497    0.15729    0.62341   -0.59799    0.14398    0.24895
         0.24779    0.13408    0.12273    0.13689    0.11923    0.16032
        -0.41461   -0.63776    0.35181
$end
