$coord                                                                          
   -2.52572085199826      4.61009344550952      0.94683012573656      c       
   -2.33576129698588      2.23668041846975     -0.03528281403556      c       
   -0.01461527319015      1.34383451196296     -0.60010688759945      c       
   -0.40303645314242      6.02924281291356      1.34107671265935      c       
    1.92273245337621      5.08524111075137      0.75573227626813      c       
    2.06886435753985      2.71552619660986     -0.22420933861885      c       
    0.58759243457949     -1.06095366374252     -1.62836265694518      n       
    4.09412830129377      1.36338308424117     -0.95004563748865      c       
    3.28500262122597     -0.89246660736328     -1.79709115411387      c       
   -0.61485224380071     -2.54985299819250     -2.12197980875839      h       
    6.84062479309832      2.16540864834689     -0.88352680459964      c       
    7.88513564332817      2.73066984741298     -3.55740696108467      c       
    7.95099386397037      0.60473073525277     -0.00980153191069      h       
    7.12940167146261      3.83836777969235      0.35225551473068      h       
   10.74970768752284      2.93460032557887     -3.48169651605546      c       
    6.65427088001950      4.98366014051710     -4.68958824607587      n       
    7.51766708400279      1.07687398221736     -4.80970528286900      h       
    5.33276738568552      5.81194843762104     -3.47711347423126      h       
    7.97768788362207      6.40815952213197     -5.08128266655634      h       
   -4.37274384249021      5.37680122966810      1.41786408709208      h       
   -4.00049270211779      1.08539873524187     -0.35991271796425      h       
   -0.56899249513238      7.92147502261071      2.12519586538057      h       
    3.59661674869882      6.22552317785797      1.07422171453229      h       
    4.49832057726596     -2.38818870990334     -2.51709856965692      h       
   11.91891567078278      5.05631038684146     -2.46318538337163      o       
   12.22362492006974      0.93216842500508     -4.31672434928331      o       
   14.06693754524271      1.39873356128452     -4.10740321932730      h       
$end                                                                            
