$ufftopology
nxtnei12
    1     3
          2     4    11
    2     3
          1     3     7
    3     3
          2     6    12
    4     3
          1     5    10
    5     3
          4     6    13
    6     3
          3     5     9
    7     2
          2     8
    8     1
          7
    9     1
          6
   10     1
          4
   11     1
          1
   12     1
          3
   13     4
          5    14    15    16
   14     4
         13    17    21    22
   15     1
         13
   16     1
         13
   17     3
         14    18    19
   18     1
         17
   19     2
         17    20
   20     1
         19
   21     3
         14    23    24
   22     1
         14
   23     1
         21
   24     1
         21
nxtnei13
    1     4
          3     7     5    10
    2     5
          4    11     6    12     8
    3     4
          1     7     5     9
    4     4
          2    11     6    13
    5     7
          1    10     3     9    14    15    16
    6     4
          2    12     4    13
    7     2
          1     3
    8     1
          2
    9     2
          3     5
   10     2
          1     5
   11     2
          2     4
   12     2
          2     6
   13     5
          4     6    17    21    22
   14     7
          5    15    16    18    19    23    24
   15     3
          5    14    16
   16     3
          5    14    15
   17     4
         13    21    22    20
   18     2
         14    19
   19     2
         14    18
   20     1
         17
   21     3
         13    17    22
   22     3
         13    17    21
   23     2
         14    24
   24     2
         14    23
nxtnei14
    1     4
          6    12     8    13
    2     3
          5    10     9
    3     4
          4    11     8    13
    4     6
          3     7     9    14    15    16
    5     6
          2    11    12    17    21    22
    6     6
          1     7    10    14    15    16
    7     4
          4    11     6    12
    8     2
          1     3
    9     4
          2    12     4    13
   10     4
          2    11     6    13
   11     4
          3     7     5    10
   12     4
          1     7     5     9
   13     8
          1    10     3     9    18    19    23    24
   14     3
          4     6    20
   15     5
          4     6    17    21    22
   16     5
          4     6    17    21    22
   17     5
          5    15    16    23    24
   18     4
         13    21    22    20
   19     3
         13    21    22
   20     2
         14    18
   21     5
          5    15    16    18    19
   22     7
          5    15    16    18    19    23    24
   23     3
         13    17    22
   24     3
         13    17    22
connectivity (= bond)
                    24
     1     2   2.556822   2.000000
     1     4   2.565027   2.000000
     1    11   2.049197   1.000000
     2     3   2.556441   2.000000
     2     7   2.629422   1.000000
     3     6   2.565821   2.000000
     3    12   2.050220   1.000000
     4     5   2.573349   2.000000
     4    10   2.054374   1.000000
     5     6   2.574632   2.000000
     5    13   2.858026   1.000000
     6     9   2.054448   1.000000
     7     8   1.916202   1.000000
    13    14   2.912097   1.000000
    13    15   2.104830   1.000000
    13    16   2.103898   1.000000
    14    17   2.871950   1.000000
    14    21   2.787110   1.000000
    14    22   2.108682   1.000000
    17    18   2.625130   1.000000
    17    19   2.625680   1.000000
    19    20   1.912902   1.000000
    21    23   1.980775   1.000000
    21    24   1.982968   1.000000
angle
                    38
     1     2     3     2     120.02       1.00       4.00
     1     2     7     2     120.04       1.00       5.00
     1     4     5     2     120.16       2.00       8.00
     1     4    10     2     119.44       2.00       9.00
     2     1     4     2     120.16       1.00       2.00
     2     1    11     2     119.25       1.00       3.00
     2     3     6     2     120.15       4.00       6.00
     2     3    12     2     119.23       4.00       7.00
     2     7     8     9     110.60       5.00      13.00
     3     2     7     2     119.93       4.00       5.00
     3     6     5     2     120.15       6.00      10.00
     3     6     9     2     119.43       6.00      12.00
     4     1    11     2     120.59       2.00       3.00
     4     5     6     2     119.35       8.00      10.00
     4     5    13     2     120.32       8.00      11.00
     5     4    10     2     120.39       8.00       9.00
     5     6     9     2     120.43      10.00      12.00
     5    13    14     9     111.58      11.00      14.00
     5    13    15     9     110.38      11.00      15.00
     5    13    16     9     109.62      11.00      16.00
     6     3    12     2     120.62       6.00       7.00
     6     5    13     2     120.31      10.00      11.00
    13    14    17     9     110.92      14.00      17.00
    13    14    21     9     109.22      14.00      18.00
    13    14    22     9     108.98      14.00      19.00
    14    13    15     9     109.33      14.00      15.00
    14    13    16     9     110.02      14.00      16.00
    14    17    18     2     120.09      17.00      20.00
    14    17    19     2     120.47      17.00      21.00
    14    21    23     9     109.01      18.00      23.00
    14    21    24     9     109.15      18.00      24.00
    15    13    16     9     105.74      15.00      16.00
    17    14    21     9     112.12      17.00      18.00
    17    14    22     9     105.97      17.00      19.00
    17    19    20     9     108.84      21.00      22.00
    18    17    19     2     119.45      20.00      21.00
    21    14    22     9     109.55      18.00      19.00
    23    21    24     9     106.01      23.00      24.00
torsion
                    55
     4     1     2     3     1     3 359.73449084 120.16457976 120.02165907
     4     1     2     7     1     3 179.95165902 120.16457976 120.04459125
    11     1     2     3     1     3 179.80775349 119.24547924 120.02165907
    11     1     2     7     1     3   0.02492167 119.24547924 120.04459125
     2     1     4     5     2     3   0.43520103 120.16457976 120.16163033
     2     1     4    10     2     3 180.90234786 120.16457976 119.44417856
    11     1     4     5     2     3 180.36094240 120.58989995 120.16163033
    11     1     4    10     2     3   0.82808922 120.58989995 119.44417856
     1     2     3     6     4     3   0.29033305 120.02165907 120.14861727
     1     2     3    12     4     3 180.34996554 120.02165907 119.23101371
     7     2     3     6     4     3 180.07340796 119.93339372 120.14861727
     7     2     3    12     4     3   0.13304046 119.93339372 119.23101371
     1     2     7     8     5     3 270.30160379 120.04459125 110.60204247
     3     2     7     8     5     3  90.51857908 119.93339372 110.60204247
     2     3     6     5     6     3 359.51524451 120.14861727 120.14510476
     2     3     6     9     6     3 179.58817263 120.14861727 119.42619236
    12     3     6     5     6     3 179.45477377 120.62034182 120.14510476
    12     3     6     9     6     3 359.52770190 120.62034182 119.42619236
     1     4     5     6     8     3 359.37639192 120.16163033 119.35473780
     1     4     5    13     8     3 180.98641704 120.16163033 120.31956417
    10     4     5     6     8     3 178.90477413 120.39252880 119.35473780
    10     4     5    13     8     3   0.51479924 120.39252880 120.31956417
     4     5     6     3    10     3   0.64828555 119.35473780 120.14510476
     4     5     6     9    10     3 180.57461915 119.35473780 120.42866234
    13     5     6     3    10     3 179.03848359 120.30598355 120.14510476
    13     5     6     9    10     3 358.96481719 120.30598355 120.42866234
     4     5    13    14    11    22  89.17652606 120.31956417 111.57646164
     4     5    13    15    11    22 327.39643231 120.31956417 110.38166968
     4     5    13    16    11    22 211.31170385 120.31956417 109.62284022
     6     5    13    14    11    22 270.80195632 120.30598355 111.57646164
     6     5    13    15    11    22 149.02186256 120.30598355 110.38166968
     6     5    13    16    11    22  32.93713411 120.30598355 109.62284022
     5    13    14    17    14     1 168.03663885 111.57646164 110.91932219
     5    13    14    21    14     1 292.10464384 111.57646164 109.21779150
     5    13    14    22    14     1  51.74771717 111.57646164 108.98321187
    15    13    14    17    14     1 290.42219235 109.33067937 110.91932219
    15    13    14    21    14     1  54.49019733 109.33067937 109.21779150
    15    13    14    22    14     1 174.13327067 109.33067937 108.98321187
    16    13    14    17    14     1  46.13296076 110.02442304 110.91932219
    16    13    14    21    14     1 170.20096574 110.02442304 109.21779150
    16    13    14    22    14     1 289.84403907 110.02442304 108.98321187
    13    14    17    18    17    22 237.82874485 110.91932219 120.08534518
    13    14    17    19    17    22  57.59186547 110.91932219 120.46764393
    21    14    17    18    17    22 115.43274811 112.12112261 120.08534518
    21    14    17    19    17    22 295.19586873 112.12112261 120.46764393
    22    14    17    18    17    22 355.96542887 105.96546732 120.08534518
    22    14    17    19    17    22 175.72854949 105.96546732 120.46764393
    13    14    21    23    18     1 174.43362508 109.21779150 109.00637656
    13    14    21    24    18     1 289.80110979 109.21779150 109.14703124
    17    14    21    23    18     1 297.79138832 112.12112261 109.00637656
    17    14    21    24    18     1  53.15887303 112.12112261 109.14703124
    22    14    21    23    18     1  55.13854306 109.54583041 109.00637656
    22    14    21    24    18     1 170.50602777 109.54583041 109.14703124
    14    17    19    20    21     3 179.64660337 120.46764393 108.84132399
    18    17    19    20    21     3 359.41122954 119.44659152 108.84132399
inversion
                     8
     1     2     4    11    11    11    11   -0.064   -0.063   -0.064
     2     1     3     7    10    11    11   -0.188   -0.188   -0.188
     3     2     6    12    11    11    11   -0.052   -0.052   -0.052
     4     1     5    10    11    11    11   -0.407   -0.404   -0.408
     5     4     6    13    11    11    11   -1.390   -1.403   -1.403
     6     3     5     9    11    11    11   -0.064   -0.063   -0.064
    17    14    18    19    10    10    11    0.204    0.205    0.203
    21    14    23    24     9     9     9   58.605   58.684   57.101
nonbond
                   214
    1     6    5.124
    1     8    5.393
    1     9    7.179
    1    12    6.278
    1    13    7.077
    1    14    8.520
    1    15    7.556
    1    16    8.461
    1    17   11.276
    1    18   13.133
    1    19   12.390
    1    20   14.251
    1    21    8.178
    1    22    8.704
    1    23    9.676
    1    24    8.980
    2     5    5.143
    2     9    6.294
    2    10    6.294
    2    13    8.001
    2    14    9.440
    2    15    8.965
    2    16    8.941
    2    17   12.183
    2    18   13.676
    2    19   13.631
    2    20   15.395
    2    21    9.626
    2    22    9.112
    2    23   10.975
    2    24   10.750
    3     4    5.125
    3     8    5.401
    3    10    7.179
    3    11    6.278
    3    13    7.079
    3    14    8.522
    3    15    8.483
    3    16    7.533
    3    17   11.057
    3    18   12.225
    3    19   12.732
    3    20   14.347
    3    21    9.408
    3    22    7.869
    3    23   10.706
    3    24   10.719
    4     7    6.844
    4     8    7.694
    4     9    6.316
    4    12    7.175
    4    14    6.279
    4    15    5.036
    4    16    6.328
    4    17    8.919
    4    18   10.962
    4    19    9.865
    4    20   11.738
    4    21    6.064
    4    22    6.878
    4    23    7.793
    4    24    6.698
    5     7    7.772
    5     8    8.638
    5    11    6.319
    5    12    6.322
    5    17    7.287
    5    18    9.069
    5    19    8.559
    5    20   10.304
    5    21    5.705
    5    22    5.108
    5    23    7.404
    5    24    6.640
    6     7    6.843
    6     8    7.700
    6    10    6.316
    6    11    7.173
    6    14    6.280
    6    15    6.346
    6    16    5.013
    6    17    8.638
    6    18    9.851
    6    19   10.291
    6    20   11.853
    6    21    7.646
    6    22    5.780
    6    23    9.043
    6    24    8.901
    7     9    8.485
    7    10    8.488
    7    11    4.899
    7    12    4.894
    7    13   10.630
    7    14   11.980
    7    15   11.545
    7    16   11.520
    7    17   14.752
    7    18   16.158
    7    19   16.243
    7    20   18.010
    7    21   11.996
    7    22   11.516
    7    23   13.211
    7    24   13.138
    8     9    9.264
    8    10    9.253
    8    11    5.608
    8    12    5.623
    8    13   11.441
    8    14   12.370
    8    15   12.484
    8    16   12.465
    8    17   15.193
    8    18   16.452
    8    19   16.854
    8    20   18.602
    8    21   12.174
    8    22   11.707
    8    23   13.143
    8    24   13.466
    9    10    8.028
    9    11    9.228
    9    12    4.620
    9    13    5.105
    9    14    6.416
    9    15    6.974
    9    16    4.639
    9    17    8.288
    9    18    9.050
    9    19   10.105
    9    20   11.435
    9    21    8.374
    9    22    5.597
    9    23    9.594
    9    24    9.684
   10    11    4.618
   10    12    9.229
   10    13    5.103
   10    14    6.407
   10    15    4.660
   10    16    6.963
   10    17    8.803
   10    18   11.114
   10    19    9.302
   10    20   11.214
   10    21    5.550
   10    22    7.504
   10    23    7.337
   10    24    5.623
   11    12    7.951
   11    13    8.728
   11    14   10.042
   11    15    8.879
   11    16   10.252
   11    17   12.777
   11    18   14.755
   11    19   13.703
   11    20   15.601
   11    21    9.235
   11    22   10.374
   11    23   10.650
   11    24    9.815
   12    13    8.731
   12    14   10.047
   12    15   10.274
   12    16    8.857
   12    17   12.431
   12    18   13.285
   12    19   14.256
   12    20   15.760
   12    21   11.144
   12    22    9.101
   12    23   12.296
   12    24   12.565
   13    18    6.817
   13    19    5.780
   13    20    7.493
   13    23    6.372
   13    24    5.187
   14    20    6.360
   15    17    5.376
   15    18    7.807
   15    19    5.409
   15    20    7.217
   15    21    5.028
   15    22    5.852
   15    23    6.902
   15    24    4.740
   16    17    5.045
   16    18    6.622
   16    19    6.006
   16    20    7.387
   16    21    6.464
   16    22    4.884
   16    23    7.984
   16    24    6.969
   17    23    5.130
   17    24    5.003
   18    20    4.559
   18    21    6.655
   18    22    4.777
   18    23    6.487
   18    24    7.303
   19    21    5.866
   19    22    6.424
   19    23    6.494
   19    24    5.211
   20    21    7.536
   20    22    7.717
   20    23    7.846
   20    24    6.924
   22    23    4.508
   22    24    5.654
qpartial
                    24
        -0.04800    0.24453   -0.08910   -0.14147   -0.01155   -0.11567
        -0.68940    0.35318    0.17122    0.12744    0.15520    0.14234
        -0.25113   -0.03211    0.20254    0.14601    0.51627   -0.45300
        -0.69308    0.35937   -0.63969    0.18928    0.29321    0.26360
$end
