$coord                                                                          
   -2.94268858655707      3.74124309406647      0.87881472286436      c       
   -2.36818117631617      1.23198202406951      0.78601503419424      c       
    0.05623915427920      0.56184774725604      0.36494338170728      c       
   -1.09253223803117      5.51334135568094      0.54330588560517      c       
    1.34342744903363      4.78739113855777      0.11569861538737      c       
    1.87494615597973      2.27642384299814      0.04072334997085      c       
    1.03759570276682     -1.92545996526705      0.17036126641938      n       
    4.08986618300896      1.09809740181298     -0.35415189571306      c       
    3.65554759734746     -1.41616802073245     -0.31442412562069      c       
    0.09921186455597     -3.65843900241982      0.32289380937585      h       
    6.58915375522683      2.41445811698140     -0.90187018113853      c       
    8.97777359141543      0.75019360541173     -0.58686897602035      c       
    6.78566339895790      4.06468015122827      0.39092085080177      h       
    6.51720204550988      3.14515036894197     -2.87010743021923      h       
    9.18052531810410     -0.32011608299291      2.07122555024792      c       
   11.27377031015584      2.20560011332987     -1.23956003747536      n       
    8.82580375855718     -0.91258982691706     -1.87035902785327      h       
   12.24359062047772      1.31243433491591     -2.71537683475906      h       
   10.87801733923462      4.05008789513835     -1.83762546365214      h       
   -4.87995224507083      4.33466292344930      1.21830593649625      h       
   -3.81431577082713     -0.19828202262322      1.04097844330995      h       
   -1.56537600659580      7.51165535318560      0.61746819775619      h       
    2.80625947019375      6.20040367389007     -0.15604587714872      h       
    5.06742022419749     -2.88494579243081     -0.59333220096995      h       
    9.41711572909814      1.26558195275420      4.15612066333416      o       
    8.99720182708213     -2.91613865317555      2.44439369233531      o       
    9.18792366707325     -3.27561669082824      4.31349889697085      h       
$end                                                                            
