$coord                                                                          
   -1.52731715655955      1.67735563301683      1.84975158604785      c       
   -1.61439773516070      4.02356096409404      0.83681839777229      c       
    0.06950443776487      4.70324499410442     -0.96199219394936      c       
    0.24084036723055     -0.00454942530281      1.05807326412808      c       
    1.94673180249680      0.66862368468789     -0.74797706264071      c       
    1.84357319589884      3.03246428107005     -1.76341929323728      c       
   -3.43063868000193      5.74137974764290      1.65068874554847      o       
   -5.03698082183069      5.55845075251018      0.62132026599472      h       
    3.16715356300850      3.59350126867332     -3.23394130785385      h       
    0.27820478307408     -1.88807713038399      1.87693023532295      h       
   -2.88453184240990      1.16304598349860      3.29655614095954      h       
   -0.02017635729062      6.59072835728283     -1.75759254749099      h       
    3.88542446738505     -1.21904197756005     -1.67312183469436      c       
    2.82282641088044     -2.91712920468450     -3.80277380922036      c       
    4.50580520831924     -2.41813645944488     -0.06152596090046      h       
    5.60301607796623     -0.22171095128173     -2.37257675824656      h       
    2.05785685268124     -1.35988559697022     -6.10196414620155      c       
   -0.43212506657869     -1.36169435038317     -6.93647255414470      o       
    3.83739354318910      0.09985518226062     -7.36953109604685      o       
    2.98250129978941      0.95622641295812     -8.85108970098472      h       
    4.63927854156651     -4.95951932833453     -4.43416768284514      n       
    1.04482841893506     -3.81872842538293     -3.12262674340418      h       
    5.22211052291092     -4.83541025143174     -6.32654927444745      h       
    6.30239407476822     -4.85584852954209     -3.36761639822805      h       
$end                                                                            
