    24
 Energy =       0.1892111544
c    -0.3750178    1.6472058    0.7948734  0.00   -0.0659157    0.0168907    0.0567460
c     0.0303172    2.8109335    0.1570437  0.00   -0.0625013    0.0787850    0.0427676
c     1.0081136    2.7718125   -0.8262434  0.00    0.0134339    0.0924207   -0.0298756
c     0.2069418    0.4293490    0.4310970  0.00   -0.0250195   -0.0535501    0.0326500
c     1.2047783    0.3610782   -0.5608861  0.00    0.0997895   -0.0591246   -0.0624063
c     1.5988173    1.5541349   -1.1780186  0.00    0.0384980   -0.0134322   -0.0414758
o    -0.5069839    4.0230167    0.4710260  0.00    0.0145482    0.0063388   -0.0809721
h    -0.9503011    4.3787342   -0.3165291  0.00    0.0299476   -0.0427183    0.0550821
h     2.3707231    1.5818724   -1.9364796  0.00   -0.0011270    0.0159023    0.0049928
h    -0.1206493   -0.4779662    0.9373943  0.00   -0.0006668   -0.0021947    0.0025415
h    -1.1350442    1.6632136    1.5694669  0.00    0.0001753   -0.0117307    0.0025658
h     1.3163936    3.6907012   -1.3176857  0.00   -0.0001074    0.0014068   -0.0023786
c     1.7669373   -1.0073413   -0.8964724  0.00   -0.0783245    0.0072335    0.0076675
c     0.8861134   -2.0194266   -1.6556448  0.00    0.0511167   -0.0550079    0.0822517
h     2.1212937   -1.4658931    0.0371405  0.00   -0.0048704    0.0107910   -0.0080111
h     2.6645729   -0.8285312   -1.5058794  0.00   -0.0136390    0.0098505    0.0073864
c     0.2877588   -1.3395944   -2.9073099  0.00   -0.1245086    0.3157480   -0.0957741
o    -0.0664180   -0.1744118   -2.9918994  0.00    0.1030570   -0.2713941    0.0299486
o     0.1608327   -2.2305444   -3.9280651  0.00    0.2009513   -0.2167929    0.1992478
h    -0.8152750   -2.3380565   -4.0597500  0.00    0.0320938   -0.0013129    0.0271477
n     1.5974427   -3.2508470   -2.1301054  0.00   -0.0591054   -0.0671629   -0.1116106
h     0.0358579   -2.3311629   -1.0380560  0.00    0.0169909   -0.0105811   -0.0162132
h     1.2905400   -4.0382287   -1.5473940  0.00    0.0021398    0.0275840   -0.0197829
h     1.2573657   -3.4835548   -3.0659095  0.00   -0.1669563    0.2220511   -0.0824949
    24
 Energy =       0.1651250800
c    -0.3289724    1.6444789    0.7767264  0.00   -0.0547109    0.0135848    0.0473453
c     0.0556992    2.7978361    0.1194671  0.00   -0.0489919    0.0610080    0.0354583
c     1.0516425    2.7575976   -0.8382103  0.00    0.0120217    0.0763844   -0.0250761
c     0.2673659    0.4331426    0.4387494  0.00   -0.0208502   -0.0454780    0.0270576
c     1.2598821    0.3640245   -0.5478382  0.00    0.0830901   -0.0494906   -0.0518728
c     1.6529422    1.5476029   -1.1692302  0.00    0.0322725   -0.0114509   -0.0349466
o    -0.5646351    3.9981141    0.3589975  0.00    0.0102988    0.0108616   -0.0616348
h    -0.9962763    4.2870002   -0.4752822  0.00    0.0226228   -0.0345695    0.0409268
h     2.4228265    1.5647591   -1.9308303  0.00   -0.0009340    0.0133023    0.0041396
h    -0.0592400   -0.4719407    0.9485482  0.00   -0.0005497   -0.0019188    0.0020536
h    -1.1095915    1.6659321    1.5306725  0.00   -0.0002343   -0.0095765    0.0023910
h     1.3448003    3.6713767   -1.3480877  0.00   -0.0000931    0.0015513   -0.0020584
c     1.8101328   -1.0020802   -0.9112101  0.00   -0.0652602    0.0071097    0.0073257
c     0.8653658   -1.9894255   -1.6244456  0.00    0.0416514   -0.0448026    0.0679511
h     2.2009123   -1.4695749    0.0063792  0.00   -0.0035807    0.0089653   -0.0060152
h     2.6808926   -0.8386433   -1.5685760  0.00   -0.0102090    0.0083203    0.0052019
c     0.2587156   -1.3235189   -2.8749430  0.00   -0.1042557    0.2649527   -0.0798470
o    -0.0966419   -0.1303595   -2.9583377  0.00    0.0864254   -0.2273362    0.0251059
o     0.0914228   -2.2147092   -3.8958108  0.00    0.1755745   -0.1845286    0.1681934
h    -0.8938301   -2.3553547   -3.9638266  0.00    0.0223439   -0.0017067    0.0228969
n     1.5311034   -3.2539675   -2.0702628  0.00   -0.0475871   -0.0564849   -0.0958522
h     0.0197638   -2.2475953   -0.9696981  0.00    0.0126629   -0.0090043   -0.0123402
h     1.1756289   -4.0235644   -1.4829099  0.00    0.0009454    0.0213161   -0.0154133
h     1.1952012   -3.4846375   -3.0143273  0.00   -0.1426527    0.1889913   -0.0709905
    24
 Energy =       0.1578229086
c    -0.2785355    1.6334131    0.8020838  0.00   -0.0516726    0.0130293    0.0446324
c     0.1033694    2.7929059    0.1580088  0.00   -0.0449884    0.0543978    0.0324981
c     1.0645085    2.7564588   -0.8332277  0.00    0.0120147    0.0716037   -0.0244065
c     0.2979037    0.4233584    0.4336587  0.00   -0.0196855   -0.0433727    0.0256421
c     1.2661549    0.3611181   -0.5745456  0.00    0.0786740   -0.0469450   -0.0491401
c     1.6476521    1.5475445   -1.1945893  0.00    0.0309261   -0.0112322   -0.0333007
o    -0.4661895    4.0042829    0.4753153  0.00    0.0098216    0.0127541   -0.0516768
h    -0.9474387    4.3444962   -0.3165291  0.00    0.0186614   -0.0305865    0.0341341
h     2.3967090    1.5668769   -1.9774369  0.00   -0.0005539    0.0124843    0.0035770
h    -0.0202316   -0.4851852    0.9424017  0.00   -0.0005803   -0.0018375    0.0019922
h    -1.0309998    1.6545716    1.5851996  0.00   -0.0008361   -0.0087967    0.0028618
h     1.3562703    3.6762226   -1.3328135  0.00   -0.0001037    0.0015867   -0.0019622
c     1.8079711   -1.0006314   -0.9658142  0.00   -0.0618165    0.0070164    0.0069960
c     0.8345996   -1.9834685   -1.6440247  0.00    0.0390049   -0.0421618    0.0639241
h     2.2347539   -1.4721581   -0.0650106  0.00   -0.0030009    0.0082517   -0.0050441
h     2.6534221   -0.8353720   -1.6574729  0.00   -0.0089770    0.0078823    0.0043381
c     0.2191727   -1.3290154   -2.8949793  0.00   -0.0984822    0.2504573   -0.0755660
o    -0.1379415   -0.1285794   -2.9815530  0.00    0.0816876   -0.2148601    0.0237515
o     0.0435925   -2.2230778   -3.9143922  0.00    0.1668311   -0.1746328    0.1590809
h    -0.9415812   -2.3815909   -3.9614282  0.00    0.0204715   -0.0017157    0.0216433
n     1.4808812   -3.2622398   -2.0742712  0.00   -0.0446176   -0.0534610   -0.0910924
h    -0.0032057   -2.2169585   -0.9687567  0.00    0.0115706   -0.0085825   -0.0113243
h     1.1053239   -4.0215188   -1.4838859  0.00    0.0007447    0.0198051   -0.0143325
h     1.1489491   -3.4949600   -3.0202235  0.00   -0.1350935    0.1789158   -0.0672262
    24
 Energy =       0.1385394274
c    -0.2065133    1.6118526    0.8332008  0.00   -0.0416425    0.0107505    0.0355446
c     0.1646375    2.7732841    0.1991621  0.00   -0.0355096    0.0413394    0.0247611
c     1.0861779    2.7422813   -0.8223403  0.00    0.0100686    0.0569922   -0.0202370
c     0.3474021    0.4076175    0.4370235  0.00   -0.0160197   -0.0348872    0.0207513
c     1.2811194    0.3544917   -0.5943387  0.00    0.0631273   -0.0375090   -0.0390774
c     1.6481570    1.5394681   -1.2133703  0.00    0.0252279   -0.0093876   -0.0266678
o    -0.3665207    3.9876481    0.5854769  0.00    0.0100533    0.0107066   -0.0346826
h    -0.9134085    4.3629104   -0.1577759  0.00    0.0111468   -0.0219635    0.0227300
h     2.3693547    1.5559460   -2.0236517  0.00    0.0000728    0.0098414    0.0022725
h     0.0402045   -0.5043670    0.9454068  0.00   -0.0005752   -0.0014899    0.0016813
h    -0.9295196    1.6348899    1.6441448  0.00   -0.0012601   -0.0068214    0.0029159
h     1.3715988    3.6670138   -1.3154978  0.00   -0.0000679    0.0013347   -0.0016114
c     1.8111986   -0.9988890   -1.0288360  0.00   -0.0491249    0.0058384    0.0054531
c     0.7938528   -1.9566168   -1.6756123  0.00    0.0305553   -0.0332774    0.0505951
h     2.2684770   -1.4902327   -0.1507960  0.00   -0.0018516    0.0063100   -0.0033998
h     2.6319327   -0.8354819   -1.7540428  0.00   -0.0065792    0.0062232    0.0028241
c     0.1731731   -1.3137264   -2.9251351  0.00   -0.0791901    0.2005557   -0.0604039
o    -0.1849098   -0.0858408   -3.0077379  0.00    0.0654727   -0.1718921    0.0191992
o    -0.0292373   -2.2027190   -3.9502523  0.00    0.1452450   -0.1421350    0.1286854
h    -1.0106283   -2.4272352   -3.9245706  0.00    0.0082546   -0.0028949    0.0182082
n     1.4148154   -3.2520836   -2.0785611  0.00   -0.0351356   -0.0429857   -0.0737316
h    -0.0384397   -2.1541110   -0.9775388  0.00    0.0086556   -0.0069462   -0.0084966
h     1.0218272   -3.9982126   -1.4772796  0.00    0.0003685    0.0154928   -0.0111501
h     1.0903589   -3.4913943   -3.0313641  0.00   -0.1112921    0.1468049   -0.0561635
    24
 Energy =       0.1138997051
c    -0.1120763    1.5761159    0.8794823  0.00   -0.0222728    0.0057813    0.0179423
c     0.2299900    2.7347447    0.2477600  0.00   -0.0185612    0.0206196    0.0116373
c     1.1034907    2.7126168   -0.8014892  0.00    0.0055476    0.0291690   -0.0108359
c     0.4175544    0.3845929    0.4573865  0.00   -0.0092470   -0.0175461    0.0112628
c     1.2982363    0.3455463   -0.6026051  0.00    0.0329791   -0.0186211   -0.0193850
c     1.6416797    1.5239664   -1.2228411  0.00    0.0135109   -0.0051997   -0.0132297
o    -0.2940535    3.9428050    0.6811235  0.00    0.0161031    0.0015158   -0.0063779
h    -0.9593797    4.2956958    0.0009772  0.00   -0.0056331   -0.0066874    0.0017442
h     2.3226443    1.5329299   -2.0701367  0.00    0.0009704    0.0047531   -0.0000084
h     0.1295344   -0.5316979    0.9676747  0.00   -0.0005468   -0.0007838    0.0011434
h    -0.8029098    1.6025628    1.7176174  0.00   -0.0013072   -0.0033328    0.0021450
h     1.3690516    3.6416182   -1.2963688  0.00    0.0001350    0.0008040   -0.0010272
c     1.8183184   -0.9917913   -1.0953775  0.00   -0.0240746    0.0027839    0.0016537
c     0.7509487   -1.8977686   -1.7366175  0.00    0.0145831   -0.0169191    0.0246393
h     2.2827583   -1.5259661   -0.2411590  0.00   -0.0003461    0.0025790   -0.0010743
h     2.6291808   -0.8309320   -1.8367239  0.00   -0.0033088    0.0030423    0.0011905
c     0.1330128   -1.2581505   -2.9808169  0.00   -0.0438893    0.1022012   -0.0295728
o    -0.2313493    0.0231918   -3.0386865  0.00    0.0333437   -0.0875360    0.0113034
o    -0.1246216   -2.1222021   -4.0268049  0.00    0.1597906   -0.0601114    0.0536561
h    -1.0548209   -2.5671703   -3.8004145  0.00   -0.0626729   -0.0303306    0.0314125
n     1.3549763   -3.2021251   -2.1048106  0.00   -0.0173715   -0.0205480   -0.0390634
h    -0.0827942   -2.0602802   -1.0231462  0.00    0.0039980   -0.0036772   -0.0040301
h     0.9787069   -3.9385299   -1.4714654  0.00   -0.0001370    0.0072923   -0.0048502
h     1.0370325   -3.4632791   -3.0668444  0.00   -0.0715934    0.0907516   -0.0402756
    24
 Energy =       0.1029678745
c    -0.0592342    1.5539400    0.9068211  0.00   -0.0134842    0.0037364    0.0108927
c     0.2750877    2.7146198    0.2838302  0.00   -0.0123196    0.0124005    0.0058663
c     1.1258944    2.7000798   -0.7769030  0.00    0.0029463    0.0178859   -0.0066393
c     0.4541187    0.3684928    0.4645053  0.00   -0.0057602   -0.0105404    0.0069554
c     1.3072016    0.3390732   -0.6104874  0.00    0.0201800   -0.0112231   -0.0116667
c     1.6446024    1.5180074   -1.2227735  0.00    0.0083946   -0.0034271   -0.0079489
o    -0.2407070    3.9205613    0.7376078  0.00    0.0376472   -0.0065959    0.0184965
h    -1.0592890    4.1838136    0.1597303  0.00   -0.0302918    0.0034050   -0.0200750
h     2.3060551    1.5280343   -2.0856003  0.00    0.0007882    0.0027448   -0.0002524
h     0.1735103   -0.5520385    0.9704679  0.00   -0.0003724   -0.0004879    0.0007468
h    -0.7332722    1.5782169    1.7578614  0.00   -0.0009746   -0.0019207    0.0014576
h     1.3849084    3.6337995   -1.2657101  0.00    0.0000446    0.0005656   -0.0006286
c     1.8209861   -0.9894461   -1.1319289  0.00   -0.0142658    0.0015428    0.0008050
c     0.7333665   -1.8750057   -1.7692119  0.00    0.0086177   -0.0099260    0.0145985
h     2.2904106   -1.5413174   -0.2901553  0.00   -0.0000962    0.0013998   -0.0005181
h     2.6260467   -0.8274133   -1.8810107  0.00   -0.0019672    0.0017888    0.0006450
c     0.1126287   -1.2363761   -3.0110947  0.00   -0.0265934    0.0607642   -0.0171665
o    -0.2298507    0.0739020   -3.0664063  0.00    0.0206411   -0.0517192    0.0069524
o    -0.1857956   -2.0831974   -4.0645507  0.00    0.1011810   -0.0416675    0.0357165
h    -1.1148572   -2.4972025   -3.8597260  0.00   -0.0376704   -0.0193196    0.0194229
n     1.3293414   -3.1858975   -2.1151681  0.00   -0.0103187   -0.0120090   -0.0238267
h    -0.1002973   -2.0196295   -1.0487804  0.00    0.0022867   -0.0022302   -0.0023312
h     0.9562763   -3.9140205   -1.4670451  0.00   -0.0001569    0.0042351   -0.0027235
h     1.0179788   -3.4645029   -3.0785579  0.00   -0.0484561    0.0605975   -0.0287786
    24
 Energy =       0.1008676266
c     0.0424305    1.5384256    0.9805673  0.00   -0.0144282    0.0018541    0.0135395
c     0.3061631    2.6975657    0.3188031  0.00   -0.0133880    0.0126804    0.0050548
c     1.0824416    2.6872821   -0.8024706  0.00    0.0045088    0.0180151   -0.0098076
c     0.5443474    0.3576906    0.5140499  0.00   -0.0072891   -0.0103923    0.0092493
c     1.3246119    0.3328411   -0.6177522  0.00    0.0198611   -0.0117251   -0.0118130
c     1.5976527    1.5108826   -1.2663135  0.00    0.0089925   -0.0019779   -0.0094812
o    -0.2091421    3.8951210    0.7972304  0.00    0.0518489   -0.0129317    0.0362672
h    -0.9269078    4.2546623    0.1229208  0.00   -0.0438944    0.0094314   -0.0360231
h     2.1985243    1.5224244   -2.1756528  0.00    0.0023446    0.0031395   -0.0028207
h     0.3130572   -0.5633137    1.0467405  0.00   -0.0011329   -0.0014914    0.0020897
h    -0.5745191    1.5600971    1.8769255  0.00   -0.0024802   -0.0021829    0.0037368
h     1.2885394    3.6193277   -1.3222923  0.00    0.0007803    0.0019459   -0.0019862
c     1.8183610   -0.9924412   -1.1664970  0.00   -0.0131238    0.0017592    0.0002742
c     0.7039225   -1.8656972   -1.7751056  0.00    0.0078378   -0.0090333    0.0135206
h     2.3116739   -1.5541071   -0.3441825  0.00    0.0002526    0.0011524   -0.0000854
h     2.6015582   -0.8275067   -1.9385956  0.00   -0.0015036    0.0016353    0.0002488
c     0.0759805   -1.2284860   -3.0145815  0.00   -0.0251852    0.0574377   -0.0163342
o    -0.2515073    0.0871870   -3.0737266  0.00    0.0196987   -0.0487582    0.0067534
o    -0.2344710   -2.0729230   -4.0664714  0.00    0.0960025   -0.0395573    0.0338366
h    -1.1649804   -2.4792758   -3.8599650  0.00   -0.0357547   -0.0183516    0.0184175
n     1.2711858   -3.1922889   -2.1120098  0.00   -0.0092308   -0.0114999   -0.0231685
h    -0.1205326   -1.9843671   -1.0383286  0.00    0.0017388   -0.0020907   -0.0019187
h     0.8701028   -3.9104058   -1.4684731  0.00   -0.0003850    0.0034297   -0.0021636
h     0.9666178   -3.4662012   -3.0791060  0.00   -0.0460705    0.0575116   -0.0273861
    24
 Energy =       0.0928260182
c     0.1531126    1.5009161    1.0523017  0.00   -0.0102871    0.0009773    0.0103214
c     0.3664645    2.6623603    0.3813570  0.00   -0.0094185    0.0082185    0.0033577
c     1.0800181    2.6610114   -0.7797884  0.00    0.0036418    0.0118107   -0.0077386
c     0.6306582    0.3267495    0.5514827  0.00   -0.0058164   -0.0065703    0.0074823
c     1.3427213    0.3124699   -0.6216222  0.00    0.0134464   -0.0074011   -0.0083595
c     1.5761397    1.4927578   -1.2753947  0.00    0.0064043   -0.0013458   -0.0069652
o    -0.1455830    3.8511779    0.8915823  0.00    0.0394780   -0.0099319    0.0306151
h    -0.7835064    4.2864972    0.1932992  0.00   -0.0343818    0.0079515   -0.0294555
h     2.1247077    1.5086602   -2.2180241  0.00    0.0024678    0.0019298   -0.0034800
h     0.4315985   -0.5987590    1.0889066  0.00   -0.0010841   -0.0012110    0.0019267
h    -0.4157659    1.5166354    1.9802384  0.00   -0.0025478   -0.0013639    0.0037866
h     1.2510173    3.5950519   -1.3079666  0.00    0.0008353    0.0016569   -0.0017964
c     1.8066141   -1.0056490   -1.2136121  0.00   -0.0074632    0.0010906   -0.0006962
c     0.6585889   -1.8443348   -1.8123512  0.00    0.0044349   -0.0051556    0.0080049
h     2.3095780   -1.5951171   -0.4155061  0.00    0.0006102    0.0003713    0.0004144
h     2.5755795   -0.8376566   -2.0000073  0.00   -0.0008057    0.0008887   -0.0000574
c     0.0329396   -1.1920428   -3.0464655  0.00   -0.0157567    0.0339803   -0.0089013
o    -0.2310258    0.1510535   -3.1092984  0.00    0.0129061   -0.0270196    0.0045507
o    -0.3372440   -2.0149288   -4.0987915  0.00    0.0635029   -0.0273565    0.0217240
h    -1.2796998   -2.3715518   -3.8994466  0.00   -0.0237029   -0.0130184    0.0118423
n     1.1902241   -3.1883687   -2.1366392  0.00   -0.0050034   -0.0075834   -0.0151046
h    -0.1621784   -1.9332014   -1.0652596  0.00    0.0006294   -0.0012814   -0.0009847
h     0.7625823   -3.8940170   -1.4943298  0.00   -0.0005100    0.0015865   -0.0009322
h     0.8975694   -3.4632206   -3.1089511  0.00   -0.0315795    0.0387768   -0.0195547
    24
 Energy =       0.0888729496
c     0.2464079    1.4552147    1.1138575  0.00   -0.0080694    0.0013690    0.0084715
c     0.4393758    2.6243930    0.4531689  0.00   -0.0073176    0.0060432    0.0025585
c     1.1106737    2.6350291   -0.7321069  0.00    0.0027883    0.0090246   -0.0061986
c     0.6935663    0.2857394    0.5767679  0.00   -0.0045604   -0.0049943    0.0060372
c     1.3588736    0.2844656   -0.6216067  0.00    0.0104146   -0.0052901   -0.0066009
c     1.5802934    1.4722815   -1.2622258  0.00    0.0051383   -0.0014261   -0.0056127
o    -0.0552171    3.8069858    0.9993130  0.00    0.0331628   -0.0094512    0.0288299
h    -0.6247533    4.3146131    0.2952798  0.00   -0.0297776    0.0086589   -0.0271116
h     2.0941514    1.4973254   -2.2239188  0.00    0.0021780    0.0012046   -0.0033175
h     0.5054515   -0.6469977    1.1048799  0.00   -0.0008688   -0.0009762    0.0015575
h    -0.2888352    1.4615347    2.0613726  0.00   -0.0023220   -0.0008442    0.0034667
h     1.2690098    3.5746813   -1.2532128  0.00    0.0006659    0.0013185   -0.0013914
c     1.7840884   -1.0276232   -1.2569812  0.00   -0.0045598    0.0007113   -0.0012895
c     0.6042619   -1.8212888   -1.8596248  0.00    0.0025648   -0.0034842    0.0055299
h     2.2845845   -1.6511416   -0.4823990  0.00    0.0009491   -0.0001751    0.0008459
h     2.5460342   -0.8572278   -2.0498492  0.00   -0.0005479    0.0005494   -0.0001239
c    -0.0069708   -1.1372887   -3.0856969  0.00   -0.0112005    0.0229453   -0.0051146
o    -0.1919691    0.2260951   -3.1475491  0.00    0.0094693   -0.0152951    0.0035579
o    -0.4401714   -1.9318943   -4.1375421  0.00    0.0474936   -0.0219713    0.0147434
h    -1.3885562   -2.2518264   -3.9256670  0.00   -0.0183182   -0.0101632    0.0086899
n     1.0916464   -3.1815500   -2.1888733  0.00   -0.0023655   -0.0058679   -0.0113809
h    -0.2160064   -1.8861247   -1.1086182  0.00    0.0000764   -0.0008971   -0.0006579
h     0.6266204   -3.8792537   -1.5622532  0.00   -0.0008981    0.0000400    0.0000470
h     0.8125508   -3.4396488   -3.1708012  0.00   -0.0240950    0.0289710   -0.0155359
    24
 Energy =       0.0867007229
c     0.3263824    1.4063072    1.1641343  0.00   -0.0067036    0.0017509    0.0072613
c     0.5196731    2.5851507    0.5225135  0.00   -0.0059203    0.0047962    0.0020815
c     1.1632343    2.6083979   -0.6772152  0.00    0.0021317    0.0076418   -0.0049770
c     0.7398480    0.2407993    0.5926045  0.00   -0.0035838   -0.0043439    0.0048808
c     1.3737718    0.2530624   -0.6211806  0.00    0.0085962   -0.0041675   -0.0053369
c     1.6014833    1.4497255   -1.2408793  0.00    0.0044026   -0.0014915   -0.0047610
o     0.0508158    3.7635097    1.1033695  0.00    0.0284836   -0.0087646    0.0268471
h    -0.4660002    4.3294532    0.4067912  0.00   -0.0262796    0.0091236   -0.0248394
h     2.0927171    1.4853191   -2.2136617  0.00    0.0019020    0.0007952   -0.0029894
h     0.5480753   -0.6997182    1.1050755  0.00   -0.0006872   -0.0009673    0.0012728
h    -0.1862285    1.4024895    2.1236521  0.00   -0.0020531   -0.0005166    0.0030811
h     1.3240855    3.5550772   -1.1841150  0.00    0.0005162    0.0012140   -0.0011008
c     1.7564287   -1.0528074   -1.2973529  0.00   -0.0027381    0.0004430   -0.0015927
c     0.5463807   -1.7968910   -1.9071824  0.00    0.0012923   -0.0024506    0.0044811
h     2.2484022   -1.7112242   -0.5455537  0.00    0.0012681   -0.0006340    0.0012247
h     2.5143981   -0.8819589   -2.0939873  0.00   -0.0003847    0.0003550   -0.0001380
c    -0.0525866   -1.0699607   -3.1165562  0.00   -0.0087581    0.0178800   -0.0029221
o    -0.1834432    0.3039612   -3.1535189  0.00    0.0073883   -0.0096931    0.0028781
o    -0.5353679   -1.8240867   -4.1777781  0.00    0.0376342   -0.0189234    0.0098272
h    -1.4760313   -2.1428398   -3.9431034  0.00   -0.0149330   -0.0080339    0.0070874
n     0.9891032   -3.1677257   -2.2589011  0.00   -0.0007198   -0.0053423   -0.0090072
h    -0.2702937   -1.8471846   -1.1507603  0.00   -0.0001854   -0.0006294   -0.0005298
h     0.4939545   -3.8621390   -1.6509712  0.00   -0.0010962   -0.0008837    0.0004900
h     0.7163078   -3.4002232   -3.2497096  0.00   -0.0195724    0.0228420   -0.0132190
    24
 Energy =       0.0856415109
c     0.4018670    1.3596283    1.2040744  0.00   -0.0059785    0.0020298    0.0066507
c     0.6100407    2.5465357    0.5827541  0.00   -0.0050689    0.0041782    0.0018008
c     1.2352692    2.5787514   -0.6259898  0.00    0.0016935    0.0071904   -0.0041257
c     0.7783260    0.1963444    0.6026125  0.00   -0.0029449   -0.0042394    0.0040954
c     1.3908114    0.2184274   -0.6211303  0.00    0.0075811   -0.0035886   -0.0044210
c     1.6378031    1.4219105   -1.2192268  0.00    0.0040772   -0.0014773   -0.0042760
o     0.1731405    3.7234266    1.1934536  0.00    0.0253808   -0.0078487    0.0252126
h    -0.3072470    4.3317761    0.5093158  0.00   -0.0239393    0.0092702   -0.0230006
h     2.1130761    1.4653598   -2.1993036  0.00    0.0017461    0.0005807   -0.0027521
h     0.5720854   -0.7500647    1.0984596  0.00   -0.0005807   -0.0011516    0.0011184
h    -0.0955851    1.3485079    2.1711446  0.00   -0.0018609   -0.0003257    0.0028046
h     1.4090089    3.5312496   -1.1174600  0.00    0.0004254    0.0013157   -0.0009522
c     1.7250914   -1.0824271   -1.3338258  0.00   -0.0014273    0.0001730   -0.0017372
c     0.4838510   -1.7728827   -1.9476396  0.00    0.0002986   -0.0015161    0.0044670
h     2.2047343   -1.7748727   -0.6040755  0.00    0.0016148   -0.0010654    0.0015739
h     2.4793352   -0.9157722   -2.1348965  0.00   -0.0002311    0.0002169   -0.0001401
c    -0.1091169   -0.9942916   -3.1298130  0.00   -0.0075134    0.0153066   -0.0016301
o    -0.2148315    0.3842212   -3.1171902  0.00    0.0060474   -0.0063690    0.0023479
o    -0.6227599   -1.6982132   -4.2117689  0.00    0.0320048   -0.0171685    0.0059959
h    -1.5528500   -2.0333945   -3.9635857  0.00   -0.0132340   -0.0068342    0.0065285
n     0.8802788   -3.1491510   -2.3368511  0.00    0.0005492   -0.0059264   -0.0074972
h    -0.3239532   -1.8161452   -1.1810582  0.00   -0.0003663   -0.0003536   -0.0004178
h     0.3624415   -3.8436582   -1.7476417  0.00   -0.0011949   -0.0014830    0.0006448
h     0.6042938   -3.3487722   -3.3346445  0.00   -0.0170788    0.0190858   -0.0122905
    24
 Energy =       0.0855421289
c     0.3280283    1.4054094    1.1709030  0.00   -0.0064424    0.0024244    0.0073169
c     0.5047674    2.5874602    0.5295574  0.00   -0.0052007    0.0046223    0.0017252
c     1.1368500    2.6167300   -0.6759774  0.00    0.0015355    0.0084194   -0.0040636
c     0.7460061    0.2426510    0.5940647  0.00   -0.0028573   -0.0051079    0.0040748
c     1.3686631    0.2610516   -0.6249369  0.00    0.0079211   -0.0036771   -0.0040917
c     1.5799822    1.4611577   -1.2448754  0.00    0.0045774   -0.0013098   -0.0045364
o     0.0305359    3.7620414    1.1178368  0.00    0.0264428   -0.0074075    0.0269985
h    -0.4613995    4.3487520    0.4210752  0.00   -0.0253262    0.0100556   -0.0243667
h     2.0637520    1.5013443   -2.2211733  0.00    0.0018845    0.0005772   -0.0029371
h     0.5678631   -0.7009222    1.1071832  0.00   -0.0006049   -0.0018145    0.0012860
h    -0.1754045    1.3967167    2.1350873  0.00   -0.0019656   -0.0002918    0.0029608
h     1.2857130    3.5656783   -1.1832753  0.00    0.0004260    0.0018638   -0.0010837
c     1.7622572   -1.0429358   -1.3040730  0.00   -0.0002503   -0.0000509   -0.0019251
c     0.5557138   -1.7989503   -1.9137380  0.00   -0.0009077   -0.0004217    0.0058740
h     2.2632104   -1.6984598   -0.5530667  0.00    0.0023707   -0.0017593    0.0022983
h     2.5179419   -0.8648074   -2.1014597  0.00   -0.0000176    0.0001570   -0.0001430
c    -0.0432712   -1.0865312   -3.1358510  0.00   -0.0079529    0.0155681   -0.0007820
o    -0.1578298    0.2918251   -3.1979627  0.00    0.0057459   -0.0032077    0.0019848
o    -0.5452321   -1.8543368   -4.1827946  0.00    0.0329311   -0.0192931    0.0025618
h    -1.4863770   -2.1584979   -3.9326552  0.00   -0.0145929   -0.0071329    0.0075330
n     1.0069007   -3.1747043   -2.2473191  0.00    0.0029514   -0.0078292   -0.0070156
h    -0.2647610   -1.8431815   -1.1606045  0.00   -0.0006581   -0.0000044   -0.0003226
h     0.5211946   -3.8658468   -1.6258807  0.00   -0.0018182   -0.0031575    0.0013643
h     0.7300061   -3.4251505   -3.2343505  0.00   -0.0181917    0.0187775   -0.0147107
    24
 Energy =       0.0849569379
c     0.3189708    1.3855633    1.1717325  0.00   -0.0060202    0.0022415    0.0069087
c     0.4829782    2.5750241    0.5410919  0.00   -0.0048426    0.0043263    0.0015378
c     1.1120200    2.6210829   -0.6653074  0.00    0.0014380    0.0079372   -0.0038374
c     0.7463254    0.2321351    0.5835882  0.00   -0.0026790   -0.0048448    0.0038506
c     1.3658505    0.2676601   -0.6362097  0.00    0.0073445   -0.0034139   -0.0038310
c     1.5648196    1.4752631   -1.2451672  0.00    0.0043295   -0.0011847   -0.0043012
o    -0.0011657    3.7393933    1.1420300  0.00    0.0246881   -0.0068766    0.0255662
h    -0.4759727    4.3424942    0.4494444  0.00   -0.0237055    0.0095078   -0.0229823
h     2.0477977    1.5291187   -2.2211119  0.00    0.0017889    0.0005379   -0.0028193
h     0.5793678   -0.7175250    1.0890306  0.00   -0.0005826   -0.0017834    0.0012523
h    -0.1817315    1.3635787    2.1369879  0.00   -0.0018694   -0.0002726    0.0028345
h     1.2516683    3.5757062   -1.1643865  0.00    0.0004077    0.0018158   -0.0010497
c     1.7771597   -1.0251286   -1.3258765  0.00   -0.0001782   -0.0001005   -0.0018556
c     0.5816472   -1.8003287   -1.9332183  0.00   -0.0014067    0.0004131    0.0054276
h     2.2949730   -1.6757821   -0.5823215  0.00    0.0022803   -0.0017886    0.0022150
h     2.5240811   -0.8290266   -2.1276592  0.00    0.0001504    0.0001918   -0.0002500
c    -0.0472935   -1.0909876   -3.1420253  0.00   -0.0060657    0.0153746    0.0010843
o    -0.1181101    0.2901443   -3.2289925  0.00    0.0055468   -0.0013588    0.0024829
o    -0.6232844   -1.8632277   -4.1496031  0.00    0.0312231   -0.0196401   -0.0014114
h    -1.5645073   -2.1288966   -3.8562790  0.00   -0.0160928   -0.0073981    0.0077129
n     1.0621592   -3.1604444   -2.2884483  0.00    0.0119155    0.0008202   -0.0061414
h    -0.2313841   -1.8733662   -1.1738562  0.00   -0.0010832    0.0001247   -0.0000365
h     0.6799477   -3.8616068   -1.5976183  0.00   -0.0060982   -0.0108287    0.0099673
h     0.6887936   -3.4443504   -3.2401111  0.00   -0.0204887    0.0162001   -0.0223244
    24
 Energy =       0.0822396475
c     0.2743336    1.4021003    1.1643453  0.00   -0.0045102    0.0011701    0.0057744
c     0.3865655    2.5907024    0.5207577  0.00   -0.0037647    0.0039439    0.0004456
c     0.9921666    2.6459399   -0.6969039  0.00    0.0010307    0.0069378   -0.0032969
c     0.7320695    0.2588161    0.5817872  0.00   -0.0020545   -0.0043663    0.0030505
c     1.3312802    0.3040948   -0.6461902  0.00    0.0052970   -0.0026624   -0.0023146
c     1.4746924    1.5109564   -1.2719523  0.00    0.0035796    0.0004300   -0.0034450
o    -0.1256005    3.7427251    1.1240693  0.00    0.0204922   -0.0069747    0.0233386
h    -0.5349993    4.3855896    0.4291915  0.00   -0.0196839    0.0094011   -0.0209746
h     1.9447706    1.5718756   -2.2532657  0.00    0.0014150    0.0006036   -0.0022886
h     0.6098097   -0.6909519    1.1009447  0.00   -0.0005617   -0.0023711    0.0014315
h    -0.2081385    1.3724110    2.1381217  0.00   -0.0015080   -0.0003964    0.0023689
h     1.0929152    3.5993139   -1.2081973  0.00    0.0003938    0.0021673   -0.0011409
c     1.7979895   -0.9791324   -1.3172347  0.00    0.0007258   -0.0004920   -0.0008847
c     0.6374377   -1.8093679   -1.9199543  0.00   -0.0022081    0.0023999    0.0062659
h     2.3368882   -1.5986534   -0.5619766  0.00    0.0021722   -0.0018350    0.0020872
h     2.5435070   -0.7641706   -2.1157654  0.00    0.0004459    0.0000893   -0.0002327
c     0.0287433   -1.1714418   -3.1811784  0.00   -0.0051058    0.0106676    0.0008153
o    -0.0326000    0.2052584   -3.3510732  0.00    0.0036562    0.0031080    0.0007463
o    -0.5367576   -1.9956903   -4.1545617  0.00    0.0225407   -0.0164405   -0.0034100
h    -1.4771162   -2.2504398   -3.8586865  0.00   -0.0121794   -0.0055847    0.0059209
n     1.1609324   -3.1738440   -2.1918440  0.00    0.0122818   -0.0023037   -0.0029276
h    -0.1956848   -1.8645616   -1.1803971  0.00   -0.0011991    0.0006152    0.0005245
h     0.7787504   -3.8488469   -1.4779672  0.00   -0.0047719   -0.0090786    0.0080737
h     0.8231556   -3.5161896   -3.1363557  0.00   -0.0164836    0.0109716   -0.0199277
    24
 Energy =       0.0790182582
c     0.2320191    1.3844715    1.1699487  0.00   -0.0021950    0.0002854    0.0037171
c     0.2925049    2.5773927    0.5292923  0.00   -0.0021243    0.0028237   -0.0010358
c     0.8725508    2.6545255   -0.6990368  0.00    0.0004645    0.0043909   -0.0023488
c     0.7187069    0.2600257    0.5786488  0.00   -0.0011720   -0.0029994    0.0018757
c     1.2946758    0.3285283   -0.6570786  0.00    0.0025822   -0.0015942   -0.0008855
c     1.3822768    1.5387150   -1.2841060  0.00    0.0022443    0.0013964   -0.0020379
o    -0.2464896    3.7084627    1.1510630  0.00    0.0151143   -0.0118105    0.0243546
h    -0.5431985    4.4267430    0.4729850  0.00   -0.0148406    0.0135136   -0.0218868
h     1.8386205    1.6180860   -2.2697711  0.00    0.0009206    0.0004572   -0.0015117
h     0.6416986   -0.6934421    1.0994210  0.00   -0.0004164   -0.0021842    0.0012434
h    -0.2302675    1.3366427    2.1519501  0.00   -0.0009676   -0.0003591    0.0016217
h     0.9341621    3.6101663   -1.2114891  0.00    0.0003265    0.0018726   -0.0009220
c     1.8139807   -0.9331723   -1.3267352  0.00    0.0011267   -0.0011085    0.0001705
c     0.6889057   -1.8047299   -1.9360227  0.00   -0.0019146    0.0027382    0.0045586
h     2.3706684   -1.5312742   -0.5684956  0.00    0.0013358   -0.0013021    0.0012428
h     2.5583715   -0.6896945   -2.1186340  0.00    0.0007020    0.0000272   -0.0003323
c     0.1167704   -1.2244240   -3.2422818  0.00   -0.0034333    0.0040342    0.0002885
o     0.0997666    0.1440315   -3.4899139  0.00    0.0014923    0.0064057   -0.0008802
o    -0.4712701   -2.0777166   -4.1746587  0.00    0.0124727   -0.0106179   -0.0029584
h    -1.4092717   -2.3064088   -3.8636302  0.00   -0.0069712   -0.0031885    0.0032585
n     1.2453717   -3.1679087   -2.1296354  0.00    0.0101548   -0.0014198    0.0000272
h    -0.1699637   -1.8454932   -1.2248297  0.00   -0.0012969    0.0009830    0.0009403
h     0.8884548   -3.8079372   -1.3745591  0.00   -0.0032650   -0.0071690    0.0057925
h     0.9160663   -3.5790960   -3.0467175  0.00   -0.0103401    0.0048251   -0.0142921
    24
 Energy =       0.0773451120
c     0.1656307    1.3452189    1.1713200  0.00   -0.0015496    0.0004625    0.0028268
c     0.2005860    2.5464524    0.5461114  0.00   -0.0013578    0.0020269   -0.0011213
c     0.7865598    2.6519451   -0.6769960  0.00    0.0001705    0.0032642   -0.0015666
c     0.6871118    0.2414410    0.5720106  0.00   -0.0006923   -0.0023292    0.0012688
c     1.2706762    0.3389852   -0.6573434  0.00    0.0016564   -0.0010543   -0.0004722
c     1.3289886    1.5568596   -1.2707745  0.00    0.0016694    0.0010302   -0.0013308
o    -0.3706563    3.6555503    1.1797878  0.00    0.0103438   -0.0092036    0.0195264
h    -0.6078380    4.4113866    0.5257586  0.00   -0.0105287    0.0109073   -0.0170993
h     1.7941229    1.6602578   -2.2498209  0.00    0.0008661    0.0003157   -0.0012499
h     0.6335830   -0.7187156    1.0823460  0.00   -0.0002706   -0.0017220    0.0009207
h    -0.3015034    1.2745182    2.1492997  0.00   -0.0007430   -0.0001859    0.0012905
h     0.8276608    3.6137954   -1.1788531  0.00    0.0002088    0.0014628   -0.0006781
c     1.8378614   -0.8988815   -1.3315094  0.00    0.0014189   -0.0013505    0.0004505
c     0.7477742   -1.7965713   -1.9657623  0.00   -0.0017964    0.0014949    0.0024746
h     2.4013826   -1.4864782   -0.5710791  0.00    0.0009303   -0.0009277    0.0007739
h     2.5870387   -0.6253192   -2.1096138  0.00    0.0009023    0.0000745   -0.0005424
c     0.2021655   -1.2377733   -3.2907782  0.00   -0.0018011    0.0005110    0.0012486
o     0.2568946    0.1207723   -3.5916218  0.00    0.0009533    0.0088140   -0.0014711
o    -0.4383018   -2.0928000   -4.1859513  0.00    0.0100801   -0.0086094   -0.0037598
h    -1.3839531   -2.2620133   -3.8607454  0.00   -0.0071974   -0.0026643    0.0030631
n     1.3348101   -3.1476793   -2.1342495  0.00    0.0106831    0.0040014   -0.0000683
h    -0.1309941   -1.8517718   -1.2801848  0.00   -0.0014934    0.0009530    0.0008615
h     1.0472079   -3.7618567   -1.3274717  0.00   -0.0037375   -0.0086396    0.0084029
h     0.9583023   -3.6108293   -3.0081655  0.00   -0.0087153    0.0013683   -0.0137486
    24
 Energy =       0.0762158044
c     0.1295207    1.3172875    1.1647100  0.00   -0.0012464    0.0003826    0.0024140
c     0.1282331    2.5229491    0.5473338  0.00   -0.0009543    0.0017347   -0.0011013
c     0.7065416    2.6522478   -0.6770583  0.00    0.0000119    0.0028778   -0.0012068
c     0.6834553    0.2333296    0.5588249  0.00   -0.0004092   -0.0022183    0.0009599
c     1.2604468    0.3551342   -0.6709848  0.00    0.0011287   -0.0009381   -0.0003093
c     1.2784178    1.5769023   -1.2788509  0.00    0.0013398    0.0010309   -0.0012742
o    -0.4718717    3.6112024    1.1912475  0.00    0.0073827   -0.0068912    0.0157268
h    -0.6764347    4.3914893    0.5598999  0.00   -0.0078537    0.0087630   -0.0134959
h     1.7375763    1.6996501   -2.2582815  0.00    0.0007497    0.0003231   -0.0010620
h     0.6620761   -0.7303547    1.0648660  0.00   -0.0001896   -0.0017530    0.0008628
h    -0.3320893    1.2273431    2.1435478  0.00   -0.0006205   -0.0001638    0.0011172
h     0.7175772    3.6172666   -1.1743740  0.00    0.0001462    0.0014998   -0.0006625
c     1.8696689   -0.8596814   -1.3498370  0.00    0.0015114   -0.0010274    0.0001449
c     0.8093080   -1.8003080   -1.9712907  0.00   -0.0017453    0.0028700    0.0019897
h     2.4638668   -1.4242221   -0.5949342  0.00    0.0011292   -0.0011682    0.0009051
h     2.5991901   -0.5575467   -2.1365706  0.00    0.0011704    0.0003225   -0.0006909
c     0.2126775   -1.2584600   -3.2803511  0.00   -0.0000308    0.0016074    0.0023208
o     0.3081228    0.0868877   -3.6276565  0.00    0.0012656    0.0088248   -0.0005839
o    -0.5012179   -2.1166725   -4.1177517  0.00    0.0074769   -0.0091248   -0.0069687
h    -1.4351480   -2.2459606   -3.7422934  0.00   -0.0083882   -0.0024374    0.0033573
n     1.4527296   -3.1226688   -2.1610787  0.00    0.0095360    0.0014824   -0.0006413
h    -0.0536141   -1.9007681   -1.2697835  0.00   -0.0022162    0.0004954    0.0011534
h     1.2059610   -3.7525610   -1.3544468  0.00   -0.0030885   -0.0072530    0.0070174
h     1.0801164   -3.5959926   -3.0291727  0.00   -0.0061060    0.0007611   -0.0099727
    24
 Energy =       0.0751562594
c     0.0464066    1.2698677    1.1618254  0.00   -0.0012104    0.0006983    0.0022410
c     0.0317576    2.4829080    0.5604056  0.00   -0.0007016    0.0012913   -0.0009027
c     0.6313948    2.6400877   -0.6505877  0.00   -0.0000361    0.0023609   -0.0009825
c     0.6383642    0.2069839    0.5548671  0.00   -0.0002779   -0.0018749    0.0008532
c     1.2384185    0.3571924   -0.6606378  0.00    0.0009902   -0.0006466   -0.0004006
c     1.2391511    1.5855316   -1.2540651  0.00    0.0012030    0.0005553   -0.0010893
o    -0.6038919    3.5492584    1.2074697  0.00    0.0048535   -0.0056008    0.0134328
h    -0.7660982    4.3554280    0.6000120  0.00   -0.0056870    0.0074580   -0.0109985
h     1.7168395    1.7313136   -2.2215039  0.00    0.0008728    0.0002717   -0.0011227
h     0.6297652   -0.7625297    1.0492058  0.00   -0.0001327   -0.0013572    0.0006758
h    -0.4326928    1.1574969    2.1299927  0.00   -0.0006552   -0.0000487    0.0011945
h     0.6307356    3.6107744   -1.1361629  0.00    0.0000936    0.0011719   -0.0005121
c     1.8937815   -0.8336261   -1.3384461  0.00    0.0017810   -0.0010176    0.0004686
c     0.8709261   -1.7891853   -1.9989196  0.00   -0.0017717    0.0016597    0.0007393
h     2.4817486   -1.3932224   -0.5758210  0.00    0.0008788   -0.0007732    0.0006754
h     2.6362494   -0.5047598   -2.1026286  0.00    0.0013241    0.0003097   -0.0009239
c     0.3005673   -1.2471449   -3.3178779  0.00    0.0001017   -0.0011208    0.0022054
o     0.4639578    0.0835310   -3.6978473  0.00    0.0010776    0.0093580   -0.0014521
o    -0.4504449   -2.0887971   -4.1370953  0.00    0.0069659   -0.0070738   -0.0058722
h    -1.3909121   -2.1634163   -3.7642354  0.00   -0.0079525   -0.0020351    0.0031675
n     1.5439382   -3.0946973   -2.1871842  0.00    0.0094237    0.0045894   -0.0012121
h    -0.0087436   -1.9169831   -1.3230308  0.00   -0.0023040    0.0004051    0.0011698
h     1.3647141   -3.7047081   -1.3469955  0.00   -0.0028665   -0.0078299    0.0085774
h     1.1291777   -3.6048105   -3.0150258  0.00   -0.0059702   -0.0007506   -0.0099319
    24
 Energy =       0.0741994425
c    -0.0279780    1.2248415    1.1535283  0.00   -0.0011322    0.0008863    0.0019637
c    -0.0610002    2.4429725    0.5641185  0.00   -0.0004653    0.0009622   -0.0007598
c     0.5548770    2.6260004   -0.6350063  0.00   -0.0001222    0.0019452   -0.0007007
c     0.6022052    0.1833906    0.5482881  0.00   -0.0001005   -0.0016179    0.0006232
c     1.2200963    0.3599912   -0.6543895  0.00    0.0008194   -0.0004855   -0.0004270
c     1.1982793    1.5924445   -1.2378117  0.00    0.0010345    0.0002168   -0.0009583
o    -0.7321062    3.4872841    1.2116560  0.00    0.0027919   -0.0042762    0.0109763
h    -0.8582991    4.3161025    0.6297474  0.00   -0.0038672    0.0060939   -0.0085740
h     1.6889914    1.7591295   -2.1951755  0.00    0.0008306    0.0002173   -0.0009840
h     0.6104326   -0.7900628    1.0342091  0.00   -0.0000678   -0.0010759    0.0005001
h    -0.5207318    1.0916140    2.1120762  0.00   -0.0006158    0.0000333    0.0011074
h     0.5380909    3.6004615   -1.1121403  0.00    0.0000344    0.0009430   -0.0003714
c     1.9206756   -0.8063989   -1.3285935  0.00    0.0018032   -0.0008600    0.0004214
c     0.9359540   -1.7813346   -2.0168294  0.00   -0.0017189    0.0017916   -0.0001005
h     2.5082854   -1.3570016   -0.5598205  0.00    0.0006931   -0.0005019    0.0004677
h     2.6687764   -0.4515464   -2.0755916  0.00    0.0012530    0.0002653   -0.0009110
c     0.3652230   -1.2363437   -3.3323692  0.00    0.0004515   -0.0028708    0.0026603
o     0.5975668    0.0736833   -3.7489299  0.00    0.0015286    0.0098709   -0.0015816
o    -0.4380157   -2.0576554   -4.1213441  0.00    0.0056143   -0.0064623   -0.0055234
h    -1.3749092   -2.0791423   -3.7341678  0.00   -0.0074149   -0.0015687    0.0029166
n     1.6477754   -3.0623196   -2.2204625  0.00    0.0077346    0.0035021   -0.0018722
h     0.0533709   -1.9481039   -1.3534035  0.00   -0.0022417    0.0002233    0.0011383
h     1.5234673   -3.6680127   -1.3685536  0.00   -0.0021931   -0.0066531    0.0074785
h     1.2140830   -3.5935005   -3.0233210  0.00   -0.0046496   -0.0005793   -0.0074897
    24
 Energy =       0.0734103584
c    -0.0998259    1.1807570    1.1426216  0.00   -0.0011063    0.0010079    0.0017601
c    -0.1505155    2.4023235    0.5622515  0.00   -0.0003118    0.0007082   -0.0006075
c     0.4820044    2.6088457   -0.6242996  0.00   -0.0001828    0.0016692   -0.0005009
c     0.5676748    0.1599495    0.5424971  0.00    0.0000283   -0.0014505    0.0004570
c     1.2036445    0.3605908   -0.6466934  0.00    0.0007330   -0.0003986   -0.0004734
c     1.1605115    1.5955118   -1.2229585  0.00    0.0009434   -0.0000397   -0.0009038
o    -0.8568522    3.4254997    1.2062320  0.00    0.0013372   -0.0029457    0.0088685
h    -0.9577220    4.2710589    0.6465609  0.00   -0.0026084    0.0047701   -0.0065319
h     1.6639208    1.7808808   -2.1701501  0.00    0.0007775    0.0001724   -0.0008720
h     0.5915504   -0.8161766    1.0220606  0.00   -0.0000207   -0.0008758    0.0003734
h    -0.6066145    1.0285580    2.0909216  0.00   -0.0005960    0.0000874    0.0010403
h     0.4497306    3.5858026   -1.0951399  0.00   -0.0000100    0.0007834   -0.0002688
c     1.9471776   -0.7823040   -1.3142704  0.00    0.0017655   -0.0006396    0.0003804
c     1.0005712   -1.7735911   -2.0306917  0.00   -0.0016213    0.0023029   -0.0005762
h     2.5317498   -1.3252458   -0.5382309  0.00    0.0005809   -0.0003048    0.0003663
h     2.7016308   -0.4033696   -2.0429619  0.00    0.0012150    0.0002336   -0.0008970
c     0.4223052   -1.2196979   -3.3375917  0.00    0.0005721   -0.0037444    0.0029848
o     0.7206916    0.0660373   -3.7880250  0.00    0.0021241    0.0100795   -0.0015997
o    -0.4337726   -2.0152992   -4.0964318  0.00    0.0044425   -0.0063049   -0.0054713
h    -1.3628123   -1.9866593   -3.6919937  0.00   -0.0070624   -0.0011516    0.0027702
n     1.7526143   -3.0263068   -2.2584309  0.00    0.0066536    0.0022909   -0.0026854
h     0.1198850   -1.9840137   -1.3769486  0.00   -0.0023272    0.0000121    0.0012458
h     1.6822204   -3.6325445   -1.4015645  0.00   -0.0016295   -0.0058873    0.0067642
h     1.3053427   -3.5741138   -3.0410492  0.00   -0.0036965   -0.0003745   -0.0056230
    24
 Energy =       0.0727135044
c    -0.1710258    1.1356061    1.1298725  0.00   -0.0011012    0.0010853    0.0015887
c    -0.2400851    2.3591637    0.5560527  0.00   -0.0001978    0.0005012   -0.0004717
c     0.4090088    2.5879846   -0.6173440  0.00   -0.0002424    0.0014740   -0.0003370
c     0.5339892    0.1356482    0.5377759  0.00    0.0001427   -0.0013399    0.0003148
c     1.1878978    0.3591896   -0.6373071  0.00    0.0006907   -0.0003716   -0.0005158
c     1.1230864    1.5950843   -1.2088992  0.00    0.0008917   -0.0002403   -0.0008817
o    -0.9823801    3.3610409    1.1931594  0.00    0.0002460   -0.0017043    0.0070657
h    -1.0654356    4.2197055    0.6531631  0.00   -0.0016979    0.0035720   -0.0048094
h     1.6387136    1.7978961   -2.1458219  0.00    0.0007157    0.0001327   -0.0007672
h     0.5735755   -0.8420752    1.0127043  0.00    0.0000196   -0.0007291    0.0002743
h    -0.6918688    0.9653637    2.0673787  0.00   -0.0005819    0.0001264    0.0009733
h     0.3607504    3.5662807   -1.0837772  0.00   -0.0000490    0.0006704   -0.0001886
c     1.9735945   -0.7600778   -1.2956983  0.00    0.0016790   -0.0004022    0.0003828
c     1.0662972   -1.7649159   -2.0420720  0.00   -0.0014766    0.0028790   -0.0008310
h     2.5524842   -1.2968178   -0.5114814  0.00    0.0005025   -0.0001467    0.0003252
h     2.7353322   -0.3575828   -2.0040675  0.00    0.0012150    0.0002152   -0.0008897
c     0.4773135   -1.1979044   -3.3371508  0.00    0.0005417   -0.0040308    0.0032619
o     0.8397832    0.0593784   -3.8206816  0.00    0.0027871    0.0100087   -0.0016116
o    -0.4323922   -1.9623208   -4.0648742  0.00    0.0034068   -0.0063532   -0.0055775
h    -1.3497285   -1.8839477   -3.6412509  0.00   -0.0068402   -0.0007424    0.0027138
n     1.8596099   -2.9855491   -2.2985055  0.00    0.0058063    0.0010591   -0.0034371
h     0.1905784   -2.0220137   -1.3979962  0.00   -0.0024444   -0.0002188    0.0014074
h     1.8409735   -3.5951109   -1.4420239  0.00   -0.0011220   -0.0052501    0.0060701
h     1.4050382   -3.5475324   -3.0654411  0.00   -0.0028916   -0.0001946   -0.0040598
    24
 Energy =       0.0720779581
c    -0.2428187    1.0881791    1.1153338  0.00   -0.0010925    0.0011152    0.0014175
c    -0.3316673    2.3122677    0.5456793  0.00   -0.0001041    0.0003249   -0.0003555
c     0.3337889    2.5628220   -0.6139662  0.00   -0.0003070    0.0013186   -0.0001897
c     0.5005648    0.1099501    0.5341425  0.00    0.0002555   -0.0012585    0.0001788
c     1.1721455    0.3559070   -0.6261608  0.00    0.0006732   -0.0003941   -0.0005392
c     1.0844965    1.5912258   -1.1955196  0.00    0.0008557   -0.0003945   -0.0008676
o    -1.1112419    3.2919680    1.1727143  0.00   -0.0005899   -0.0005725    0.0054651
h    -1.1825083    4.1611424    0.6501533  0.00   -0.0010233    0.0024934   -0.0033220
h     1.6118069    1.8107219   -2.1220671  0.00    0.0006377    0.0000944   -0.0006553
h     0.5565420   -0.8683098    1.0060677  0.00    0.0000573   -0.0006153    0.0001909
h    -0.7776355    0.9002914    2.0414665  0.00   -0.0005620    0.0001540    0.0008899
h     0.2684506    3.5412565   -1.0778621  0.00   -0.0000862    0.0005877   -0.0001231
c     1.9999460   -0.7389546   -1.2729169  0.00    0.0015329   -0.0001743    0.0004378
c     1.1339209   -1.7545235   -2.0516639  0.00   -0.0012988    0.0032478   -0.0009522
h     2.5705310   -1.2710584   -0.4797775  0.00    0.0004379   -0.0000172    0.0003202
h     2.7698492   -0.3126276   -1.9583484  0.00    0.0012377    0.0002126   -0.0008793
c     0.5343234   -1.1714987   -3.3334492  0.00    0.0005128   -0.0037524    0.0035042
o     0.9586622    0.0530585   -3.8496651  0.00    0.0033759    0.0094762   -0.0016215
o    -0.4297177   -1.8986462   -4.0285539  0.00    0.0024265   -0.0064199   -0.0056987
h    -1.3312854   -1.7697067   -3.5843455  0.00   -0.0066165   -0.0003153    0.0026978
n     1.9690386   -2.9394724   -2.3378732  0.00    0.0049896    0.0000009   -0.0039265
h     0.2648587   -2.0597629   -1.4193484  0.00   -0.0024818   -0.0004445    0.0015322
h     1.9997266   -3.5529683   -1.4853573  0.00   -0.0006614   -0.0045789    0.0052292
h     1.5133336   -3.5147682   -3.0929687  0.00   -0.0021689   -0.0000882   -0.0027330
    24
 Energy =       0.0715025538
c    -0.3157226    1.0375526    1.0988638  0.00   -0.0010568    0.0010807    0.0012242
c    -0.4264182    2.2605660    0.5309139  0.00   -0.0000237    0.0001732   -0.0002590
c     0.2549841    2.5327753   -0.6143971  0.00   -0.0003745    0.0011766   -0.0000552
c     0.4672950    0.0825526    0.5314976  0.00    0.0003691   -0.0011857    0.0000448
c     1.1560178    0.3509215   -0.6133898  0.00    0.0006669   -0.0004538   -0.0005275
c     1.0437866    1.5839749   -1.1830022  0.00    0.0008194   -0.0004986   -0.0008447
o    -1.2450391    3.2165272    1.1446199  0.00   -0.0011967    0.0004158    0.0040048
h    -1.3104887    4.0938917    0.6369670  0.00   -0.0005392    0.0015412   -0.0020348
h     1.5821084    1.8197383   -2.0991158  0.00    0.0005368    0.0000547   -0.0005315
h     0.5408503   -0.8951094    1.0020717  0.00    0.0000934   -0.0005251    0.0001200
h    -0.8642620    0.8320102    2.0130446  0.00   -0.0005258    0.0001694    0.0007776
h     0.1709804    3.5100177   -1.0777049  0.00   -0.0001220    0.0005271   -0.0000714
c     2.0262391   -0.7182138   -1.2461920  0.00    0.0013247    0.0000145    0.0005258
c     1.2040324   -1.7418307   -2.0596547  0.00   -0.0011087    0.0032433   -0.0009759
h     2.5862662   -1.2471893   -0.4436993  0.00    0.0003735    0.0000810    0.0003296
h     2.8046674   -0.2672041   -1.9059107  0.00    0.0012498    0.0002259   -0.0008459
c     0.5956750   -1.1409925   -3.3278121  0.00    0.0006844   -0.0028781    0.0036614
o     1.0788412    0.0468026   -3.8762476  0.00    0.0037139    0.0083196   -0.0015678
o    -0.4236321   -1.8238676   -3.9878480  0.00    0.0014455   -0.0063819   -0.0057495
h    -1.3045673   -1.6427459   -3.5214351  0.00   -0.0062949    0.0001373    0.0026878
n     2.0814205   -2.8875997   -2.3742256  0.00    0.0041091   -0.0007618   -0.0039730
h     0.3425808   -2.0956959   -1.4423456  0.00   -0.0023661   -0.0006267    0.0015518
h     2.1584797   -3.5043983   -1.5280317  0.00   -0.0002691   -0.0037666    0.0041525
h     1.6310156   -3.4759901   -3.1212525  0.00   -0.0015089   -0.0000820   -0.0016441
    24
 Energy =       0.0710046200
c    -0.3902467    0.9828044    1.0802370  0.00   -0.0009767    0.0009667    0.0010038
c    -0.5255643    2.2028571    0.5113265  0.00    0.0000431    0.0000468   -0.0001816
c     0.1711802    2.4971574   -0.6190494  0.00   -0.0004387    0.0010359    0.0000597
c     0.4340937    0.0532683    0.5297435  0.00    0.0004773   -0.0011078   -0.0000781
c     1.1391417    0.3445276   -0.5991417  0.00    0.0006590   -0.0005276   -0.0004652
c     1.0000211    1.5734100   -1.1715771  0.00    0.0007757   -0.0005451   -0.0008018
o    -1.3855274    3.1326705    1.1082222  0.00   -0.0015620    0.0011766    0.0027046
h    -1.4521896    4.0155860    0.6119047  0.00   -0.0002396    0.0007803   -0.0009820
h     1.5486078    1.8254014   -2.0771970  0.00    0.0004171    0.0000134   -0.0004039
h     0.5269601   -0.9225003    1.0007197  0.00    0.0001267   -0.0004564    0.0000642
h    -0.9520734    0.7591788    1.9818837  0.00   -0.0004677    0.0001703    0.0006344
h     0.0664333    3.4716655   -1.0838520  0.00   -0.0001543    0.0004850   -0.0000372
c     2.0525620   -0.6969098   -1.2157242  0.00    0.0010789    0.0001329    0.0006101
c     1.2775327   -1.7262655   -2.0659158  0.00   -0.0009409    0.0028165   -0.0009118
h     2.6003105   -1.2240256   -0.4037512  0.00    0.0003015    0.0001410    0.0003305
h     2.8391408   -0.2197953   -1.8469261  0.00    0.0012138    0.0002499   -0.0007720
c     0.6630526   -1.1069307   -3.3209807  0.00    0.0012063   -0.0015024    0.0036315
o     1.2009556    0.0406069   -3.9011519  0.00    0.0036317    0.0065255   -0.0013803
o    -0.4124847   -1.7375219   -3.9421712  0.00    0.0004727   -0.0061385   -0.0056565
h    -1.2667685   -1.5019180   -3.4516615  0.00   -0.0058104    0.0006034    0.0026617
n     2.1980848   -2.8292536   -2.4054461  0.00    0.0031841   -0.0011767   -0.0034506
h     0.4243053   -2.1288062   -1.4675333  0.00   -0.0020770   -0.0007248    0.0014316
h     2.3172328   -3.4485277   -1.5671710  0.00    0.0000094   -0.0027687    0.0028398
h     1.7603501   -3.4301862   -3.1490735  0.00   -0.0009300   -0.0001960   -0.0008510
    24
 Energy =       0.0706076865
c    -0.4674091    0.9229345    1.0589113  0.00   -0.0008438    0.0007717    0.0007658
c    -0.6306610    2.1377512    0.4861228  0.00    0.0000897   -0.0000488   -0.0001207
c     0.0808533    2.4551508   -0.6285282  0.00   -0.0004832    0.0008855    0.0001381
c     0.4003867    0.0219631    0.5286436  0.00    0.0005580   -0.0010034   -0.0001667
c     1.1208762    0.3371093   -0.5835534  0.00    0.0006286   -0.0005685   -0.0003469
c     0.9522076    1.5596405   -1.1614489  0.00    0.0007207   -0.0005291   -0.0007259
o    -1.5348117    3.0379899    1.0622910  0.00   -0.0016579    0.0015422    0.0016673
h    -1.6109427    3.9231308    0.5722161  0.00   -0.0001273    0.0003420   -0.0002641
h     1.5104921    1.8282828   -2.0563199  0.00    0.0002956   -0.0000268   -0.0002913
h     0.5147235   -0.9503765    1.0019209  0.00    0.0001523   -0.0004021    0.0000284
h    -1.0420532    0.6803427    1.9473219  0.00   -0.0003891    0.0001542    0.0004717
h    -0.0470251    3.4251079   -1.0970465  0.00   -0.0001766    0.0004489   -0.0000236
c     2.0789621   -0.6738356   -1.1814050  0.00    0.0008402    0.0001596    0.0006457
c     1.3557454   -1.7071824   -2.0699762  0.00   -0.0008350    0.0020373   -0.0007586
h     2.6131993   -1.1999404   -0.3599578  0.00    0.0002216    0.0001562    0.0003015
h     2.8725578   -0.1686184   -1.7811733  0.00    0.0010962    0.0002719   -0.0006473
c     0.7380641   -1.0699891   -3.3133481  0.00    0.0020518    0.0000494    0.0032851
o     1.3256343    0.0345501   -3.9249504  0.00    0.0030309    0.0043006   -0.0010296
o    -0.3942581   -1.6392300   -3.8903009  0.00   -0.0003999   -0.0055779   -0.0053047
h    -1.2144150   -1.3460693   -3.3739184  0.00   -0.0050961    0.0010395    0.0025840
n     2.3211461   -2.7634984   -2.4290651  0.00    0.0023346   -0.0012301   -0.0023396
h     0.5112479   -2.1583968   -1.4949660  0.00   -0.0016431   -0.0007083    0.0011694
h     2.4755439   -3.3853841   -1.5998474  0.00    0.0001216   -0.0016202    0.0014167
h     1.9050460   -3.3749394   -3.1759083  0.00   -0.0004900   -0.0004438   -0.0004545
    24
 Energy =       0.0703453724
c    -0.5408007    0.8635697    1.0360401  0.00   -0.0006098    0.0005010    0.0004960
c    -0.7315505    2.0714736    0.4572801  0.00    0.0000900   -0.0000935   -0.0000614
c    -0.0065584    2.4111456   -0.6418344  0.00   -0.0004095    0.0006344    0.0001337
c     0.3680565   -0.0082713    0.5274147  0.00    0.0004875   -0.0007483   -0.0001612
c     1.1022867    0.3297741   -0.5685542  0.00    0.0004870   -0.0004413   -0.0002012
c     0.9053723    1.5446140   -1.1534202  0.00    0.0005810   -0.0004191   -0.0005441
o    -1.6780689    2.9412427    1.0107538  0.00   -0.0013146    0.0012129    0.0009733
h    -1.7696959    3.8249285    0.5208966  0.00   -0.0001409    0.0002699   -0.0000106
h     1.4726494    1.8291506   -2.0377415  0.00    0.0001912   -0.0000506   -0.0002036
h     0.5032429   -0.9760645    1.0043551  0.00    0.0001341   -0.0002966    0.0000118
h    -1.1270428    0.6026733    1.9114171  0.00   -0.0002784    0.0001110    0.0003012
h    -0.1568163    3.3753015   -1.1155179  0.00   -0.0001500    0.0003376   -0.0000189
c     2.1023834   -0.6505498   -1.1466895  0.00    0.0005966    0.0001037    0.0005248
c     1.4313124   -1.6863234   -2.0708926  0.00   -0.0007135    0.0010772   -0.0004823
h     2.6235184   -1.1761017   -0.3166226  0.00    0.0001370    0.0001147    0.0002142
h     2.9007304   -0.1179844   -1.7153229  0.00    0.0008002    0.0002384   -0.0004418
c     0.8134615   -1.0349474   -3.3058790  0.00    0.0024765    0.0009710    0.0023309
o     1.4405410    0.0293170   -3.9456413  0.00    0.0018595    0.0021131   -0.0005496
o    -0.3694484   -1.5397840   -3.8367578  0.00   -0.0007936   -0.0041856   -0.0041151
h    -1.1506101   -1.1914378   -3.2962229  0.00   -0.0037448    0.0011437    0.0021260
n     2.4391751   -2.6970076   -2.4406676  0.00    0.0016014   -0.0008222   -0.0009118
h     0.5951418   -2.1812994   -1.5213104  0.00   -0.0010599   -0.0005163    0.0007495
h     2.6155153   -3.3235901   -1.6204976  0.00    0.0000502   -0.0005700    0.0003342
h     2.0523151   -3.3133358   -3.1988715  0.00   -0.0002769   -0.0006853   -0.0004938
    24
 Energy =       0.0702072359
c    -0.6145046    0.8029562    1.0097888  0.00   -0.0004255    0.0003093    0.0002962
c    -0.8314187    2.0029743    0.4241197  0.00    0.0000623   -0.0001002   -0.0000087
c    -0.0924631    2.3653136   -0.6582406  0.00   -0.0002745    0.0003798    0.0000754
c     0.3341795   -0.0386415    0.5245974  0.00    0.0003348   -0.0004593   -0.0000921
c     1.0823479    0.3225235   -0.5541550  0.00    0.0003245   -0.0002269   -0.0001253
c     0.8590897    1.5290345   -1.1464566  0.00    0.0004416   -0.0003014   -0.0003543
o    -1.8193897    2.8408383    0.9526793  0.00   -0.0009150    0.0007054    0.0006077
h    -1.9284490    3.7207764    0.4596534  0.00   -0.0001365    0.0002459   -0.0000007
h     1.4361186    1.8298087   -2.0191948  0.00    0.0001456   -0.0000554   -0.0001656
h     0.4890821   -1.0012774    1.0057638  0.00    0.0000893   -0.0001665    0.0000043
h    -1.2125629    0.5234649    1.8712291  0.00   -0.0002019    0.0000653    0.0001966
h    -0.2637620    3.3229943   -1.1376656  0.00   -0.0000979    0.0001877   -0.0000098
c     2.1234899   -0.6262595   -1.1107983  0.00    0.0004111    0.0000604    0.0003506
c     1.5066251   -1.6637659   -2.0686994  0.00   -0.0006006    0.0004530   -0.0002424
h     2.6315561   -1.1511089   -0.2722876  0.00    0.0000811    0.0000627    0.0001302
h     2.9247743   -0.0665333   -1.6479220  0.00    0.0005055    0.0001833   -0.0002543
c     0.8902526   -1.0016199   -3.2980026  0.00    0.0023009    0.0009586    0.0013768
o     1.5507309    0.0238369   -3.9648123  0.00    0.0010016    0.0008945   -0.0002643
o    -0.3388103   -1.4379630   -3.7794810  0.00   -0.0009114   -0.0028103   -0.0028043
h    -1.0754587   -1.0347022   -3.2164452  0.00   -0.0024353    0.0010859    0.0016221
n     2.5562261   -2.6287832   -2.4418414  0.00    0.0011919   -0.0002372   -0.0000782
h     0.6789551   -2.1998744   -1.5462748  0.00   -0.0006142   -0.0003407    0.0004047
h     2.7432478   -3.2641699   -1.6312310  0.00   -0.0000275   -0.0001083    0.0000350
h     2.2052537   -3.2433293   -3.2186099  0.00   -0.0002500   -0.0007854   -0.0006997
    24
 Energy =       0.0701707678
c    -0.6571361    0.7674813    0.9914010  0.00   -0.0000049    0.0000111    0.0000048
c    -0.8875232    1.9629060    0.4019332  0.00   -0.0000040   -0.0000071    0.0000084
c    -0.1400546    2.3389513   -0.6695763  0.00    0.0000154   -0.0000085   -0.0000078
c     0.3132970   -0.0560850    0.5206190  0.00   -0.0000177    0.0000104    0.0000085
c     1.0698584    0.3189455   -0.5471193  0.00   -0.0000104    0.0000236   -0.0000185
c     0.8331979    1.5207636   -1.1433447  0.00    0.0000033   -0.0000101   -0.0000039
o    -1.8981734    2.7816692    0.9150907  0.00    0.0000041    0.0000043    0.0000065
h    -2.0164856    3.6590431    0.4199004  0.00    0.0000098   -0.0000204    0.0000049
h     1.4164537    1.8314860   -2.0083792  0.00    0.0000093   -0.0000041   -0.0000154
h     0.4783783   -1.0157441    1.0040503  0.00   -0.0000064    0.0000104   -0.0000006
h    -1.2622909    0.4767801    1.8438909  0.00   -0.0000063   -0.0000003    0.0000106
h    -0.3221129    3.2929164   -1.1520972  0.00    0.0000067   -0.0000128    0.0000028
c     2.1338542   -0.6110163   -1.0902029  0.00    0.0000198   -0.0000005   -0.0000263
c     1.5493173   -1.6500676   -2.0647852  0.00   -0.0000371    0.0000081    0.0000087
h     2.6351667   -1.1343813   -0.2468058  0.00    0.0000045   -0.0000044   -0.0000103
h     2.9350129   -0.0359921   -1.6100284  0.00   -0.0000181   -0.0000104    0.0000083
c     0.9331083   -0.9851866   -3.2924157  0.00   -0.0000078    0.0000218    0.0000008
o     1.6084639    0.0183106   -3.9757263  0.00   -0.0000305    0.0000130    0.0000210
o    -0.3185955   -1.3811321   -3.7428361  0.00    0.0000710    0.0000008   -0.0000020
h    -1.0261954   -0.9473495   -3.1685983  0.00   -0.0000212   -0.0000209   -0.0000011
n     2.6225362   -2.5883455   -2.4357377  0.00    0.0000492    0.0000336    0.0000223
h     0.7277404   -2.2084678   -1.5577307  0.00    0.0000066    0.0000134   -0.0000145
h     2.8121041   -3.2301462   -1.6307981  0.00   -0.0000013   -0.0000156    0.0000350
h     2.2951889   -3.1988457   -3.2249901  0.00   -0.0000338   -0.0000355   -0.0000422
    24
 Energy =       0.0701699678
c    -0.6577714    0.7666478    0.9903073  0.00   -0.0000006    0.0000007    0.0000009
c    -0.8886401    1.9613866    0.3995974  0.00   -0.0000003   -0.0000005    0.0000005
c    -0.1409943    2.3368366   -0.6719866  0.00    0.0000012   -0.0000001   -0.0000008
c     0.3132997   -0.0568358    0.5206809  0.00   -0.0000013    0.0000002    0.0000009
c     1.0700273    0.3176121   -0.5471146  0.00   -0.0000008    0.0000010   -0.0000024
c     0.8328817    1.5187214   -1.1446177  0.00    0.0000005   -0.0000014   -0.0000017
o    -1.9000155    2.7800321    0.9115199  0.00   -0.0000003    0.0000006    0.0000013
h    -2.0186962    3.6568761    0.4154533  0.00    0.0000007   -0.0000012    0.0000001
h     1.4161463    1.8287950   -2.0098917  0.00    0.0000009   -0.0000011   -0.0000026
h     0.4786627   -1.0160095    1.0050029  0.00   -0.0000005    0.0000005    0.0000001
h    -1.2631152    0.4763879    1.8428044  0.00   -0.0000007   -0.0000001    0.0000012
h    -0.3234767    3.2902242   -1.1555208  0.00    0.0000004   -0.0000006   -0.0000000
c     2.1343285   -0.6124685   -1.0893647  0.00    0.0000015    0.0000006   -0.0000030
c     1.5503989   -1.6511587   -2.0646444  0.00    0.0000002    0.0000035    0.0000020
h     2.6349178   -1.1361304   -0.2457167  0.00    0.0000006   -0.0000005   -0.0000007
h     2.9359187   -0.0374144   -1.6085470  0.00   -0.0000017   -0.0000010    0.0000004
c     0.9327144   -0.9850966   -3.2908477  0.00    0.0000978    0.0000177    0.0000589
o     1.6126080    0.0108143   -3.9807770  0.00    0.0000568    0.0000532   -0.0000158
o    -0.3262812   -1.3696185   -3.7310838  0.00   -0.0000569   -0.0001268   -0.0001203
h    -1.0252270   -0.9266951   -3.1530798  0.00   -0.0001024    0.0000605    0.0000801
n     2.6245637   -2.5876203   -2.4374275  0.00    0.0000079    0.0000038   -0.0000009
h     0.7297970   -2.2111549   -1.5577019  0.00    0.0000005   -0.0000001    0.0000013
h     2.8150930   -3.2305321   -1.6336245  0.00    0.0000002   -0.0000034    0.0000056
h     2.2979703   -3.1971062   -3.2277060  0.00   -0.0000036   -0.0000055   -0.0000051
    24
 Energy =       0.0701699422
c    -0.6578452    0.7665606    0.9901821  0.00    0.0000000    0.0000000    0.0000000
c    -0.8887455    1.9612449    0.3993720  0.00    0.0000000    0.0000000   -0.0000000
c    -0.1410714    2.3366501   -0.6722064  0.00    0.0000000    0.0000000   -0.0000000
c     0.3132838   -0.0569141    0.5206603  0.00    0.0000000   -0.0000000    0.0000000
c     1.0700380    0.3174894   -0.5471287  0.00    0.0000000   -0.0000000   -0.0000000
c     0.8328611    1.5185426   -1.1447348  0.00    0.0000000   -0.0000000   -0.0000000
o    -1.9001872    2.7798780    0.9111822  0.00    0.0000000    0.0000000    0.0000000
h    -2.0188929    3.6566799    0.4150459  0.00    0.0000000    0.0000000    0.0000000
h     1.4161355    1.8285636   -2.0100217  0.00    0.0000000   -0.0000000   -0.0000000
h     0.4786626   -1.0160504    1.0050525  0.00    0.0000000   -0.0000000    0.0000000
h    -1.2632162    0.4763331    1.8426698  0.00    0.0000000    0.0000000    0.0000000
h    -0.3235828    3.2899917   -1.1558222  0.00    0.0000000    0.0000000   -0.0000000
c     2.1343658   -0.6126018   -1.0893046  0.00   -0.0000000    0.0000000   -0.0000000
c     1.5504912   -1.6512795   -2.0646260  0.00    0.0000000    0.0000000    0.0000000
h     2.6349026   -1.1362745   -0.2456319  0.00    0.0000000   -0.0000000   -0.0000000
h     2.9359851   -0.0375473   -1.6084466  0.00   -0.0000000   -0.0000000   -0.0000000
c     0.9326353   -0.9851378   -3.2906938  0.00    0.0000010    0.0000002    0.0000007
o     1.6128970    0.0099604   -3.9813409  0.00    0.0000006    0.0000006   -0.0000001
o    -0.3269952   -1.3684593   -3.7298432  0.00   -0.0000005   -0.0000014   -0.0000013
h    -1.0249794   -0.9246355   -3.1515147  0.00   -0.0000012    0.0000005    0.0000008
n     2.6247540   -2.5875559   -2.4375809  0.00    0.0000000    0.0000000   -0.0000000
h     0.7299972   -2.2114310   -1.5576774  0.00   -0.0000000   -0.0000000    0.0000000
h     2.8153621   -3.2305885   -1.6338981  0.00   -0.0000000   -0.0000000    0.0000000
h     2.2982551   -3.1969254   -3.2279793  0.00   -0.0000000   -0.0000000   -0.0000000
    24
 Energy =       0.0701699422
c    -0.6578479    0.7665559    0.9901771  0.00    0.0000000   -0.0000000    0.0000000
c    -0.8887517    1.9612360    0.3993599  0.00    0.0000000    0.0000000   -0.0000000
c    -0.1410779    2.3366377   -0.6722200  0.00   -0.0000000    0.0000000   -0.0000000
c     0.3132844   -0.0569181    0.5206610  0.00    0.0000000   -0.0000000    0.0000000
c     1.0700385    0.3174820   -0.5471292  0.00    0.0000000   -0.0000000   -0.0000000
c     0.8328579    1.5185308   -1.1447427  0.00    0.0000000   -0.0000000   -0.0000000
o    -1.9001971    2.7798683    0.9111641  0.00   -0.0000000   -0.0000000    0.0000000
h    -2.0189057    3.6566669    0.4150223  0.00   -0.0000000    0.0000000   -0.0000000
h     1.4161315    1.8285480   -2.0100316  0.00    0.0000000   -0.0000000   -0.0000000
h     0.4786655   -1.0160513    1.0050585  0.00    0.0000000   -0.0000000    0.0000000
h    -1.2632190    0.4763311    1.8426656  0.00    0.0000000    0.0000000    0.0000000
h    -0.3235923    3.2899757   -1.1558416  0.00   -0.0000000    0.0000000   -0.0000000
c     2.1343681   -0.6126095   -1.0893009  0.00   -0.0000000    0.0000000   -0.0000000
c     1.5504969   -1.6512854   -2.0646258  0.00    0.0000000    0.0000000    0.0000000
h     2.6349015   -1.1362837   -0.2456270  0.00    0.0000000   -0.0000000    0.0000000
h     2.9359894   -0.0375547   -1.6084395  0.00    0.0000000   -0.0000000   -0.0000000
c     0.9326345   -0.9851375   -3.2906867  0.00    0.0000000    0.0000000    0.0000000
o     1.6129211    0.0099172   -3.9813706  0.00    0.0000000    0.0000000   -0.0000000
o    -0.3270350   -1.3683925   -3.7297787  0.00   -0.0000000   -0.0000000   -0.0000000
h    -1.0249688   -0.9245169   -3.1514306  0.00   -0.0000000    0.0000000    0.0000000
n     2.6247641   -2.5875533   -2.4375888  0.00    0.0000000   -0.0000000   -0.0000000
h     0.7300071   -2.2114443   -1.5576784  0.00    0.0000000   -0.0000000    0.0000000
h     2.8153767   -3.2305908   -1.6339110  0.00    0.0000000   -0.0000000    0.0000000
h     2.2982687   -3.1969183   -3.2279919  0.00   -0.0000000   -0.0000000   -0.0000000
