$ufftopology
nxtnei12
    1     3
          2     4    11
    2     3
          1     3     7
    3     3
          2     6    12
    4     3
          1     5    10
    5     3
          4     6    13
    6     3
          3     5     9
    7     2
          2     8
    8     1
          7
    9     1
          6
   10     2
          4    18
   11     1
          1
   12     1
          3
   13     4
          5    14    15    16
   14     4
         13    17    21    22
   15     1
         13
   16     1
         13
   17     3
         14    18    19
   18     2
         10    17
   19     2
         17    20
   20     1
         19
   21     3
         14    23    24
   22     1
         14
   23     1
         21
   24     1
         21
nxtnei13
    1     4
          3     7     5    10
    2     5
          4    11     6    12     8
    3     4
          1     7     5     9
    4     5
          2    11     6    13    18
    5     7
          1    10     3     9    14    15    16
    6     4
          2    12     4    13
    7     2
          1     3
    8     1
          2
    9     2
          3     5
   10     3
          1     5    17
   11     2
          2     4
   12     2
          2     6
   13     5
          4     6    17    21    22
   14     7
          5    15    16    18    19    23    24
   15     3
          5    14    16
   16     3
          5    14    15
   17     5
         13    21    22    10    20
   18     3
          4    14    19
   19     2
         14    18
   20     1
         17
   21     3
         13    17    22
   22     3
         13    17    21
   23     2
         14    24
   24     2
         14    23
nxtnei14
    1     5
          6    12     8    13    18
    2     3
          5    10     9
    3     4
          4    11     8    13
    4     7
          3     7     9    14    15    16    17
    5     7
          2    11    18    12    17    21    22
    6     6
          1     7    10    14    15    16
    7     4
          4    11     6    12
    8     2
          1     3
    9     4
          2    12     4    13
   10     6
          2    11     6    13    14    19
   11     4
          3     7     5    10
   12     4
          1     7     5     9
   13     8
          1    10     3     9    18    19    23    24
   14     4
          4     6    10    20
   15     5
          4     6    17    21    22
   16     5
          4     6    17    21    22
   17     6
          5    15    16    23    24     4
   18     6
          1     5    13    21    22    20
   19     4
         13    21    22    10
   20     2
         14    18
   21     5
          5    15    16    18    19
   22     7
          5    15    16    18    19    23    24
   23     3
         13    17    22
   24     3
         13    17    22
connectivity (= bond)
                    25
     1     2   2.557761   2.000000
     1     4   2.560432   2.000000
     1    11   2.049037   1.000000
     2     3   2.561813   2.000000
     2     7   2.628813   1.000000
     3     6   2.570110   2.000000
     3    12   2.050343   1.000000
     4     5   2.559924   2.000000
     4    10   2.227099   1.000000
     5     6   2.572875   2.000000
     5    13   2.878140   1.000000
     6     9   2.053774   1.000000
     7     8   1.916387   1.000000
    10    18   2.079720   1.000000
    13    14   2.953767   1.000000
    13    15   2.101974   1.000000
    13    16   2.102784   1.000000
    14    17   2.918875   1.000000
    14    21   2.783460   1.000000
    14    22   2.105328   1.000000
    17    18   2.638894   1.000000
    17    19   2.617819   1.000000
    19    20   1.909879   1.000000
    21    23   1.980388   1.000000
    21    24   1.977791   1.000000
angle
                    40
     1     2     3     2     120.01       1.00       4.00
     1     2     7     2     120.01       1.00       5.00
     1     4     5     2     121.14       2.00       8.00
     1     4    10     2     125.42       2.00       9.00
     2     1     4     2     119.55       1.00       2.00
     2     1    11     2     119.77       1.00       3.00
     2     3     6     2     120.22       4.00       6.00
     2     3    12     2     119.26       4.00       7.00
     2     7     8     9     110.69       5.00      13.00
     3     2     7     2     119.98       4.00       5.00
     3     6     5     2     120.00       6.00      10.00
     3     6     9     2     119.43       6.00      12.00
     4     1    11     2     120.68       2.00       3.00
     4     5     6     2     119.07       8.00      10.00
     4     5    13     2     119.38       8.00      11.00
     4    10    18     9     179.15       9.00      14.00
     5     4    10     2     113.42       8.00       9.00
     5     6     9     2     120.57      10.00      12.00
     5    13    14     9     113.99      11.00      15.00
     5    13    15     9     108.99      11.00      16.00
     5    13    16     9     108.68      11.00      17.00
     6     3    12     2     120.52       6.00       7.00
     6     5    13     2     121.47      10.00      11.00
    10    18    17     9     105.72      14.00      21.00
    13    14    17     9     113.78      15.00      18.00
    13    14    21     9     109.33      15.00      19.00
    13    14    22     9     108.94      15.00      20.00
    14    13    15     9     108.79      15.00      16.00
    14    13    16     9     109.36      15.00      17.00
    14    17    18     2     121.24      18.00      21.00
    14    17    19     2     120.98      18.00      22.00
    14    21    23     9     109.77      19.00      24.00
    14    21    24     9     110.57      19.00      25.00
    15    13    16     9     106.79      16.00      17.00
    17    14    21     9     111.49      18.00      19.00
    17    14    22     9     104.86      18.00      20.00
    17    19    20     9     108.65      22.00      23.00
    18    17    19     2     117.74      21.00      22.00
    21    14    22     9     108.19      19.00      20.00
    23    21    24     9     108.24      24.00      25.00
torsion
                    60
     4     1     2     3     1     3 359.60326178 119.54760979 120.01348300
     4     1     2     7     1     3 179.93963468 119.54760979 120.00921854
    11     1     2     3     1     3 179.34239650 119.76816962 120.01348300
    11     1     2     7     1     3 359.67876940 119.76816962 120.00921854
     2     1     4     5     2     3   0.92073368 119.54760979 121.14096325
     2     1     4    10     2     3 179.19947071 119.54760979 125.41966681
    11     1     4     5     2     3 181.18403897 120.68369914 121.14096325
    11     1     4    10     2     3 359.46277599 120.68369914 125.41966681
     1     2     3     6     4     3   0.26970505 120.01348300 120.21709828
     1     2     3    12     4     3 180.26764720 120.01348300 119.26096111
     7     2     3     6     4     3 179.93344320 119.97644375 120.21709828
     7     2     3    12     4     3 359.93138535 119.97644375 119.26096111
     1     2     7     8     5     3 270.55375393 120.00921854 110.68671448
     3     2     7     8     5     3  90.89000133 119.97644375 110.68671448
     2     3     6     5     6     3 359.34958945 120.21709828 119.99841650
     2     3     6     9     6     3 179.33841399 120.21709828 119.43255561
    12     3     6     5     6     3 179.35167350 120.52194058 119.99841650
    12     3     6     9     6     3 359.34049804 120.52194058 119.43255561
     1     4     5     6     8     3 358.70717809 121.14096325 119.07004749
     1     4     5    13     8     3 182.02456099 121.14096325 119.37641313
    10     4     5     6     8     3 180.23576899 113.41971729 119.07004749
    10     4     5    13     8     3   3.55315189 113.41971729 119.37641313
     1     4    10    18     9     9   6.11158294 125.41966681 179.15031162
     5     4    10    18     9     9 184.50612605 113.41971729 179.15031162
     4     5     6     3    10     3   1.14799628 119.07004749 119.99841650
     4     5     6     9    10     3 181.15930046 119.07004749 120.56902693
    13     5     6     3    10     3 177.75864741 121.46776631 119.99841650
    13     5     6     9    10     3 357.76995159 121.46776631 120.56902693
     4     5    13    14    11    22 318.21111796 119.37641313 113.99084613
     4     5    13    15    11    22 196.47401720 119.37641313 108.98899770
     4     5    13    16    11    22  80.45323080 119.37641313 108.67503675
     6     5    13    14    11    22 141.61063228 121.46776631 113.99084613
     6     5    13    15    11    22  19.87353153 121.46776631 108.98899770
     6     5    13    16    11    22 263.85274513 121.46776631 108.67503675
     4    10    18    17    14     9 188.20657507 179.15031162 105.71841168
     5    13    14    17    15     1  69.52551279 113.99084613 113.78212376
     5    13    14    21    15     1 194.89340686 113.99084613 109.32686162
     5    13    14    22    15     1 312.93530445 113.99084613 108.94302112
    15    13    14    17    15     1 191.37156080 108.79165605 113.78212376
    15    13    14    21    15     1 316.73945486 108.79165605 109.32686162
    15    13    14    22    15     1  74.78135246 108.79165605 108.94302112
    16    13    14    17    15     1 307.66229702 109.36329454 113.78212376
    16    13    14    21    15     1  73.03019108 109.36329454 109.32686162
    16    13    14    22    15     1 191.07208868 109.36329454 108.94302112
    13    14    17    18    18    22 309.16447093 113.78212376 121.24352863
    13    14    17    19    18    22 131.62897186 113.78212376 120.97757085
    21    14    17    18    18    22 184.95601755 111.49148075 121.24352863
    21    14    17    19    18    22   7.42051847 111.49148075 120.97757085
    22    14    17    18    18    22  68.11018852 104.86282069 121.24352863
    22    14    17    19    18    22 250.57468945 104.86282069 120.97757085
    13    14    21    23    19     1 298.02434311 109.32686162 109.77386865
    13    14    21    24    19     1  57.37679188 109.32686162 110.57033771
    17    14    21    23    19     1  64.70592209 111.49148075 109.77386865
    17    14    21    24    19     1 184.05837086 111.49148075 110.57033771
    22    14    21    23    19     1 179.51193220 108.18947825 109.77386865
    22    14    21    24    19     1 298.86438097 108.18947825 110.57033771
    14    17    18    10    21     3  11.58712066 121.24352863 105.71841168
    19    17    18    10    21     3 189.19990628 117.73500222 105.71841168
    14    17    19    20    22     3 177.78271417 120.97757085 108.64629077
    18    17    19    20    22     3   0.16324674 117.73500222 108.64629077
inversion
                     8
     1     2     4    11    11    11    11    0.226    0.227    0.229
     2     1     3     7    10    11    11   -0.291   -0.291   -0.291
     3     2     6    12    11    11    11    0.002    0.002    0.002
     4     1     5    10    11    11    11    1.403    1.473    1.308
     5     4     6    13    11    11    11   -2.890   -2.899   -2.962
     6     3     5     9    11    11    11    0.010    0.010    0.010
    17    14    18    19    10    10    11   -2.113   -2.107   -2.041
    21    14    23    24     9     9     9   54.691   55.107   53.955
nonbond
                   211
    1     6    5.135
    1     8    5.391
    1     9    7.188
    1    12    6.284
    1    13    7.080
    1    14    8.118
    1    15    8.520
    1    16    7.857
    1    17    7.969
    1    18    6.145
    1    19   10.423
    1    20   10.629
    1    21   10.860
    1    22    7.889
    1    23   11.580
    1    24   11.530
    2     5    5.146
    2     9    6.303
    2    10    6.516
    2    13    8.022
    2    14    9.619
    2    15    8.969
    2    16    8.873
    2    17   10.047
    2    18    8.526
    2    19   12.598
    2    20   12.986
    2    21   12.215
    2    22    9.291
    2    23   12.958
    2    24   12.529
    3     4    5.102
    3     8    5.412
    3    10    7.321
    3    11    6.290
    3    13    7.116
    3    14    9.218
    3    15    7.516
    3    16    8.047
    3    17   10.327
    3    18    9.398
    3    19   12.922
    3    20   13.644
    3    21   11.506
    3    22    8.988
    3    23   12.209
    3    24   11.465
    4     7    6.830
    4     8    7.681
    4     9    6.299
    4    12    7.152
    4    14    5.634
    4    15    6.375
    4    16    5.530
    4    17    5.642
    4    19    8.183
    4    20    8.659
    4    21    8.357
    4    22    5.717
    4    23    9.023
    4    24    9.129
    5     7    7.775
    5     8    8.646
    5    11    6.319
    5    12    6.320
    5    17    6.102
    5    18    5.832
    5    19    8.648
    5    20    9.594
    5    21    7.254
    5    22    5.182
    5    23    7.886
    5    24    7.578
    6     7    6.852
    6     8    7.715
    6    10    6.362
    6    11    7.184
    6    14    7.126
    6    15    4.962
    6    16    5.803
    6    17    8.655
    6    18    8.312
    6    19   11.189
    6    20   12.166
    6    21    9.177
    6    22    7.156
    6    23    9.814
    6    24    9.044
    7     9    8.494
    7    10    8.742
    7    11    4.915
    7    12    4.902
    7    13   10.651
    7    14   12.164
    7    15   11.552
    7    16   11.445
    7    17   12.407
    7    18   10.627
    7    19   14.901
    7    20   15.108
    7    21   14.797
    7    22   11.706
    7    23   15.568
    7    24   15.105
    8     9    9.279
    8    10    9.516
    8    11    5.623
    8    12    5.638
    8    13   11.459
    8    14   13.171
    8    15   12.432
    8    16   11.938
    8    17   13.237
    8    18   11.345
    8    19   15.659
    8    20   15.756
    8    21   15.787
    8    22   12.967
    8    23   16.357
    8    24   16.178
    9    10    8.027
    9    11    9.237
    9    12    4.621
    9    13    5.166
    9    14    7.744
    9    15    4.527
    9    16    6.122
    9    17    9.733
    9    18    9.837
    9    19   12.133
    9    20   13.321
    9    21    9.279
    9    22    7.877
    9    23    9.826
    9    24    8.758
   10    11    4.897
   10    12    9.371
   10    13    4.881
   10    14    4.763
   10    15    6.869
   10    16    5.464
   10    19    6.171
   10    20    6.476
   10    21    7.454
   10    22    5.107
   10    23    8.042
   10    24    8.646
   11    12    7.966
   11    13    8.711
   11    14    9.311
   11    15   10.319
   11    16    9.369
   11    17    8.588
   11    18    6.328
   11    19   10.810
   11    20   10.670
   11    21   12.090
   11    22    9.018
   11    23   12.807
   11    24   12.965
   12    13    8.775
   12    14   11.010
   12    15    8.822
   12    16    9.665
   12    17   12.308
   12    18   11.448
   12    19   14.900
   12    20   15.672
   12    21   13.134
   12    22   10.721
   12    23   13.831
   12    24   12.877
   13    18    5.892
   13    19    7.084
   13    20    8.437
   13    23    5.099
   13    24    5.049
   14    20    6.401
   15    17    6.681
   15    18    7.914
   15    19    8.623
   15    20   10.167
   15    21    4.896
   15    22    4.946
   15    23    5.389
   15    24    4.412
   16    17    5.282
   16    18    6.199
   16    19    7.054
   16    20    8.262
   16    21    5.357
   16    22    5.869
   16    23    4.962
   16    24    6.005
   17    23    5.194
   17    24    6.444
   18    20    4.487
   18    21    7.184
   18    22    5.396
   18    23    7.647
   18    24    8.731
   19    21    5.306
   19    22    5.943
   19    23    5.337
   19    24    7.269
   20    21    7.199
   20    22    7.365
   20    23    7.150
   20    24    9.156
   22    23    5.641
   22    24    4.578
qpartial
                    24
        -0.04345    0.23943   -0.08672   -0.10084    0.00197   -0.13017
        -0.69006    0.35019    0.12532    0.34050    0.17033    0.13924
        -0.28324   -0.00954    0.12618    0.14671    0.54543   -0.67293
        -0.60407    0.36019   -0.58599    0.17564    0.24026    0.24563
$end
