$coord                                                                          
   -1.80466899661037      5.19978011535276      2.21176524286224      c       
   -1.85494938785439      2.70855963838111      1.55970795839887      c       
    0.27056851001042      1.66251847703250      0.61523723658520      c       
    0.35738258953260      6.58127034093417      1.90793077479713      c       
    2.48238451059208      5.48160294292938      0.94987873836158      c       
    2.38997418035409      2.99608405665906      0.30921725392639      c       
    0.61063140715295     -0.88132269354953     -0.17005956026520      n       
    4.18881880707828      1.48418687234140     -0.65771658153404      c       
    3.19784644273455     -0.83578563293926     -0.96888414928765      c       
   -0.67889950291070     -2.37914281830393     -0.16192821246005      h       
    6.87990312536760      2.18750546257488     -1.33275826584550      c       
    7.28245053531126      2.34066425923407     -4.22734163587756      c       
    8.15654438369687      0.72277228845741     -0.52108354117301      h       
    7.45058489924267      4.00250104686765     -0.44491854266834      h       
   10.09133722597518      2.45538486581031     -4.83822746407546      c       
    5.82212834196238      4.45167612606243     -5.36027626353369      n       
    6.62680567667126      0.54336546904685     -5.10745079703451      h       
    4.85890300988020      5.50736573514094     -3.99724417201932      h       
    7.02517549573791      5.74875053057514     -6.25881653209123      h       
   -3.49064233178293      6.09066805342021      2.97658498159652      h       
   -3.55404394658076      1.58489187342923      1.78901210824857      h       
    0.38420040110935      8.56779787205467      2.43288877117688      h       
    4.18986470150776      6.59213321604164      0.71544638196242      h       
    4.20803324834704     -2.45932791219207     -1.72446475708183      h       
   11.39887905096938      0.24782788181800     -5.39633419944896      o       
   11.40036210608310      4.72966056020564     -4.72218172399128      o       
   13.23930406548151      4.40329406741845     -5.13507850576709      h       
$end                                                                            
