$coord                                                                          
    0.91881951890625      4.84858687793381     -2.45549892336530      c       
   -0.30353530445207      5.12988814484175     -0.22862333998520      c       
   -0.23056774498667      3.23754372688868      1.50770692395026      c       
    2.21661264295518      2.69569666368269     -2.96339323450063      c       
    2.31033038636496      0.80212306198604     -1.22396848822517      c       
    1.06569676165969      1.08088195755554      1.01065699978592      c       
   -1.62226283720684      7.37531138466853      0.22279403096269      o       
   -2.48734319581998      7.44938585050402      1.93114956351901      h       
    1.08854399896299     -0.43040384245250      2.40375092086147      h       
    3.17537750250163      2.50084002892531     -4.76951478033258      h       
    0.84049277996883      6.36826998063710     -3.82909014588093      h       
   -1.21581754811173      3.44287883389078      3.29232021284011      h       
    3.72001631776642     -1.61872377725295     -1.80106471757503      c       
    2.00256525347014     -3.57809484388244     -3.08986640287400      c       
    4.49774497638472     -2.44588091245145     -0.02765651533752      h       
    5.37806434432094     -1.19122864680037     -3.02420127751148      h       
    3.59285168106982     -5.78134912231840     -4.09549811526361      c       
    4.71440338780192     -7.44486980033438     -2.40084617408813      o       
    4.02725487362718     -6.12221862073318     -6.67458270340091      o       
    3.15341466125711     -4.81141895713023     -7.74791503227473      h       
    0.06079896916190     -4.39084536305494     -1.25244565853618      n       
    1.06901861235385     -2.66026454448270     -4.73983875360005      h       
   -1.73212380726976     -3.87042608175828     -1.90887460494421      h       
    0.03465320371829     -6.36172551463992     -1.03051274590713      h       
$end                                                                            
