$ufftopology
nxtnei12
    1     3
          2     4    11
    2     3
          1     3     7
    3     3
          2     6    12
    4     3
          1     5    10
    5     3
          4     6    13
    6     3
          3     5     9
    7     2
          2     8
    8     1
          7
    9     1
          6
   10     1
          4
   11     1
          1
   12     1
          3
   13     4
          5    14    15    16
   14     4
         13    17    21    22
   15     1
         13
   16     1
         13
   17     3
         14    18    19
   18     1
         17
   19     2
         17    20
   20     1
         19
   21     3
         14    23    24
   22     1
         14
   23     1
         21
   24     1
         21
nxtnei13
    1     4
          3     7     5    10
    2     5
          4    11     6    12     8
    3     4
          1     7     5     9
    4     4
          2    11     6    13
    5     7
          1    10     3     9    14    15    16
    6     4
          2    12     4    13
    7     2
          1     3
    8     1
          2
    9     2
          3     5
   10     2
          1     5
   11     2
          2     4
   12     2
          2     6
   13     5
          4     6    17    21    22
   14     7
          5    15    16    18    19    23    24
   15     3
          5    14    16
   16     3
          5    14    15
   17     4
         13    21    22    20
   18     2
         14    19
   19     2
         14    18
   20     1
         17
   21     3
         13    17    22
   22     3
         13    17    21
   23     2
         14    24
   24     2
         14    23
nxtnei14
    1     4
          6    12     8    13
    2     3
          5    10     9
    3     4
          4    11     8    13
    4     6
          3     7     9    14    15    16
    5     6
          2    11    12    17    21    22
    6     6
          1     7    10    14    15    16
    7     4
          4    11     6    12
    8     2
          1     3
    9     4
          2    12     4    13
   10     4
          2    11     6    13
   11     4
          3     7     5    10
   12     4
          1     7     5     9
   13     8
          1    10     3     9    18    19    23    24
   14     3
          4     6    20
   15     5
          4     6    17    21    22
   16     5
          4     6    17    21    22
   17     5
          5    15    16    23    24
   18     4
         13    21    22    20
   19     3
         13    21    22
   20     2
         14    18
   21     5
          5    15    16    18    19
   22     7
          5    15    16    18    19    23    24
   23     3
         13    17    22
   24     3
         13    17    22
connectivity (= bond)
                    24
     1     2   2.555409   2.000000
     1     4   2.564828   2.000000
     1    11   2.050359   1.000000
     2     3   2.568424   2.000000
     2     7   2.642255   1.000000
     3     6   2.564821   2.000000
     3    12   2.049003   1.000000
     4     5   2.573724   2.000000
     4    10   2.053565   1.000000
     5     6   2.574637   2.000000
     5    13   2.865279   1.000000
     6     9   2.054803   1.000000
     7     8   1.916380   1.000000
    13    14   2.927175   1.000000
    13    15   2.105143   1.000000
    13    16   2.101972   1.000000
    14    17   2.876005   1.000000
    14    21   2.787927   1.000000
    14    22   2.104949   1.000000
    17    18   2.631030   1.000000
    17    19   2.626791   1.000000
    19    20   1.912418   1.000000
    21    23   1.982059   1.000000
    21    24   1.977657   1.000000
angle
                    38
     1     2     3     2     119.62       1.00       4.00
     1     2     7     2     118.75       1.00       5.00
     1     4     5     2     120.20       2.00       8.00
     1     4    10     2     119.27       2.00       9.00
     2     1     4     2     120.47       1.00       2.00
     2     1    11     2     118.91       1.00       3.00
     2     3     6     2     120.18       4.00       6.00
     2     3    12     2     120.07       4.00       7.00
     2     7     8     9     114.21       5.00      13.00
     3     2     7     2     121.63       4.00       5.00
     3     6     5     2     120.31       6.00      10.00
     3     6     9     2     119.30       6.00      12.00
     4     1    11     2     120.62       2.00       3.00
     4     5     6     2     119.22       8.00      10.00
     4     5    13     2     120.30       8.00      11.00
     5     4    10     2     120.53       8.00       9.00
     5     6     9     2     120.39      10.00      12.00
     5    13    14     9     113.44      11.00      14.00
     5    13    15     9     109.46      11.00      15.00
     5    13    16     9     110.04      11.00      16.00
     6     3    12     2     119.74       6.00       7.00
     6     5    13     2     120.48      10.00      11.00
    13    14    17     9     112.18      14.00      17.00
    13    14    21     9     111.32      14.00      18.00
    13    14    22     9     107.74      14.00      19.00
    14    13    15     9     109.20      14.00      15.00
    14    13    16     9     108.97      14.00      16.00
    14    17    18     2     121.29      17.00      20.00
    14    17    19     2     119.40      17.00      21.00
    14    21    23     9     110.19      18.00      23.00
    14    21    24     9     110.33      18.00      24.00
    15    13    16     9     105.42      15.00      16.00
    17    14    21     9     112.72      17.00      18.00
    17    14    22     9     104.47      17.00      19.00
    17    19    20     9     108.99      21.00      22.00
    18    17    19     2     119.07      20.00      21.00
    21    14    22     9     107.96      18.00      19.00
    23    21    24     9     107.90      23.00      24.00
torsion
                    55
     4     1     2     3     1     3   0.01515500 120.46964033 119.61633645
     4     1     2     7     1     3 179.97623537 120.46964033 118.75265556
    11     1     2     3     1     3 179.78607071 118.90869312 119.61633645
    11     1     2     7     1     3 359.74715108 118.90869312 118.75265556
     2     1     4     5     2     3 359.82319356 120.46964033 120.20469874
     2     1     4    10     2     3 179.55650395 120.46964033 119.26819583
    11     1     4     5     2     3 180.05622787 120.62126502 120.20469874
    11     1     4    10     2     3 359.78953826 120.62126502 119.26819583
     1     2     3     6     4     3   0.15694596 119.61633645 120.18461317
     1     2     3    12     4     3 180.42432968 119.61633645 120.07189083
     7     2     3     6     4     3 180.19702029 121.63099615 120.18461317
     7     2     3    12     4     3   0.46440401 121.63099615 120.07189083
     1     2     7     8     5     3 178.56292116 118.75265556 114.20937089
     3     2     7     8     5     3 358.52318282 121.63099615 114.20937089
     2     3     6     5     6     3 359.83180012 120.18461317 120.30834954
     2     3     6     9     6     3 180.49910338 120.18461317 119.30057221
    12     3     6     5     6     3 179.56529790 119.74295847 120.30834954
    12     3     6     9     6     3   0.23260116 119.74295847 119.30057221
     1     4     5     6     8     3   0.16455962 120.20469874 119.21594149
     1     4     5    13     8     3 179.43529137 120.20469874 120.29606592
    10     4     5     6     8     3 180.43463847 120.52656221 119.21594149
    10     4     5    13     8     3 359.70537023 120.52656221 120.29606592
     4     5     6     3    10     3   0.00706941 119.21594149 120.30834954
     4     5     6     9    10     3 179.33246173 119.21594149 120.38768671
    13     5     6     3    10     3 180.73774144 120.48393406 120.30834954
    13     5     6     9    10     3   0.06313376 120.48393406 120.38768671
     4     5    13    14    11    22 263.93834014 120.29606592 113.44325253
     4     5    13    15    11    22 141.71080054 120.29606592 109.45758412
     4     5    13    16    11    22  26.30168165 120.29606592 110.04311168
     6     5    13    14    11    22  83.19975012 120.48393406 113.44325253
     6     5    13    15    11    22 320.97221053 120.48393406 109.45758412
     6     5    13    16    11    22 205.56309164 120.48393406 110.04311168
     5    13    14    17    14     1 293.01677203 113.44325253 112.18002965
     5    13    14    21    14     1  60.38021757 113.44325253 111.32395525
     5    13    14    22    14     1 178.57575667 113.44325253 107.74303067
    15    13    14    17    14     1  55.38959106 109.19571400 112.18002965
    15    13    14    21    14     1 182.75303660 109.19571400 111.32395525
    15    13    14    22    14     1 300.94857569 109.19571400 107.74303067
    16    13    14    17    14     1 170.05823592 108.96598272 112.18002965
    16    13    14    21    14     1 297.42168145 108.96598272 111.32395525
    16    13    14    22    14     1  55.61722055 108.96598272 107.74303067
    13    14    17    18    17    22  90.65950226 112.18002965 121.29483369
    13    14    17    19    17    22 276.22288083 112.18002965 119.40426450
    21    14    17    18    17    22 324.04504626 112.71879643 121.29483369
    21    14    17    19    17    22 149.60842483 112.71879643 119.40426450
    22    14    17    18    17    22 207.08835413 104.46960225 121.29483369
    22    14    17    19    17    22  32.65173270 104.46960225 119.40426450
    13    14    21    23    18     1 290.52219883 111.32395525 110.18897803
    13    14    21    24    18     1  49.56177566 111.32395525 110.32628504
    17    14    21    23    18     1  57.59254793 112.71879643 110.18897803
    17    14    21    24    18     1 176.63212477 112.71879643 110.32628504
    22    14    21    23    18     1 172.45837839 107.96167320 110.18897803
    22    14    21    24    18     1 291.49795523 107.96167320 110.32628504
    14    17    19    20    21     3 180.51580058 119.40426450 108.99149541
    18    17    19    20    21     3   5.95458514 119.07077370 108.99149541
inversion
                     8
     1     2     4    11    11    11    11    0.201    0.197    0.201
     2     1     3     7    10    11    11    0.034    0.034    0.035
     3     2     6    12    11    11    11   -0.231   -0.231   -0.230
     4     1     5    10    11    11    11    0.233    0.230    0.233
     5     4     6    13    11    11    11    0.630    0.636    0.638
     6     3     5     9    11    11    11   -0.582   -0.576   -0.582
    17    14    18    19    10    10    11   -4.845   -4.752   -4.736
    21    14    23    24     9     9     9   55.069   55.142   53.960
nonbond
                   214
    1     6    5.121
    1     8    6.131
    1     9    7.175
    1    12    6.290
    1    13    7.085
    1    14    8.693
    1    15    8.428
    1    16    7.516
    1    17    9.725
    1    18    9.256
    1    19   11.849
    1    20   12.702
    1    21    8.337
    1    22   10.565
    1    23    7.059
    1    24    8.270
    2     5    5.155
    2     9    6.303
    2    10    6.294
    2    13    8.021
    2    14    9.556
    2    15    8.954
    2    16    8.964
    2    17    9.874
    2    18    9.004
    2    19   11.768
    2    20   12.286
    2    21    9.611
    2    22   11.537
    2    23    8.188
    2    24    9.987
    3     4    5.125
    3     8    4.796
    3    10    7.179
    3    11    6.278
    3    13    7.090
    3    14    8.542
    3    15    7.576
    3    16    8.504
    3    17    8.305
    3    18    7.488
    3    19    9.847
    3    20   10.200
    3    21    9.236
    3    22   10.474
    3    23    8.016
    3    24    9.983
    4     7    6.840
    4     8    8.286
    4     9    6.314
    4    12    7.174
    4    14    6.465
    4    15    6.282
    4    16    4.982
    4    17    7.973
    4    18    8.104
    4    19   10.068
    4    20   11.201
    4    21    6.305
    4    22    8.192
    4    23    5.477
    4    24    6.091
    5     7    7.797
    5     8    8.786
    5    11    6.321
    5    12    6.311
    5    17    5.923
    5    18    6.387
    5    19    7.736
    5    20    8.865
    5    21    5.720
    5    22    6.606
    5    23    5.226
    5    24    6.085
    6     7    6.888
    6     8    7.349
    6    10    6.315
    6    11    7.171
    6    14    6.261
    6    15    5.076
    6    16    6.376
    6    17    6.158
    6    18    6.003
    6    19    7.605
    6    20    8.247
    6    21    7.459
    6    22    8.073
    6    23    6.671
    6    24    8.275
    7     9    8.540
    7    10    8.465
    7    11    4.846
    7    12    5.004
    7    13   10.662
    7    14   12.114
    7    15   11.555
    7    16   11.544
    7    17   12.268
    7    18   11.082
    7    19   14.145
    7    20   14.475
    7    21   11.972
    7    22   14.128
    7    23   10.384
    7    24   12.329
    8     9    8.659
    8    10   10.070
    8    11    6.738
    8    12    4.416
    8    13   11.613
    8    14   12.982
    8    15   12.274
    8    16   12.723
    8    17   12.742
    8    18   11.376
    8    19   14.410
    8    20   14.512
    8    21   13.070
    8    22   15.006
    8    23   11.469
    8    24   13.642
    9    10    8.029
    9    11    9.226
    9    12    4.587
    9    13    5.115
    9    14    6.291
    9    15    4.760
    9    16    7.032
    9    17    5.478
    9    18    5.548
    9    19    6.291
    9    20    6.734
    9    21    8.063
    9    22    7.851
    9    23    7.562
    9    24    9.140
   10    11    4.613
   10    12    9.228
   10    13    5.111
   10    14    6.662
   10    15    6.891
   10    16    4.568
   10    17    8.746
   10    18    9.190
   10    19   10.882
   10    20   12.219
   10    21    6.035
   10    22    8.077
   10    23    5.572
   10    24    5.189
   11    12    7.967
   11    13    8.735
   11    14   10.253
   11    15   10.203
   11    16    8.825
   11    17   11.495
   11    18   10.968
   11    19   13.725
   11    20   14.613
   11    21    9.489
   11    22   12.054
   11    23    8.176
   11    24    9.133
   12    13    8.723
   12    14    9.998
   12    15    8.900
   12    16   10.293
   12    17    9.254
   12    18    8.169
   12    19   10.473
   12    20   10.484
   12    21   10.864
   12    22   11.885
   12    23    9.617
   12    24   11.799
   13    18    6.414
   13    19    6.247
   13    20    7.824
   13    23    5.284
   13    24    4.992
   14    20    6.351
   15    17    5.212
   15    18    7.098
   15    19    5.744
   15    20    7.312
   15    21    6.517
   15    22    4.693
   15    23    7.171
   15    24    6.923
   16    17    6.597
   16    18    8.287
   16    19    7.949
   16    20    9.664
   16    21    5.227
   16    22    4.642
   16    23    6.085
   16    24    4.672
   17    23    5.120
   17    24    6.429
   18    20    4.559
   18    21    5.532
   18    22    6.333
   18    23    4.994
   18    24    7.423
   19    21    7.035
   19    22    4.853
   19    23    7.708
   19    24    8.579
   20    21    8.349
   20    22    6.665
   20    23    8.720
   20    24   10.062
   22    23    5.643
   22    24    4.662
qpartial
                    24
        -0.05334    0.24158   -0.09108   -0.14419    0.05136   -0.07987
        -0.69019    0.35558    0.15007    0.12052    0.15583    0.13982
        -0.23059   -0.03218    0.16840    0.10997    0.58810   -0.43905
        -0.68233    0.33427   -0.63155    0.15294    0.25478    0.25116
$end
