$ufftopology
nxtnei12
    1     3
          2     4    11
    2     3
          1     3     7
    3     3
          2     6    12
    4     3
          1     5    10
    5     3
          4     6    13
    6     3
          3     5     9
    7     2
          2     8
    8     1
          7
    9     1
          6
   10     1
          4
   11     1
          1
   12     1
          3
   13     4
          5    14    15    16
   14     4
         13    17    21    22
   15     1
         13
   16     1
         13
   17     3
         14    18    19
   18     1
         17
   19     2
         17    20
   20     1
         19
   21     3
         14    23    24
   22     1
         14
   23     1
         21
   24     1
         21
nxtnei13
    1     4
          3     7     5    10
    2     5
          4    11     6    12     8
    3     4
          1     7     5     9
    4     4
          2    11     6    13
    5     7
          1    10     3     9    14    15    16
    6     4
          2    12     4    13
    7     2
          1     3
    8     1
          2
    9     2
          3     5
   10     2
          1     5
   11     2
          2     4
   12     2
          2     6
   13     5
          4     6    17    21    22
   14     7
          5    15    16    18    19    23    24
   15     3
          5    14    16
   16     3
          5    14    15
   17     4
         13    21    22    20
   18     2
         14    19
   19     2
         14    18
   20     1
         17
   21     3
         13    17    22
   22     3
         13    17    21
   23     2
         14    24
   24     2
         14    23
nxtnei14
    1     4
          6    12     8    13
    2     3
          5    10     9
    3     4
          4    11     8    13
    4     6
          3     7     9    14    15    16
    5     6
          2    11    12    17    21    22
    6     6
          1     7    10    14    15    16
    7     4
          4    11     6    12
    8     2
          1     3
    9     4
          2    12     4    13
   10     4
          2    11     6    13
   11     4
          3     7     5    10
   12     4
          1     7     5     9
   13     8
          1    10     3     9    18    19    23    24
   14     3
          4     6    20
   15     5
          4     6    17    21    22
   16     5
          4     6    17    21    22
   17     5
          5    15    16    23    24
   18     4
         13    21    22    20
   19     3
         13    21    22
   20     2
         14    18
   21     5
          5    15    16    18    19
   22     7
          5    15    16    18    19    23    24
   23     3
         13    17    22
   24     3
         13    17    22
connectivity (= bond)
                    24
     1     2   2.556770   2.000000
     1     4   2.565523   2.000000
     1    11   2.049804   1.000000
     2     3   2.556648   2.000000
     2     7   2.628862   1.000000
     3     6   2.565354   2.000000
     3    12   2.050428   1.000000
     4     5   2.574347   2.000000
     4    10   2.055754   1.000000
     5     6   2.574110   2.000000
     5    13   2.858384   1.000000
     6     9   2.055011   1.000000
     7     8   1.916239   1.000000
    13    14   2.914989   1.000000
    13    15   2.104850   1.000000
    13    16   2.104412   1.000000
    14    17   2.878361   1.000000
    14    21   2.788005   1.000000
    14    22   2.108244   1.000000
    17    18   2.630321   1.000000
    17    19   2.623966   1.000000
    19    20   1.913040   1.000000
    21    23   1.978213   1.000000
    21    24   1.985354   1.000000
angle
                    38
     1     2     3     2     120.03       1.00       4.00
     1     2     7     2     119.99       1.00       5.00
     1     4     5     2     120.14       2.00       8.00
     1     4    10     2     119.54       2.00       9.00
     2     1     4     2     120.16       1.00       2.00
     2     1    11     2     119.17       1.00       3.00
     2     3     6     2     120.16       4.00       6.00
     2     3    12     2     119.29       4.00       7.00
     2     7     8     9     110.66       5.00      13.00
     3     2     7     2     119.98       4.00       5.00
     3     6     5     2     120.14       6.00      10.00
     3     6     9     2     119.37       6.00      12.00
     4     1    11     2     120.68       2.00       3.00
     4     5     6     2     119.37       8.00      10.00
     4     5    13     2     120.39       8.00      11.00
     5     4    10     2     120.32       8.00       9.00
     5     6     9     2     120.48      10.00      12.00
     5    13    14     9     112.10      11.00      14.00
     5    13    15     9     110.73      11.00      15.00
     5    13    16     9     109.22      11.00      16.00
     6     3    12     2     120.55       6.00       7.00
     6     5    13     2     120.22      10.00      11.00
    13    14    17     9     111.32      14.00      17.00
    13    14    21     9     109.15      14.00      18.00
    13    14    22     9     109.45      14.00      19.00
    14    13    15     9     108.83      14.00      15.00
    14    13    16     9     109.94      14.00      16.00
    14    17    18     2     121.36      17.00      20.00
    14    17    19     2     119.45      17.00      21.00
    14    21    23     9     108.76      18.00      23.00
    14    21    24     9     108.95      18.00      24.00
    15    13    16     9     105.82      15.00      16.00
    17    14    21     9     111.48      17.00      18.00
    17    14    22     9     105.28      17.00      19.00
    17    19    20     9     108.80      21.00      22.00
    18    17    19     2     119.19      20.00      21.00
    21    14    22     9     110.10      18.00      19.00
    23    21    24     9     105.17      23.00      24.00
torsion
                    55
     4     1     2     3     1     3   0.47081707 120.15687605 120.02807751
     4     1     2     7     1     3 179.88702378 120.15687605 119.98792264
    11     1     2     3     1     3 181.00490017 119.16586761 120.02807751
    11     1     2     7     1     3   0.42110688 119.16586761 119.98792264
     2     1     4     5     2     3   0.11515224 120.15687605 120.13690864
     2     1     4    10     2     3 180.82369775 120.15687605 119.53857232
    11     1     4     5     2     3 179.57291041 120.67507113 120.13690864
    11     1     4    10     2     3   0.28145592 120.67507113 119.53857232
     1     2     3     6     4     3 359.53668387 120.02807751 120.15949600
     1     2     3    12     4     3 179.16383761 120.02807751 119.29237079
     7     2     3     6     4     3 180.12043895 119.98142503 120.15949600
     7     2     3    12     4     3 359.74759270 119.98142503 119.29237079
     1     2     7     8     5     3  89.04495601 119.98792264 110.66435481
     3     2     7     8     5     3 268.46143717 119.98142503 110.66435481
     2     3     6     5     6     3 359.86977628 120.15949600 120.14331348
     2     3     6     9     6     3 179.65313314 120.15949600 119.37297465
    12     3     6     5     6     3 180.24735132 120.54707100 120.14331348
    12     3     6     9     6     3   0.03070817 120.54707100 119.37297465
     1     4     5     6     8     3 359.29822262 120.13690864 119.36988992
     1     4     5    13     8     3 180.99914465 120.13690864 120.39023617
    10     4     5     6     8     3 178.58408638 120.32070022 119.36988992
    10     4     5    13     8     3   0.28500841 120.32070022 120.39023617
     4     5     6     3    10     3   0.70930913 119.36988992 120.14331348
     4     5     6     9    10     3 180.92838291 119.36988992 120.48335371
    13     5     6     3    10     3 179.01137528 120.21790935 120.14331348
    13     5     6     9    10     3 359.23044906 120.21790935 120.48335371
     4     5    13    14    11    22  95.03860857 120.39023617 112.10398061
     4     5    13    15    11    22 333.28291030 120.39023617 110.73305240
     4     5    13    16    11    22 217.13917385 120.39023617 109.21705103
     6     5    13    14    11    22 276.75401074 120.21790935 112.10398061
     6     5    13    15    11    22 154.99831247 120.21790935 110.73305240
     6     5    13    16    11    22  38.85457603 120.21790935 109.21705103
     5    13    14    17    14     1 169.11931303 112.10398061 111.32041272
     5    13    14    21    14     1 292.60113667 112.10398061 109.14994191
     5    13    14    22    14     1  53.15507108 112.10398061 109.44734131
    15    13    14    17    14     1 291.95578113 108.83398702 111.32041272
    15    13    14    21    14     1  55.43760477 108.83398702 109.14994191
    15    13    14    22    14     1 175.99153918 108.83398702 109.44734131
    16    13    14    17    14     1  47.43282996 109.94151872 111.32041272
    16    13    14    21    14     1 170.91465361 109.94151872 109.14994191
    16    13    14    22    14     1 291.46858801 109.94151872 109.44734131
    13    14    17    18    17    22  17.89772075 111.32041272 121.35755878
    13    14    17    19    17    22 197.20121071 111.32041272 119.45263262
    21    14    17    18    17    22 255.75508891 111.48195253 121.35755878
    21    14    17    19    17    22  75.05857887 111.48195253 119.45263262
    22    14    17    18    17    22 136.39509641 105.27945251 121.35755878
    22    14    17    19    17    22 315.69858637 105.27945251 119.45263262
    13    14    21    23    18     1  77.01290324 109.14994191 108.75821219
    13    14    21    24    18     1 191.13848993 109.14994191 108.94868939
    17    14    21    23    18     1 200.39883469 111.48195253 108.75821219
    17    14    21    24    18     1 314.52442138 111.48195253 108.94868939
    22    14    21    23    18     1 316.85746280 110.09654874 108.75821219
    22    14    21    24    18     1  70.98304949 110.09654874 108.94868939
    14    17    19    20    21     3 180.89663754 119.45263262 108.79686230
    18    17    19    20    21     3   0.21536860 119.18620284 108.79686230
inversion
                     8
     1     2     4    11    11    11    11   -0.466   -0.462   -0.469
     2     1     3     7    10    11    11    0.506    0.505    0.505
     3     2     6    12    11    11    11    0.325    0.322    0.326
     4     1     5    10    11    11    11   -0.616   -0.613   -0.618
     5     4     6    13    11    11    11   -1.467   -1.482   -1.480
     6     3     5     9    11    11    11    0.189    0.187    0.189
    17    14    18    19    10    10    11    0.606    0.595    0.593
    21    14    23    24     9     9     9   59.677   59.789   57.870
nonbond
                   214
    1     6    5.125
    1     8    5.384
    1     9    7.180
    1    12    6.280
    1    13    7.080
    1    14    8.615
    1    15    7.541
    1    16    8.424
    1    17   11.355
    1    18   12.339
    1    19   13.337
    1    20   14.959
    1    21    8.306
    1    22    8.877
    1    23    7.079
    1    24   10.091
    2     5    5.142
    2     9    6.294
    2    10    6.297
    2    13    8.001
    2    14    9.466
    2    15    8.974
    2    16    8.927
    2    17   12.220
    2    18   13.364
    2    19   14.036
    2    20   15.711
    2    21    9.645
    2    22    9.194
    2    23    8.304
    2    24   11.329
    3     4    5.125
    3     8    5.416
    3    10    7.181
    3    11    6.277
    3    13    7.077
    3    14    8.468
    3    15    8.515
    3    16    7.552
    3    17   11.043
    3    18   12.239
    3    19   12.740
    3    20   14.372
    3    21    9.317
    3    22    7.828
    3    23    8.201
    3    24   10.925
    4     7    6.843
    4     8    7.690
    4     9    6.318
    4    12    7.175
    4    14    6.397
    4    15    5.006
    4    16    6.283
    4    17    9.006
    4    18    9.845
    4    19   11.140
    4    20   12.665
    4    21    6.230
    4    22    7.066
    4    23    5.450
    4    24    8.150
    5     7    7.771
    5     8    8.637
    5    11    6.322
    5    12    6.320
    5    17    7.316
    5    18    8.232
    5    19    9.447
    5    20   10.947
    5    21    5.714
    5    22    5.164
    5    23    5.308
    5    24    7.585
    6     7    6.843
    6     8    7.712
    6    10    6.317
    6    11    7.175
    6    14    6.197
    6    15    6.384
    6    16    5.050
    6    17    8.608
    6    18    9.719
    6    19   10.416
    6    20   11.963
    6    21    7.528
    6    22    5.688
    6    23    6.849
    6    24    9.166
    7     9    8.485
    7    10    8.489
    7    11    4.894
    7    12    4.898
    7    13   10.629
    7    14   12.005
    7    15   11.555
    7    16   11.507
    7    17   14.790
    7    18   15.991
    7    19   16.507
    7    20   18.226
    7    21   12.012
    7    22   11.598
    7    23   10.498
    7    24   13.600
    8     9    9.285
    8    10    9.259
    8    11    5.594
    8    12    5.652
    8    13   11.455
    8    14   13.172
    8    15   12.232
    8    16   12.140
    8    17   15.871
    8    18   16.828
    8    19   17.748
    8    20   19.390
    8    21   13.338
    8    22   12.890
    8    23   11.964
    8    24   15.035
    9    10    8.030
    9    11    9.229
    9    12    4.616
    9    13    5.103
    9    14    6.247
    9    15    7.033
    9    16    4.727
    9    17    8.199
    9    18    9.305
    9    19    9.786
    9    20   11.223
    9    21    8.167
    9    22    5.346
    9    23    7.776
    9    24    9.582
   10    11    4.625
   10    12    9.231
   10    13    5.105
   10    14    6.590
   10    15    4.590
   10    16    6.896
   10    17    8.929
   10    18    9.535
   10    19   11.122
   10    20   12.527
   10    21    5.852
   10    22    7.758
   10    23    5.404
   10    24    7.733
   11    12    7.951
   11    13    8.733
   11    14   10.170
   11    15    8.856
   11    16   10.206
   11    17   12.880
   11    18   13.805
   11    19   14.851
   11    20   16.465
   11    21    9.422
   11    22   10.589
   11    23    8.133
   11    24   11.126
   12    13    8.727
   12    14    9.945
   12    15   10.318
   12    16    8.895
   12    17   12.382
   12    18   13.641
   12    19   13.879
   12    20   15.496
   12    21   10.989
   12    22    8.983
   12    23    9.846
   12    24   12.461
   13    18    5.383
   13    19    7.196
   13    20    8.467
   13    23    5.288
   13    24    6.365
   14    20    6.349
   15    17    5.358
   15    18    5.211
   15    19    7.931
   15    20    8.947
   15    21    5.028
   15    22    5.855
   15    23    5.975
   15    24    6.757
   16    17    5.082
   16    18    5.127
   16    19    7.433
   16    20    8.431
   16    21    6.467
   16    22    4.876
   16    23    7.206
   16    24    7.958
   17    23    6.336
   17    24    4.876
   18    20    4.549
   18    21    6.511
   18    22    6.234
   18    23    8.276
   18    24    6.968
   19    21    5.985
   19    22    5.002
   19    23    7.485
   19    24    5.285
   20    21    7.597
   20    22    6.778
   20    23    9.240
   20    24    6.868
   22    23    4.385
   22    24    4.723
qpartial
                    24
        -0.05609    0.24479   -0.08535   -0.12463   -0.01133   -0.13217
        -0.69039    0.35215    0.13133    0.16885    0.15461    0.13889
        -0.21166   -0.02466    0.18044    0.15668    0.53286   -0.46432
        -0.70237    0.35518   -0.63255    0.14277    0.23800    0.33898
$end
