$coord                                                                          
   -1.45752806009575      2.37560854463072      1.46565886523866      c       
   -0.83642208914503      4.66346801637143      0.47565407957447      c       
    1.20129473588051      4.86614577847245     -1.05267491236006      c       
   -0.03175833588463      0.30981394027278      0.93646887834157      c       
    2.02763097916993      0.51250276387752     -0.59502836840967      c       
    2.62572814717250      2.80512832056526     -1.59889908312256      c       
   -2.25648420780502      6.83172775466643      0.99459454939710      o       
   -3.79158366183363      6.52838095267173      2.09976249452047      h       
    4.23325254244329      2.99743821217706     -2.86298399710165      h       
   -0.57099917676625     -1.51562248933364      1.71284895848219      h       
   -3.10438246329382      2.19626143004312      2.66986958833399      h       
    1.67087610297923      6.69563837701712     -1.85068891843042      h       
    3.59520691865044     -1.80107191217038     -1.23504570007566      c       
    2.53644396436467     -3.26891677807514     -3.51431284552310      c       
    3.71513335008005     -3.06830908178244      0.43830876368916      h       
    5.57023463401358     -1.22375698111008     -1.66666265778261      h       
   -0.07491590962793     -4.38670925098580     -2.92136346666934      c       
   -2.26279492799771     -3.08542165709776     -3.57042207288571      o       
   -0.31558854237590     -6.62763592958066     -1.55222015726275      o       
    1.37323637380143     -7.42715593962241     -1.17087734340545      h       
    2.58661987942149     -1.60005982555777     -5.75431828160455      n       
    3.81293472524358     -4.90789495733114     -3.85948128668267      h       
    3.96236960877889     -2.23112508811739     -7.02759204390131      h       
    0.86070311736166     -1.63585139651686     -6.72931821156710      h       
$end                                                                            
