    24
 Energy =       0.2009687568
c     1.6703672    2.6182922    0.2614132  0.00    0.0363093    0.0883914    0.0346394
c     0.3248649    2.9356558    0.1418766  0.00   -0.0037956    0.1044244    0.0333877
c    -0.5827484    1.9945952   -0.3219261  0.00   -0.0877409    0.0360249   -0.0016872
c     2.1038063    1.3347474   -0.0833024  0.00    0.0664652   -0.0129113    0.0077816
c     1.2047783    0.3610782   -0.5608861  0.00    0.0064743   -0.1088666   -0.0194171
c    -0.1441045    0.7159142   -0.6796715  0.00   -0.0516280   -0.1273620    0.0059652
o    -0.1504797    4.1703171    0.4675790  0.00    0.0411238   -0.0051300    0.0048030
h     0.5965194    4.7277081    0.7407382  0.00   -0.0326851   -0.0686429   -0.0267419
h    -0.8895274    0.0262790   -1.0546636  0.00   -0.0643987   -0.2208265    0.1815464
h     3.1621727    1.0964802    0.0165124  0.00    0.0030335    0.0000611   -0.0007682
h     2.3926004    3.3457758    0.6178375  0.00    0.0024904   -0.0014680   -0.0009112
h    -1.6336796    2.2563998   -0.4108671  0.00   -0.0037003   -0.0032605   -0.0010286
c     1.7669373   -1.0073413   -0.8964724  0.00   -0.0309902   -0.0238593    0.0456979
c     0.8861134   -2.0194266   -1.6556448  0.00    0.1402798    0.0640037    0.0337098
h     2.1212937   -1.4658931    0.0371405  0.00   -0.0026316    0.0070996   -0.0130010
h     2.6645729   -0.8285312   -1.5058794  0.00   -0.0085708    0.0052447    0.0111022
c    -0.2550706   -2.4993401   -0.7313897  0.00   -0.2674273   -0.2881199   -0.0372394
o    -0.8587891   -3.5562519   -0.8247086  0.00    0.1464921    0.2478546    0.0307221
o    -0.5457168   -1.5582366    0.2075950  0.00    0.0674514    0.1533501   -0.1285058
h    -1.4556182   -1.2376649   -0.0182350  0.00    0.1194623    0.1705193   -0.1517718
n     0.2410616   -1.4915667   -2.9017470  0.00   -0.0853641   -0.0463206   -0.0579371
h     1.4642165   -2.9122299   -1.9206526  0.00   -0.0183201    0.0170428   -0.0109977
h     0.7142380   -1.9162587   -3.7076332  0.00   -0.0179822    0.0067392    0.0313427
h    -0.7141630   -1.8528277   -2.9524509  0.00    0.0456528    0.0060116    0.0293090
    24
 Energy =       0.1876459402
c     1.7549754    2.5620214    0.2995931  0.00    0.0340360    0.0818475    0.0321163
c     0.4171005    2.9146247    0.2129013  0.00   -0.0035784    0.0960269    0.0305665
c    -0.5179329    2.0045799   -0.2511114  0.00   -0.0817702    0.0334353   -0.0017460
c     2.1533591    1.2778982   -0.0768333  0.00    0.0620367   -0.0118398    0.0075525
c     1.2242521    0.3383722   -0.5567917  0.00    0.0052507   -0.0994296   -0.0171091
c    -0.1137349    0.7267362   -0.6388323  0.00   -0.0482266   -0.1177224    0.0052975
o    -0.0181614    4.1571081    0.5799964  0.00    0.0359303   -0.0034524    0.0048817
h     0.7552725    4.6983355    0.8283194  0.00   -0.0289905   -0.0625549   -0.0244526
h    -0.8771838    0.0604361   -1.0125697  0.00   -0.0596658   -0.2042458    0.1674418
h     3.2084087    1.0135560   -0.0068006  0.00    0.0036277   -0.0001725   -0.0006313
h     2.5007618    3.2652184    0.6580762  0.00    0.0027334   -0.0009521   -0.0006302
h    -1.5645751    2.2911253   -0.3142028  0.00   -0.0040688   -0.0028148   -0.0009889
c     1.7379973   -1.0309129   -0.9728076  0.00   -0.0283136   -0.0226227    0.0419091
c     0.7911848   -1.9983718   -1.7199019  0.00    0.1292739    0.0584983    0.0318989
h     2.1392271   -1.5335916   -0.0776048  0.00   -0.0011007    0.0057018   -0.0097135
h     2.6007741   -0.8463812   -1.6330428  0.00   -0.0065151    0.0043212    0.0087967
c    -0.3202219   -2.4796037   -0.7645847  0.00   -0.2463543   -0.2675103   -0.0368835
o    -0.9323894   -3.5473279   -0.8442043  0.00    0.1349536    0.2287571    0.0289984
o    -0.5642713   -1.5658751    0.2193211  0.00    0.0641482    0.1417354   -0.1152874
h    -1.4711237   -1.1993456    0.0325759  0.00    0.1074320    0.1589305   -0.1406364
n     0.1177185   -1.4144732   -2.9246160  0.00   -0.0816534   -0.0407207   -0.0532682
h     1.3351533   -2.9004345   -2.0379179  0.00   -0.0157305    0.0140674   -0.0107414
h     0.5714451   -1.7905498   -3.7692510  0.00   -0.0152919    0.0051631    0.0259007
h    -0.8443907   -1.7654701   -2.9651483  0.00    0.0418375    0.0055537    0.0267284
    24
 Energy =       0.1832161992
c     1.6730601    2.5962042    0.2919000  0.00    0.0341437    0.0806558    0.0317994
c     0.3283419    2.9130525    0.1724769  0.00   -0.0034594    0.0940897    0.0299819
c    -0.5747078    1.9747282   -0.2997934  0.00   -0.0810981    0.0330420   -0.0017553
c     2.1094407    1.3179549   -0.0597892  0.00    0.0616610   -0.0117847    0.0075670
c     1.2133899    0.3507775   -0.5462721  0.00    0.0049219   -0.0976123   -0.0167052
c    -0.1327247    0.7023153   -0.6654177  0.00   -0.0480008   -0.1156353    0.0050627
o    -0.1509309    4.1487601    0.5105435  0.00    0.0333725   -0.0026771    0.0048242
h     0.5965194    4.7177358    0.7785931  0.00   -0.0273960   -0.0603976   -0.0236153
h    -0.8681180    0.0062129   -1.0542509  0.00   -0.0588951   -0.2006385    0.1634163
h     3.1689444    1.0790163    0.0392655  0.00    0.0043484   -0.0003634   -0.0005427
h     2.3928789    3.3233907    0.6569382  0.00    0.0031756   -0.0005037   -0.0003887
h    -1.6265879    2.2363218   -0.3899042  0.00   -0.0047047   -0.0025792   -0.0010287
c     1.7710609   -1.0152581   -0.9091556  0.00   -0.0277854   -0.0226418    0.0409497
c     0.8703303   -1.9962321   -1.6909829  0.00    0.1272836    0.0571821    0.0309683
h     2.1235101   -1.4989221    0.0189332  0.00   -0.0003358    0.0051681   -0.0078377
h     2.6712251   -0.8352668   -1.5224712  0.00   -0.0049228    0.0039902    0.0075487
c    -0.2702305   -2.4918854   -0.7744220  0.00   -0.2420043   -0.2616685   -0.0361340
o    -0.8523888   -3.5764140   -0.8973472  0.00    0.1319482    0.2228561    0.0282385
o    -0.5554223   -1.5950479    0.2187145  0.00    0.0625257    0.1397840   -0.1118384
h    -1.4618186   -1.2300777    0.0251929  0.00    0.1051401    0.1555092   -0.1375857
n     0.2373065   -1.4214194   -2.9217386  0.00   -0.0808492   -0.0391359   -0.0527843
h     1.4409419   -2.8911176   -1.9835499  0.00   -0.0150082    0.0133437   -0.0109068
h     0.7092196   -1.8209862   -3.7466711  0.00   -0.0144530    0.0047121    0.0246267
h    -0.7295947   -1.7561686   -2.9862298  0.00    0.0403921    0.0053051    0.0261395
    24
 Energy =       0.1660305526
c     1.5884127    2.6285104    0.2711056  0.00    0.0310189    0.0719359    0.0285339
c     0.2411981    2.9086250    0.1225911  0.00   -0.0027343    0.0832757    0.0266974
c    -0.6268129    1.9434111   -0.3522249  0.00   -0.0726804    0.0295926   -0.0014945
c     2.0615892    1.3612879   -0.0548747  0.00    0.0553715   -0.0107138    0.0067536
c     1.2010798    0.3691431   -0.5423600  0.00    0.0040282   -0.0866452   -0.0148463
c    -0.1496104    0.6805404   -0.6932728  0.00   -0.0434966   -0.1030202    0.0043557
o    -0.2805973    4.1391172    0.4309181  0.00    0.0274916   -0.0021612    0.0040158
h     0.4377662    4.7436678    0.7166831  0.00   -0.0230961   -0.0522444   -0.0204098
h    -0.8577907   -0.0464831   -1.0872855  0.00   -0.0530205   -0.1799638    0.1449711
h     3.1244903    1.1495112    0.0701826  0.00    0.0045974   -0.0005186   -0.0004088
h     2.2810941    3.3802557    0.6398683  0.00    0.0033003    0.0000158   -0.0001071
h    -1.6828017    2.1794365   -0.4653283  0.00   -0.0047985   -0.0021028   -0.0009580
c     1.8029977   -0.9904103   -0.8549079  0.00   -0.0242046   -0.0207299    0.0361331
c     0.9460013   -1.9949371   -1.6498735  0.00    0.1132912    0.0504154    0.0277013
h     2.1238462   -1.4502791    0.0988982  0.00    0.0001363    0.0043794   -0.0059331
h     2.7258459   -0.8101018   -1.4368647  0.00   -0.0036802    0.0032581    0.0062512
c    -0.2103664   -2.5041377   -0.7641131  0.00   -0.2145330   -0.2307335   -0.0322759
o    -0.7619791   -3.6192812   -0.9324114  0.00    0.1169444    0.1953631    0.0241229
o    -0.5505770   -1.6294882    0.2385223  0.00    0.0549858    0.1258162   -0.0975226
h    -1.4580307   -1.2703941    0.0300514  0.00    0.0933645    0.1389652   -0.1224551
n     0.3568456   -1.4353191   -2.9069309  0.00   -0.0724726   -0.0334726   -0.0472500
h     1.5470588   -2.8828625   -1.9091360  0.00   -0.0127547    0.0111267   -0.0100340
h     0.8430644   -1.8656524   -3.7113475  0.00   -0.0120629    0.0036351    0.0209188
h    -0.6190787   -1.7464851   -2.9933274  0.00    0.0350044    0.0045267    0.0232406
    24
 Energy =       0.1211826570
c     1.4975858    2.6664428    0.2020386  0.00    0.0172838    0.0395829    0.0161166
c     0.1575405    2.9076915    0.0351229  0.00   -0.0001410    0.0451567    0.0152885
c    -0.6671255    1.9167863   -0.4229016  0.00   -0.0397210    0.0166628   -0.0004213
c     2.0065249    1.4231256   -0.0931525  0.00    0.0303992   -0.0064730    0.0035808
c     1.1882167    0.4104816   -0.5635466  0.00    0.0007105   -0.0473126   -0.0084777
c    -0.1606861    0.6729894   -0.7273638  0.00   -0.0263574   -0.0609892    0.0032493
o    -0.4035028    4.1420437    0.3119016  0.00    0.0121957   -0.0027319    0.0010561
h     0.2790131    4.8035135    0.6156252  0.00   -0.0107621   -0.0258888   -0.0101486
h    -0.8503852   -0.0876922   -1.0898841  0.00   -0.0353171   -0.1156730    0.0926401
h     3.0722560    1.2442219    0.0504157  0.00    0.0032172   -0.0005932   -0.0001802
h     2.1605679    3.4468724    0.5653065  0.00    0.0023609    0.0005749    0.0002325
h    -1.7268708    2.1242291   -0.5465206  0.00   -0.0031141   -0.0009028   -0.0005483
c     1.8383330   -0.9421168   -0.8264937  0.00   -0.0136180   -0.0114778    0.0193658
c     1.0115331   -2.0065480   -1.5699797  0.00    0.0606157    0.0252349    0.0171584
h     2.1735196   -1.3556981    0.1485391  0.00    0.0005351    0.0019024   -0.0019884
h     2.7541416   -0.7607303   -1.4248542  0.00   -0.0018798    0.0019281    0.0033279
c    -0.1238840   -2.5219748   -0.6835097  0.00   -0.1169207   -0.1232907   -0.0203167
o    -0.6567248   -3.7093213   -0.8860462  0.00    0.0657211    0.1029117    0.0111502
o    -0.5565903   -1.6793200    0.3231683  0.00    0.0322575    0.0784140   -0.0524769
h    -1.4740550   -1.3555185    0.0726116  0.00    0.0560577    0.0910318   -0.0799818
n     0.4754057   -1.4874472   -2.8595386  0.00   -0.0393053   -0.0138948   -0.0257965
h     1.6558931   -2.8890430   -1.7694188  0.00   -0.0058019    0.0040612   -0.0057182
h     0.9593356   -1.9803767   -3.6404591  0.00   -0.0046307   -0.0001856    0.0088220
h    -0.5263968   -1.7449365   -2.9564981  0.00    0.0162148    0.0019522    0.0140663
    24
 Energy =       0.0957251016
c     1.4858764    2.6964174    0.1076607  0.00    0.0048906    0.0115932    0.0052136
c     0.1534824    2.9271451   -0.0517234  0.00    0.0004938    0.0136959    0.0049014
c    -0.6556985    1.9282918   -0.4814136  0.00   -0.0115072    0.0052192    0.0001300
c     2.0014534    1.4654470   -0.1652179  0.00    0.0089954   -0.0018215    0.0013286
c     1.1950259    0.4468170   -0.6015494  0.00   -0.0006979   -0.0145281   -0.0028338
c    -0.1477902    0.6930021   -0.7530758  0.00   -0.0095380   -0.0240793    0.0027367
o    -0.4128647    4.1717162    0.2177411  0.00    0.0016084   -0.0026804   -0.0016050
h     0.2487019    4.8446134    0.5809928  0.00   -0.0013941   -0.0059866   -0.0010194
h    -0.8408334   -0.0816809   -1.0664206  0.00   -0.0192505   -0.0579859    0.0481672
h     3.0678117    1.2992360   -0.0240691  0.00    0.0010445   -0.0001999   -0.0000154
h     2.1415970    3.4898135    0.4528614  0.00    0.0008922    0.0003237    0.0001835
h    -1.7169560    2.1250639   -0.5956991  0.00   -0.0010394   -0.0003064   -0.0002435
c     1.8491405   -0.9138088   -0.8345760  0.00   -0.0053754   -0.0025731    0.0059807
c     1.0103514   -2.0242407   -1.5034656  0.00    0.0169653    0.0049752    0.0061818
h     2.2157474   -1.2871329    0.1485338  0.00    0.0004836    0.0002920    0.0007089
h     2.7453044   -0.7521608   -1.4731557  0.00    0.0002106    0.0009873    0.0002994
c    -0.0867654   -2.5427576   -0.5812701  0.00   -0.0375659   -0.0335293   -0.0100678
o    -0.5992205   -3.7989919   -0.7529378  0.00    0.0213979    0.0268816    0.0049924
o    -0.5810627   -1.7188443    0.4174180  0.00    0.0135921    0.0325677   -0.0183933
h    -1.5135661   -1.4426682    0.1457272  0.00    0.0251819    0.0488111   -0.0436174
n     0.4906629   -1.5487970   -2.8094315  0.00   -0.0043213    0.0056371   -0.0020116
h     1.6797070   -2.9014508   -1.6652030  0.00   -0.0012637    0.0003082   -0.0013906
h     0.9031191   -2.1391298   -3.5785736  0.00    0.0033199   -0.0071232   -0.0061138
h    -0.5495787   -1.6982252   -2.8685909  0.00   -0.0071229   -0.0004783    0.0064875
    24
 Energy =       0.0916726346
c     1.4698188    2.7163780    0.0730160  0.00    0.0037144    0.0088621    0.0040201
c     0.1369778    2.9387755   -0.0869086  0.00    0.0004382    0.0103174    0.0037648
c    -0.6676306    1.9296759   -0.4972259  0.00   -0.0087782    0.0038691    0.0000698
c     1.9905218    1.4849652   -0.1813548  0.00    0.0068842   -0.0013963    0.0010172
c     1.1887911    0.4571784   -0.6001566  0.00   -0.0006310   -0.0111669   -0.0022253
c    -0.1547414    0.6942127   -0.7509532  0.00   -0.0074301   -0.0188450    0.0020964
o    -0.4335488    4.1872135    0.1616770  0.00    0.0006217   -0.0023749   -0.0014316
h     0.2285228    4.8765712    0.4954570  0.00   -0.0005071   -0.0038080   -0.0005001
h    -0.8440154   -0.0875488   -1.0538351  0.00   -0.0151112   -0.0455417    0.0375781
h     3.0578935    1.3263696   -0.0406977  0.00    0.0008241   -0.0001413   -0.0000022
h     2.1221946    3.5184564    0.4040275  0.00    0.0007511    0.0003663    0.0001887
h    -1.7297711    2.1197059   -0.6127842  0.00   -0.0008116   -0.0002279   -0.0001906
c     1.8488205   -0.9032484   -0.8205520  0.00   -0.0040902   -0.0019835    0.0044436
c     1.0115697   -2.0232242   -1.4758802  0.00    0.0131957    0.0030721    0.0048303
h     2.2204592   -1.2651048    0.1648789  0.00    0.0003937    0.0001885    0.0006090
h     2.7419025   -0.7444968   -1.4640430  0.00    0.0001686    0.0007563    0.0001977
c    -0.0573090   -2.5637527   -0.5331151  0.00   -0.0276161   -0.0223214   -0.0076417
o    -0.5030103   -3.8589212   -0.6602611  0.00    0.0149536    0.0153000    0.0034649
o    -0.5949384   -1.7395928    0.4430386  0.00    0.0120985    0.0258756   -0.0127418
h    -1.5353319   -1.5075729    0.1544235  0.00    0.0180941    0.0387179   -0.0350139
n     0.4603838   -1.5477441   -2.7680147  0.00    0.0056219    0.0228409    0.0134299
h     1.6889235   -2.8916245   -1.6547032  0.00   -0.0006950   -0.0000296   -0.0008276
h     0.9908369   -2.0220183   -3.5606126  0.00    0.0150101   -0.0158311   -0.0198428
h    -0.5536741   -1.8569784   -2.8708585  0.00   -0.0270995   -0.0064986    0.0047070
    24
 Energy =       0.0902307090
c     1.4396178    2.7408956    0.0401979  0.00    0.0031750    0.0075100    0.0034118
c     0.1054933    2.9482832   -0.1257455  0.00    0.0003861    0.0086357    0.0031698
c    -0.6871527    1.9270324   -0.5273449  0.00   -0.0074587    0.0032564    0.0000473
c     1.9733818    1.5128252   -0.1996317  0.00    0.0058873   -0.0012035    0.0008594
c     1.1836094    0.4731120   -0.6095442  0.00   -0.0005372   -0.0094312   -0.0019637
c    -0.1609996    0.6950332   -0.7670578  0.00   -0.0063463   -0.0159665    0.0017462
o    -0.4781027    4.1944010    0.1074513  0.00    0.0002697   -0.0019299   -0.0012336
h     0.1764806    4.8964668    0.4306648  0.00   -0.0002790   -0.0029633   -0.0003362
h    -0.8403537   -0.0962624   -1.0655313  0.00   -0.0128526   -0.0386588    0.0317997
h     3.0420141    1.3668191   -0.0550845  0.00    0.0007824   -0.0001325    0.0000103
h     2.0827434    3.5531284    0.3644666  0.00    0.0006983    0.0004004    0.0001959
h    -1.7507410    2.1051113   -0.6481853  0.00   -0.0007689   -0.0001705   -0.0001677
c     1.8596253   -0.8812121   -0.8196834  0.00   -0.0033182   -0.0013679    0.0036467
c     1.0315814   -2.0261084   -1.4443901  0.00    0.0115706    0.0029793    0.0046558
h     2.2525486   -1.2225531    0.1652067  0.00    0.0004946    0.0000106    0.0008763
h     2.7403939   -0.7179970   -1.4791640  0.00    0.0003203    0.0007612    0.0000795
c    -0.0045452   -2.5821077   -0.4736267  0.00   -0.0206225   -0.0100194   -0.0073126
o    -0.3442572   -3.9249450   -0.5120902  0.00    0.0098262   -0.0004468    0.0020370
o    -0.6013284   -1.7437144    0.4574316  0.00    0.0122029    0.0248506   -0.0080257
h    -1.5424751   -1.5575281    0.1358660  0.00    0.0129276    0.0331649   -0.0305284
n     0.4482891   -1.5803074   -2.7328992  0.00    0.0050252    0.0200294    0.0104815
h     1.7262259   -2.8809365   -1.6252025  0.00   -0.0003270   -0.0002057   -0.0005615
h     0.9851908   -2.0380572   -3.5272431  0.00    0.0127256   -0.0134521   -0.0166482
h    -0.5535944   -1.9237044   -2.8242984  0.00   -0.0237817   -0.0056505    0.0037605
    24
 Energy =       0.0914495444
c     1.4252316    2.7398739    0.0629547  0.00    0.0030424    0.0076080    0.0034006
c     0.0886491    2.9406707   -0.0910593  0.00    0.0004114    0.0084046    0.0030901
c    -0.6983318    1.9220145   -0.5101963  0.00   -0.0074367    0.0033985    0.0000829
c     1.9668283    1.5208758   -0.2055894  0.00    0.0059107   -0.0013478    0.0008304
c     1.1823941    0.4835486   -0.6315687  0.00   -0.0010594   -0.0090331   -0.0020951
c    -0.1640431    0.6991852   -0.7788397  0.00   -0.0061267   -0.0160056    0.0016418
o    -0.5032156    4.1772849    0.1724790  0.00   -0.0000587   -0.0014443   -0.0011352
h     0.1470151    4.8764545    0.5108982  0.00   -0.0002140   -0.0026730   -0.0002446
h    -0.8381423   -0.0912191   -1.0900586  0.00   -0.0125576   -0.0382462    0.0311333
h     3.0377058    1.3802769   -0.0720943  0.00    0.0008570   -0.0002111    0.0000044
h     2.0641100    3.5502643    0.4002192  0.00    0.0007019    0.0005058    0.0002272
h    -1.7639233    2.0945365   -0.6214098  0.00   -0.0008168   -0.0001000   -0.0001546
c     1.8706767   -0.8577382   -0.8853127  0.00   -0.0040914   -0.0013768    0.0034627
c     1.0323365   -2.0192699   -1.4657537  0.00    0.0124123    0.0039987    0.0054114
h     2.3249170   -1.1959212    0.0762876  0.00    0.0013811   -0.0006036    0.0026232
h     2.7118903   -0.6736444   -1.5923688  0.00    0.0019204    0.0010792   -0.0011756
c     0.0486537   -2.5863955   -0.4456181  0.00   -0.0187518   -0.0002183   -0.0073265
o    -0.1855041   -3.9592793   -0.3860855  0.00    0.0068499   -0.0137099    0.0028230
o    -0.5814397   -1.7381297    0.4547718  0.00    0.0128318    0.0260304   -0.0072666
h    -1.5137392   -1.5606856    0.1033184  0.00    0.0117937    0.0325242   -0.0301095
n     0.3896644   -1.5951799   -2.7346563  0.00    0.0048562    0.0211230    0.0084396
h     1.7345768   -2.8634358   -1.6691629  0.00    0.0002316   -0.0003253   -0.0004888
h     0.9128049   -2.0398039   -3.5455128  0.00    0.0128214   -0.0133433   -0.0166978
h    -0.6054699   -1.9666089   -2.7910797  0.00   -0.0249085   -0.0060341    0.0035238
    24
 Energy =       0.0888936935
c     1.4490313    2.7449393    0.0300825  0.00    0.0026027    0.0071926    0.0031382
c     0.1158371    2.9564801   -0.1368830  0.00    0.0004135    0.0073907    0.0027620
c    -0.6797504    1.9354600   -0.5327248  0.00   -0.0068386    0.0033158    0.0001294
c     1.9788064    1.5133176   -0.2028778  0.00    0.0055021   -0.0014699    0.0007125
c     1.1858791    0.4741175   -0.6072841  0.00   -0.0015762   -0.0078489   -0.0021457
c    -0.1575300    0.7001593   -0.7658495  0.00   -0.0053568   -0.0149416    0.0013746
o    -0.4634840    4.2072602    0.0895976  0.00   -0.0006065   -0.0006408   -0.0009481
h     0.1937186    4.9108423    0.4058678  0.00   -0.0000259   -0.0019123   -0.0000674
h    -0.8390584   -0.0902401   -1.0611949  0.00   -0.0113344   -0.0349512    0.0281660
h     3.0469482    1.3640311   -0.0574132  0.00    0.0008941   -0.0002994   -0.0000013
h     2.0946598    3.5570870    0.3500723  0.00    0.0006668    0.0006506    0.0002626
h    -1.7427371    2.1166903   -0.6546718  0.00   -0.0008256    0.0000121   -0.0001268
c     1.8576019   -0.8853767   -0.8106369  0.00   -0.0045012   -0.0014452    0.0028219
c     1.0235067   -2.0279901   -1.4356135  0.00    0.0120246    0.0043346    0.0056590
h     2.2482014   -1.2271757    0.1792355  0.00    0.0021408   -0.0013135    0.0043507
h     2.7435494   -0.7276115   -1.4710699  0.00    0.0036169    0.0013002   -0.0023901
c    -0.0125468   -2.5886316   -0.4623400  0.00   -0.0149003    0.0077595   -0.0059578
o    -0.3442572   -3.9473755   -0.4888066  0.00    0.0029420   -0.0223834    0.0029609
o    -0.6264972   -1.7468787    0.4550448  0.00    0.0124016    0.0236809   -0.0061604
h    -1.5720575   -1.5846601    0.1305100  0.00    0.0096649    0.0296061   -0.0276241
n     0.4374591   -1.5785150   -2.7241164  0.00    0.0045065    0.0203416    0.0060428
h     1.7181045   -2.8829128   -1.6196560  0.00    0.0006574   -0.0004300   -0.0002914
h     0.9856651   -2.0160118   -3.5205134  0.00    0.0116528   -0.0120766   -0.0155951
h    -0.5574048   -1.9393306   -2.8241965  0.00   -0.0237215   -0.0058719    0.0029275
    24
 Energy =       0.0851050897
c     1.4976040    2.7401562    0.0028198  0.00    0.0020791    0.0061738    0.0026300
c     0.1702937    2.9760786   -0.1762755  0.00    0.0002981    0.0057792    0.0022074
c    -0.6441356    1.9630695   -0.5521693  0.00   -0.0057973    0.0029686    0.0001472
c     2.0027030    1.4927119   -0.1981303  0.00    0.0047590   -0.0014852    0.0005477
c     1.1905946    0.4617938   -0.5838185  0.00   -0.0016023   -0.0061907   -0.0020510
c    -0.1468007    0.7124380   -0.7536478  0.00   -0.0042894   -0.0126185    0.0010191
o    -0.3833400    4.2449052    0.0178320  0.00   -0.0011850    0.0002929   -0.0006981
h     0.2879914    4.9442573    0.3146713  0.00    0.0001817   -0.0010220    0.0000927
h    -0.8436219   -0.0690600   -1.0364845  0.00   -0.0095312   -0.0291645    0.0232904
h     3.0664579    1.3241599   -0.0416520  0.00    0.0009843   -0.0003678    0.0000175
h     2.1582622    3.5459607    0.3079964  0.00    0.0006329    0.0007599    0.0002862
h    -1.7024886    2.1636596   -0.6844490  0.00   -0.0009058    0.0001436   -0.0001099
c     1.8307420   -0.9195733   -0.7451808  0.00   -0.0040884   -0.0014359    0.0019816
c     0.9914850   -2.0379374   -1.4081931  0.00    0.0103033    0.0039126    0.0053948
h     2.1626761   -1.2671112    0.2645881  0.00    0.0023668   -0.0018070    0.0050259
h     2.7525982   -0.7939758   -1.3637411  0.00    0.0045175    0.0013749   -0.0029264
c    -0.0917067   -2.5856162   -0.4783059  0.00   -0.0101311    0.0117589   -0.0038898
o    -0.5030103   -3.9206397   -0.5797446  0.00   -0.0004532   -0.0249291    0.0025401
o    -0.6994138   -1.7505601    0.4485463  0.00    0.0111527    0.0187597   -0.0044774
h    -1.6586624   -1.6170560    0.1508126  0.00    0.0066727    0.0249041   -0.0235833
n     0.4594316   -1.5613852   -2.7102901  0.00    0.0041187    0.0181221    0.0041981
h     1.6712493   -2.9077342   -1.5776853  0.00    0.0009208   -0.0006080    0.0000304
h     1.0408008   -1.9753826   -3.4928787  0.00    0.0097074   -0.0100617   -0.0137638
h    -0.5260641   -1.9254846   -2.8600579  0.00   -0.0207114   -0.0052602    0.0020907
    24
 Energy =       0.0816925170
c     1.5652144    2.7211313   -0.0017822  0.00    0.0020715    0.0054618    0.0023157
c     0.2476091    2.9948212   -0.2002985  0.00    0.0000539    0.0047049    0.0017808
c    -0.5924030    2.0017167   -0.5720690  0.00   -0.0054146    0.0028550    0.0001063
c     2.0349585    1.4561415   -0.1786723  0.00    0.0045789   -0.0015960    0.0004757
c     1.1965748    0.4452100   -0.5606639  0.00   -0.0012529   -0.0051403   -0.0020110
c    -0.1304178    0.7342814   -0.7501666  0.00   -0.0038697   -0.0107906    0.0006709
o    -0.2696728    4.2832081   -0.0300287  0.00   -0.0019332    0.0011946   -0.0005569
h     0.4196831    4.9673904    0.2619851  0.00    0.0004019   -0.0003923    0.0002209
h    -0.8469121   -0.0289528   -1.0332412  0.00   -0.0084222   -0.0248066    0.0195500
h     3.0913044    1.2574772   -0.0056057  0.00    0.0014415   -0.0004965    0.0000964
h     2.2462525    3.5110177    0.3007043  0.00    0.0007583    0.0008782    0.0003365
h    -1.6429186    2.2321589   -0.7205540  0.00   -0.0013485    0.0003268   -0.0001547
c     1.7926448   -0.9598972   -0.6910705  0.00   -0.0034572   -0.0013936    0.0013716
c     0.9403716   -2.0471982   -1.3906016  0.00    0.0092052    0.0033388    0.0054224
h     2.0690394   -1.3171243    0.3323466  0.00    0.0024627   -0.0022560    0.0054559
h     2.7441895   -0.8700495   -1.2709221  0.00    0.0052336    0.0014837   -0.0031893
c    -0.1909134   -2.5720070   -0.5039023  0.00   -0.0075657    0.0122391   -0.0023427
o    -0.6617635   -3.8818121   -0.6599765  0.00   -0.0023881   -0.0242797    0.0022682
o    -0.7989157   -1.7359128    0.4214275  0.00    0.0100941    0.0149293   -0.0030802
h    -1.7682208   -1.6327526    0.1446252  0.00    0.0045943    0.0213305   -0.0205746
n     0.4650711   -1.5423766   -2.7040779  0.00    0.0039259    0.0171146    0.0030946
h     1.5980210   -2.9365536   -1.5469599  0.00    0.0012140   -0.0009696    0.0003826
h     1.0830968   -1.9310971   -3.4697399  0.00    0.0086490   -0.0087288   -0.0128946
h    -0.5082478   -1.9111461   -2.9061936  0.00   -0.0190329   -0.0050071    0.0012556
    24
 Energy =       0.0791590603
c     1.6456806    2.6882865    0.0197940  0.00    0.0028148    0.0051525    0.0023125
c     0.3432346    3.0107387   -0.2104638  0.00   -0.0002865    0.0042875    0.0015151
c    -0.5246989    2.0484110   -0.5996740  0.00   -0.0059379    0.0028818   -0.0000845
c     2.0720750    1.4053866   -0.1416358  0.00    0.0051957   -0.0017305    0.0005869
c     1.2047007    0.4252370   -0.5403826  0.00   -0.0005275   -0.0047940   -0.0020051
c    -0.1056683    0.7641344   -0.7635906  0.00   -0.0044033   -0.0095835    0.0002145
o    -0.1297601    4.3188117   -0.0553096  0.00   -0.0032289    0.0019281   -0.0006609
h     0.5784362    4.9784335    0.2497412  0.00    0.0009814    0.0003448    0.0004831
h    -0.8423996    0.0275158   -1.0645159  0.00   -0.0081400   -0.0219912    0.0168660
h     3.1165598    1.1674990    0.0575657  0.00    0.0024605   -0.0007106    0.0003023
h     2.3489544    3.4534898    0.3361589  0.00    0.0012272    0.0011476    0.0004981
h    -1.5629182    2.3172718   -0.7743054  0.00   -0.0023402    0.0005863   -0.0003224
c     1.7471956   -1.0039309   -0.6509615  0.00   -0.0026857   -0.0015527    0.0009715
c     0.8735965   -2.0564610   -1.3792712  0.00    0.0088511    0.0026978    0.0055556
h     1.9763911   -1.3718511    0.3804785  0.00    0.0024936   -0.0026458    0.0056969
h     2.7199705   -0.9524980   -1.2003680  0.00    0.0058196    0.0015744   -0.0033087
c    -0.3050259   -2.5444949   -0.5311978  0.00   -0.0066219    0.0109235   -0.0016719
o    -0.8167485   -3.8347147   -0.7130755  0.00   -0.0031903   -0.0224953    0.0022713
o    -0.9226062   -1.6914943    0.3727495  0.00    0.0085317    0.0124492   -0.0015648
h    -1.8952961   -1.6117057    0.1007226  0.00    0.0036780    0.0189820   -0.0185874
n     0.4559469   -1.5295296   -2.7039257  0.00    0.0037854    0.0170746    0.0023546
h     1.5019984   -2.9698130   -1.5208616  0.00    0.0016258   -0.0015753    0.0007043
h     1.1087783   -1.9004233   -3.4485008  0.00    0.0082916   -0.0079727   -0.0126279
h    -0.5047513   -1.9006249   -2.9546086  0.00   -0.0183942   -0.0049787    0.0005008
    24
 Energy =       0.0790015485
c     1.7256448    2.6489420    0.0505268  0.00    0.0043249    0.0052353    0.0027029
c     0.4436985    3.0221848   -0.2245633  0.00   -0.0006545    0.0045981    0.0014407
c    -0.4465674    2.0950781   -0.6503127  0.00   -0.0073824    0.0029756   -0.0004909
c     2.1084619    1.3500996   -0.1002376  0.00    0.0065999   -0.0018886    0.0009475
c     1.2170990    0.4050090   -0.5327234  0.00    0.0006965   -0.0051680   -0.0019214
c    -0.0700237    0.7963571   -0.8059617  0.00   -0.0061066   -0.0089402   -0.0003915
o     0.0148438    4.3473261   -0.0795091  0.00   -0.0051189    0.0023611   -0.0010996
h     0.7371893    4.9786794    0.2537334  0.00    0.0020365    0.0012701    0.0009636
h    -0.8209984    0.0890205   -1.1406070  0.00   -0.0087345   -0.0207805    0.0152538
h     3.1365499    1.0709538    0.1351109  0.00    0.0040202   -0.0010473    0.0006783
h     2.4468285    3.3860042    0.3949332  0.00    0.0020717    0.0015712    0.0008140
h    -1.4681326    2.4038807   -0.8618317  0.00   -0.0038836    0.0009320   -0.0006661
c     1.7054459   -1.0452155   -0.6299795  0.00   -0.0020436   -0.0019685    0.0009234
c     0.7975103   -2.0716127   -1.3559399  0.00    0.0092283    0.0022118    0.0053613
h     1.9136121   -1.4147927    0.4051907  0.00    0.0024490   -0.0027813    0.0056479
h     2.6835987   -1.0322502   -1.1727666  0.00    0.0062988    0.0015819   -0.0034851
c    -0.4174546   -2.5003446   -0.5226499  0.00   -0.0056055    0.0087330   -0.0021877
o    -0.9504330   -3.7860189   -0.6737109  0.00   -0.0033711   -0.0224778    0.0020444
o    -1.0505024   -1.5987111    0.3257775  0.00    0.0076243    0.0126677    0.0015599
h    -2.0106961   -1.4994519    0.0128063  0.00    0.0015858    0.0186415   -0.0181119
n     0.4235578   -1.5491807   -2.6955616  0.00    0.0035739    0.0177382    0.0020514
h     1.3905050   -3.0128335   -1.4745586  0.00    0.0022309   -0.0026010    0.0007794
h     1.1011784   -1.9202447   -3.4177004  0.00    0.0085298   -0.0078817   -0.0128555
h    -0.5272701   -1.9252043   -2.9749032  0.00   -0.0183697   -0.0049823    0.0000411
    24
 Energy =       0.0767064300
c     1.6998324    2.6569854    0.0729834  0.00    0.0042530    0.0048823    0.0025789
c     0.4099467    3.0180174   -0.1793865  0.00   -0.0006897    0.0043426    0.0013308
c    -0.4781071    2.0832379   -0.5921071  0.00   -0.0071011    0.0028495   -0.0005069
c     2.0935284    1.3632160   -0.0895406  0.00    0.0063396   -0.0018893    0.0009310
c     1.2057134    0.4107808   -0.5127068  0.00    0.0010824   -0.0048795   -0.0017175
c    -0.0916219    0.7888357   -0.7578312  0.00   -0.0061553   -0.0080592   -0.0003243
o    -0.0295254    4.3383723   -0.0231872  0.00   -0.0050467    0.0022805   -0.0010884
h     0.6921880    4.9761467    0.2989440  0.00    0.0020129    0.0012571    0.0009460
h    -0.8428177    0.0769236   -1.0816057  0.00   -0.0084439   -0.0190098    0.0140285
h     3.1281811    1.0943091    0.1281379  0.00    0.0039722   -0.0010788    0.0006748
h     2.4190002    3.3999971    0.4083855  0.00    0.0020123    0.0014744    0.0007836
h    -1.5062119    2.3824148   -0.7849968  0.00   -0.0038631    0.0009319   -0.0006696
c     1.7083597   -1.0338823   -0.6227594  0.00   -0.0017747   -0.0008722    0.0012304
c     0.8340914   -2.0510765   -1.4031610  0.00    0.0089035    0.0015203    0.0049180
h     1.8863894   -1.4220493    0.4113272  0.00    0.0023741   -0.0026289    0.0059084
h     2.7033888   -1.0041662   -1.1340506  0.00    0.0065451    0.0016574   -0.0036250
c    -0.3829835   -2.5371519   -0.6047144  0.00   -0.0037220    0.0082671   -0.0015083
o    -0.9040695   -3.8183604   -0.8288273  0.00   -0.0043530   -0.0241368    0.0011808
o    -1.0304193   -1.6881446    0.2869490  0.00    0.0125278    0.0128916    0.0044618
h    -2.0147238   -1.6582050    0.0304991  0.00   -0.0054035    0.0181330   -0.0182302
n     0.4699151   -1.4834490   -2.7276207  0.00    0.0037189    0.0174553    0.0009853
h     1.4478324   -2.9756030   -1.5486239  0.00    0.0022750   -0.0031220    0.0004042
h     1.1476174   -1.8374166   -3.4574174  0.00    0.0080608   -0.0074641   -0.0122758
h    -0.4818589   -1.8420575   -3.0241275  0.00   -0.0175244   -0.0048024   -0.0004166
    24
 Energy =       0.0742561384
c     1.7046273    2.6487558    0.1091500  0.00    0.0039067    0.0044402    0.0023538
c     0.4143576    3.0159112   -0.1295200  0.00   -0.0006466    0.0039351    0.0011978
c    -0.4807232    2.0867870   -0.5384238  0.00   -0.0064956    0.0026175   -0.0004767
c     2.0919232    1.3548981   -0.0643943  0.00    0.0058044   -0.0017759    0.0008708
c     1.1974731    0.4085232   -0.4866791  0.00    0.0011073   -0.0044295   -0.0016350
c    -0.1009735    0.7921749   -0.7142765  0.00   -0.0057123   -0.0071585   -0.0001822
o    -0.0184374    4.3369741    0.0376237  0.00   -0.0046661    0.0021287   -0.0010027
h     0.7087216    4.9707267    0.3550628  0.00    0.0018601    0.0011723    0.0008749
h    -0.8578758    0.0869483   -1.0361498  0.00   -0.0078060   -0.0167507    0.0124611
h     3.1271354    1.0814101    0.1431139  0.00    0.0036494   -0.0010237    0.0006179
h     2.4292931    3.3870765    0.4424766  0.00    0.0018442    0.0013497    0.0007191
h    -1.5091844    2.3906630   -0.7203607  0.00   -0.0035637    0.0008580   -0.0006181
c     1.6917197   -1.0379870   -0.6081771  0.00   -0.0015065    0.0004257    0.0014417
c     0.8419709   -2.0292674   -1.4499011  0.00    0.0083099    0.0005360    0.0046630
h     1.8266868   -1.4497676    0.4237030  0.00    0.0023430   -0.0026888    0.0064630
h     2.7062951   -1.0068915   -1.0800530  0.00    0.0067896    0.0018317   -0.0036442
c    -0.3869914   -2.5599299   -0.6985268  0.00   -0.0023343    0.0076555   -0.0007004
o    -0.8926408   -3.8348125   -0.9875805  0.00   -0.0050730   -0.0243571    0.0005088
o    -1.0601531   -1.7568494    0.2164092  0.00    0.0161614    0.0124520    0.0062896
h    -2.0558664   -1.8015189    0.0014597  0.00   -0.0107934    0.0165357   -0.0174957
n     0.5020857   -1.4103869   -2.7584512  0.00    0.0039838    0.0170467   -0.0003949
h     1.4659595   -2.9428010   -1.6198410  0.00    0.0020841   -0.0033183    0.0001479
h     1.1862200   -1.7447861   -3.4903639  0.00    0.0073766   -0.0068548   -0.0114968
h    -0.4479775   -1.7481764   -3.0817380  0.00   -0.0166230   -0.0046272   -0.0009625
    24
 Energy =       0.0722974072
c     1.7292127    2.6302416    0.1517001  0.00    0.0036769    0.0041252    0.0021869
c     0.4415568    3.0141391   -0.0726347  0.00   -0.0006119    0.0035932    0.0010832
c    -0.4678529    2.0984564   -0.4792192  0.00   -0.0060692    0.0024366   -0.0004703
c     2.0996428    1.3334013   -0.0347202  0.00    0.0054471   -0.0016916    0.0008470
c     1.1907254    0.4009614   -0.4573259  0.00    0.0011008   -0.0040523   -0.0016906
c    -0.1050493    0.8010592   -0.6671781  0.00   -0.0053540   -0.0064403   -0.0000720
o     0.0259594    4.3389610    0.1075574  0.00   -0.0044687    0.0020982   -0.0009367
h     0.7635126    4.9624832    0.4211925  0.00    0.0018084    0.0011949    0.0008525
h    -0.8722795    0.1088714   -0.9883777  0.00   -0.0071366   -0.0143666    0.0107928
h     3.1331242    1.0467561    0.1622091  0.00    0.0034451   -0.0009915    0.0005839
h     2.4652445    3.3576032    0.4839796  0.00    0.0017630    0.0013072    0.0006923
h    -1.4941724    2.4153388   -0.6498544  0.00   -0.0033765    0.0008126   -0.0005846
c     1.6627734   -1.0516895   -0.5923221  0.00   -0.0012022    0.0016964    0.0016650
c     0.8330142   -2.0055164   -1.4988675  0.00    0.0077126   -0.0006774    0.0045498
h     1.7477383   -1.4903795    0.4345283  0.00    0.0023410   -0.0030050    0.0072965
h     2.6970949   -1.0291845   -1.0207971  0.00    0.0072442    0.0021063   -0.0036363
c    -0.4099150   -2.5772734   -0.8006374  0.00   -0.0013178    0.0068449   -0.0000259
o    -0.8903239   -3.8480620   -1.1463336  0.00   -0.0055764   -0.0242119   -0.0000587
o    -1.1193156   -1.8170529    0.1236237  0.00    0.0173944    0.0117640    0.0078366
h    -2.1150781   -1.9295398   -0.0699086  0.00   -0.0138024    0.0147432   -0.0163953
n     0.5210243   -1.3291223   -2.7867758  0.00    0.0043847    0.0170911   -0.0019533
h     1.4633347   -2.9093590   -1.6961203  0.00    0.0018773   -0.0035778   -0.0000549
h     1.2113844   -1.6429694   -3.5209806  0.00    0.0067581   -0.0062964   -0.0108593
h    -0.4277105   -1.6404494   -3.1381753  0.00   -0.0160378   -0.0045029   -0.0016486
    24
 Energy =       0.0711786887
c     1.7641581    2.6084384    0.1885489  0.00    0.0037144    0.0039545    0.0021244
c     0.4785277    3.0119175   -0.0117258  0.00   -0.0006120    0.0034156    0.0010106
c    -0.4508092    2.1113344   -0.4064602  0.00   -0.0059762    0.0023253   -0.0005102
c     2.1127479    1.3074773   -0.0112841  0.00    0.0053927   -0.0016697    0.0008961
c     1.1834564    0.3906607   -0.4248101  0.00    0.0012298   -0.0038275   -0.0019000
c    -0.1099733    0.8099963   -0.6064612  0.00   -0.0053604   -0.0059523    0.0000271
o     0.0851289    4.3416566    0.1820855  0.00   -0.0045883    0.0021390   -0.0009336
h     0.8370083    4.9534855    0.4849550  0.00    0.0019426    0.0013548    0.0009061
h    -0.8917681    0.1320368   -0.9176708  0.00   -0.0066075   -0.0119626    0.0091891
h     3.1451821    1.0055465    0.1672576  0.00    0.0034725   -0.0010209    0.0005946
h     2.5160318    3.3234504    0.5123150  0.00    0.0018283    0.0013511    0.0007173
h    -1.4754151    2.4434431   -0.5578584  0.00   -0.0034294    0.0008223   -0.0005918
c     1.6265546   -1.0698603   -0.5739511  0.00   -0.0009694    0.0030361    0.0020461
c     0.8187623   -1.9791918   -1.5483968  0.00    0.0073350   -0.0019951    0.0044146
h     1.6556661   -1.5360659    0.4449794  0.00    0.0023467   -0.0035629    0.0084693
h     2.6804415   -1.0626631   -0.9545799  0.00    0.0081011    0.0024791   -0.0036919
c    -0.4355897   -2.5966244   -0.9086329  0.00   -0.0003582    0.0059955    0.0005449
o    -0.8769552   -3.8673416   -1.3050867  0.00   -0.0060921   -0.0247095   -0.0007277
o    -1.1927542   -1.8801139    0.0131953  0.00    0.0169392    0.0110563    0.0098992
h    -2.1805371   -2.0492054   -0.1827712  0.00   -0.0154039    0.0133049   -0.0154965
n     0.5324648   -1.2398527   -2.8089749  0.00    0.0050748    0.0178781   -0.0036204
h     1.4576766   -2.8699504   -1.7774316  0.00    0.0017546   -0.0040731   -0.0003514
h     1.2226307   -1.5361589   -3.5499409  0.00    0.0062969   -0.0059147   -0.0104024
h    -0.4189905   -1.5147406   -3.1827377  0.00   -0.0160311   -0.0044241   -0.0026135
    24
 Energy =       0.0702322277
c     1.8117173    2.5899779    0.1951600  0.00    0.0043118    0.0038862    0.0021790
c     0.5261785    3.0132376    0.0368141  0.00   -0.0005248    0.0035258    0.0010130
c    -0.4313248    2.1254311   -0.3192802  0.00   -0.0063871    0.0019181   -0.0007022
c     2.1322447    1.2824896   -0.0098801  0.00    0.0058420   -0.0013370    0.0011697
c     1.1737652    0.3788460   -0.3875140  0.00    0.0014222   -0.0037642   -0.0025202
c    -0.1189025    0.8175326   -0.5216853  0.00   -0.0060290   -0.0056288    0.0001230
o     0.1612373    4.3503560    0.2361837  0.00   -0.0052399    0.0018566   -0.0010869
h     0.9332621    4.9519996    0.5092146  0.00    0.0026540    0.0019482    0.0011512
h    -0.9220288    0.1511609   -0.7977298  0.00   -0.0063746   -0.0090471    0.0072198
h     3.1656231    0.9656301    0.1357277  0.00    0.0038775   -0.0010236    0.0007075
h     2.5860516    3.2944828    0.4894331  0.00    0.0023182    0.0016523    0.0008720
h    -1.4557321    2.4728876   -0.4367671  0.00   -0.0038884    0.0008187   -0.0006714
c     1.5788587   -1.0925034   -0.5414760  0.00   -0.0012095    0.0045119    0.0025829
c     0.8003053   -1.9515932   -1.5882626  0.00    0.0070347   -0.0032444    0.0039520
h     1.5377786   -1.5812894    0.4681076  0.00    0.0022654   -0.0044444    0.0101364
h     2.6537770   -1.1132057   -0.8622424  0.00    0.0097604    0.0028345   -0.0038725
c    -0.4633725   -2.6202943   -1.0171264  0.00    0.0007780    0.0049859    0.0010848
o    -0.8528479   -3.8921660   -1.4638398  0.00   -0.0066247   -0.0256046   -0.0016818
o    -1.2789846   -1.9516778   -0.1081331  0.00    0.0161876    0.0101010    0.0127366
h    -2.2527916   -2.1830724   -0.3147245  0.00   -0.0174590    0.0115150   -0.0146971
n     0.5397580   -1.1456084   -2.8149792  0.00    0.0060797    0.0190115   -0.0051316
h     1.4524686   -2.8240757   -1.8507124  0.00    0.0016566   -0.0046775   -0.0008042
h     1.2241524   -1.4268690   -3.5664008  0.00    0.0058507   -0.0055592   -0.0098621
h    -0.4175484   -1.3740021   -3.2053251  0.00   -0.0163017   -0.0042352   -0.0038979
    24
 Energy =       0.0689443882
c     1.8624758    2.5794794    0.1588948  0.00    0.0054678    0.0040254    0.0022822
c     0.5762635    3.0192949    0.0550487  0.00   -0.0001120    0.0039956    0.0010981
c    -0.4120019    2.1391739   -0.2353070  0.00   -0.0072744    0.0009067   -0.0010364
c     2.1530489    1.2635868   -0.0372350  0.00    0.0068826   -0.0001844    0.0016779
c     1.1619700    0.3676544   -0.3502396  0.00    0.0011237   -0.0040315   -0.0035648
c    -0.1299610    0.8226139   -0.4244440  0.00   -0.0070643   -0.0054582    0.0001328
o     0.2416646    4.3656163    0.2461074  0.00   -0.0062789    0.0010422   -0.0013327
h     1.0353822    4.9605733    0.4716369  0.00    0.0040981    0.0031077    0.0015468
h    -0.9565657    0.1616471   -0.6389766  0.00   -0.0068441   -0.0065600    0.0052489
h     3.1884515    0.9349449    0.0641584  0.00    0.0046201   -0.0007746    0.0009235
h     2.6615050    3.2777242    0.4020789  0.00    0.0034321    0.0024025    0.0011588
h    -1.4367272    2.4994706   -0.3084762  0.00   -0.0046471    0.0006774   -0.0007801
c     1.5253057   -1.1157194   -0.4948147  0.00   -0.0021457    0.0053452    0.0028188
c     0.7811672   -1.9288830   -1.6054205  0.00    0.0065543   -0.0037504    0.0030578
h     1.4075282   -1.6148356    0.5050495  0.00    0.0019595   -0.0052441    0.0115184
h     2.6178301   -1.1748250   -0.7494532  0.00    0.0115571    0.0026486   -0.0040496
c    -0.4900686   -2.6408272   -1.1039619  0.00    0.0015832    0.0038891    0.0012756
o    -0.8267316   -3.9125162   -1.5922040  0.00   -0.0066616   -0.0251214   -0.0024544
o    -1.3627221   -2.0140973   -0.2175110  0.00    0.0156388    0.0088930    0.0146607
h    -2.3174858   -2.3158612   -0.4267541  0.00   -0.0194790    0.0089532   -0.0136936
n     0.5463619   -1.0673211   -2.7998300  0.00    0.0067145    0.0189031   -0.0056862
h     1.4486121   -2.7821139   -1.8924298  0.00    0.0014806   -0.0048301   -0.0011731
h     1.2242813   -1.3370918   -3.5602212  0.00    0.0052252   -0.0050222   -0.0088964
h    -0.4159386   -1.2500137   -3.2011337  0.00   -0.0158305   -0.0038128   -0.0047330
    24
 Energy =       0.0674768208
c     1.8991199    2.5683279    0.1194063  0.00    0.0062424    0.0038726    0.0021924
c     0.6136724    3.0208548    0.0698226  0.00    0.0002167    0.0042492    0.0010942
c    -0.3981865    2.1467370   -0.1545033  0.00   -0.0077266   -0.0000087   -0.0012155
c     2.1652363    1.2460641   -0.0669905  0.00    0.0075606    0.0009556    0.0019759
c     1.1484442    0.3561039   -0.3127439  0.00    0.0006076   -0.0042130   -0.0042838
c    -0.1406992    0.8235483   -0.3290649  0.00   -0.0074861   -0.0048958    0.0001292
o     0.3038484    4.3742052    0.2519552  0.00   -0.0067646    0.0002779   -0.0014157
h     1.1140474    4.9637095    0.4316971  0.00    0.0050344    0.0038174    0.0017022
h    -0.9843216    0.1650755   -0.4802235  0.00   -0.0070469   -0.0043131    0.0039610
h     3.2014974    0.9085855   -0.0112886  0.00    0.0051782   -0.0004653    0.0010467
h     2.7172986    3.2618479    0.3106829  0.00    0.0042654    0.0029024    0.0012864
h    -1.4219088    2.5169718   -0.1837186  0.00   -0.0051164    0.0005279   -0.0007978
c     1.4764311   -1.1356906   -0.4501352  0.00   -0.0027774    0.0058818    0.0028466
c     0.7718266   -1.9070541   -1.6172198  0.00    0.0060796   -0.0039505    0.0019697
h     1.2857700   -1.6416569    0.5355271  0.00    0.0014922   -0.0056208    0.0121404
h     2.5803590   -1.2301809   -0.6390338  0.00    0.0125175    0.0021641   -0.0039019
c    -0.5069861   -2.6516776   -1.1858177  0.00    0.0021021    0.0025660    0.0010681
o    -0.7905158   -3.9243225   -1.7023474  0.00   -0.0062014   -0.0233596   -0.0029709
o    -1.4364407   -2.0552873   -0.3360065  0.00    0.0146091    0.0080809    0.0156248
h    -2.3667005   -2.4279677   -0.5443335  0.00   -0.0206598    0.0059591   -0.0125421
n     0.5659049   -0.9996704   -2.7824753  0.00    0.0072340    0.0178477   -0.0055163
h     1.4554027   -2.7419898   -1.9190353  0.00    0.0012541   -0.0045676   -0.0014418
h     1.2331543   -1.2668765   -3.5519305  0.00    0.0045619   -0.0044189   -0.0076256
h    -0.4026085   -1.1319825   -3.1876608  0.00   -0.0151764   -0.0032892   -0.0053262
    24
 Energy =       0.0654172183
c     1.9189280    2.5572988    0.0729902  0.00    0.0064041    0.0033789    0.0018791
c     0.6355150    3.0180442    0.0782336  0.00    0.0004741    0.0041303    0.0009744
c    -0.3926397    2.1471417   -0.0769845  0.00   -0.0075275   -0.0008767   -0.0012321
c     2.1663541    1.2302184   -0.0999587  0.00    0.0075877    0.0020889    0.0020057
c     1.1312735    0.3436546   -0.2725330  0.00   -0.0003531   -0.0042077   -0.0045533
c    -0.1533828    0.8189402   -0.2338887  0.00   -0.0071216   -0.0040174    0.0000645
o     0.3446938    4.3768037    0.2484001  0.00   -0.0066225   -0.0005452   -0.0013455
h     1.1666809    4.9632714    0.3798347  0.00    0.0054874    0.0041259    0.0016413
h    -1.0065549    0.1590865   -0.3214704  0.00   -0.0066430   -0.0023946    0.0031244
h     3.2020805    0.8869989   -0.0922621  0.00    0.0053486   -0.0000569    0.0010314
h     2.7506087    3.2485132    0.2086427  0.00    0.0047171    0.0031350    0.0012470
h    -1.4140548    2.5241176   -0.0628236  0.00   -0.0050487    0.0003284   -0.0007138
c     1.4304657   -1.1532167   -0.4022242  0.00   -0.0031516    0.0061437    0.0025266
c     0.7762311   -1.8850584   -1.6230816  0.00    0.0054384   -0.0038764    0.0006100
h     1.1634617   -1.6629440    0.5633188  0.00    0.0007927   -0.0055215    0.0119617
h     2.5409306   -1.2809721   -0.5180295  0.00    0.0126128    0.0013341   -0.0033567
c    -0.5109683   -2.6531268   -1.2669728  0.00    0.0020735    0.0008853    0.0007230
o    -0.7423462   -3.9252372   -1.8053399  0.00   -0.0051776   -0.0196718   -0.0031058
o    -1.4947281   -2.0803571   -0.4625619  0.00    0.0134643    0.0081465    0.0151087
h    -2.3933449   -2.5317274   -0.6555522  0.00   -0.0209375    0.0019323   -0.0108766
n     0.6068986   -0.9385753   -2.7615034  0.00    0.0079564    0.0157722   -0.0039992
h     1.4781604   -2.7023319   -1.9289704  0.00    0.0009887   -0.0038217   -0.0016129
h     1.2512040   -1.2191470   -3.5444742  0.00    0.0041461   -0.0038240   -0.0061224
h    -0.3718217   -1.0037210   -3.1582270  0.00   -0.0149090   -0.0025873   -0.0059795
    24
 Energy =       0.0618300109
c     1.9051672    2.5641097   -0.0141281  0.00    0.0032864    0.0026728    0.0011258
c     0.6253115    3.0268218    0.0085637  0.00    0.0006398    0.0021578    0.0005296
c    -0.4052528    2.1531481   -0.0883714  0.00   -0.0042213   -0.0007662   -0.0007474
c     2.1463996    1.2318164   -0.1403029  0.00    0.0042027    0.0018718    0.0011843
c     1.1084232    0.3432933   -0.2449395  0.00   -0.0018971   -0.0035430   -0.0033124
c    -0.1712430    0.8202268   -0.2021100  0.00   -0.0035820   -0.0029698   -0.0001475
o     0.3413731    4.3913161    0.1363652  0.00   -0.0039001   -0.0001234   -0.0007394
h     1.1659500    4.9806492    0.2210815  0.00    0.0037646    0.0030761    0.0010769
h    -1.0207027    0.1510685   -0.2556403  0.00   -0.0035157   -0.0020162    0.0014128
h     3.1788573    0.8862496   -0.1518700  0.00    0.0027672    0.0004263    0.0006038
h     2.7390814    3.2583041    0.0701116  0.00    0.0030423    0.0024130    0.0008261
h    -1.4229292    2.5330471   -0.0649151  0.00   -0.0023637    0.0000698   -0.0003699
c     1.3921787   -1.1556067   -0.3331074  0.00   -0.0033928    0.0039013    0.0004706
c     0.8005019   -1.8774003   -1.5843554  0.00    0.0023380   -0.0013221   -0.0004099
h     1.0435619   -1.6440329    0.6136550  0.00   -0.0002667   -0.0037841    0.0084363
h     2.5012467   -1.3143903   -0.3623242  0.00    0.0093999   -0.0004573   -0.0020919
c    -0.4883548   -2.6534625   -1.2831357  0.00    0.0022416    0.0016611    0.0008092
o    -0.7174535   -3.8878860   -1.8957196  0.00   -0.0025798   -0.0129572   -0.0031433
o    -1.4645021   -2.1322404   -0.4367159  0.00    0.0162987    0.0118010    0.0094994
h    -2.3283060   -2.6743444   -0.5417452  0.00   -0.0214693   -0.0049088   -0.0060301
n     0.6662326   -0.9231858   -2.7148666  0.00    0.0051270    0.0085873   -0.0004203
h     1.5234361   -2.6817974   -1.8693847  0.00    0.0008048   -0.0020051   -0.0011538
h     1.2826779   -1.2316683   -3.5073530  0.00    0.0029876   -0.0021759   -0.0034604
h    -0.3180094   -0.9263611   -3.0942299  0.00   -0.0097121   -0.0016091   -0.0039483
    24
 Energy =       0.0607747026
c     1.8906052    2.5773001   -0.0677636  0.00    0.0021220    0.0020826    0.0007794
c     0.6107933    3.0387204   -0.0590475  0.00    0.0004263    0.0013451    0.0003519
c    -0.4172361    2.1619708   -0.1383223  0.00   -0.0028746   -0.0002897   -0.0004819
c     2.1344667    1.2431128   -0.1593851  0.00    0.0028614    0.0009573    0.0007630
c     1.0993339    0.3521405   -0.2434077  0.00   -0.0012136   -0.0027063   -0.0022330
c    -0.1804954    0.8274441   -0.2208854  0.00   -0.0023944   -0.0021748   -0.0001165
o     0.3245077    4.4053512    0.0351506  0.00   -0.0027797    0.0004595   -0.0004547
h     1.1474385    4.9976257    0.1032056  0.00    0.0025887    0.0022342    0.0007545
h    -1.0266450    0.1534485   -0.2699466  0.00   -0.0022996   -0.0011095    0.0008226
h     3.1663875    0.8979398   -0.1615299  0.00    0.0018469    0.0002258    0.0003893
h     2.7223900    3.2741511    0.0000388  0.00    0.0020503    0.0017250    0.0005724
h    -1.4347199    2.5412655   -0.1284941  0.00   -0.0016100    0.0001519   -0.0002253
c     1.3839231   -1.1467241   -0.2992245  0.00   -0.0022537    0.0023459    0.0003265
c     0.8059581   -1.8867236   -1.5432287  0.00    0.0014080   -0.0008084   -0.0002719
h     1.0185931   -1.6152846    0.6483779  0.00   -0.0003578   -0.0026484    0.0057267
h     2.4897682   -1.3098325   -0.3061388  0.00    0.0063457   -0.0004655   -0.0014471
c    -0.4865528   -2.6521627   -1.2424933  0.00    0.0052707    0.0023408   -0.0002577
o    -0.7631912   -3.8384404   -1.9284029  0.00   -0.0012954   -0.0138684   -0.0059132
o    -1.4137337   -2.1746340   -0.3138994  0.00    0.0080668    0.0114359    0.0110933
h    -2.2702282   -2.7269324   -0.3829921  0.00   -0.0153820   -0.0033359   -0.0038318
n     0.6859138   -0.9507614   -2.6887211  0.00    0.0040616    0.0067304    0.0022548
h     1.5283586   -2.6979035   -1.8072924  0.00    0.0007058   -0.0014972   -0.0007922
h     1.3477831   -1.2428411   -3.4508621  0.00    0.0035740   -0.0022702   -0.0041347
h    -0.2797731   -0.9905556   -3.1101735  0.00   -0.0088675   -0.0008599   -0.0036744
    24
 Energy =       0.0598259548
c     1.8973884    2.5670119   -0.1551325  0.00    0.0034858    0.0019022    0.0004586
c     0.6214726    3.0365347   -0.0838814  0.00    0.0007272    0.0019583    0.0002506
c    -0.4158242    2.1644652   -0.0777314  0.00   -0.0041707   -0.0016210   -0.0003297
c     2.1279227    1.2294669   -0.2220737  0.00    0.0041581    0.0024312    0.0004727
c     1.0829739    0.3441575   -0.2146567  0.00   -0.0025883   -0.0035303   -0.0017319
c    -0.1917499    0.8268230   -0.1353189  0.00   -0.0033839   -0.0020462   -0.0001306
o     0.3489877    4.4070113   -0.0121897  0.00   -0.0041206   -0.0012727   -0.0003240
h     1.1788807    4.9957217   -0.0105094  0.00    0.0044747    0.0034613    0.0005379
h    -1.0427830    0.1540904   -0.1179980  0.00   -0.0032097   -0.0016784    0.0005638
h     3.1565406    0.8768666   -0.2800197  0.00    0.0029721    0.0005347    0.0001948
h     2.7366678    3.2602382   -0.1587143  0.00    0.0034469    0.0024911    0.0003814
h    -1.4297626    2.5503821   -0.0209906  0.00   -0.0022943   -0.0000647   -0.0001142
c     1.3495882   -1.1564105   -0.2577152  0.00   -0.0018508    0.0015352    0.0001027
c     0.7998629   -1.8807631   -1.5219350  0.00    0.0008031   -0.0002989    0.0001858
h     0.9425889   -1.6185809    0.6742356  0.00   -0.0005052   -0.0018638    0.0041464
h     2.4503217   -1.3379175   -0.2201394  0.00    0.0046773   -0.0008316   -0.0008077
c    -0.5082910   -2.6326527   -1.2625741  0.00    0.0031492    0.0019215    0.0004720
o    -0.7988451   -3.7837567   -1.9966439  0.00   -0.0011709   -0.0101022   -0.0044566
o    -1.4298451   -2.1840363   -0.3173616  0.00    0.0048456    0.0071001    0.0067988
h    -2.2711014   -2.7540970   -0.3773740  0.00   -0.0094120   -0.0020114   -0.0021839
n     0.7192583   -0.9349360   -2.6616991  0.00    0.0032397    0.0067463    0.0080940
h     1.5198043   -2.6972931   -1.7730091  0.00    0.0005762   -0.0010474   -0.0003342
h     1.4511606   -1.1812773   -3.3783384  0.00    0.0069079   -0.0028568   -0.0076305
h    -0.2115717   -1.0133742   -3.1536674  0.00   -0.0107572   -0.0008566   -0.0046164
    24
 Energy =       0.0588807350
c     1.8490272    2.5678698   -0.2239838  0.00    0.0029723    0.0014819    0.0001839
c     0.5743519    3.0294185   -0.1029680  0.00    0.0007880    0.0016672    0.0001061
c    -0.4533950    2.1501715   -0.0206530  0.00   -0.0035273   -0.0018008   -0.0001420
c     2.0878715    1.2313246   -0.2627294  0.00    0.0035167    0.0024700    0.0000834
c     1.0532332    0.3400177   -0.1732840  0.00   -0.0027566   -0.0029525   -0.0003671
c    -0.2203354    0.8134039   -0.0502128  0.00   -0.0026717   -0.0016374   -0.0001859
o     0.2936546    4.3990018   -0.0578260  0.00   -0.0034503   -0.0015887   -0.0001458
h     1.1172098    4.9933141   -0.1149217  0.00    0.0040982    0.0031187    0.0002492
h    -1.0621678    0.1321184    0.0259278  0.00   -0.0027264   -0.0014720    0.0004096
h     3.1140933    0.8834952   -0.3666278  0.00    0.0025072    0.0006271    0.0000293
h     2.6804923    3.2666365   -0.2917158  0.00    0.0031533    0.0022676    0.0001598
h    -1.4664144    2.5299961    0.0730538  0.00   -0.0017947   -0.0001914   -0.0000321
c     1.3275445   -1.1572475   -0.2006060  0.00   -0.0014352    0.0011153    0.0008291
c     0.8464641   -1.8746971   -1.4957068  0.00    0.0012907    0.0001427    0.0021629
h     0.8713780   -1.6226522    0.7053036  0.00   -0.0007750   -0.0009838    0.0030574
h     2.4238740   -1.3355934   -0.0991417  0.00    0.0036997   -0.0010153   -0.0001740
c    -0.4879738   -2.6058603   -1.3192808  0.00    0.0012945    0.0031025    0.0025594
o    -0.7951256   -3.6902471   -2.1443034  0.00   -0.0023558   -0.0106802   -0.0062266
o    -1.4095973   -2.2127774   -0.3509848  0.00    0.0016112    0.0046908    0.0044144
h    -2.2385544   -2.7933266   -0.4302418  0.00   -0.0042770   -0.0010183   -0.0007604
n     0.8512437   -0.9290856   -2.6397963  0.00    0.0019533    0.0052964    0.0019453
h     1.5696772   -2.7015821   -1.7001631  0.00    0.0015109   -0.0009264   -0.0002952
h     1.6099127   -1.1946104   -3.3168384  0.00    0.0041584   -0.0013714   -0.0047031
h    -0.0528186   -0.9814138   -3.1777378  0.00   -0.0067842   -0.0003421   -0.0031577
    24
 Energy =       0.0581992586
c     1.7892369    2.5761779   -0.2881699  0.00    0.0030095    0.0013944   -0.0000121
c     0.5142825    3.0225687   -0.1213209  0.00    0.0008079    0.0016571    0.0000241
c    -0.4957034    2.1312015    0.0266506  0.00   -0.0034651   -0.0018651    0.0000427
c     2.0461034    1.2427657   -0.3060558  0.00    0.0034543    0.0024220   -0.0001815
c     1.0303154    0.3399357   -0.1478413  0.00   -0.0025141   -0.0026510    0.0003815
c    -0.2440651    0.7974416    0.0180534  0.00   -0.0026497   -0.0015069   -0.0001254
o     0.2153447    4.3887340   -0.0955867  0.00   -0.0034162   -0.0016725    0.0000302
h     1.0267707    4.9926798   -0.2030598  0.00    0.0040892    0.0031096    0.0000103
h    -1.0713077    0.1055647    0.1471511  0.00   -0.0027943   -0.0015426    0.0004257
h     3.0710374    0.9056822   -0.4503044  0.00    0.0024350    0.0005958   -0.0001070
h     2.6063068    3.2843880   -0.4102787  0.00    0.0031304    0.0022355   -0.0000248
h    -1.5093041    2.4990722    0.1555935  0.00   -0.0018267   -0.0002017    0.0000592
c     1.3259581   -1.1526711   -0.1593090  0.00   -0.0012463    0.0003208    0.0011602
c     0.8950485   -1.8766929   -1.4666363  0.00    0.0011705    0.0001278    0.0038444
h     0.8497838   -1.6245385    0.7315192  0.00   -0.0005821   -0.0005233    0.0020292
h     2.4202922   -1.3135018   -0.0228852  0.00    0.0027347   -0.0009320   -0.0000210
c    -0.4634072   -2.5758972   -1.3526606  0.00    0.0004483    0.0029642    0.0032977
o    -0.7890853   -3.5992479   -2.2456766  0.00   -0.0026652   -0.0101298   -0.0066696
o    -1.3820909   -2.2253326   -0.3659405  0.00    0.0014035    0.0044678    0.0039312
h    -2.2157493   -2.7928873   -0.4781820  0.00   -0.0031582   -0.0013015   -0.0006732
n     0.9815051   -0.9455124   -2.6202054  0.00    0.0011394    0.0056369    0.0003459
h     1.6091718   -2.7224488   -1.6224244  0.00    0.0020904   -0.0013626   -0.0001646
h     1.7672666   -1.2367441   -3.2541115  0.00    0.0042319   -0.0012311   -0.0043925
h     0.1059345   -0.9830628   -3.2037567  0.00   -0.0058269   -0.0000119   -0.0032107
    24
 Energy =       0.0575072580
c     1.7205297    2.5897376   -0.3508236  0.00    0.0029599    0.0015374   -0.0001563
c     0.4441466    3.0161240   -0.1469044  0.00    0.0008653    0.0016368   -0.0000494
c    -0.5423724    2.1096320    0.0579087  0.00   -0.0033987   -0.0018092    0.0001890
c     2.0022762    1.2612550   -0.3483201  0.00    0.0034035    0.0022987   -0.0003541
c     1.0110446    0.3437045   -0.1316800  0.00   -0.0023139   -0.0024409    0.0008080
c    -0.2653752    0.7806777    0.0698941  0.00   -0.0026030   -0.0016081   -0.0000304
o     0.1199838    4.3768889   -0.1404379  0.00   -0.0033842   -0.0014594    0.0001686
h     0.9152863    4.9929793   -0.2909584  0.00    0.0040398    0.0031623   -0.0001868
h    -1.0736579    0.0761670    0.2456841  0.00   -0.0028587   -0.0017360    0.0004913
h     3.0269225    0.9389362   -0.5245367  0.00    0.0022952    0.0005660   -0.0001994
h     2.5187023    3.3098112   -0.5194525  0.00    0.0030775    0.0022787   -0.0001767
h    -1.5575138    2.4616670    0.2157794  0.00   -0.0018145   -0.0001970    0.0001264
c     1.3363405   -1.1424773   -0.1233243  0.00   -0.0013258   -0.0003895    0.0014066
c     0.9465725   -1.8819543   -1.4332019  0.00    0.0007900    0.0001504    0.0053837
h     0.8532109   -1.6201572    0.7597628  0.00   -0.0004257   -0.0003211    0.0013646
h     2.4305830   -1.2783404    0.0354177  0.00    0.0022598   -0.0008519    0.0000747
c    -0.4338033   -2.5443948   -1.3713296  0.00    0.0003886    0.0029854    0.0038509
o    -0.7833044   -3.5001652   -2.3291527  0.00   -0.0029954   -0.0106058   -0.0081931
o    -1.3418520   -2.2420663   -0.3585602  0.00    0.0014941    0.0053111    0.0049443
h    -2.1847268   -2.7884868   -0.5031628  0.00   -0.0029548   -0.0017262   -0.0008887
n     1.1115856   -0.9745028   -2.5979262  0.00    0.0005372    0.0063514   -0.0005967
h     1.6450893   -2.7488155   -1.5391319  0.00    0.0025623   -0.0019551   -0.0000541
h     1.9192897   -1.2965368   -3.1882131  0.00    0.0047649   -0.0013864   -0.0044780
h     0.2646876   -1.0020088   -3.2227683  0.00   -0.0053637    0.0002083   -0.0034444
    24
 Energy =       0.0567356915
c     1.6460054    2.6047573   -0.4173803  0.00    0.0028956    0.0017694   -0.0003010
c     0.3683384    3.0088224   -0.1791073  0.00    0.0009311    0.0016298   -0.0001277
c    -0.5904798    2.0866033    0.0808356  0.00   -0.0033589   -0.0017449    0.0003354
c     1.9567384    1.2828928   -0.3935631  0.00    0.0033789    0.0021901   -0.0004993
c     0.9942506    0.3500136   -0.1209340  0.00   -0.0021616   -0.0023071    0.0010436
c    -0.2840463    0.7641889    0.1142524  0.00   -0.0025579   -0.0018038    0.0000977
o     0.0148312    4.3624031   -0.1928553  0.00   -0.0034001   -0.0011998    0.0003062
h     0.7909554    4.9913089   -0.3850738  0.00    0.0040180    0.0032875   -0.0003957
h    -1.0699221    0.0465591    0.3354393  0.00   -0.0029147   -0.0019730    0.0005964
h     2.9810455    0.9771680   -0.5987981  0.00    0.0021571    0.0005421   -0.0002849
h     2.4219218    3.3372002   -0.6308042  0.00    0.0030344    0.0023744   -0.0003346
h    -1.6070576    2.4209256    0.2657073  0.00   -0.0017978   -0.0001951    0.0001910
c     1.3537386   -1.1278311   -0.0893748  0.00   -0.0014634   -0.0009979    0.0015637
c     0.9993574   -1.8879862   -1.3956689  0.00    0.0003214    0.0001384    0.0065038
h     0.8705871   -1.6098940    0.7907115  0.00   -0.0002888   -0.0002344    0.0008919
h     2.4485839   -1.2346991    0.0846183  0.00    0.0019747   -0.0007665    0.0001638
c    -0.4008026   -2.5106979   -1.3797828  0.00    0.0004821    0.0028442    0.0039268
o    -0.7740434   -3.3950489   -2.3963190  0.00   -0.0031518   -0.0106528   -0.0094708
o    -1.2959202   -2.2616512   -0.3405659  0.00    0.0014449    0.0058986    0.0061861
h    -2.1483467   -2.7842781   -0.5146318  0.00   -0.0028252   -0.0019635   -0.0011057
n     1.2401402   -1.0104248   -2.5705804  0.00    0.0001248    0.0069107   -0.0011527
h     1.6775193   -2.7758268   -1.4517082  0.00    0.0028381   -0.0024918    0.0000655
h     2.0668102   -1.3638109   -3.1152882  0.00    0.0052676   -0.0016162   -0.0045225
h     0.4234407   -1.0330200   -3.2345665  0.00   -0.0049485    0.0003617   -0.0036767
    24
 Energy =       0.0558851856
c     1.5688393    2.6178920   -0.4857544  0.00    0.0027379    0.0019635   -0.0004337
c     0.2908447    2.9993517   -0.2146203  0.00    0.0009634    0.0015856   -0.0002028
c    -0.6374230    2.0626651    0.0992788  0.00   -0.0032381   -0.0016549    0.0004669
c     1.9104867    1.3041759   -0.4402958  0.00    0.0032639    0.0020533   -0.0006059
c     0.9794918    0.3572648   -0.1133466  0.00   -0.0019960   -0.0021781    0.0011226
c    -0.2996796    0.7483792    0.1542606  0.00   -0.0024360   -0.0019716    0.0002343
o    -0.0938870    4.3441851   -0.2488877  0.00   -0.0033545   -0.0009571    0.0004326
h     0.6608325    4.9850931   -0.4822944  0.00    0.0039086    0.0033632   -0.0006007
h    -1.0607928    0.0185405    0.4195748  0.00   -0.0028571   -0.0021395    0.0007038
h     2.9337980    1.0152365   -0.6727620  0.00    0.0019697    0.0005083   -0.0003544
h     2.3202208    3.3617277   -0.7428473  0.00    0.0029093    0.0024220   -0.0004819
h    -1.6546751    2.3790051    0.3100369  0.00   -0.0017234   -0.0001951    0.0002449
c     1.3748761   -1.1104657   -0.0570768  0.00   -0.0015516   -0.0014305    0.0016104
c     1.0515013   -1.8933535   -1.3560605  0.00   -0.0000907    0.0000901    0.0072014
h     0.8952378   -1.5956226    0.8228389  0.00   -0.0001762   -0.0002029    0.0005603
h     2.4702792   -1.1868536    0.1276190  0.00    0.0017493   -0.0006601    0.0002319
c    -0.3668188   -2.4731645   -1.3829957  0.00    0.0005276    0.0027018    0.0037543
o    -0.7626825   -3.2819326   -2.4529514  0.00   -0.0032103   -0.0102188   -0.0103530
o    -1.2491331   -2.2813578   -0.3203226  0.00    0.0014206    0.0060424    0.0072541
h    -2.1111983   -2.7775351   -0.5222973  0.00   -0.0027308   -0.0020632   -0.0012977
n     1.3665052   -1.0495655   -2.5383146  0.00   -0.0000762    0.0072129   -0.0014020
h     1.7048080   -2.8014687   -1.3631695  0.00    0.0029101   -0.0028767    0.0002110
h     2.2100204   -1.4331987   -3.0347882  0.00    0.0056139   -0.0018481   -0.0044159
h     0.5821939   -1.0713241   -3.2402618  0.00   -0.0045335    0.0004536   -0.0038805
    24
 Energy =       0.0549891274
c     1.4903403    2.6268031   -0.5543487  0.00    0.0025311    0.0020414   -0.0005570
c     0.2138245    2.9864515   -0.2489678  0.00    0.0009420    0.0015140   -0.0002695
c    -0.6813311    2.0374855    0.1193069  0.00   -0.0030478   -0.0015823    0.0005925
c     1.8636918    1.3226150   -0.4882139  0.00    0.0030617    0.0019122   -0.0006887
c     0.9666134    0.3638844   -0.1069721  0.00   -0.0017799   -0.0020652    0.0010797
c    -0.3115637    0.7327617    0.1946361  0.00   -0.0022808   -0.0020333    0.0003733
o    -0.2028495    4.3211460   -0.3027431  0.00   -0.0032523   -0.0008417    0.0005650
h     0.5282658    4.9724475   -0.5784705  0.00    0.0037275    0.0033732   -0.0008074
h    -1.0458346   -0.0076804    0.5038780  0.00   -0.0026933   -0.0021932    0.0008060
h     2.8846666    1.0498025   -0.7485641  0.00    0.0017668    0.0004632   -0.0004160
h     2.2151089    3.3803199   -0.8553575  0.00    0.0027132    0.0023942   -0.0006179
h    -1.6978285    2.3364190    0.3570505  0.00   -0.0016194   -0.0002001    0.0002947
c     1.3980146   -1.0922195   -0.0270315  0.00   -0.0015389   -0.0016347    0.0015122
c     1.1021766   -1.8969404   -1.3171856  0.00   -0.0003440    0.0000002    0.0073886
h     0.9234296   -1.5802873    0.8537884  0.00   -0.0000978   -0.0001854    0.0003302
h     2.4935474   -1.1381526    0.1653448  0.00    0.0015102   -0.0005350    0.0002604
c    -0.3326355   -2.4307161   -1.3860234  0.00    0.0003978    0.0026161    0.0035574
o    -0.7482793   -3.1604005   -2.5041345  0.00   -0.0031947   -0.0092325   -0.0105662
o    -1.2052392   -2.2971024   -0.3063997  0.00    0.0015900    0.0056340    0.0076665
h    -2.0769360   -2.7635231   -0.5361434  0.00   -0.0026897   -0.0020577   -0.0014437
n     1.4904923   -1.0886301   -2.5021860  0.00   -0.0000721    0.0071388   -0.0013941
h     1.7263512   -2.8242943   -1.2777393  0.00    0.0027578   -0.0030115    0.0003748
h     2.3486728   -1.5005860   -2.9480221  0.00    0.0056704   -0.0020040   -0.0040730
h     0.7409470   -1.1119291   -3.2409392  0.00   -0.0040580    0.0004895   -0.0039679
    24
 Energy =       0.0541114144
c     1.4097881    2.6311839   -0.6222930  0.00    0.0022381    0.0020069   -0.0006537
c     0.1365303    2.9697283   -0.2816956  0.00    0.0008725    0.0013919   -0.0003226
c    -0.7226787    2.0107296    0.1413873  0.00   -0.0027604   -0.0014939    0.0006962
c     1.8159278    1.3380433   -0.5360617  0.00    0.0027473    0.0017279   -0.0007331
c     0.9553965    0.3697168   -0.1005771  0.00   -0.0015200   -0.0019579    0.0009562
c    -0.3199412    0.7171076    0.2361438  0.00   -0.0020564   -0.0019946    0.0004977
o    -0.3131327    4.2927352   -0.3544724  0.00   -0.0030640   -0.0007947    0.0006914
h     0.3918174    4.9526695   -0.6739119  0.00    0.0034447    0.0032922   -0.0010006
h    -1.0252187   -0.0323688    0.5888182  0.00   -0.0024001   -0.0021166    0.0008776
h     2.8332839    1.0808400   -0.8246690  0.00    0.0015253    0.0004005   -0.0004560
h     2.1056439    3.3926255   -0.9675067  0.00    0.0024254    0.0022758   -0.0007268
h    -1.7370281    2.2927542    0.4068364  0.00   -0.0014590   -0.0002027    0.0003300
c     1.4229580   -1.0733066    0.0015595  0.00   -0.0014201   -0.0016383    0.0013144
c     1.1525301   -1.8984446   -1.2792149  0.00   -0.0004772   -0.0001453    0.0070410
h     0.9540718   -1.5645444    0.8835653  0.00   -0.0000574   -0.0001672    0.0001727
h     2.5180368   -1.0888832    0.1998487  0.00    0.0012574   -0.0004029    0.0002539
c    -0.2964948   -2.3840816   -1.3903745  0.00    0.0002278    0.0026051    0.0034362
o    -0.7277972   -3.0308003   -2.5522084  0.00   -0.0031213   -0.0078387   -0.0101409
o    -1.1641409   -2.3083663   -0.3014561  0.00    0.0018802    0.0047849    0.0073668
h    -2.0450570   -2.7413858   -0.5596559  0.00   -0.0026835   -0.0019521   -0.0015276
n     1.6135925   -1.1268688   -2.4620336  0.00    0.0000552    0.0066331   -0.0014334
h     1.7440155   -2.8435996   -1.1955700  0.00    0.0024175   -0.0028853    0.0005197
h     2.4818419   -1.5675337   -2.8571190  0.00    0.0053133   -0.0020047   -0.0034423
h     0.8997001   -1.1502756   -3.2347775  0.00   -0.0033851    0.0004768   -0.0037169
    24
 Energy =       0.0533287493
c     1.3260504    2.6314406   -0.6897094  0.00    0.0017992    0.0018818   -0.0006935
c     0.0572960    2.9491122   -0.3146982  0.00    0.0007680    0.0011883   -0.0003532
c    -0.7629208    1.9822672    0.1631051  0.00   -0.0023360   -0.0013310    0.0007430
c     1.7668030    1.3512793   -0.5827265  0.00    0.0022911    0.0014511   -0.0007114
c     0.9455935    0.3754685   -0.0935313  0.00   -0.0012398   -0.0018261    0.0007909
c    -0.3256132    0.7016453    0.2775308  0.00   -0.0016973   -0.0018788    0.0005788
o    -0.4271969    4.2584360   -0.4073282  0.00   -0.0027443   -0.0007053    0.0007740
h     0.2486935    4.9251435   -0.7716259  0.00    0.0030082    0.0030775   -0.0011432
h    -0.9997943   -0.0554613    0.6724221  0.00   -0.0019553   -0.0019051    0.0008779
h     2.7797508    1.1096634   -0.8985505  0.00    0.0012114    0.0003180   -0.0004467
h     1.9905296    3.3991005   -1.0790094  0.00    0.0020168    0.0020504   -0.0007809
h    -1.7741771    2.2474844    0.4555110  0.00   -0.0012010   -0.0001918    0.0003296
c     1.4499808   -1.0528552    0.0301621  0.00   -0.0012103   -0.0014936    0.0010817
c     1.2041118   -1.8978251   -1.2406969  0.00   -0.0005699   -0.0003348    0.0061483
h     0.9872027   -1.5473132    0.9135696  0.00   -0.0000485   -0.0001467    0.0000679
h     2.5439133   -1.0376636    0.2334595  0.00    0.0010081   -0.0002750    0.0002271
c    -0.2560747   -2.3348984   -1.3951868  0.00    0.0002085    0.0026056    0.0033722
o    -0.6979343   -2.8940000   -2.5969519  0.00   -0.0029668   -0.0061916   -0.0091811
o    -1.1242036   -2.3165345   -0.3047099  0.00    0.0020876    0.0036568    0.0064887
h    -2.0133044   -2.7125637   -0.5922905  0.00   -0.0026304   -0.0017263   -0.0015194
n     1.7372696   -1.1647156   -2.4167659  0.00    0.0002406    0.0057014   -0.0016192
h     1.7602638   -2.8588272   -1.1144817  0.00    0.0019414   -0.0025234    0.0006018
h     2.6089526   -1.6368450   -2.7632267  0.00    0.0045376   -0.0018295   -0.0025744
h     1.0584532   -1.1838636   -3.2197083  0.00   -0.0025187    0.0004283   -0.0030588
    24
 Energy =       0.0527120352
c     1.2390018    2.6275030   -0.7571695  0.00    0.0012164    0.0016247   -0.0006456
c    -0.0243039    2.9244610   -0.3492546  0.00    0.0006195    0.0008897   -0.0003430
c    -0.8025058    1.9523212    0.1831415  0.00   -0.0017535   -0.0010608    0.0006974
c     1.7164681    1.3626835   -0.6281185  0.00    0.0016835    0.0010614   -0.0006082
c     0.9372944    0.3818151   -0.0856714  0.00   -0.0009263   -0.0016147    0.0005969
c    -0.3288281    0.6869626    0.3181285  0.00   -0.0011922   -0.0016421    0.0005844
o    -0.5457865    4.2176415   -0.4633134  0.00   -0.0022475   -0.0005441    0.0007742
h     0.0979056    4.8887417   -0.8738160  0.00    0.0023730    0.0026561   -0.0011788
h    -0.9700545   -0.0762171    0.7537934  0.00   -0.0013686   -0.0015389    0.0007637
h     2.7244859    1.1368069   -0.9696096  0.00    0.0008339    0.0002246   -0.0003677
h     1.8696460    3.3993858   -1.1904255  0.00    0.0014767    0.0016798   -0.0007442
h    -1.8099982    2.2007435    0.5011214  0.00   -0.0008438   -0.0001590    0.0002798
c     1.4791980   -1.0300901    0.0593195  0.00   -0.0009075   -0.0012023    0.0008154
c     1.2569663   -1.8949615   -1.2007726  0.00   -0.0006251   -0.0004770    0.0046852
h     1.0233759   -1.5274322    0.9447408  0.00   -0.0000572   -0.0001261    0.0000042
h     2.5712818   -0.9835862    0.2665391  0.00    0.0007433   -0.0001566    0.0001849
c    -0.2109990   -2.2840932   -1.3992780  0.00    0.0004200    0.0024582    0.0032908
o    -0.6584905   -2.7491377   -2.6373413  0.00   -0.0026563   -0.0043880   -0.0077530
o    -1.0844962   -2.3229270   -0.3142976  0.00    0.0020204    0.0024022    0.0051759
h    -1.9804423   -2.6779644   -0.6318235  0.00   -0.0024017   -0.0013566   -0.0013831
n     1.8609245   -1.2025700   -2.3659931  0.00    0.0004134    0.0043460   -0.0016044
h     1.7755469   -2.8696510   -1.0334258  0.00    0.0013537   -0.0019354    0.0005802
h     2.7302489   -1.7081290   -2.6655286  0.00    0.0034252   -0.0015044   -0.0016138
h     1.2172063   -1.2146321   -3.1963832  0.00   -0.0015992    0.0003635   -0.0021912
    24
 Energy =       0.0523265933
c     1.1491188    2.6194644   -0.8266373  0.00    0.0004887    0.0011449   -0.0004479
c    -0.1084865    2.8960183   -0.3891464  0.00    0.0004063    0.0004676   -0.0002561
c    -0.8422115    1.9219404    0.1975512  0.00   -0.0009624   -0.0006148    0.0004844
c     1.6655184    1.3730000   -0.6725692  0.00    0.0008978    0.0005204   -0.0003857
c     0.9305503    0.3902923   -0.0772617  0.00   -0.0005547   -0.0011885    0.0003766
c    -0.3302914    0.6746818    0.3556994  0.00   -0.0005187   -0.0011893    0.0004466
o    -0.6693180    4.1698966   -0.5279810  0.00   -0.0014556   -0.0002416    0.0005921
h    -0.0608475    4.8420032   -0.9860429  0.00    0.0014307    0.0018486   -0.0009651
h    -0.9373772   -0.0925460    0.8304602  0.00   -0.0006520   -0.0009676    0.0004727
h     2.6685559    1.1629020   -1.0370199  0.00    0.0003884    0.0001320   -0.0001941
h     1.7438891    3.3929061   -1.3036453  0.00    0.0007780    0.0010824   -0.0005438
h    -1.8458705    2.1536487    0.5381658  0.00   -0.0003793   -0.0000907    0.0001570
c     1.5106252   -1.0032007    0.0903274  0.00   -0.0005167   -0.0007477    0.0005163
c     1.3110409   -1.8898286   -1.1570086  0.00   -0.0005783   -0.0004567    0.0025260
h     1.0631950   -1.5017655    0.9793603  0.00   -0.0000558   -0.0001009   -0.0000189
h     2.6001567   -0.9245551    0.2999835  0.00    0.0004392   -0.0000570    0.0001335
c    -0.1609626   -2.2339372   -1.3989312  0.00    0.0007753    0.0019011    0.0028719
o    -0.6098583   -2.5962939   -2.6687858  0.00   -0.0019406   -0.0024061   -0.0055824
o    -1.0432265   -2.3312899   -0.3255293  0.00    0.0013868    0.0011141    0.0033964
h    -1.9442925   -2.6415232   -0.6723604  0.00   -0.0017038   -0.0007818   -0.0009961
n     1.9826959   -1.2413199   -2.3085939  0.00    0.0003866    0.0024294   -0.0011030
h     1.7910379   -2.8752916   -0.9492465  0.00    0.0006742   -0.0011004    0.0003908
h     2.8453692   -1.7803014   -2.5619310  0.00    0.0019326   -0.0009664   -0.0006886
h     1.3746345   -1.2472264   -3.1642951  0.00   -0.0006667    0.0002687   -0.0011826
    24
 Energy =       0.0522185674
c     1.0896959    2.6120990   -0.8792756  0.00   -0.0001587    0.0001118    0.0000330
c    -0.1662726    2.8757741   -0.4306070  0.00    0.0000349   -0.0000720    0.0000067
c    -0.8713390    1.9042295    0.1907459  0.00    0.0000489    0.0001117   -0.0000535
c     1.6331818    1.3809577   -0.7016639  0.00   -0.0000355   -0.0001360    0.0000482
c     0.9266032    0.4008420   -0.0723585  0.00   -0.0000255   -0.0000865    0.0000234
c    -0.3329803    0.6719530    0.3711673  0.00    0.0001519   -0.0001428   -0.0000186
o    -0.7547237    4.1335449   -0.5934500  0.00   -0.0000500    0.0002440   -0.0000557
h    -0.1698852    4.8023794   -1.0827622  0.00   -0.0000327    0.0000695    0.0000027
h    -0.9186957   -0.0954877    0.8698646  0.00    0.0000684   -0.0000256   -0.0000512
h     2.6345078    1.1807224   -1.0751734  0.00   -0.0000675   -0.0000067    0.0000440
h     1.6612746    3.3834502   -1.3843108  0.00   -0.0000557    0.0000261    0.0000168
h    -1.8742831    2.1251915    0.5393148  0.00    0.0000772    0.0000308   -0.0000380
c     1.5323519   -0.9781942    0.1165173  0.00   -0.0000101   -0.0000528    0.0001032
c     1.3483270   -1.8851205   -1.1178179  0.00   -0.0000955   -0.0000808   -0.0002110
h     1.0912902   -1.4728279    1.0109050  0.00    0.0000065   -0.0000251    0.0000179
h     2.6195347   -0.8768488    0.3269029  0.00    0.0000349   -0.0000020    0.0000382
c    -0.1233086   -2.2069400   -1.3854846  0.00    0.0003421    0.0003064    0.0004456
o    -0.5723786   -2.4923840   -2.6714437  0.00   -0.0000493   -0.0002231   -0.0007191
o    -1.0105045   -2.3485011   -0.3223185  0.00   -0.0001920    0.0000178    0.0003717
h    -1.9134019   -2.6287096   -0.6857754  0.00    0.0000609    0.0000143    0.0000065
n     2.0594084   -1.2695535   -2.2614183  0.00   -0.0001021   -0.0000766   -0.0000197
h     1.8053601   -2.8735673   -0.8809246  0.00    0.0000033   -0.0000151   -0.0000328
h     2.9158075   -1.8289779   -2.4844737  0.00   -0.0000175   -0.0000037   -0.0000050
h     1.4740754   -1.2763566   -3.1315979  0.00    0.0000630    0.0000162    0.0000468
    24
 Energy =       0.0522169778
c     1.0901705    2.6118196   -0.8791299  0.00    0.0000167   -0.0000112   -0.0000032
c    -0.1665107    2.8746932   -0.4316583  0.00   -0.0000037    0.0000070   -0.0000002
c    -0.8717427    1.9028765    0.1891680  0.00   -0.0000053   -0.0000110    0.0000057
c     1.6341752    1.3811887   -0.7009078  0.00    0.0000042    0.0000132   -0.0000051
c     0.9274505    0.4008549   -0.0720995  0.00    0.0000034    0.0000077   -0.0000029
c    -0.3328616    0.6710880    0.3701851  0.00   -0.0000161    0.0000129    0.0000014
o    -0.7555842    4.1318570   -0.5953171  0.00    0.0000043   -0.0000238    0.0000062
h    -0.1707574    4.8006774   -1.0846330  0.00    0.0000032   -0.0000068    0.0000004
h    -0.9187759   -0.0967974    0.8681300  0.00   -0.0000072    0.0000009    0.0000044
h     2.6359257    1.1814121   -1.0737560  0.00    0.0000072    0.0000005   -0.0000046
h     1.6618472    3.3833493   -1.3838247  0.00    0.0000057   -0.0000025   -0.0000014
h    -1.8752943    2.1231629    0.5366576  0.00   -0.0000086   -0.0000030    0.0000045
c     1.5333915   -0.9779301    0.1166270  0.00    0.0000010    0.0000064   -0.0000105
c     1.3479822   -1.8847563   -1.1173311  0.00    0.0000110    0.0000010    0.0000301
h     1.0929526   -1.4722903    1.0114556  0.00   -0.0000006    0.0000022   -0.0000017
h     2.6207648   -0.8767242    0.3259260  0.00   -0.0000029    0.0000002   -0.0000040
c    -0.1246573   -2.2034744   -1.3843985  0.00    0.0000344    0.0000229    0.0000477
o    -0.5795911   -2.4707138   -2.6718725  0.00   -0.0000346   -0.0000312   -0.0001549
o    -1.0077062   -2.3576567   -0.3197512  0.00   -0.0000006    0.0000090    0.0001070
h    -1.9122264   -2.6330845   -0.6829825  0.00   -0.0000229   -0.0000070   -0.0000175
n     2.0606336   -1.2705810   -2.2607945  0.00    0.0000137    0.0000143    0.0000041
h     1.8031007   -2.8739849   -0.8800493  0.00   -0.0000002   -0.0000003    0.0000028
h     2.9156532   -1.8320334   -2.4840700  0.00    0.0000055   -0.0000021   -0.0000005
h     1.4753055   -1.2752780   -3.1310112  0.00   -0.0000077    0.0000008   -0.0000078
    24
 Energy =       0.0522169625
c     1.0902231    2.6118813   -0.8790536  0.00    0.0000000    0.0000000   -0.0000000
c    -0.1665070    2.8747103   -0.4317229  0.00   -0.0000000    0.0000000    0.0000000
c    -0.8717725    1.9028403    0.1889767  0.00   -0.0000000   -0.0000000    0.0000000
c     1.6342460    1.3812441   -0.7008120  0.00    0.0000000    0.0000000   -0.0000000
c     0.9274911    0.4008626   -0.0721174  0.00    0.0000000   -0.0000000   -0.0000000
c    -0.3328749    0.6710455    0.3700119  0.00   -0.0000000   -0.0000000    0.0000000
o    -0.7555971    4.1318823   -0.5954010  0.00   -0.0000000   -0.0000000    0.0000000
h    -0.1707365    4.8007562   -1.0846062  0.00    0.0000000    0.0000000   -0.0000000
h    -0.9188198   -0.0968899    0.8678351  0.00   -0.0000000   -0.0000000    0.0000000
h     2.6360360    1.1815045   -1.0735526  0.00    0.0000000   -0.0000000   -0.0000000
h     1.6619243    3.3834526   -1.3836533  0.00    0.0000000    0.0000000   -0.0000000
h    -1.8753653    2.1230906    0.5363459  0.00   -0.0000000   -0.0000000    0.0000000
c     1.5334401   -0.9779275    0.1166202  0.00    0.0000000    0.0000000   -0.0000000
c     1.3479546   -1.8847683   -1.1173233  0.00    0.0000000   -0.0000000    0.0000000
h     1.0930307   -1.4722663    1.0114781  0.00    0.0000000   -0.0000000   -0.0000000
h     2.6208249   -0.8767351    0.3258819  0.00    0.0000000   -0.0000000   -0.0000000
c    -0.1247040   -2.2034074   -1.3842736  0.00    0.0000001    0.0000001    0.0000001
o    -0.5799107   -2.4698909   -2.6717105  0.00   -0.0000000   -0.0000002   -0.0000004
o    -1.0075341   -2.3581683   -0.3195882  0.00   -0.0000001    0.0000001    0.0000003
h    -1.9121090   -2.6334519   -0.6827465  0.00   -0.0000000   -0.0000000   -0.0000000
n     2.0605797   -1.2706415   -2.2608221  0.00    0.0000000    0.0000000    0.0000000
h     1.8030398   -2.8740144   -0.8800539  0.00   -0.0000000   -0.0000000   -0.0000000
h     2.9155553   -1.8321391   -2.4841349  0.00    0.0000000   -0.0000000   -0.0000000
h     1.4752307   -1.2752953   -3.1310155  0.00   -0.0000000    0.0000000   -0.0000000
    24
 Energy =       0.0522169625
c     1.0902243    2.6118817   -0.8790525  0.00    0.0000000   -0.0000000   -0.0000000
c    -0.1665071    2.8747095   -0.4317247  0.00   -0.0000000    0.0000000    0.0000000
c    -0.8717733    1.9028386    0.1889729  0.00   -0.0000000   -0.0000000    0.0000000
c     1.6342478    1.3812449   -0.7008101  0.00    0.0000000    0.0000000   -0.0000000
c     0.9274924    0.4008627   -0.0721174  0.00    0.0000000   -0.0000000   -0.0000000
c    -0.3328750    0.6710443    0.3700089  0.00   -0.0000000   -0.0000000    0.0000000
o    -0.7555981    4.1318810   -0.5954039  0.00   -0.0000000   -0.0000000    0.0000000
h    -0.1707371    4.8007555   -1.0846077  0.00    0.0000000    0.0000000   -0.0000000
h    -0.9188205   -0.0968922    0.8678300  0.00   -0.0000000   -0.0000000    0.0000000
h     2.6360387    1.1815062   -1.0735488  0.00    0.0000000   -0.0000000   -0.0000000
h     1.6619258    3.3834537   -1.3836507  0.00    0.0000000    0.0000000   -0.0000000
h    -1.8753672    2.1230879    0.5363396  0.00   -0.0000000    0.0000000    0.0000000
c     1.5334416   -0.9779273    0.1166202  0.00    0.0000000    0.0000000    0.0000000
c     1.3479539   -1.8847681   -1.1173227  0.00    0.0000000   -0.0000000    0.0000000
h     1.0930331   -1.4722655    1.0114789  0.00    0.0000000   -0.0000000    0.0000000
h     2.6208267   -0.8767351    0.3258804  0.00    0.0000000    0.0000000   -0.0000000
c    -0.1247058   -2.2034035   -1.3842712  0.00    0.0000000    0.0000000    0.0000000
o    -0.5799207   -2.4698638   -2.6717098  0.00   -0.0000000   -0.0000000   -0.0000000
o    -1.0075297   -2.3581815   -0.3195834  0.00   -0.0000000    0.0000000    0.0000000
h    -1.9121067   -2.6334593   -0.6827407  0.00   -0.0000000   -0.0000000   -0.0000000
n     2.0605801   -1.2706429   -2.2608218  0.00    0.0000000    0.0000000    0.0000000
h     1.8030371   -2.8740151   -0.8800533  0.00   -0.0000000   -0.0000000   -0.0000000
h     2.9155543   -1.8321426   -2.4841351  0.00    0.0000000   -0.0000000   -0.0000000
h     1.4752310   -1.2752947   -3.1310151  0.00   -0.0000000    0.0000000   -0.0000000
