$coord                                                                          
   -3.11703698864204      4.57544433751035      1.09244100747937      c       
   -2.34324593773212      2.18868307678500      1.67824171042808      c       
    0.02834529439489      1.49714955435355      1.04515394552013      c       
   -1.50937331772113      6.21167411052925     -0.09792079529259      c       
    0.88101484163488      5.46688575597205     -0.71689435843902      c       
    1.60647290360462      3.07792638225600     -0.12466302974524      c       
    1.20287228795437     -0.87325333710635      1.50072064700932      n       
    3.82188438552790      1.90394160939283     -0.51741516451100      c       
    3.66127188894277     -0.44429085966591      0.44321147981140      c       
    0.46929729330508     -2.50123466119288      2.34986224684109      h       
    6.14735198925296      2.99142452700631     -1.78491785502324      c       
    7.86800955941663      4.44677407202418      0.05099147776378      c       
    5.57456020951926      4.27344065375660     -3.34520710415879      h       
    7.24137541231118      1.43394361551881     -2.67777111175578      h       
    8.91869717343026      2.72849731225985      2.14555348346890      c       
    6.51662472570140      6.69661254226041      0.99228120118669      n       
    9.52661551676423      5.11335746955357     -1.06040283065810      h       
    5.33813110676316      6.18094221334856      2.50279877575973      h       
    7.84310920853292      7.93872085019963      1.78088350922536      h       
   -5.01637930837034      5.18344700751766      1.58847168222113      h       
   -3.58974854759501      0.87255879374403      2.63645896698704      h       
   -2.13595134075714      8.12016728485038     -0.53635147387015      h       
    2.18453817558698      6.77408495875594     -1.62013708992084      h       
    5.19271859025572     -1.81721209096947      0.46749958100181      h       
    7.69229756693595      2.55325194939828      4.46310481461782      o       
   11.01724314485525      1.18768638853767      1.71701550061877      o       
   11.75620412445923      1.44695554226420     -0.02105976000106      h       
$end                                                                            
