$grad          cartesian gradients
  cycle =      1    UFF energy =      0.1091455593   |dE/dxyz| =  0.272585
   -7.01729009392409      3.20319916480816      0.59970836510224      c       
   -4.71726663311957      4.97852126984908      0.45731372215944      c       
   -9.36652202301386      4.52101857507718     -0.40736826068558      c       
   -9.84541641751652      6.14695782996644      0.78298912247744      h       
  -10.99932098373551      3.24857148906042     -0.40586592841650      h       
   -9.08655909765055      5.22541398803144     -2.33354720225538      h       
   -6.44356924248771      0.85406928092912     -0.85967231888863      n       
   -7.28973190931139      2.67910252140445      2.58312333153470      h       
   -6.06080521594476     -0.55716685058466      0.41191116228918      h       
   -8.06720303150492      0.26397584234897     -1.73401458168273      h       
   -4.64341613616920      7.13568143563189      1.26264507660833      o       
   -2.71918361250776      3.82123409386702     -0.67072049341342      o       
   -2.21511806602508      4.96072004975511     -2.06628323644956      h       
  -.24964563195425D-01  -.71530441106096D-02  0.43560090393703D-02
  0.37681096852775D-01  0.19904754628658D+00  0.49176203812442D-01
  0.95338294338395D-02  0.80664266592442D-03  0.13822160835739D-02
  0.11127187349713D-02  -.74154881550740D-02  -.58418583007216D-02
  0.62130920071754D-02  0.58323423581922D-02  -.10237764422862D-02
  -.37456283668788D-02  -.78749496120985D-03  0.93698467267703D-02
  0.27927360750049D-01  -.27608838458075D-01  -.44625345433650D-02
  0.22088874845716D-02  -.66795257314829D-02  -.13894961774051D-01
  -.10053797555179D-01  0.15029569005802D-01  -.98511859998319D-02
  0.11905754487200D-01  0.11246402084318D-01  0.12781524857989D-01
  -.51009283824600D-02  -.14847858985717D+00  -.51608506920639D-01
  -.37204994228230D-01  -.24409628703478D-01  0.35069479298092D-03
  -.15512828022409D-01  -.94298924237214D-02  0.92663286677679D-02
  cycle =      2    UFF energy =      0.0953587137   |dE/dxyz| =  0.211014
   -7.02627777013261      3.20049267275402      0.63103576552416      c       
   -4.68009791614091      4.90162475199406      0.50040380344885      c       
   -9.31878815741636      4.57424506718190     -0.46633515203601      c       
   -9.90472576425137      6.10590157142521      0.82183142221670      h       
  -10.95293116429347      3.29231222132121     -0.70586592841650      h       
   -8.87604802494753      5.43805378474008     -2.31881019091277      h       
   -6.49890200088722      0.81494964741126     -0.77037997116957      n       
   -7.36588531046282      2.74051858477955      2.63007020604256      h       
   -6.16239679745521     -0.59081574228023      0.53603048943383      h       
   -8.10832041118101      0.23783996093426     -1.69942499559064      h       
   -4.58487064740460      7.12670080639513      1.32833622012319      o       
   -2.67385879305932      3.78282301794545     -0.67548872602380      o       
   -2.31829970527845      4.85665234554270     -2.19118418426039      h       
  -.19228105205621D-01  -.53296878145031D-02  0.40651683696516D-02
  0.29025447375143D-01  0.15413984366278D+00  0.37855027880091D-01
  0.90446158557344D-02  0.58284045276707D-03  0.29667189380874D-02
  0.69234617233626D-03  -.44738061533794D-02  -.26895126672155D-02
  0.16721723951792D-02  0.18764742785165D-02  -.14695878799258D-02
  -.16535275787702D-02  0.94649766650229D-03  0.37209852463545D-02
  0.22653173524153D-01  -.21199833667684D-01  -.37618470763645D-02
  0.14557830516462D-02  -.53378334763321D-02  -.10256445320572D-01
  -.77868407174344D-02  0.11298040592982D-01  -.72849896633914D-02
  0.88205163136588D-02  0.87206173996050D-02  0.96316470074785D-02
  -.37684078618760D-02  -.11474218190927D+00  -.40093074709253D-01
  -.29580286363219D-01  -.22271956891734D-01  0.43268425711550D-02
  -.11346886960930D-01  -.42090141402465D-02  0.29890673039046D-02
  cycle =      3    UFF energy =      0.0891330270   |dE/dxyz| =  0.183248
   -7.01389251603214      3.19956552592667      0.63281284009801      c       
   -4.66840213267403      4.89322688135962      0.50350638726990      c       
   -9.31112306779397      4.58011172444440     -0.44427322466783      c       
   -9.71539174488295      6.30042979202900      0.70656365091205      h       
  -11.02338142239804      3.34443131115197     -0.40586592841650      h       
   -8.95162246285463      5.19137042221489     -2.43439427634326      h       
   -6.51598551017390      0.82396282681776     -0.78652611868014      n       
   -7.34157850677476      2.74109777008372      2.63815752191170      h       
   -6.19659439815580     -0.60563138249371      0.50492209258078      h       
   -8.12813307770242      0.27725030014474     -1.74097619038461      h       
   -4.59917398215813      7.14609333709910      1.35466065416968      o       
   -2.62837778530925      3.80354890050272     -0.64975097505264      o       
   -2.37774585600083      4.78584128086374     -2.25861767501750      h       
  -.16660426986028D-01  -.45252641608614D-02  0.36209323588578D-02
  0.24972787659206D-01  0.13363624932754D+00  0.32533975991491D-01
  0.11441307819260D-01  -.20454814374855D-02  0.44157099569432D-02
  0.16267173444293D-03  0.10481848555227D-02  0.13221706265456D-02
  -.30806705389691D-02  -.23547626969155D-02  -.78580504930550D-03
  0.32725326394420D-03  0.20955435167621D-02  -.26563760960985D-02
  0.19866342944829D-01  -.18090088664530D-01  -.33019810625878D-02
  0.12085363506280D-02  -.46294095562684D-02  -.88669346625271D-02
  -.67405539459427D-02  0.96499122228206D-02  -.62416843785481D-02
  0.73793416605766D-02  0.76950805726765D-02  0.81539669964773D-02
  -.34454468554409D-02  -.99279679631882D-01  -.34727483691340D-01
  -.25782866454556D-01  -.21708815603547D-01  0.67538339475344D-02
  -.96482766519496D-02  -.14914687438362D-02  -.22032493744190D-03
  cycle =      4    UFF energy =      0.0807780337   |dE/dxyz| =  0.119118
   -6.99694374907341      3.23199070378117      0.66310113407378      c       
   -4.61998218941336      4.86534490474044      0.52219500237617      c       
   -9.26040554445348      4.61318885145946     -0.51190394096483      c       
   -9.63196146503548      6.41058251138911      0.53172404515141      h       
  -10.99679824064937      3.42237373354320     -0.40528455138174      h       
   -8.87590520354920      5.09237569867748     -2.53256514595373      h       
   -6.54828853605043      0.78732811730265     -0.63847668908858      n       
   -7.37271137708945      2.89637395693241      2.69881301536131      h       
   -6.35397018968780     -0.62233282663340      0.72408319826724      h       
   -8.11561360328294      0.26631344211199     -1.70675148298338      h       
   -4.56214236361645      7.20354193805803      1.40321691755363      o       
   -2.53624674561680      3.82837637791827     -0.63329081995592      o       
   -2.60043325539271      4.48584128086374     -2.49464192407580      h       
  -.99384733667872D-02  -.18744346146279D-02  0.24701359052535D-02
  0.14476401621492D-01  0.78019172316663D-01  0.17304388793247D-01
  0.66005992588277D-02  -.15750545947111D-02  0.28749453428998D-02
  -.25106629635589D-03  0.17176071143160D-02  0.13633797231538D-02
  -.20809992748284D-02  -.17927531685504D-02  -.34646967315363D-03
  0.49992888280989D-03  0.15997372915266D-02  -.27538091473842D-02
  0.14549811309420D-01  -.96683396069692D-02  -.34154106758073D-02
  0.38210577997493D-03  -.27252199035978D-02  -.39680619954291D-02
  -.38340069863953D-02  0.36531446739939D-02  -.16870998266525D-02
  0.26475447160119D-02  0.44869446179892D-02  0.36180167306628D-02
  -.21037638589090D-02  -.57265177256962D-01  -.20617335093710D-01
  -.12682256823477D-01  -.26706783184200D-01  0.35628215414741D-01
  -.82658249617827D-02  0.12131156315129D-01  -.30470895497822D-01
  cycle =      5    UFF energy =      0.0738376049   |dE/dxyz| =  0.051980
   -7.00178456460713      3.21197386369472      0.64893951080596      c       
   -4.58716088522287      4.78065846146229      0.50582376744230      c       
   -9.25341750086795      4.64963035035785     -0.50051093889696      c       
   -9.54488510893789      6.47839937755823      0.50868165387893      h       
  -11.01869863380623      3.51643082185179     -0.32854015481959      h       
   -8.89913542953436      5.06715296111290     -2.53518960145085      h       
   -6.65854253610016      0.75279934797549     -0.64200469555521      n       
   -7.36423199535342      2.91149789269279      2.69975975543194      h       
   -6.65397018968780     -0.70261061126696      0.70859190663450      h       
   -8.15668544129170      0.35129372053514     -1.88312803563079      h       
   -4.50953290354909      7.17023114123085      1.46067235225396      o       
   -2.45490727215079      3.77231255684572     -0.61725117922244      o       
   -2.36845000180148      4.52152880609379     -2.40562558249218      h       
  -.45617918694272D-02  -.26715964508131D-03  0.11414711835180D-02
  0.53700526964319D-02  0.31587580456655D-01  0.61757876678375D-02
  0.28866580990044D-02  -.59971783556406D-03  0.11046195847869D-02
  -.23448576120509D-03  0.12196365762164D-02  0.76088596192651D-03
  -.13201414658723D-02  -.10585443586013D-02  -.22039252119112D-03
  0.47100272538952D-03  0.62203458629548D-03  -.15122099291988D-02
  0.11669795112281D-01  -.22627313673856D-03  -.99237379013331D-03
  0.54136941003176D-04  -.86147387382989D-03  -.14387433537838D-02
  -.17563324762077D-02  -.22041794998574D-02  0.23949679240647D-02
  -.34828100128415D-02  0.12522274438944D-02  -.21674733631053D-02
  -.53693436882507D-03  -.23360472006447D-01  -.75455857492412D-02
  -.40403563827685D-02  -.11372515193753D-01  0.18835589288179D-01
  -.45187932369628D-02  0.52688564868115D-02  -.16536542903659D-01
  cycle =      6    UFF energy =      0.0735111279   |dE/dxyz| =  0.047603
   -6.99605394618763      3.17644649430162      0.61965750331878      c       
   -4.57506468367774      4.73970612034635      0.52441306498964      c       
   -9.26742059969689      4.68719642834711     -0.40073615134981      c       
   -9.52926814920401      6.46226256799601      0.71328877791958      h       
  -11.03223483188005      3.55087512593361     -0.25129000706092      h       
   -8.95605337796190      5.21439289005872     -2.41980172017757      h       
   -6.69137554648031      0.78788292290456     -0.81474381830548      n       
   -7.31698311765008      2.76213224942490      2.66177207987146      h       
   -6.74207377703309     -0.74880267204573      0.44758367708840      h       
   -8.17255506299012      0.49441925858256     -2.11050833821795      h       
   -4.49697334980790      7.11321751227619      1.53359141334231      o       
   -2.41891613063169      3.73271801032085     -0.55644752782965      o       
   -2.27642988970949      4.50885178169746     -2.32656019520922      h       
  -.35596751070359D-02  0.78889697871206D-03  0.16323725785649D-02
  0.45452274692865D-02  0.28350905515131D-01  0.54823248218540D-02
  0.18634637886690D-02  -.35311541146975D-03  0.10635180314039D-02
  -.40432573875702D-03  0.19943211104644D-02  0.12081104715510D-02
  -.12268245727000D-02  -.10052926266711D-02  -.16252920521185D-03
  0.46182505192467D-03  0.85063950493054D-03  -.23472274290562D-02
  0.11915144221418D-01  -.22019015478905D-03  -.21750958126226D-02
  -.33048342450503D-05  -.86575053079635D-03  -.17720534694385D-03
  -.15885423735638D-02  -.37120113800853D-02  0.33982941522981D-02
  -.42708676242974D-02  0.34558515949551D-03  -.32991720500551D-02
  -.34704863523002D-03  -.20765083887188D-01  -.66541198130931D-02
  -.33330865802736D-02  -.10307019572335D-01  0.17390144285383D-01
  -.40519850651950D-02  0.48981152946006D-02  -.15359414684073D-01
  cycle =      7    UFF energy =      0.0725510436   |dE/dxyz| =  0.043266
   -6.99002788829045      3.12817990493309      0.59563216735397      c       
   -4.58408593844758      4.71594205495024      0.53872855795136      c       
   -9.28434822164572      4.66115626468465     -0.33930567407086      c       
   -9.53630654504882      6.39857192942389      0.83446946894396      h       
  -11.04048053155613      3.51223285035660     -0.19667185696746      h       
   -9.00818547208419      5.25168193364619     -2.34559331742141      h       
   -6.68853512238256      0.79740195159411     -0.93144596422879      n       
   -7.28586932729038      2.63428463683572      2.62580752149803      h       
   -6.71445511815647     -0.78621858466234      0.27127779914719      h       
   -8.17494295364206      0.54329470978158     -2.22707621986847      h       
   -4.49547033708528      7.00997411311514      1.75585885761672      o       
   -2.43633818518058      3.80594514378780     -0.65181998561509      o       
   -2.23235682210083      4.80885178169745     -2.30964259595955      h       
  -.27917256331995D-02  0.10561777071267D-02  0.16006795659951D-02
  0.27914249220365D-02  0.20669767868697D-01  0.26340666576812D-02
  0.12666863012566D-02  -.14793796539649D-03  0.95498533199531D-03
  -.41408617265149D-03  0.19331470606753D-02  0.12106697818981D-02
  -.10238059523200D-02  -.81779000435525D-03  -.97195603465103D-04
  0.41892388057494D-03  0.85586750785877D-03  -.22561641092475D-02
  0.10042998731168D-01  -.44478367108398D-03  -.26612378968212D-02
  -.76227546566518D-04  -.83156145814804D-03  0.35795195254016D-03
  -.13839546198702D-02  -.36401313075569D-02  0.31762950122429D-02
  -.35466884414989D-02  0.21386235566899D-03  -.29816152609859D-02
  -.66851256645518D-03  -.13102844926988D-01  -.28170109098840D-02
  -.19691574511970D-02  -.13625133832707D-01  0.20539546613833D-01
  -.26458754512776D-02  0.78813606662089D-02  -.19660971135782D-01
  cycle =      8    UFF energy =      0.0730204312   |dE/dxyz| =  0.038822
   -6.97980225358109      3.11319319324243      0.59711661389425      c       
   -4.56226074668611      4.68256586010524      0.55426259207994      c       
   -9.26735245725305      4.67347963544433     -0.30736752953397      c       
   -9.50175588572152      6.39631954638408      0.89043486888241      h       
  -11.02920352880924      3.53314994297833     -0.17101824413812      h       
   -8.99796747264853      5.28799083109981     -2.30658858664518      h       
   -6.70465016599880      0.79496674928054     -0.95221086088030      n       
   -7.26913708418697      2.60054154361794      2.62378112131191      h       
   -6.84782208503938     -0.80701858598920      0.22225863079111      h       
   -8.13671877836893      0.62200739655916     -2.32469810526255      h       
   -4.41397422576033      6.89683913311386      1.92335037553332      o       
   -2.45323762980378      3.82371309330354     -0.74592616247299      o       
   -2.30752014905314      4.86355035100411     -2.38317595518030      h       
  -.24828867101968D-02  0.87622028894570D-03  0.14812087588324D-02
  0.18068536232848D-02  0.17130938850643D-01  0.14563426111150D-02
  0.10746662615194D-02  -.77757481966985D-04  0.84715045428749D-03
  -.37463009904636D-03  0.18069810813005D-02  0.11303626278623D-02
  -.92996190371086D-03  -.74814584504051D-03  -.88871756334345D-04
  0.37351068065527D-03  0.78331039584661D-03  -.20795211536353D-02
  0.10525299899371D-01  0.97217330777188D-03  -.22918732964675D-02
  -.63062263627367D-04  -.71237263567854D-03  0.37839815252461D-03
  -.13192550363313D-02  -.47098072060115D-02  0.39099910522570D-02
  -.45365568753006D-02  0.51768854580092D-04  -.39375862050500D-02
  -.83905293083759D-03  -.92813109128728D-02  -.73123749404721D-03
  -.95493276476177D-03  -.13499940869169D-01  0.18163797316552D-01
  -.22799918810177D-02  0.74079421716513D-02  -.18238161067896D-01
  cycle =      9    UFF energy =      0.0732338187   |dE/dxyz| =  0.037428
   -6.97261277082778      3.08748052768183      0.58487000681820      c       
   -4.64833440585226      4.80421258325048      0.65401527365629      c       
   -9.32287275729650      4.52559956490773     -0.37165101844135      c       
   -9.68993496466179      6.22303638192286      0.83640151135314      h       
  -11.02359868662239      3.28351759866304     -0.29826560732218      h       
   -9.02999318549555      5.17612057831437     -2.35626857553833      h       
   -6.50900151974705      0.80803195994449     -0.98963517353576      n       
   -7.30090147917114      2.52712127659079      2.59399871407744      h       
   -6.64248116440045     -0.81831931546213      0.15178967072832      h       
   -7.86421059437112      0.59331327819802     -2.43620604352743      h       
   -4.68644137839388      6.99902931462228      2.07662352059306      o       
   -2.44463204572422      4.10860459050442     -0.59826864060695      o       
   -2.33638751036093      5.16355035100411     -2.22718487987788      h       
  -.36222293560575D-02  0.13991900589369D-02  0.29424719937866D-02
  0.10181700462828D-02  0.15846789133111D-01  0.11987983285483D-02
  0.88739096274669D-03  0.40149388365480D-03  0.32102144673593D-03
  -.69345727831159D-03  0.27955247910732D-02  0.17872781583278D-02
  -.20112172659145D-02  -.13771419029382D-02  -.56774132335396D-04
  0.47999624127656D-03  0.76361773045569D-03  -.21537451965014D-02
  0.11688203435059D-01  -.12183764492854D-02  -.30937024267337D-02
  -.30832463539316D-03  -.54879960078367D-03  0.71913835276647D-03
  -.13758450189572D-02  -.47748653327472D-02  0.37875941191006D-02
  -.52457575516521D-02  -.69389610872420D-03  -.50470390438346D-02
  -.79075278345886D-03  -.58868798674374D-02  0.12391670512366D-02
  0.22556908018046D-02  -.13976148937206D-01  0.15938768714593D-01
  -.22818675974252D-02  0.72694926018898D-02  -.17582977365691D-01
  cycle =     10    UFF energy =      0.0756326028   |dE/dxyz| =  0.061071
   -6.92078201891346      3.07282479380353      0.60158849524402      c       
   -4.62834130250478      4.83040119096396      0.66894495461768      c       
   -9.32523345972190      4.47307236124885     -0.27510987000110      c       
   -9.71929577533634      6.12230547809410      0.99158861285653      h       
  -10.98758594644380      3.17821083454721     -0.21428558864403      h       
   -9.08388736510764      5.19715308529709     -2.24246194979668      h       
   -6.44510800503063      0.82033821560792     -1.00608527831729      n       
   -7.18923777319189      2.47504427411539      2.61035162745634      h       
   -6.94248116440045     -0.84637816327688      0.03456304235993      h       
   -7.58090669494116      0.82519060432448     -2.68956061711763      h       
   -4.64875427656519      6.92731311521457      2.24411709242123      o       
   -2.45199686041162      4.24036815181322     -0.68930378169862      o       
   -2.54779182035627      5.16545474838910     -2.41412798100343      h       
  -.38275673074044D-02  0.98104372111748D-03  0.29774435780961D-02
  0.35483837966164D-03  0.13881771431801D-01  -.81078023040450D-04
  0.40009400311235D-03  0.98704406954746D-03  0.84725762302981D-03
  -.84690869832555D-03  0.30402199928440D-02  0.19180909477611D-02
  -.21436555323160D-02  -.15607741663100D-02  0.66967285667472D-04
  0.59148755987780D-03  0.10199002784222D-02  -.25899878886308D-02
  0.25982888675684D-01  0.11181210051181D-01  0.19472609090078D-02
  -.35819853256905D-03  -.39277204588637D-03  0.12054866457613D-02
  -.54028086681951D-02  -.18081985632087D-01  0.13079367749007D-01
  -.14768323101595D-01  -.28259371886691D-03  -.19920856794227D-01
  -.14847272767368D-02  -.32994700359417D-02  0.31301535417315D-02
  0.43172285402119D-02  -.18694217467959D-01  0.21133628003548D-01
  -.28143480414065D-02  0.11220623522137D-01  -.23713733577712D-01
  cycle =     11    UFF energy =      0.0741178012   |dE/dxyz| =  0.028930
   -6.97575001175269      3.05758356972809      0.57311023813479      c       
   -4.61372158043834      4.70783292138180      0.86204895887550      c       
   -9.26427447635532      4.59022954905492     -0.39571288730338      c       
   -9.64703309758603      6.21999658742840      0.88821367281746      h       
  -10.98566083135501      3.37388410648554     -0.44808801274484      h       
   -8.89304019684924      5.34762988608401     -2.32907418979295      h       
   -6.50639716624390      0.85543307662887     -1.09036964830528      n       
   -7.39829844588868      2.39528060465493      2.54029699983059      h       
   -6.98659519403278     -0.82074149907281     -0.11067902343580      h       
   -7.61878170847799      0.89149293553848     -2.75338177096641      h       
   -4.63515008360077      6.72595421347839      2.54411709242123      o       
   -2.40556781824341      4.16465170076268     -0.45559108705540      o       
   -2.54113185210093      4.97207103798925     -2.20467158409855      h       
  -.19313937204191D-02  -.14042886597534D-02  0.44622204819322D-03
  0.20320977681755D-02  0.73575340150519D-02  -.69792422075605D-03
  -.59394686793849D-03  0.13331771972141D-02  0.18499792869275D-03
  -.38311350801576D-03  0.13937628672488D-02  0.83928092292804D-03
  -.22175982438453D-02  -.15862719698142D-02  0.66362796309339D-04
  0.25236221151580D-03  0.10560242301188D-02  -.23664398259522D-02
  0.10757491780213D-01  0.45802801657637D-02  0.39047745291485D-04
  -.33314475656271D-03  -.10944732254881D-02  0.24548738341720D-02
  -.24471163997611D-02  -.78267919186415D-02  0.59500319426597D-02
  -.63166367206660D-02  -.36490496780307D-03  -.85400118990655D-02
  0.41284375635049D-05  0.99908782026739D-04  0.24238618172186D-02
  0.25470901715334D-02  -.10078396459368D-01  0.10430962691584D-01
  -.13702201517926D-02  0.65344399434439D-02  -.11231265781275D-01
  cycle =     12    UFF energy =      0.0732131637   |dE/dxyz| =  0.036333
   -6.88568415918374      3.05062163986865      0.60969781947983      c       
   -4.58182074898349      4.80370286304741      0.72186781072170      c       
   -9.31934452882259      4.46428262518403     -0.18816090899960      c       
   -9.72045878985591      6.04045953344369      1.15408461083929      h       
  -10.96868676664058      3.15041494518553     -0.17101727282403      h       
   -9.10626233086403      5.29054486859796     -2.12034703472320      h       
   -6.45047333064669      0.86185743757834     -1.07037531133452      n       
   -7.12350564790120      2.37632572034666      2.60789404455583      h       
   -7.19886459370368     -0.79420494463573     -0.20862503381000      h       
   -7.36142967911591      1.07378891018079     -2.85130877187027      h       
   -4.60411619631464      6.87100688564138      2.34239302631266      o       
   -2.42134606265028      4.33209678082498     -0.70121263587218      o       
   -2.72940962824192      4.96040142487901     -2.50467158409855      h       
  -.76659451279697D-03  -.21700330878499D-02  -.72189916276826D-03
  0.15031554527034D-02  0.41933334862783D-02  -.37828001882532D-03
  -.24874321669264D-02  0.19435695688581D-02  0.77710166109853D-03
  -.70954284571321D-03  0.11823719755913D-02  0.62192785515655D-03
  -.23914202526750D-02  -.15861698598568D-02  0.25457497030063D-03
  0.44095715835611D-03  0.16280399139251D-02  -.31221396974806D-02
  0.14321027984512D-01  0.89790373615170D-02  0.36108606009156D-02
  -.43553481646031D-03  -.12445887779293D-02  0.38438739200117D-02
  -.45563057664220D-02  -.12596067661050D-01  0.78284361879700D-02
  -.79652378373886D-02  0.69495167166896D-03  -.13434875841315D-01
  0.58866625815164D-03  0.64299093598008D-03  0.15215614259053D-02
  0.42801784338723D-02  -.83802853010742D-02  0.12244742298034D-01
  -.18219170892126D-02  0.67128497739416D-02  -.13045884199004D-01
  cycle =     13    UFF energy =      0.0714536321   |dE/dxyz| =  0.021098
   -6.81450712954213      3.05068116867259      0.63451269642378      c       
   -4.59247596461698      4.90694454524043      0.57334088498659      c       
   -9.35796904849650      4.33614624381903     -0.01368491858956      c       
   -9.75998914043407      5.88231236944647      1.35882606190125      h       
  -10.93478524182011      2.94259644884234      0.08439219717853      h       
   -9.29774589680255      5.18201617784049     -1.94572358078557      h       
   -6.40532495700303      0.86981939612556     -1.05091759542223      n       
   -6.88496272351975      2.38140477746976      2.64427550450086      h       
   -7.31365211983452     -0.73633322807040     -0.28380295342100      h       
   -7.17257950350164      1.18419319933943     -2.86807387099078      h       
   -4.67359632807660      7.08988867622822      2.04239302631266      o       
   -2.44949751601987      4.44160661801350     -0.87125751268897      o       
   -2.81431689325676      4.95002229717539     -2.68406118102869      h       
  -.59872160382120D-05  -.25597940979708D-02  -.13616108337526D-02
  0.18614314521199D-02  -.39071848783871D-03  -.17766662759639D-02
  -.24309600857194D-02  0.15162839860703D-02  0.69991191894634D-03
  -.49292284793579D-03  0.54573311107010D-03  0.24562418132492D-03
  -.18976386536058D-02  -.12325119672547D-02  0.19290598717225D-03
  0.29221751540170D-03  0.13843620937329D-02  -.25162899519709D-02
  0.81423456641969D-02  0.59360711099442D-02  0.21511556030102D-02
  -.26989535320066D-03  -.11365521974360D-02  0.31965105328291D-02
  -.27878517371921D-02  -.77123322508930D-02  0.46987864425168D-02
  -.44792497153742D-02  0.48885038497790D-03  -.77327400670513D-02
  0.10371531715449D-02  0.34756646370671D-02  0.23539811026660D-02
  0.18044453175790D-02  -.36675036497134D-02  0.59553989087631D-02
  -.77308751177626D-03  0.33524473282440D-02  -.61069675484901D-02
  cycle =     14    UFF energy =      0.0702808550   |dE/dxyz| =  0.018118
   -6.75769160749104      3.04916641965423      0.64312703049235      c       
   -4.61637616936890      4.98586132661309      0.43711995441202      c       
   -9.38473990763066      4.23350695844823      0.16472467071177      c       
   -9.75910406568673      5.75576193895714      1.57027252777318      h       
  -10.89785320158820      2.78168993025094      0.35117048217176      h       
   -9.48065551770216      5.08925982114588     -1.76093599848688      h       
   -6.39050845571576      0.89162495319938     -1.07505931438102      n       
   -6.66856193493998      2.36686147258223      2.64555357307205      h       
   -7.47248271150652     -0.65687033231821     -0.42708058530046      h       
   -7.00930029676744      1.33183493141310     -2.91942414117848      h       
   -4.78054702529089      7.26943553082229      1.74239302631266      o       
   -2.45057667139458      4.48567038106784     -0.95970467262934      o       
   -2.80300489784174      4.89749535830657     -2.79193779459276      h       
  0.65257292978075D-03  -.22478758430396D-02  -.16059010764833D-02
  0.18405906053731D-02  -.16926080035518D-02  -.22390728978971D-02
  -.22976720063350D-02  0.98048824720693D-03  0.89133809281382D-03
  -.40166315733439D-03  0.29704213596893D-03  0.23707948204529D-03
  -.15745450186755D-02  -.10415140927828D-02  0.17803846623049D-03
  0.70880501494416D-04  0.12835597742489D-02  -.24205852177354D-02
  0.74907984597530D-02  0.51939543222401D-02  0.25553810868657D-02
  -.57004895025626D-04  -.99632972640389D-03  0.28709882075236D-02
  -.36794494521172D-02  -.69913268188301D-02  0.37638582013690D-02
  -.30918668720636D-02  0.11640753767845D-02  -.67869830380409D-02
  0.60267611538059D-03  0.47284041219374D-02  0.29280891553305D-02
  0.97013933882793D-03  -.22839747018450D-02  0.27875329459523D-02
  -.52545654905850D-03  0.16061052080665D-02  -.31597634079739D-02
  cycle =     15    UFF energy =      0.0698125245   |dE/dxyz| =  0.018632
   -6.75988898925370      3.04669427490671      0.60581737817457      c       
   -4.62969332020526      4.98964909389859      0.38739684607211      c       
   -9.40390162349290      4.23932344373253      0.26707322320615      c       
   -9.72633650164884      5.71915497507048      1.73147914377345      h       
  -10.90573208921537      2.78127481710610      0.46708633668700      h       
   -9.57487648932127      5.15165658348362     -1.62583343176310      h       
   -6.45696440070222      0.95294852129484     -1.20494695399032      n       
   -6.59428405807674      2.29320238432080      2.57587560958122      h       
   -7.57683783441987     -0.58660133604691     -0.62120599254557      h       
   -7.07082124750410      1.48799901520281     -3.02164211130632      h       
   -4.89203049815416      7.36562574275177      1.51035017879538      o       
   -2.34483410064316      4.37461917696107     -0.78176929789491      o       
   -2.53520131028714      4.66575199746067     -2.66946217041315      h       
  0.10923319399802D-02  -.91270243626958D-03  -.70988917478603D-03
  -.32027586398469D-02  -.14624985537303D-02  -.39738299287798D-03
  -.20793613899096D-02  0.63225007257273D-03  0.66156076113095D-03
  -.41712907784383D-03  0.56915178332153D-03  0.53884596618733D-03
  -.10143515146687D-02  -.60501510307095D-03  0.12864032837214D-03
  -.36977314632774D-04  0.10510841035298D-02  -.20968896894917D-02
  0.53555383690115D-02  0.23327886163534D-02  0.14931888332347D-02
  0.74169458508376D-04  -.78193422265619D-03  0.25608465786756D-02
  -.24763918309407D-02  -.48165447092439D-02  0.24149498931145D-02
  -.21954498514366D-02  0.80033493597829D-03  -.52073607422959D-02
  -.12082581119569D-02  0.66427491825469D-02  0.43462981382859D-02
  0.69847403935185D-02  -.52974546194535D-02  0.33987544696605D-02
  -.87610242978263D-03  0.18477909501217D-02  -.71315623692099D-02
  cycle =     16    UFF energy =      0.0689288382   |dE/dxyz| =  0.010362
   -6.72058489221231      3.02221194873004      0.56621272529715      c       
   -4.63261436784501      4.99785398727186      0.28238765064804      c       
   -9.39891878104215      4.19054483014359      0.48391553720447      c       
   -9.62611952364965      5.60529170539651      2.03147914377345      h       
  -10.86461233647700      2.70779562273472      0.73886453604038      h       
   -9.72712426925885      5.17601539529140     -1.35206947365689      h       
   -6.53042192546214      1.02856587072648     -1.37287607923370      n       
   -6.39939339863621      2.16951573927384      2.47637717089036      h       
   -7.72790193947296     -0.47936677817989     -0.89078444763402      h       
   -7.12199712699419      1.71614043935529     -3.14099558041175      h       
   -4.96237796658005      7.42638859803175      1.24588813397858      o       
   -2.31342064399391      4.36281436966762     -0.77674903805981      o       
   -2.44591529130019      4.55752696169989     -2.67143152045964      h       
  0.19315727542118D-02  0.10603507418141D-02  0.24962625954018D-03
  -.46311147253743D-03  -.15684391117140D-02  -.13426158238231D-02
  -.26538739888615D-02  0.13361256439094D-03  0.89783272283391D-03
  -.62554011540073D-03  0.93071091725448D-03  0.12062416215725D-02
  -.63544692096313D-03  -.10658588462411D-03  0.17130718933730D-03
  -.36759480972758D-03  0.11510704182646D-02  -.23896627499823D-02
  0.36493817762016D-02  -.11117469106403D-02  0.28518504543308D-03
  0.39201293199538D-03  -.88412479626111D-03  0.29073790184746D-02
  -.12993813984894D-02  -.24934546800120D-02  0.63784676941590D-03
  -.11586906463714D-02  0.74414991616214D-03  -.36239478924757D-02
  -.36663881802357D-03  0.34137529093571D-02  0.22588239859160D-02
  0.20227134983185D-02  -.19928097129240D-02  0.10974582185798D-02
  -.42540279035252D-03  0.72351362893220D-03  -.23554743648221D-02
  cycle =     17    UFF energy =      0.0684686511   |dE/dxyz| =  0.017645
   -6.73098196197208      3.01825432223097      0.51803729196082      c       
   -4.63882317222838      4.99006673194397      0.25050588844090      c       
   -9.40396414840467      4.19347920827756      0.56265496562647      c       
   -9.57757910975114      5.55303685977733      2.16468978901725      h       
  -10.86521868083664      2.70584329070774      0.80684831121007      h       
   -9.78312708294142      5.24713912023301     -1.22280194510047      h       
   -6.60562815398865      1.10712238618115     -1.50676615780809      n       
   -6.35800672748105      2.08663687883120      2.37852687442783      h       
   -7.81963651991923     -0.39815271095552     -1.06878364401047      h       
   -7.21911826819734      1.88116990291425     -3.22987126680299      h       
   -5.06404334858503      7.49851930482921      0.96978707789177      o       
   -2.22326746100894      4.27397743676969     -0.54154457262136      o       
   -2.18200782761035      4.32420595840246     -2.46106385385507      h       
  0.13396725364360D-02  0.13011823666131D-02  0.90079296195773D-03
  -.42495453269306D-02  -.29786155891917D-02  -.10249359357498D-02
  -.19106102561866D-02  -.21197198435239D-04  0.53807020994794D-03
  -.49196520497285D-03  0.88022068711401D-03  0.10676413569620D-02
  -.33243382854956D-03  -.64021859935879D-04  0.10705316545955D-03
  -.32631033548431D-03  0.90229790152756D-03  -.17812244199610D-02
  0.24565736156106D-02  -.18652963469976D-02  -.10129026074352D-04
  0.38777875225592D-03  -.68061893889704D-03  0.21917871160813D-02
  -.76652547444686D-03  -.15385194000054D-02  0.33760238151214D-03
  -.91774116331228D-03  0.68295946088663D-03  -.29295646127354D-02
  -.28367132694828D-02  0.77274925587018D-02  0.37696074389935D-02
  0.77627952965381D-02  -.49380894269652D-02  0.42846131330813D-02
  -.11497534147484D-03  0.59220578558505D-03  -.74513137694749D-02
  cycle =     18    UFF energy =      0.0676688412   |dE/dxyz| =  0.012178
   -6.70840619862003      2.98635207781336      0.45045746204583      c       
   -4.62624288179774      4.96781794877097      0.19099413027758      c       
   -9.37073547029688      4.15598703939802      0.76161236842368      c       
   -9.42661355443379      5.41116915343747      2.45915135655332      h       
  -10.81607403613298      2.65457956772147      1.00973450150228      h       
   -9.87101917829559      5.32608358123517     -0.92280194510047      h       
   -6.71993751938741      1.23246978857164     -1.72221870800991      n       
   -6.21733943351965      1.91393988084896      2.20905117257433      h       
   -7.95211050864471     -0.27272471152644     -1.34750669425936      h       
   -7.39350844945232      2.15692933592145     -3.35025272914430      h       
   -5.09855580761526      7.50223187489987      0.73421969170736      o       
   -2.18889674488137      4.24649290645833     -0.47254788026655      o       
   -2.08196267984695      4.19997024659271     -2.37967396792659      h       
  0.18517811261353D-02  0.27266750317934D-02  0.18182643517000D-02
  -.69383630716780D-03  -.21104813337294D-02  -.12907788404030D-02
  -.26796410083128D-02  -.37037788064739D-03  0.91163054913264D-03
  -.56770928716789D-03  0.15012723395408D-02  0.20891309895094D-02
  -.18438289846682D-03  0.38334669818198D-04  0.15076248404935D-03
  -.80442038103299D-03  0.15471977036632D-02  -.24146194758948D-02
  0.27632831201702D-02  -.50735206608913D-02  -.91270116326816D-03
  0.90120913640696D-03  -.13549019950113D-02  0.30256072182792D-02
  -.32078800096414D-03  -.85872102520416D-03  -.33576272783232D-04
  -.13489614266197D-02  0.16074533897872D-02  -.41643646413503D-02
  -.10142702311920D-02  0.36941241106496D-02  0.18765224368354D-02
  0.22681345817649D-02  -.16907812965833D-02  0.14737734841706D-02
  -.17039842355325D-03  0.34372694681443D-03  -.25296511199772D-02
  cycle =     19    UFF energy =      0.0671014122   |dE/dxyz| =  0.016426
   -6.71477056241082      2.98561535667464      0.40780870020391      c       
   -4.63358288481171      4.96867965519950      0.16612346548345      c       
   -9.36339361193323      4.14174694620227      0.82055461659443      c       
   -9.37058725082317      5.35493949044639      2.54476001600444      h       
  -10.80210853903156      2.63424936674715      1.06890644004530      h       
   -9.90598319744167      5.35225145749972     -0.81724818185617      h       
   -6.77711470343872      1.30958127592065     -1.81835533236228      n       
   -6.18800364228475      1.85419465059658      2.11349672577971      h       
   -8.02196926782151     -0.19262277103816     -1.47710148297797      h       
   -7.46520081114351      2.29710101964455     -3.39893264727623      h       
   -5.17594941704318      7.54451437336595      0.43421969170736      o       
   -2.14510303024431      4.21858180826809     -0.26519516463391      o       
   -1.90763554449682      4.01246606061562     -2.15881808833469      h       
  0.91666790323758D-03  0.19837259159753D-02  0.13433877400097D-02
  -.16226817576057D-02  -.52618250917806D-02  -.12034274808829D-02
  -.17608166054393D-02  -.28799616327547D-03  0.54904844317874D-03
  -.34874103278146D-03  0.92573821825492D-03  0.12651650644917D-02
  -.10943106486960D-03  0.29063165385643D-04  0.95189439973235D-04
  -.45960124314139D-03  0.94848089743755D-03  -.14697458451335D-02
  0.18116776382611D-02  -.32395591714819D-02  -.58090361211075D-03
  0.57738514768867D-03  -.84175207640931D-03  0.19063399427212D-02
  -.22923044938937D-03  -.58004886058284D-03  -.17621490316822D-04
  -.87981079590353D-03  0.10320934620284D-02  -.26705427680612D-02
  -.34442898908347D-02  0.87443105343658D-02  0.22041700810187D-02
  0.50845913231284D-02  -.31521198914784D-02  0.49317499488982D-02
  0.46428082764923D-03  -.30011093843898D-03  -.63528094637864D-02
  cycle =     20    UFF energy =      0.0663459237   |dE/dxyz| =  0.013151
   -6.70310455758759      2.95602016001598      0.33155869138133      c       
   -4.62598299948377      4.94632381935828      0.13422714257940      c       
   -9.31675660901993      4.08754629583376      0.98729323068059      c       
   -9.21015593049176      5.18661444120231      2.78654173221251      h       
  -10.74422403337243      2.56761913556366      1.22424440457932      h       
   -9.95634646657608      5.40559437849208     -0.53307363559734      h       
   -6.89680137561641      1.46538585416984     -2.02139706100835      n       
   -6.09079339547210      1.68426909225399      1.91069078110379      h       
   -8.16186510237216     -0.03486034270376     -1.74997064521040      h       
   -7.63026556768766      2.59710101964455     -3.48627457265449      h       
   -5.19825761026422      7.51888954818152      0.21429475851191      o       
   -2.12275066057826      4.20502170823551     -0.15761359453456      o       
   -1.81409815440288      3.89577357989546     -2.02030247366659      h       
  0.13425567027710D-02  0.31659262441685D-02  0.21147799018648D-02
  -.14836000206311D-03  -.28821418316091D-02  -.71136885759417D-03
  -.22590661485841D-02  -.44839920613509D-03  0.11036514974993D-02
  -.28180963377667D-03  0.13556946848488D-02  0.21395745790353D-02
  -.93648425872199D-04  -.83992778425773D-05  0.14608825752638D-03
  -.95289997095400D-03  0.16731925530998D-02  -.20398013893005D-02
  0.26139134953107D-02  -.55499913906761D-02  -.17525963103969D-02
  0.11330951466012D-02  -.17802444184863D-02  0.27347196417405D-02
  -.36621624218681D-03  -.85835020423589D-03  -.13767660864227D-03
  -.16074420986684D-02  0.23010971379178D-02  -.40410239773583D-02
  -.18449545834345D-02  0.46052015350569D-02  0.11403900691199D-02
  0.22995677966660D-02  -.14528867105460D-02  0.24408357058880D-02
  0.16526396419088D-03  -.12069911556069D-03  -.31375725093821D-02
  cycle =     21    UFF energy =      0.0657494016   |dE/dxyz| =  0.013771
   -6.70397173634912      2.95347527728015      0.28329078188689      c       
   -4.63834170703487      4.95461750617111      0.10032525852305      c       
   -9.29368898926356      4.05249002256454      1.05083153442800      c       
   -9.13326801283118      5.09894351633152      2.87160432274159      h       
  -10.70977568671082      2.52187542501372      1.28706962547480      h       
   -9.98137606643607      5.40803283665552     -0.40816836661838      h       
   -6.95999234498050      1.55347246444525     -2.10981075202165      n       
   -6.05203726005050      1.62803417620607      1.79322036416843      h       
   -8.24305821902722      0.06418575464394     -1.86981064028508      h       
   -7.70188487731903      2.74642503716275     -3.51386945518520      h       
   -5.24771596386926      7.51950536023595     -0.08570524148809      o       
   -2.11190981504176      4.22509932413889      0.01737635927036      o       
   -1.69438178401129      3.75514198929385     -1.79613503251765      h       
  0.45944719280216D-03  0.16486281674515D-02  0.88591632220365D-03
  -.58826743794361D-03  -.48420032832099D-02  0.68428475184169D-04
  -.11898588568839D-02  -.27191144640638D-03  0.62537160462317D-03
  -.13877254441788D-03  0.64054386057499D-03  0.95435629024022D-03
  -.59515926727297D-04  0.20291493595787D-05  0.83494177114303D-04
  -.42871647263613D-03  0.78623813208645D-03  -.99333126263530D-03
  0.13724557747509D-02  -.25236843189645D-02  -.76675432927673D-03
  0.53645705897087D-03  -.82749633070795D-03  0.13148261871859D-02
  -.19884170137686D-03  -.43426026105446D-03  -.70880248434585D-04
  -.75758677416918D-03  0.10400274396326D-02  -.19106228162727D-02
  -.32454786751475D-02  0.74596334114102D-02  0.21680492501615D-03
  0.33172429044518D-02  -.16296410581116D-02  0.51871596485395D-02
  0.92143545832665D-03  -.10481034620604D-02  -.55947689734878D-02
  cycle =     22    UFF energy =      0.0652416641   |dE/dxyz| =  0.009899
   -6.69378900239106      2.92897819832244      0.20091381067248      c       
   -4.63872679804701      4.94179297089935      0.05177604001705      c       
   -9.22920356053998      3.97663450644562      1.20135357335323      c       
   -8.95665503539010      4.88901048066100      3.08456074813615      h       
  -10.63575413203078      2.43307014742193      1.41036453389633      h       
   -9.99924696829233      5.43612398395360     -0.11642763002510      h       
   -7.09268230029818      1.71831589855003     -2.27983124035777      n       
   -5.96403476209646      1.48646678711427      1.56718028407142      h       
   -8.39934742998265      0.24169829681745     -2.09444192347872      h       
   -7.87116489971596      3.03523627487396     -3.55316301100992      h       
   -5.25527572895367      7.47664439136073     -0.28705924294985      o       
   -2.11032821270140      4.24031989913346      0.09806400933452      o       
   -1.62519363248541      3.67700685458952     -1.66307119328273      h       
  0.13548372474443D-02  0.22927943225331D-02  0.17426285548136D-02
  -.12533037277086D-03  -.10902924805745D-02  0.13874246540678D-03
  -.16952336905453D-02  -.67556740121603D-03  0.11322462009402D-02
  -.39318900879419D-04  0.11006825830736D-02  0.21998186108609D-02
  -.35183484563394D-04  -.10712589754956D-03  0.12600125071967D-03
  -.11238470071765D-02  0.18140086833535D-02  -.16495510512731D-02
  0.18938107691738D-02  -.45547681757891D-02  -.22427749860542D-02
  0.11403785464177D-02  -.18025149186684D-02  0.19886829250294D-02
  -.26200063092942D-03  -.56074581610333D-03  -.22939460963617D-03
  -.15017495845302D-02  0.23917405398265D-02  -.29898443417439D-02
  -.97503092210648D-03  0.20474614258279D-02  0.55817069935855D-04
  0.11306005626280D-02  -.55640123876263D-03  0.16720068550098D-02
  0.23806746783784D-03  -.29927162595100D-03  -.19443789440087D-02
  cycle =     23    UFF energy =      0.0649688030   |dE/dxyz| =  0.008121
   -6.69698608482689      2.93119735648256      0.16374983602828      c       
   -4.65579470234647      4.95656591747656      0.01044525488745      c       
   -9.21094834742919      3.95168645173943      1.21871808627191      c       
   -8.90914422627708      4.82700106462566      3.10730572112783      h       
  -10.61384099454052      2.40412007328897      1.42099587607068      h       
   -9.99913302328502      5.42897866192394     -0.05633849034594      h       
   -7.13550636487327      1.76157008846647     -2.31885992726296      n       
   -5.94646284549799      1.47386130525956      1.49012197509091      h       
   -8.45388953288485      0.29591878578795     -2.13871542880805      h       
   -7.91407454067755      3.10045966235876     -3.55802925679748      h       
   -5.28054413079014      7.45725065260726     -0.53565557866333      o       
   -2.12401179714645      4.29049051273002      0.25198860516716      o       
   -1.53106587234964      3.60219815739628     -1.43550791438944      h       
  0.17159809061126D-03  0.33561587560907D-03  0.16480049857401D-03
  -.13740359493835D-02  -.19204315409255D-02  0.51588467862813D-03
  -.32637926807867D-03  -.14573734585508D-03  0.20425891641325D-03
  -.30766189538630D-04  0.21132745566905D-03  0.33756330083810D-03
  -.43523399105776D-05  -.15960943029784D-04  0.18809248804503D-04
  -.16870211511526D-03  0.27579810689532D-03  -.31169249482962D-03
  0.39524485775958D-03  -.65160176460555D-03  -.28324414166439D-03
  0.15569249927585D-03  -.25133323579397D-03  0.35438668033583D-03
  -.50870955540414D-04  -.87346041626851D-04  -.30326263137478D-04
  -.21389230996266D-03  0.31476394343518D-03  -.46750839989936D-03
  -.19143415715829D-02  0.38399630052991D-02  -.77345150971850D-03
  0.22200126879665D-02  -.57016425335600D-03  0.40585585957286D-02
  0.11407925634994D-02  -.13348932617150D-02  -.37880391100731D-02
  cycle =     24    UFF energy =      0.0648569063   |dE/dxyz| =  0.003617
   -6.69143098636326      2.91820887299545      0.11384115289217      c       
   -4.65167578296609      4.94450574752548     -0.04004080184207      c       
   -9.15572792226425      3.90763985616544      1.31209164706872      c       
   -8.77347491390748      4.69684544085289      3.22635630577188      h       
  -10.56076772821599      2.36042629104609      1.50207498502993      h       
   -9.98451919913157      5.44474027707827      0.13339907557650      h       
   -7.23663937410766      1.85266406561939     -2.39718637965852      n       
   -5.89530269922847      1.40351493399734      1.34927736003542      h       
   -8.56540605382066      0.39540974623462     -2.22699093782535      h       
   -8.04501360529621      3.25049772108370     -3.55246043716613      h       
   -5.27156801340101      7.43137109855622     -0.61614691456066      o       
   -2.12647812453170      4.29378800573232      0.23882332918868      o       
   -1.51339805969081      3.58168663325612     -1.42281962613350      h       
  0.76544252148341D-03  0.64736899278066D-03  0.69824642897040D-03
  -.15650160598175D-03  -.15502339287524D-03  0.99089854177328D-04
  -.72852282952258D-03  -.35523255025360D-03  0.36741611948402D-03
  0.67791670933350D-04  0.40467876196621D-03  0.99804447915139D-03
  -.86539726064603D-05  -.30758158833767D-04  0.24697368276372D-04
  -.52134399515741D-03  0.76782144001077D-03  -.57680552450308D-03
  0.50704792084636D-03  -.16369991777394D-02  -.10462816617311D-02
  0.48285889910214D-03  -.65445731999301D-03  0.65014331370380D-03
  -.46564255699661D-04  -.87256588044859D-04  -.99886469428460D-04
  -.59275415791141D-03  0.90551419210077D-03  -.98613440058203D-03
  -.23253074518559D-03  0.47467195062469D-03  -.87864290332757D-04
  0.33635286648092D-03  -.12721292905554D-03  0.54778606234024D-03
  0.12737768321867D-03  -.15311522068762D-03  -.58845127952609D-03
  cycle =     25    UFF energy =      0.0648239202   |dE/dxyz| =  0.001413
   -6.69351318698806      2.91870674684273      0.09748876264926      c       
   -4.65937960739454      4.95026728013033     -0.05933628384124      c       
   -9.14831863662147      3.89835990347523      1.31240517654968      c       
   -8.75580603403997      4.67406038103751      3.22625233108193      h       
  -10.55330466432184      2.35084642296865      1.50003352127563      h       
   -9.98041209017968      5.44086534813284      0.14935693952861      h       
   -7.25262085017083      1.86433781932638     -2.41048143816451      n       
   -5.89139079712438      1.40102777298696      1.31963073388257      h       
   -8.58459306011680      0.41025101388814     -2.23969020877559      h       
   -8.06035967651214      3.26728285015553     -3.55505946148081      h       
   -5.27753911074193      7.41786143268969     -0.71527484331456      o       
   -2.13902844564690      4.32264901437060      0.30833133051249      o       
   -1.47513630306656      3.56478270413873     -1.31343780152642      h       
  0.10025329660153D-04  -.29301930179801D-05  -.48873113018739D-05
  -.40510964904835D-03  -.17620614203220D-03  0.56705338514425D-04
  -.15838922528204D-04  -.90035612036094D-05  0.73242006191956D-05
  -.40742954134951D-05  0.12972702578528D-04  0.14835443639774D-04
  0.58168395779777D-06  -.86900708339268D-06  -.25766480156783D-06
  -.68292892100996D-05  0.10064931499979D-04  -.17790331153200D-04
  0.23888372611365D-04  -.18032763150547D-04  -.78749804977140D-05
  0.66120276140283D-06  -.74983113633394D-05  0.19260069025759D-04
  -.23438873162202D-05  -.15019213384776D-05  -.38526791443962D-06
  -.44236372245489D-05  0.67163527956276D-05  -.13917218515728D-04
  -.29977329517348D-03  0.54191543870157D-03  -.15774283188287D-03
  0.45143749588782D-03  -.69596941017435D-04  0.76957679704946D-03
  0.25179889103586D-03  -.28603058536872D-03  -.66484624278121D-03
  cycle =     26    UFF energy =      0.0648210367   |dE/dxyz| =  0.000206
   -6.69254371094637      2.91582267862239      0.08562867413058      c       
   -4.65768921052018      4.94647736556182     -0.07295061777992      c       
   -9.13272592223572      3.88788568091239      1.33587616294355      c       
   -8.71886474599087      4.64276081937003      3.25371669182285      h       
  -10.53896591403934      2.34132690925232      1.52202520105201      h       
   -9.97364468742535      5.44403836936563      0.19732084481980      h       
   -7.27983074599620      1.88656051324232     -2.42655280734475      n       
   -5.88013274169567      1.38499002287636      1.28458250369033      h       
   -8.61405353551055      0.43450109539285     -2.25625766651724      h       
   -8.09512038674453      3.30264752083251     -3.54969318436660      h       
   -5.27485003161461      7.41314351842849     -0.72809813453950      o       
   -2.13884394119406      4.32043826601245      0.29662704839593      o       
   -1.47413688901151      3.56070593027437     -1.32200595792999      h       
  0.51234970772926D-04  0.35371367465889D-04  0.44300557369279D-04
  0.49756738401260D-05  0.30218531879948D-05  0.25280799567568D-05
  -.45511810538081D-04  -.20209189974943D-04  0.19954748360445D-04
  0.68463278280347D-05  0.22009948643689D-04  0.60719049422599D-04
  -.10680960068041D-05  -.95364071968669D-06  0.96329229909295D-06
  -.31898453543520D-04  0.44864157579028D-04  -.30246255649120D-04
  0.23632004615163D-04  -.95544015713473D-04  -.68249602071446D-04
  0.30249280794589D-04  -.37975163556557D-04  0.35210159650977D-04
  -.25881696327679D-05  -.35683922971409D-05  -.61030136207001D-05
  -.36420590968626D-04  0.53835080403359D-04  -.55486563609280D-04
  0.15639733503235D-06  -.11958261101740D-06  -.16008462484116D-05
  0.56764694943839D-06  -.12030624434919D-05  0.50696405276681D-07
  -.17518144551990D-06  0.47064003635012D-06  -.20403022654687D-05
  cycle =     27    UFF energy =      0.0648209757   |dE/dxyz| =  0.000000
   -6.69262234211430      2.91585653149114      0.08538309763243      c       
   -4.65781054393536      4.94654473273625     -0.07331000639383      c       
   -9.13246434219811      3.88768770232459      1.33586123248523      c       
   -8.71836968618624      4.64234347547861      3.25350259832467      h       
  -10.53873388318721      2.34116205257132      1.52205097990906      h       
   -9.97332514736437      5.44383903343635      0.19763916150438      h       
   -7.28021698510800      1.88678846255325     -2.42651985234854      n       
   -5.88021757925307      1.38504659946458      1.28402921470929      h       
   -8.61448041197161      0.43478153866301     -2.25612983711700      h       
   -8.09544099215940      3.30287214380028     -3.54940684920397      h       
   -5.27493235461994      7.41300457168881     -0.72926838325007      o       
   -2.13904582299291      4.32077638706996      0.29728025986008      o       
   -1.47374237183445      3.56059545886578     -1.32089285773465      h       
  0.28617903830106D-08  0.10510862559688D-08  0.80691749242156D-08
  -.63914959862015D-07  -.80319557584779D-08  0.34640322398721D-08
  -.34292370063374D-08  -.49804983708854D-08  -.57071830547074D-08
  -.20316557408856D-08  0.31789792885633D-08  0.74189645223109D-08
  0.24475091534634D-08  -.17762228424607D-08  -.79604573855006D-10
  0.11919917663594D-08  -.12838380839930D-08  -.60782161396601D-08
  0.11668871729119D-07  -.41275968994722D-08  -.93058351280893D-09
  -.21705245086077D-08  -.12363323171217D-08  0.53651078783627D-08
  -.36114253881229D-08  0.44616691448167D-08  0.10383382214208D-08
  -.35802298146547D-08  0.33275396724608D-08  -.36267026271236D-08
  -.30917765166637D-07  0.56744878053350D-07  -.15604685850348D-07
  0.59772157452297D-07  -.10830404890787D-07  0.91692526494507D-07
  0.31713476999866D-07  -.36497303253398D-07  -.85021168524219D-07
  cycle =     28    UFF energy =      0.0648209757   |dE/dxyz| =  0.000000
   -6.69262233964320      2.91585647659581      0.08538150759445      c       
   -4.65781104849507      4.94654511531335     -0.07331243517547      c       
   -9.13246325738928      3.88768704680480      1.33586218701003      c       
   -8.71836698816804      4.64234137493038      3.25350374457839      h       
  -10.53873287175551      2.34116146371538      1.52205195102263      h       
   -9.97332478008097      5.44383928745623      0.19764188867819      h       
   -7.28021908358721      1.88678938798117     -2.42652133814262      n       
   -5.88021645639669      1.38504608759477      1.28402626290597      h       
   -8.61448234984782      0.43478237433733     -2.25613085790767      h       
   -8.09544389252362      3.30287355709256     -3.54940712808879      h       
   -5.27493272483811      7.41300315712778     -0.72927713899840      o       
   -2.13904697123189      4.32077911070289      0.29728478337313      o       
   -1.47373969896756      3.56059425049149     -1.32088466847279      h       
  0.33155731849269D-12  -.11176898572244D-12  0.86615312361663D-13
  -.26784867726559D-11  -.93533774475629D-12  0.39768232110160D-12
  -.28899885956557D-12  -.15464703356869D-12  0.89362870402121D-13
  -.11922103929085D-13  0.16525158791272D-12  0.26979053756662D-12
  -.20264280704840D-13  0.18319560820580D-13  -.14750109770742D-13
  -.17924192945856D-12  0.22197838727735D-12  -.22403845272023D-12
  0.20101628694924D-12  -.28611184602068D-12  -.27860721542317D-12
  0.96243759489800D-13  -.11092873581503D-12  0.23798736419056D-12
  -.78249039192624D-14  -.59816734898632D-13  0.26475214165086D-13
  -.88924744304220D-13  0.12210166959545D-12  -.20745850783793D-12
  -.18451767891392D-11  0.35217688140743D-11  -.99951926076092D-12
  0.28428067191943D-11  -.49628828607470D-12  0.52889572062231D-11
  0.16492068127816D-11  -.18945123247960D-11  -.46724990413263D-11
$end
