$ufftopology
nxtnei12
    1     3
          2     4    20
    2     3
          1     3    21
    3     3
          2     6     7
    4     3
          1     5    22
    5     3
          4     6    23
    6     3
          3     5     8
    7     3
          3     9    10
    8     3
          6     9    11
    9     3
          7     8    24
   10     1
          7
   11     4
          8    12    13    14
   12     4
         11    15    16    17
   13     1
         11
   14     1
         11
   15     3
         12    25    26
   16     3
         12    18    19
   17     1
         12
   18     1
         16
   19     1
         16
   20     1
          1
   21     1
          2
   22     1
          4
   23     1
          5
   24     1
          9
   25     1
         15
   26     2
         15    27
   27     1
         26
nxtnei13
    1     4
          3    21     5    22
    2     4
          4    20     6     7
    3     6
          1    21     5     8     9    10
    4     4
          2    20     6    23
    5     4
          1    22     3     8
    6     6
          2     7     4    23     9    11
    7     4
          2     6     8    24
    8     7
          3     5     7    24    12    13    14
    9     4
          3    10     6    11
   10     2
          3     9
   11     5
          6     9    15    16    17
   12     7
          8    13    14    25    26    18    19
   13     3
          8    12    14
   14     3
          8    12    13
   15     4
         11    16    17    27
   16     3
         11    15    17
   17     3
         11    15    16
   18     2
         12    19
   19     2
         12    18
   20     2
          2     4
   21     2
          1     3
   22     2
          1     5
   23     2
          4     6
   24     2
          7     8
   25     2
         12    26
   26     2
         12    25
   27     1
         15
nxtnei14
    1     3
          6     7    23
    2     5
          5    22     8     9    10
    3     7
          4    20    23     9    11     8    24
    4     3
          3    21     8
    5     5
          2    20     7     9    11
    6    10
          1    21     9    10    22     7    24    12    13    14
    7     6
          1    21     5     8     6    11
    8     9
          2     7     4    23     3    10    15    16    17
    9     7
          2     6     3     5    12    13    14
   10     4
          2     6     8    24
   11     8
          3     5     7    24    25    26    18    19
   12     3
          6     9    27
   13     5
          6     9    15    16    17
   14     5
          6     9    15    16    17
   15     5
          8    13    14    18    19
   16     5
          8    13    14    25    26
   17     7
          8    13    14    25    26    18    19
   18     3
         11    15    17
   19     3
         11    15    17
   20     4
          3    21     5    22
   21     4
          4    20     6     7
   22     4
          2    20     6    23
   23     4
          1    22     3     8
   24     4
          3    10     6    11
   25     4
         11    16    17    27
   26     3
         11    16    17
   27     2
         12    25
connectivity (= bond)
                    28
     1     2   2.575879   2.000000
     1     4   2.583857   2.000000
     1    20   2.054394   1.000000
     2     3   2.550262   2.000000
     2    21   2.049789   1.000000
     3     6   2.520483   2.000000
     3     7   2.680654   1.000000
     4     5   2.577773   2.000000
     4    22   2.054893   1.000000
     5     6   2.568031   2.000000
     5    23   2.051469   1.000000
     6     8   2.540132   2.000000
     7     9   2.708948   1.000000
     7    10   1.976238   1.000000
     8     9   2.550764   2.000000
     8    11   2.875584   1.000000
     9    24   2.054748   1.000000
    11    12   2.913387   1.000000
    11    13   2.102605   1.000000
    11    14   2.101106   1.000000
    12    15   2.875483   1.000000
    12    16   2.785075   1.000000
    12    17   2.105402   1.000000
    15    25   2.628755   1.000000
    15    26   2.624422   1.000000
    16    18   1.984042   1.000000
    16    19   1.980778   1.000000
    26    27   1.912919   1.000000
angle
                    46
     1     2     3     2     118.29       1.00       4.00
     1     2    21     2     121.22       1.00       5.00
     1     4     5     2     120.34       2.00       8.00
     1     4    22     2     119.83       2.00       9.00
     2     1     4     2     120.24       1.00       2.00
     2     1    20     2     119.84       1.00       3.00
     2     3     6     2     121.91       4.00       6.00
     2     3     7     2     127.14       4.00       7.00
     3     2    21     2     120.48       4.00       5.00
     3     6     5     2     120.79       6.00      10.00
     3     6     8     2     109.45       6.00      12.00
     3     7     9     9     101.11       7.00      13.00
     3     7    10     9     129.50       7.00      14.00
     4     1    20     2     119.92       2.00       3.00
     4     5     6     2     118.42       8.00      10.00
     4     5    23     2     120.08       8.00      11.00
     5     4    22     2     119.83       8.00       9.00
     5     6     8     2     129.75      10.00      12.00
     6     3     7     2     110.95       6.00       7.00
     6     5    23     2     121.50      10.00      11.00
     6     8     9     2     107.85      12.00      15.00
     6     8    11     2     125.25      12.00      16.00
     7     9     8     2     110.63      13.00      15.00
     7     9    24     2     123.48      13.00      17.00
     8     9    24     2     125.89      15.00      17.00
     8    11    12     9     115.22      16.00      18.00
     8    11    13     9     109.11      16.00      19.00
     8    11    14     9     108.29      16.00      20.00
     9     7    10     9     129.39      13.00      14.00
     9     8    11     2     126.79      15.00      16.00
    11    12    15     9     111.98      18.00      21.00
    11    12    16     9     108.16      18.00      22.00
    11    12    17     9     109.23      18.00      23.00
    12    11    13     9     107.87      18.00      19.00
    12    11    14     9     108.69      18.00      20.00
    12    15    25     2     120.57      21.00      24.00
    12    15    26     2     119.91      21.00      25.00
    12    16    18     9     109.52      22.00      26.00
    12    16    19     9     108.86      22.00      27.00
    13    11    14     9     107.40      19.00      20.00
    15    12    16     9     112.23      21.00      22.00
    15    12    17     9     106.67      21.00      23.00
    15    26    27     9     108.83      25.00      28.00
    16    12    17     9     108.49      22.00      23.00
    18    16    19     9     106.02      26.00      27.00
    25    15    26     2     119.52      24.00      25.00
torsion
                    69
     4     1     2     3     1     3   0.21225207 120.24300403 118.29483071
     4     1     2    21     1     3 180.29376494 120.24300403 121.22214936
    20     1     2     3     1     3 180.08234713 119.83633897 118.29483071
    20     1     2    21     1     3   0.16386001 119.83633897 121.22214936
     2     1     4     5     2     3 359.91578692 120.24300403 120.33946074
     2     1     4    22     2     3 179.86351703 120.24300403 119.82899895
    20     1     4     5     2     3 180.04580157 119.92052967 120.33946074
    20     1     4    22     2     3 359.99353167 119.92052967 119.82899895
     1     2     3     6     4     3 359.94967167 118.29483071 121.91096407
     1     2     3     7     4     3 180.89981298 118.29483071 127.13737895
    21     2     3     6     4     3 179.86878458 120.48296927 121.91096407
    21     2     3     7     4     3   0.81892589 120.48296927 127.13737895
     2     3     6     5     6     3 359.75499248 121.91096407 120.79141473
     2     3     6     8     6     3 180.31587566 121.91096407 109.45081944
     7     3     6     5     6     3 178.94396423 110.94594854 120.79141473
     7     3     6     8     6     3 359.50484742 110.94594854 109.45081944
     2     3     7     9     7    22 178.97685372 127.13737895 101.10602469
     2     3     7    10     7    22 359.44156423 127.13737895 129.50165600
     6     3     7     9     7    22 359.84046323 110.94594854 101.10602469
     6     3     7    10     7    22 180.30517374 110.94594854 129.50165600
     1     4     5     6     8     3 359.79590831 120.33946074 118.41926289
     1     4     5    23     8     3 179.70846796 120.33946074 120.08088803
    22     4     5     6     8     3 179.84817953 119.83151974 118.41926289
    22     4     5    23     8     3 359.76073917 119.83151974 120.08088803
     4     5     6     3    10     3   0.36801895 118.41926289 120.79141473
     4     5     6     8    10     3 179.68008297 118.41926289 129.75487327
    23     5     6     3    10     3 180.45675932 121.49978953 120.79141473
    23     5     6     8    10     3 359.76882334 121.49978953 129.75487327
     3     6     8     9    12     3   0.97844792 109.45081944 107.85276721
     3     6     8    11    12     3 177.43321741 109.45081944 125.25282107
     5     6     8     9    12     3 181.60517656 129.75487327 107.85276721
     5     6     8    11    12     3 358.05994605 129.75487327 125.25282107
     3     7     9     8    13     2   0.76416256 101.10602469 110.63335655
     3     7     9    24    13    22 180.57068962 101.10602469 123.47513429
    10     7     9     8    13     2 180.30019341 129.39047297 110.63335655
    10     7     9    24    13    22   0.10672048 129.39047297 123.47513429
     6     8     9     7    15     3 358.90115918 107.85276721 110.63335655
     6     8     9    24    15     3 179.10036219 107.85276721 125.89119441
    11     8     9     7    15     3 182.51622763 126.78791695 110.63335655
    11     8     9    24    15     3   2.71543064 126.78791695 125.89119441
     6     8    11    12    16    22 162.48609674 125.25282107 115.21668401
     6     8    11    13    16    22  41.01121205 125.25282107 109.11024530
     6     8    11    14    16    22 284.39992235 125.25282107 108.29083660
     9     8    11    12    16    22 338.27135396 126.78791695 115.21668401
     9     8    11    13    16    22 216.79646927 126.78791695 109.11024530
     9     8    11    14    16    22 100.18517957 126.78791695 108.29083660
     8    11    12    15    18     1 300.77301427 115.21668401 111.98149027
     8    11    12    16    18     1 176.59409648 115.21668401 108.15881382
     8    11    12    17    18     1  58.70241712 115.21668401 109.22592727
    13    11    12    15    18     1  62.91668938 107.86980280 111.98149027
    13    11    12    16    18     1 298.73777159 107.86980280 108.15881382
    13    11    12    17    18     1 180.84609224 107.86980280 109.22592727
    14    11    12    15    18     1 179.07256596 108.68660596 111.98149027
    14    11    12    16    18     1  54.89364817 108.68660596 108.15881382
    14    11    12    17    18     1 297.00196881 108.68660596 109.22592727
    11    12    15    25    21    22 296.74663744 111.98149027 120.56806248
    11    12    15    26    21    22 116.33379966 111.98149027 119.90613406
    16    12    15    25    21    22  58.62070684 112.23102730 120.56806248
    16    12    15    26    21    22 238.20786906 112.23102730 119.90613406
    17    12    15    25    21    22 177.30380936 106.66964989 120.56806248
    17    12    15    26    21    22 356.89097157 106.66964989 119.90613406
    11    12    16    18    22     1  71.69717320 108.15881382 109.51959888
    11    12    16    19    22     1 187.19908662 108.15881382 108.85746727
    15    12    16    18    22     1 307.66793810 112.23102730 109.51959888
    15    12    16    19    22     1  63.16985153 112.23102730 108.85746727
    17    12    16    18    22     1 190.06103369 108.48685305 109.51959888
    17    12    16    19    22     1 305.56294711 108.48685305 108.85746727
    12    15    26    27    25     3 180.51214974 119.90613406 108.82546718
    25    15    26    27    25     3   0.10363859 119.52452768 108.82546718
inversion
                    11
     1     2     4    20    11    11    11    0.113    0.112    0.112
     2     1     3    21    11    11    11   -0.070   -0.072   -0.071
     3     2     6     7    11    11    11   -0.757   -0.807   -0.688
     4     1     5    22    11    11    11    0.045    0.045    0.045
     5     4     6    23    11    11    11    0.076    0.077    0.078
     6     3     5     8    11    11    11   -0.529   -0.482   -0.591
     7     3     9    10     9     9     9   -0.359   -0.456   -0.455
     8     6     9    11    11    11    11    2.894    3.374    3.441
     9     7     8    24    11    11    11    0.161    0.181    0.186
    15    12    25    26    10    10    11    0.358    0.355    0.354
    16    12    18    19     9     9     9   58.663   58.288   56.885
nonbond
                   277
    1     6    5.105
    1     7    6.961
    1     8    7.614
    1     9    8.459
    1    10    8.023
    1    11    9.792
    1    12   12.352
    1    13    9.733
    1    14   10.250
    1    15   12.803
    1    16   14.373
    1    17   12.952
    1    18   14.487
    1    19   16.093
    1    23    6.337
    1    24   10.497
    1    25   13.028
    1    26   13.769
    1    27   14.397
    2     5    5.183
    2     8    6.559
    2     9    6.670
    2    10    5.501
    2    11    9.192
    2    12   11.415
    2    13    9.586
    2    14    9.833
    2    15   11.709
    2    16   13.750
    2    17   11.698
    2    18   14.121
    2    19   15.290
    2    22    6.333
    2    23    7.235
    2    24    8.607
    2    25   12.306
    2    26   12.251
    2    27   12.906
    3     4    5.086
    3    11    6.907
    3    12    8.952
    3    13    7.586
    3    14    7.698
    3    15    9.325
    3    16   11.379
    3    17    9.162
    3    18   11.884
    3    19   12.841
    3    20    6.271
    3    22    7.141
    3    23    6.295
    3    24    6.154
    3    25   10.190
    3    26    9.871
    3    27   10.697
    4     7    7.746
    4     8    6.868
    4     9    8.444
    4    10    9.254
    4    11    8.416
    4    12   11.173
    4    13    7.989
    4    14    8.742
    4    15   11.858
    4    16   12.837
    4    17   12.069
    4    18   12.756
    4    19   14.679
    4    21    6.347
    4    24   10.476
    4    25   11.863
    4    26   13.273
    4    27   13.984
    5     7    6.720
    5     9    6.635
    5    10    8.541
    5    11    5.855
    5    12    8.642
    5    13    5.471
    5    14    6.267
    5    15    9.507
    5    16   10.262
    5    17    9.621
    5    18   10.238
    5    19   12.105
    5    20    6.337
    5    21    7.233
    5    24    8.558
    5    25    9.658
    5    26   11.099
    5    27   11.961
    6    10    6.202
    6    12    7.270
    6    13    5.228
    6    14    5.589
    6    15    7.996
    6    16    9.406
    6    17    7.881
    6    18    9.747
    6    19   11.051
    6    20    7.160
    6    21    6.284
    6    22    6.292
    6    24    6.101
    6    25    8.677
    6    26    9.165
    6    27   10.129
    7    11    7.122
    7    12    8.396
    7    13    8.316
    7    14    8.053
    7    15    8.557
    7    16   11.071
    7    17    8.098
    7    18   11.888
    7    19   12.209
    7    20    8.677
    7    21    5.222
    7    22    9.799
    7    23    8.323
    7    25    9.936
    7    26    8.446
    7    27    9.348
    8    10    6.242
    8    15    5.829
    8    16    7.251
    8    17    5.357
    8    18    7.879
    8    19    8.742
    8    20    9.665
    8    21    8.129
    8    22    8.608
    8    23    5.268
    8    25    7.044
    8    26    6.989
    8    27    8.223
    9    12    5.742
    9    13    6.367
    9    14    5.935
    9    15    6.184
    9    16    8.435
    9    17    5.404
    9    18    9.381
    9    19    9.513
    9    20   10.405
    9    21    7.686
    9    22   10.385
    9    23    7.667
    9    25    7.905
    9    26    6.328
    9    27    7.578
   10    11    8.963
   10    12    9.936
   10    13   10.228
   10    14    9.865
   10    15    9.884
   10    16   12.663
   10    17    9.383
   10    18   13.574
   10    19   13.629
   10    20    9.463
   10    21    5.276
   10    22   11.300
   10    23   10.236
   10    24    5.100
   10    25   11.357
   10    26    9.300
   10    27   10.065
   11    18    5.185
   11    19    6.344
   11    20   11.826
   11    21   10.900
   11    22    9.745
   11    23    5.416
   11    24    5.515
   11    25    5.919
   11    26    6.764
   11    27    8.159
   12    20   14.402
   12    21   12.906
   12    22   12.559
   12    23    8.226
   12    24    5.345
   12    27    6.354
   13    15    5.267
   13    16    5.051
   13    17    5.830
   13    18    4.779
   13    19    6.911
   13    20   11.684
   13    21   11.443
   13    22    9.010
   13    23    4.511
   13    24    7.253
   13    25    5.387
   13    26    7.618
   13    27    8.667
   14    15    6.590
   14    16    4.975
   14    17    4.758
   14    18    5.812
   14    19    6.746
   14    20   12.226
   14    21   11.568
   14    22    9.908
   14    23    5.608
   14    24    6.555
   14    25    7.821
   14    26    8.457
   14    27   10.012
   15    18    5.007
   15    19    5.144
   15    20   14.793
   15    21   13.033
   15    22   13.309
   15    23    9.326
   15    24    5.658
   16    20   16.395
   16    21   15.376
   16    22   13.927
   16    23    9.336
   16    24    8.026
   16    25    5.781
   16    26    6.741
   16    27    8.134
   17    18    5.637
   17    19    4.461
   17    20   15.000
   17    21   12.982
   17    22   13.617
   17    23    9.488
   17    24    4.405
   17    25    6.443
   17    26    4.796
   17    27    6.667
   18    20   16.455
   18    21   15.847
   18    22   13.648
   18    23    9.078
   18    24    9.237
   18    25    5.106
   18    26    7.385
   18    27    8.421
   19    20   18.131
   19    21   16.804
   19    22   15.837
   19    23   11.271
   19    24    8.710
   19    25    6.377
   19    26    6.642
   19    27    7.972
   20    21    4.661
   20    22    4.631
   20    23    8.027
   20    24   12.421
   20    25   14.913
   20    26   15.709
   20    27   16.251
   21    22    8.043
   21    23    9.284
   21    24    9.416
   21    25   13.742
   21    26   13.224
   21    27   13.786
   22    23    4.628
   22    24   12.391
   22    25   13.057
   22    26   14.926
   22    27   15.593
   23    24    9.375
   23    25    9.238
   23    26   11.298
   23    27   12.202
   24    25    7.847
   24    26    5.181
   24    27    6.640
   25    27    4.562
qpartial
                    27
        -0.13482   -0.09678    0.17406   -0.12947   -0.12745    0.09132
        -0.53101    0.01247   -0.01926    0.25755   -0.24658   -0.03274
         0.18152    0.13582    0.53561   -0.63259    0.17531    0.29208
         0.24316    0.13321    0.12217    0.13726    0.11690    0.15132
        -0.45591   -0.69833    0.34518
$end
