$ufftopology
nxtnei12
    1     4
          2     3     7     8
    2     3
          1    11    12
    3     4
          1     4     5     6
    4     1
          3
    5     1
          3
    6     1
          3
    7     3
          1     9    10
    8     1
          1
    9     1
          7
   10     1
          7
   11     1
          2
   12     2
          2    13
   13     1
         12
nxtnei13
    1     7
         11    12     4     5     6     9    10
    2     4
          3     7     8    13
    3     3
          2     7     8
    4     3
          1     5     6
    5     3
          1     4     6
    6     3
          1     4     5
    7     3
          2     3     8
    8     3
          2     3     7
    9     2
          1    10
   10     2
          1     9
   11     2
          1    12
   12     2
          1    11
   13     1
          2
nxtnei14
    1     1
         13
    2     5
          4     5     6     9    10
    3     4
         11    12     9    10
    4     3
          2     7     8
    5     3
          2     7     8
    6     3
          2     7     8
    7     5
         11    12     4     5     6
    8     7
         11    12     4     5     6     9    10
    9     3
          2     3     8
   10     3
          2     3     8
   11     4
          3     7     8    13
   12     3
          3     7     8
   13     2
          1    11
connectivity (= bond)
                    12
     1     2   2.902316   1.000000
     1     3   2.913020   1.000000
     1     7   2.790902   1.000000
     1     8   2.107741   1.000000
     2    11   2.630407   1.000000
     2    12   2.636698   1.000000
     3     4   2.099167   1.000000
     3     5   2.103394   1.000000
     3     6   2.102435   1.000000
     7     9   1.979641   1.000000
     7    10   1.980557   1.000000
    12    13   1.907117   1.000000
angle
                    19
     1     2    11     2     120.33       1.00       5.00
     1     2    12     2     121.16       1.00       6.00
     1     3     4     9     110.63       2.00       7.00
     1     3     5     9     110.32       2.00       8.00
     1     3     6     9     110.44       2.00       9.00
     1     7     9     9     109.65       3.00      10.00
     1     7    10     9     112.87       3.00      11.00
     2     1     3     9     112.72       1.00       2.00
     2     1     7     9     110.99       1.00       3.00
     2     1     8     9     105.59       1.00       4.00
     2    12    13     9     111.24       6.00      12.00
     3     1     7     9     110.01       2.00       3.00
     3     1     8     9     107.48       2.00       4.00
     4     3     5     9     109.20       7.00       8.00
     4     3     6     9     108.10       7.00       9.00
     5     3     6     9     108.09       8.00       9.00
     7     1     8     9     109.89       3.00       4.00
     9     7    10     9     106.09      10.00      11.00
    11     2    12     2     118.45       5.00       6.00
torsion
                    23
     3     1     2    11     1    22   3.84012082 112.71518097 120.32644691
     3     1     2    12     1    22 180.89607422 112.71518097 121.15608517
     7     1     2    11     1    22 127.74971230 110.99227228 120.32644691
     7     1     2    12     1    22 304.80566570 110.99227228 121.15608517
     8     1     2    11     1    22 246.78393042 105.58679186 120.32644691
     8     1     2    12     1    22  63.83988382 105.58679186 121.15608517
     2     1     3     4     2     1 183.23155467 112.71518097 110.62904669
     2     1     3     5     2     1  62.29693878 112.71518097 110.31603565
     2     1     3     6     2     1 302.87111596 112.71518097 110.43918776
     7     1     3     4     2     1  58.77908462 110.00617656 110.62904669
     7     1     3     5     2     1 297.84446873 110.00617656 110.31603565
     7     1     3     6     2     1 178.41864591 110.00617656 110.43918776
     8     1     3     4     2     1 299.15926359 107.48131739 110.62904669
     8     1     3     5     2     1 178.22464770 107.48131739 110.31603565
     8     1     3     6     2     1  58.79882489 107.48131739 110.43918776
     2     1     7     9     3     1 110.88761198 110.99227228 109.64851389
     2     1     7    10     3     1 228.91776707 110.99227228 112.86786752
     3     1     7     9     3     1 236.32891622 110.00617656 109.64851389
     3     1     7    10     3     1 354.35907131 110.00617656 112.86786752
     8     1     7     9     3     1 354.47252841 109.88889277 109.64851389
     8     1     7    10     3     1 112.50268350 109.88889277 112.86786752
     1     2    12    13     6     3   6.56810160 121.15608517 111.24273895
    11     2    12    13     6     3 183.67780519 118.45391596 111.24273895
inversion
                     2
     2     1    11    12    10    10    11    2.519    2.541    2.473
     7     1     9    10     9     9     9   54.422   56.233   52.862
nonbond
                    47
    1    13    4.887
    2     4    6.657
    2     5    5.371
    2     6    5.297
    2     9    5.885
    2    10    6.191
    3     9    6.038
    3    10    4.653
    3    11    5.374
    3    12    7.315
    3    13    7.718
    4     7    5.160
    4     8    4.735
    4     9    6.103
    4    10    4.578
    4    11    7.458
    4    12    8.931
    4    13    8.990
    5     7    5.204
    5     8    5.844
    5     9    6.954
    5    10    4.789
    5    11    5.354
    5    12    7.867
    5    13    8.458
    6     7    6.501
    6     8    4.705
    6     9    7.717
    6    10    6.726
    6    11    5.118
    6    12    7.826
    6    13    8.541
    7    11    6.822
    7    12    5.736
    7    13    5.083
    8     9    4.179
    8    10    5.322
    8    11    5.993
    8    12    5.341
    8    13    5.085
    9    11    8.293
    9    12    6.358
    9    13    5.166
   10    11    7.901
   10    12    7.575
   10    13    7.041
   11    13    6.140
qpartial
                    13
        -0.06829    0.64100   -0.39822    0.14252    0.19976    0.15436
        -0.58423    0.10737    0.25178    0.26085   -0.38224   -0.63300
         0.30834
$end
