$coord                                                                          
    2.65692182751193      4.79010352500139     -1.61645203009006      c       
    0.76599026016379      5.41649250763535     -0.01414118457162      c       
   -0.37588531674305      3.60989987259197      1.38617013214403      c       
    3.40731497561112      2.34644127529570     -1.83232993855563      c       
    2.26699861699098      0.51151493590610     -0.43043686748514      c       
    0.36467439386745      1.16221932273797      1.18052082651454      c       
    0.00256314924943      7.92110378476952      0.20537572283815      o       
   -1.38627364120322      8.31427024259093     -1.05594625942985      h       
   -0.57766591913720     -0.27770688539331      2.30258442266548      h       
    4.91117302148200      1.86644869361530     -3.14625174757196      h       
    3.55859206885268      6.26045668587849     -2.72424494758270      h       
   -1.88613857293269      4.14010670129137      2.66794364778507      h       
    3.08261407002341     -2.22497290783212     -0.69316284578627      c       
    1.66878732854317     -3.61993545286702     -2.83181734865161      c       
    2.79179278330926     -3.24755303245860      1.12177393024517      h       
    5.14730410733896     -2.30802235780759     -1.07193525841504      h       
   -1.15645962394778     -3.86706359835497     -2.29513495786357      c       
   -2.89387443712889     -4.02923710097640     -4.26033991151560      o       
   -2.01855260880464     -4.17598444035702      0.17076176647268      o       
   -3.90719458954139     -4.48690048560686      0.11494569503994      h       
    2.20976797722198     -2.35437216569670     -5.25691284957236      n       
    2.37749705801603     -5.60065413838492     -2.90319687142548      h       
    4.08398675752384     -2.71766315989951     -5.77240416787708      h       
    1.08762851030755     -3.15177626129670     -6.68408165563139      h       
$end                                                                            
