$hessian
        0.7743765489  -0.0310114914  -0.0105159122  -0.2883418047  -0.0531507167
        0.0485945243  -0.2441627607   0.0476524118  -0.0847104865  -0.0007508193
       -0.0002167606   0.0004268173   0.0135688816  -0.0007294028   0.0051075520
       -0.0089271039   0.0064058736  -0.0101299982  -0.1663914524   0.0297637272
       -0.0001558409  -0.0934941417  -0.0099976906   0.0393059542  -0.0026986637
        0.0092594007   0.0013384591   0.0014498814   0.0217871351   0.0210130348
       -0.0083648200  -0.0210211999  -0.0055070963   0.0238341132   0.0020235299
       -0.0026369045  -0.0000978587  -0.0007648162  -0.0021301032
       -0.0310114914   0.8801652584   0.1232461342  -0.0675661538  -0.2405876542
       -0.0438420854   0.0617434970  -0.1759579346   0.0249539369  -0.0159594579
        0.0128798438  -0.0018467192   0.0233155550  -0.0017065351   0.0072737409
       -0.0031488604   0.0013885061  -0.0035808967   0.0622686504  -0.3835446385
       -0.1507991630  -0.0064965904  -0.1199030235   0.0415670981  -0.0023061522
        0.0206031270   0.0041416685  -0.0010581421  -0.0059625261  -0.0045268501
        0.0096934812   0.0252183692   0.0061383307  -0.0286578105  -0.0019196193
        0.0024846629  -0.0008165249  -0.0106731732  -0.0052098578
       -0.0105159122   0.1232461342   0.7527177718   0.0399462991  -0.0506182502
       -0.1497700243  -0.0713919670   0.0110718158  -0.1548729352  -0.0151357447
        0.0138995639  -0.0028032062  -0.0034243983  -0.0002893778  -0.0028588079
        0.0149887091  -0.0116655216   0.0170002973   0.0143898932  -0.1321157024
       -0.2259096202   0.0356392390   0.0552685687  -0.2746840202   0.0028839857
       -0.0316142493  -0.0065610723   0.0023819759   0.0187852677   0.0160233182
        0.0178476124   0.0239287910   0.0176871645  -0.0255486672  -0.0146873261
        0.0195497826  -0.0020610252  -0.0052097139  -0.0055186480
       -0.2883418047  -0.0675661538   0.0399462991   0.8261425194   0.1205848213
       -0.2605875149  -0.0111979190  -0.0180247827   0.0040971603  -0.0007392700
       -0.0004069497  -0.0005757788  -0.0124361949   0.0045964212  -0.0061947506
       -0.0009415534  -0.0000488437   0.0000615888   0.0283064022   0.0105563328
       -0.0069181895   0.0018327078  -0.0012579820   0.0000565471   0.0010444167
       -0.0019231298  -0.0017179081   0.0018041481  -0.0003513661  -0.0000909158
       -0.3553971256  -0.0075866632   0.1775270991  -0.2046125520  -0.0733929012
        0.0357481386   0.0145362253   0.0348211969   0.0186482249
       -0.0531507167  -0.2405876542  -0.0506182502   0.1205848213   0.7300729658
        0.3324122974   0.0142728196   0.0230574231  -0.0051353946  -0.0002962707
        0.0003971690  -0.0002552848   0.0045972191   0.0004120635   0.0020646850
       -0.0001591238   0.0002548465  -0.0000312331  -0.0340862372  -0.0128267258
        0.0085274708  -0.0033511796   0.0007836457  -0.0004645796  -0.0018271215
       -0.0046018456  -0.0055359484  -0.0004486457  -0.0099148204  -0.0013470616
        0.0077515918  -0.1467436942  -0.0875409652  -0.0574286794  -0.3496557899
       -0.1964821224   0.0035415228   0.0093524166   0.0044063866
        0.0485945243  -0.0438420854  -0.1497700243  -0.2605875149   0.3324122974
        0.5595156540  -0.0077107836  -0.0144380448   0.0007043162  -0.0004601510
       -0.0000286680  -0.0000681522  -0.0061939170   0.0020663187  -0.0004678670
       -0.0000536223  -0.0002570330   0.0002583718  -0.0290990643  -0.0080502433
        0.0023169809   0.0260138633   0.0191205219   0.0096085411  -0.0018822207
       -0.0055737608  -0.0032773290   0.0000755726  -0.0013087484   0.0014821484
        0.1885739552  -0.0788805045  -0.2044484099   0.0474200406  -0.1888230188
       -0.2100196161  -0.0046906823  -0.0123970309  -0.0058346139
       -0.2441627607   0.0617434970  -0.0713919670  -0.0111979190   0.0142728196
       -0.0077107836   0.6072310378  -0.0111333848   0.0220977712  -0.0873139433
       -0.0259324615  -0.0619771093  -0.0786645572  -0.0377238419   0.0043964401
       -0.1963903763   0.0049334450   0.1114510178   0.0035972590  -0.0003814785
        0.0020696412   0.0135285343  -0.0052879759   0.0013695525  -0.0028513850
        0.0020906938   0.0013389177   0.0002218798  -0.0005738681   0.0000116923
       -0.0014392743  -0.0001050167   0.0001603379  -0.0020229883  -0.0020218464
       -0.0019740674  -0.0005355068   0.0001194185   0.0001585566
        0.0476524118  -0.1759579346   0.0110718158  -0.0180247827   0.0230574231
       -0.0144380448  -0.0111333848   0.6135498945   0.0022371446  -0.0269391370
       -0.1248230315  -0.0981846122  -0.0359377152  -0.2694469428   0.0662892263
        0.0054090253  -0.0565401167   0.0088399600   0.0367966013  -0.0070311255
        0.0265255193   0.0027374945  -0.0010499208   0.0002819151   0.0019972108
       -0.0022762698  -0.0012614092  -0.0005672551   0.0002012942  -0.0001571696
       -0.0000965711   0.0006417464  -0.0000786661  -0.0020133163   0.0002228623
       -0.0012762351   0.0001194185  -0.0005478788   0.0001505558
       -0.0847104865   0.0249539369  -0.1548729352   0.0040971603  -0.0051353946
        0.0007043162   0.0220977712   0.0022371446   0.5852293316  -0.0632942476
       -0.0978066326  -0.2095724707   0.0036850583   0.0654747707  -0.0716243224
        0.1124580153   0.0091831341  -0.1689814848   0.0310764612  -0.0065644277
        0.0234739436  -0.0248399592   0.0097303356  -0.0025096567   0.0014989083
       -0.0012245913  -0.0011648724   0.0000003744  -0.0001597741  -0.0003939244
       -0.0000455732   0.0001779717   0.0003453542  -0.0021820391  -0.0010170290
       -0.0001719063   0.0001585566   0.0001505558  -0.0004613726
       -0.0007508193  -0.0159594579  -0.0151357447  -0.0007392700  -0.0002962707
       -0.0004601510  -0.0873139433  -0.0269391370  -0.0632942476   0.0865119896
        0.0218687392   0.0690278186   0.0005009063  -0.0007054635  -0.0020612214
        0.0141115831   0.0128488510   0.0162171946  -0.0098848120   0.0072083342
       -0.0043104558  -0.0000362284  -0.0001830942  -0.0003712693  -0.0027187825
        0.0016930723   0.0002962926  -0.0001557196   0.0002353196  -0.0001593256
        0.0003427729   0.0000869563   0.0001001433   0.0000888963   0.0002379151
        0.0002851967   0.0000434267  -0.0000957646  -0.0001342302
       -0.0002167606   0.0128798438   0.0138995639  -0.0004069497   0.0003971690
       -0.0000286680  -0.0259324615  -0.1248230315  -0.0978066326   0.0218687392
        0.1188319505   0.1004654622  -0.0068131033  -0.0054632847  -0.0218930619
        0.0021634453   0.0032949520   0.0024980296   0.0072196116  -0.0047480967
        0.0028263179  -0.0000400198  -0.0000225558   0.0000047195   0.0016930723
       -0.0001717867  -0.0001478881   0.0002353196   0.0000399175   0.0001063135
        0.0000869563  -0.0001689626   0.0000165519   0.0002379151  -0.0000769967
        0.0002026018  -0.0000957646   0.0000308820  -0.0001433096
        0.0004268173  -0.0018467192  -0.0028032062  -0.0005757788  -0.0002552848
       -0.0000681522  -0.0619771093  -0.0981846122  -0.2095724707   0.0690278186
        0.1004654622   0.2070337447   0.0040596828   0.0036851664   0.0144703136
       -0.0068290356  -0.0070453568  -0.0078553579  -0.0042986741   0.0028494086
       -0.0014629646  -0.0002217976   0.0002976663  -0.0002790929   0.0002962926
       -0.0001478881   0.0006473933  -0.0001593256   0.0001063135   0.0001249590
        0.0001001433   0.0000165519  -0.0001642730   0.0002851967   0.0002026018
       -0.0000031445  -0.0001342302  -0.0001433096  -0.0000677486
        0.0135688816   0.0233155550  -0.0034243983  -0.0124361949   0.0045972191
       -0.0061939170  -0.0786645572  -0.0359377152   0.0036850583   0.0005009063
       -0.0068131033   0.0040596828   0.0746809044   0.0353176039  -0.0000636620
        0.0019395556  -0.0204117197   0.0020319156  -0.0002934569  -0.0004908128
        0.0000876103   0.0001685637   0.0002492334  -0.0001115971   0.0000415560
        0.0002476007   0.0000704571   0.0000179543   0.0001414027  -0.0000267518
        0.0004267509  -0.0001921831   0.0000329591   0.0000629641   0.0001104663
        0.0005264239  -0.0000138281  -0.0001335469  -0.0006737808
       -0.0007294028  -0.0017065351  -0.0002893778   0.0045964212   0.0004120635
        0.0020663187  -0.0377238419  -0.2694469428   0.0654747707  -0.0007054635
       -0.0054632847   0.0036851664   0.0353176039   0.2681944257  -0.0702238519
       -0.0006372942   0.0084370706  -0.0006522688  -0.0003884551   0.0005566603
       -0.0001314129   0.0000966926  -0.0002440372   0.0002835499   0.0002476007
       -0.0002048717  -0.0001137606   0.0001414027  -0.0001124329   0.0000417921
       -0.0001921831  -0.0001931333  -0.0000093891   0.0001104663  -0.0005822825
        0.0000876267  -0.0001335469   0.0003533001  -0.0002191634
        0.0051075520   0.0072737409  -0.0028588079  -0.0061947506   0.0020646850
       -0.0004678670   0.0043964401   0.0662892263  -0.0716243224  -0.0020612214
       -0.0218930619   0.0144703136  -0.0000636620  -0.0702238519   0.0632662286
       -0.0010372517   0.0166527695  -0.0010356744   0.0001945447   0.0000781659
       -0.0006299600  -0.0002709585  -0.0000287794  -0.0002446490   0.0000704571
       -0.0001137606   0.0001625348  -0.0000267518   0.0000417921   0.0001005619
        0.0000329591  -0.0000093891  -0.0002462704   0.0005264239   0.0000876267
       -0.0001830879  -0.0006737808  -0.0002191634  -0.0007089999
       -0.0089271039  -0.0031488604   0.0149887091  -0.0009415534  -0.0001591238
       -0.0000536223  -0.1963903763   0.0054090253   0.1124580153   0.0141115831
        0.0021634453  -0.0068290356   0.0019395556  -0.0006372942  -0.0010372517
        0.1953316144  -0.0065752709  -0.1162668258   0.0000662777  -0.0004722875
       -0.0001339122  -0.0054434107   0.0031075362  -0.0031636809  -0.0000731374
        0.0001210175   0.0001333104  -0.0000897307   0.0001418102   0.0000240750
        0.0002015424   0.0000064812  -0.0000613484   0.0004073009   0.0003035939
        0.0001601204  -0.0001925618  -0.0002600729  -0.0002185534
        0.0064058736   0.0013885061  -0.0116655216  -0.0000488437   0.0002548465
       -0.0002570330   0.0049334450  -0.0565401167   0.0091831341   0.0128488510
        0.0032949520  -0.0070453568  -0.0204117197   0.0084370706   0.0166527695
       -0.0065752709   0.0437428436  -0.0086412272  -0.0005845695  -0.0002249624
        0.0003281396   0.0031194044  -0.0002022091   0.0016128372   0.0001210175
        0.0000495046  -0.0000818979   0.0001418102  -0.0000024224  -0.0000177787
        0.0000064812  -0.0001037079  -0.0000013020   0.0003035939  -0.0001547048
        0.0000699766  -0.0002600729   0.0000603999  -0.0001367398
       -0.0101299982  -0.0035808967   0.0170002973   0.0000615888  -0.0000312331
        0.0002583718   0.1114510178   0.0088399600  -0.1689814848   0.0162171946
        0.0024980296  -0.0078553579   0.0020319156  -0.0006522688  -0.0010356744
       -0.1162668258  -0.0086412272   0.1617002385  -0.0002512148   0.0000982406
       -0.0002877786  -0.0031512820   0.0016371376  -0.0006977374   0.0001333104
       -0.0000818979   0.0000336335   0.0000240750  -0.0000177787   0.0000992825
       -0.0000613484  -0.0000013020  -0.0000915214   0.0001601204   0.0000699766
       -0.0002504760  -0.0002185534  -0.0001367398   0.0001082069
       -0.1663914524   0.0622686504   0.0143898932   0.0283064022  -0.0340862372
       -0.0290990643   0.0035972590   0.0367966013   0.0310764612  -0.0098848120
        0.0072196116  -0.0042986741  -0.0002934569  -0.0003884551   0.0001945447
        0.0000662777  -0.0005845695  -0.0002512148   0.5586428055  -0.1944268699
        0.0032157989  -0.0000307879   0.0060626464   0.0014378237  -0.0903777021
       -0.0112278242   0.1158698520  -0.3192544316   0.1360672412  -0.1325230985
       -0.0048239437  -0.0070060120   0.0002149167   0.0008886852  -0.0007076847
       -0.0002352809  -0.0004448429   0.0000129017   0.0000080422
        0.0297637272  -0.3835446385  -0.1321157024   0.0105563328  -0.0128267258
       -0.0080502433  -0.0003814785  -0.0070311255  -0.0065644277   0.0072083342
       -0.0047480967   0.0028494086  -0.0004908128   0.0005566603   0.0000781659
       -0.0004722875  -0.0002249624   0.0000982406  -0.1944268699   0.6188911957
       -0.0034848663  -0.0032432961   0.0237799250   0.0050328995  -0.0119583536
       -0.1062794274   0.0856251981   0.1711489757  -0.1232990444   0.0571497714
       -0.0070077590  -0.0045188373   0.0000319611  -0.0007094141  -0.0012780893
       -0.0012539120   0.0000129017   0.0005231664   0.0006035065
       -0.0001558409  -0.1507991630  -0.2259096202  -0.0069181895   0.0085274708
        0.0023169809   0.0020696412   0.0265255193   0.0234739436  -0.0043104558
        0.0028263179  -0.0014629646   0.0000876103  -0.0001314129  -0.0006299600
       -0.0001339122   0.0003281396  -0.0002877786   0.0032157989  -0.0034848663
        0.7583374154   0.0055385819  -0.0383101760  -0.0080472267   0.1484663282
        0.1079756624  -0.3986381796  -0.1479319975   0.0472665903  -0.1521858780
        0.0002575100  -0.0000211252   0.0024221955  -0.0001931167  -0.0013064635
        0.0006798972   0.0000080422   0.0006035065  -0.0000688248
       -0.0934941417  -0.0064965904   0.0356392390   0.0018327078  -0.0033511796
        0.0260138633   0.0135285343   0.0027374945  -0.0248399592  -0.0000362284
       -0.0000400198  -0.0002217976   0.0001685637   0.0000966926  -0.0002709585
       -0.0054434107   0.0031194044  -0.0031512820  -0.0000307879  -0.0032432961
        0.0055385819   0.0844359283   0.0054961280  -0.0402344456   0.0004921683
        0.0000766386   0.0003264843  -0.0011946014   0.0019661509   0.0021246917
        0.0000853176   0.0003680271  -0.0006024443  -0.0008607495   0.0001263249
       -0.0002061351   0.0005166997  -0.0008557752  -0.0001158378
       -0.0099976906  -0.1199030235   0.0552685687  -0.0012579820   0.0007836457
        0.0191205219  -0.0052879759  -0.0010499208   0.0097303356  -0.0001830942
       -0.0000225558   0.0002976663   0.0002492334  -0.0002440372  -0.0000287794
        0.0031075362  -0.0002022091   0.0016371376   0.0060626464   0.0237799250
       -0.0383101760   0.0054961280   0.1026740279  -0.0451813345   0.0000933302
        0.0002291119  -0.0002179612   0.0020972259  -0.0015118664  -0.0021599113
        0.0003591400  -0.0004498530   0.0000983871   0.0001172778  -0.0009675468
        0.0002631509  -0.0008557752  -0.0031156981  -0.0005176056
        0.0393059542   0.0415670981  -0.2746840202   0.0000565471  -0.0004645796
        0.0096085411   0.0013695525   0.0002819151  -0.0025096567  -0.0003712693
        0.0000047195  -0.0002790929  -0.0001115971   0.0002835499  -0.0002446490
       -0.0031636809   0.0016128372  -0.0006977374   0.0014378237   0.0050328995
       -0.0080472267  -0.0402344456  -0.0451813345   0.2785454089   0.0002979177
       -0.0002245351  -0.0005160133   0.0019003646  -0.0022115346  -0.0010797244
       -0.0003857693  -0.0001716663  -0.0000300591   0.0000144402  -0.0000117637
       -0.0007039254  -0.0001158378  -0.0005176056   0.0006381552
       -0.0026986637  -0.0023061522   0.0028839857   0.0010444167  -0.0018271215
       -0.0018822207  -0.0028513850   0.0019972108   0.0014989083  -0.0027187825
        0.0016930723   0.0002962926   0.0000415560   0.0002476007   0.0000704571
       -0.0000731374   0.0001210175   0.0001333104  -0.0903777021  -0.0119583536
        0.1484663282   0.0004921683   0.0000933302   0.0002979177   0.0802962793
        0.0088258643  -0.1211571822   0.0186362506   0.0039221900  -0.0302204809
       -0.0015790861  -0.0009564029  -0.0005132173  -0.0003572683   0.0001293523
        0.0001079418   0.0001453542   0.0000183921   0.0000179591
        0.0092594007   0.0206031270  -0.0316142493  -0.0019231298  -0.0046018456
       -0.0055737608   0.0020906938  -0.0022762698  -0.0012245913   0.0016930723
       -0.0001717867  -0.0001478881   0.0002476007  -0.0002048717  -0.0001137606
        0.0001210175   0.0000495046  -0.0000818979  -0.0112278242  -0.1062794274
        0.1079756624   0.0000766386   0.0002291119  -0.0002245351   0.0088258643
        0.0950201075  -0.0832304819  -0.0083546756  -0.0009555046   0.0144210763
       -0.0009564029  -0.0016207575  -0.0005245198   0.0001293523   0.0002846060
        0.0005565651   0.0000183921  -0.0000759938  -0.0002176190
        0.0013384591   0.0041416685  -0.0065610723  -0.0017179081  -0.0055359484
       -0.0032773290   0.0013389177  -0.0012614092  -0.0011648724   0.0002962926
       -0.0001478881   0.0006473933   0.0000704571  -0.0001137606   0.0001625348
        0.0001333104  -0.0000818979   0.0000336335   0.1158698520   0.0856251981
       -0.3986381796   0.0003264843  -0.0002179612  -0.0005160133  -0.1211571822
       -0.0832304819   0.4163217245   0.0038886335   0.0010080544  -0.0060995268
       -0.0005132173  -0.0005245198  -0.0009247556   0.0001079418   0.0005565651
        0.0000820866   0.0000179591  -0.0002176190  -0.0000656235
        0.0014498814  -0.0010581421   0.0023819759   0.0018041481  -0.0004486457
        0.0000755726   0.0002218798  -0.0005672551   0.0000003744  -0.0001557196
        0.0002353196  -0.0001593256   0.0000179543   0.0001414027  -0.0000267518
       -0.0000897307   0.0001418102   0.0000240750  -0.3192544316   0.1711489757
       -0.1479319975  -0.0011946014   0.0020972259   0.0019003646   0.0186362506
       -0.0083546756   0.0038886335   0.2994930977  -0.1636679966   0.1398449842
       -0.0006437078   0.0002193127  -0.0000430145  -0.0004431980   0.0000281070
        0.0000085722   0.0001581772   0.0000845614   0.0000365369
        0.0217871351  -0.0059625261   0.0187852677  -0.0003513661  -0.0099148204
       -0.0013087484  -0.0005738681   0.0002012942  -0.0001597741   0.0002353196
        0.0000399175   0.0001063135   0.0001414027  -0.0001124329   0.0000417921
        0.0001418102  -0.0000024224  -0.0000177787   0.1360672412  -0.1232990444
        0.0472665903   0.0019661509  -0.0015118664  -0.0022115346   0.0039221900
       -0.0009555046   0.0010080544  -0.1636679966   0.1412839647  -0.0636124514
        0.0002193127  -0.0002997453  -0.0000883942   0.0000281070   0.0007825392
        0.0003740278   0.0000845614  -0.0002493530  -0.0001833641
        0.0210130348  -0.0045268501   0.0160233182  -0.0000909158  -0.0013470616
        0.0014821484   0.0000116923  -0.0001571696  -0.0003939244  -0.0001593256
        0.0001063135   0.0001249590  -0.0000267518   0.0000417921   0.0001005619
        0.0000240750  -0.0000177787   0.0000992825  -0.1325230985   0.0571497714
       -0.1521858780   0.0021246917  -0.0021599113  -0.0010797244  -0.0302204809
        0.0144210763  -0.0060995268   0.1398449842  -0.0636124514   0.1428958461
       -0.0000430145  -0.0000883942  -0.0007330929   0.0000085722   0.0003740278
       -0.0003297693   0.0000365369  -0.0001833641   0.0000957997
       -0.0083648200   0.0096934812   0.0178476124  -0.3553971256   0.0077515918
        0.1885739552  -0.0014392743  -0.0000965711  -0.0000455732   0.0003427729
        0.0000869563   0.0001001433   0.0004267509  -0.0001921831   0.0000329591
        0.0002015424   0.0000064812  -0.0000613484  -0.0048239437  -0.0070077590
        0.0002575100   0.0000853176   0.0003591400  -0.0003857693  -0.0015790861
       -0.0009564029  -0.0005132173  -0.0006437078   0.0002193127  -0.0000430145
        0.3401746185  -0.0142818306  -0.1987442410   0.0303608151   0.0057403050
       -0.0075840022   0.0006561402  -0.0013225217   0.0005649860
       -0.0210211999   0.0252183692   0.0239287910  -0.0075866632  -0.1467436942
       -0.0788805045  -0.0001050167   0.0006417464   0.0001779717   0.0000869563
       -0.0001689626   0.0000165519  -0.0001921831  -0.0001931333  -0.0000093891
        0.0000064812  -0.0001037079  -0.0000013020  -0.0070060120  -0.0045188373
       -0.0000211252   0.0003680271  -0.0004498530  -0.0001716663  -0.0009564029
       -0.0016207575  -0.0005245198   0.0002193127  -0.0002997453  -0.0000883942
       -0.0142818306   0.1095976119   0.0802209499   0.0517231404   0.0177312821
       -0.0235433668  -0.0012546094   0.0009096816  -0.0011039965
       -0.0055070963   0.0061383307   0.0176871645   0.1775270991  -0.0875409652
       -0.2044484099   0.0001603379  -0.0000786661   0.0003453542   0.0001001433
        0.0000165519  -0.0001642730   0.0000329591  -0.0000093891  -0.0002462704
       -0.0000613484  -0.0000013020  -0.0000915214   0.0002149167   0.0000319611
        0.0024221955  -0.0006024443   0.0000983871  -0.0000300591  -0.0005132173
       -0.0005245198  -0.0009247556  -0.0000430145  -0.0000883942  -0.0007330929
       -0.1987442410   0.0802209499   0.1876733672   0.0269616443   0.0028412413
       -0.0037205851   0.0004742615  -0.0011041856   0.0022308861
        0.0238341132  -0.0286578105  -0.0255486672  -0.2046125520  -0.0574286794
        0.0474200406  -0.0020229883  -0.0020133163  -0.0021820391   0.0000888963
        0.0002379151   0.0002851967   0.0000629641   0.0001104663   0.0005264239
        0.0004073009   0.0003035939   0.0001601204   0.0008886852  -0.0007094141
       -0.0001931167  -0.0008607495   0.0001172778   0.0000144402  -0.0003572683
        0.0001293523   0.0001079418  -0.0004431980   0.0000281070   0.0000085722
        0.0303608151   0.0517231404   0.0269616443   0.5181507906   0.0560858975
       -0.2224480722  -0.3654968093  -0.0199265301   0.1748875150
        0.0020235299  -0.0019196193  -0.0146873261  -0.0733929012  -0.3496557899
       -0.1888230188  -0.0020218464   0.0002228623  -0.0010170290   0.0002379151
       -0.0000769967   0.0002026018   0.0001104663  -0.0005822825   0.0000876267
        0.0003035939  -0.0001547048   0.0000699766  -0.0007076847  -0.0012780893
       -0.0013064635   0.0001263249  -0.0009675468  -0.0000117637   0.0001293523
        0.0002846060   0.0005565651   0.0000281070   0.0007825392   0.0003740278
        0.0057403050   0.0177312821   0.0028412413   0.0560858975   0.3930199717
        0.2437433117   0.0113369404  -0.0574062319  -0.0420297498
       -0.0026369045   0.0024846629   0.0195497826   0.0357481386  -0.1964821224
       -0.2100196161  -0.0019740674  -0.0012762351  -0.0001719063   0.0002851967
        0.0002026018  -0.0000031445   0.0005264239   0.0000876267  -0.0001830879
        0.0001601204   0.0000699766  -0.0002504760  -0.0002352809  -0.0012539120
        0.0006798972  -0.0002061351   0.0002631509  -0.0007039254   0.0001079418
        0.0005565651   0.0000820866   0.0000085722   0.0003740278  -0.0003297693
       -0.0075840022  -0.0235433668  -0.0037205851  -0.2224480722   0.2437433117
        0.3284791005   0.1982480687  -0.0252262872  -0.1334083562
       -0.0000978587  -0.0008165249  -0.0020610252   0.0145362253   0.0035415228
       -0.0046906823  -0.0005355068   0.0001194185   0.0001585566   0.0000434267
       -0.0000957646  -0.0001342302  -0.0000138281  -0.0001335469  -0.0006737808
       -0.0001925618  -0.0002600729  -0.0002185534  -0.0004448429   0.0000129017
        0.0000080422   0.0005166997  -0.0008557752  -0.0001158378   0.0001453542
        0.0000183921   0.0000179591   0.0001581772   0.0000845614   0.0000365369
        0.0006561402  -0.0012546094   0.0004742615  -0.3654968093   0.0113369404
        0.1982480687   0.3507253842  -0.0116974431  -0.1910493153
       -0.0007648162  -0.0106731732  -0.0052097139   0.0348211969   0.0093524166
       -0.0123970309   0.0001194185  -0.0005478788   0.0001505558  -0.0000957646
        0.0000308820  -0.0001433096  -0.0001335469   0.0003533001  -0.0002191634
       -0.0002600729   0.0000603999  -0.0001367398   0.0000129017   0.0005231664
        0.0006035065  -0.0008557752  -0.0031156981  -0.0005176056   0.0000183921
       -0.0000759938  -0.0002176190   0.0000845614  -0.0002493530  -0.0001833641
       -0.0013225217   0.0009096816  -0.0011041856  -0.0199265301  -0.0574062319
       -0.0252262872  -0.0116974431   0.0608384825   0.0446009567
       -0.0021301032  -0.0052098578  -0.0055186480   0.0186482249   0.0044063866
       -0.0058346139   0.0001585566   0.0001505558  -0.0004613726  -0.0001342302
       -0.0001433096  -0.0000677486  -0.0006737808  -0.0002191634  -0.0007089999
       -0.0002185534  -0.0001367398   0.0001082069   0.0000080422   0.0006035065
       -0.0000688248  -0.0001158378  -0.0005176056   0.0006381552   0.0000179591
       -0.0002176190  -0.0000656235   0.0000365369  -0.0001833641   0.0000957997
        0.0005649860  -0.0011039965   0.0022308861   0.1748875150  -0.0420297498
       -0.1334083562  -0.1910493153   0.0446009567   0.1430611396
$hessian (projected)
        0.7743765489  -0.0310114914  -0.0105159122  -0.2883418047  -0.0531507167
        0.0485945243  -0.2441627607   0.0476524118  -0.0847104865  -0.0007508193
       -0.0002167606   0.0004268173   0.0135688816  -0.0007294028   0.0051075520
       -0.0089271039   0.0064058736  -0.0101299982  -0.1663914524   0.0297637272
       -0.0001558409  -0.0934941417  -0.0099976906   0.0393059542  -0.0026986637
        0.0092594007   0.0013384591   0.0014498814   0.0217871351   0.0210130348
       -0.0083648200  -0.0210211999  -0.0055070963   0.0238341132   0.0020235299
       -0.0026369045  -0.0000978587  -0.0007648162  -0.0021301032
       -0.0310114914   0.8801652584   0.1232461342  -0.0675661538  -0.2405876542
       -0.0438420854   0.0617434970  -0.1759579346   0.0249539369  -0.0159594579
        0.0128798438  -0.0018467192   0.0233155550  -0.0017065351   0.0072737409
       -0.0031488604   0.0013885061  -0.0035808967   0.0622686504  -0.3835446385
       -0.1507991630  -0.0064965904  -0.1199030235   0.0415670981  -0.0023061522
        0.0206031270   0.0041416685  -0.0010581421  -0.0059625261  -0.0045268501
        0.0096934812   0.0252183692   0.0061383307  -0.0286578105  -0.0019196193
        0.0024846629  -0.0008165249  -0.0106731732  -0.0052098578
       -0.0105159122   0.1232461342   0.7527177718   0.0399462991  -0.0506182502
       -0.1497700243  -0.0713919670   0.0110718158  -0.1548729352  -0.0151357447
        0.0138995639  -0.0028032062  -0.0034243983  -0.0002893778  -0.0028588079
        0.0149887091  -0.0116655216   0.0170002973   0.0143898932  -0.1321157024
       -0.2259096202   0.0356392390   0.0552685687  -0.2746840202   0.0028839857
       -0.0316142493  -0.0065610723   0.0023819759   0.0187852677   0.0160233182
        0.0178476124   0.0239287910   0.0176871645  -0.0255486672  -0.0146873261
        0.0195497826  -0.0020610252  -0.0052097139  -0.0055186480
       -0.2883418047  -0.0675661538   0.0399462991   0.8261425194   0.1205848213
       -0.2605875149  -0.0111979190  -0.0180247827   0.0040971603  -0.0007392700
       -0.0004069497  -0.0005757788  -0.0124361949   0.0045964212  -0.0061947506
       -0.0009415534  -0.0000488437   0.0000615888   0.0283064022   0.0105563328
       -0.0069181895   0.0018327078  -0.0012579820   0.0000565471   0.0010444167
       -0.0019231298  -0.0017179081   0.0018041481  -0.0003513661  -0.0000909158
       -0.3553971256  -0.0075866632   0.1775270991  -0.2046125520  -0.0733929012
        0.0357481386   0.0145362253   0.0348211969   0.0186482249
       -0.0531507167  -0.2405876542  -0.0506182502   0.1205848213   0.7300729658
        0.3324122974   0.0142728196   0.0230574231  -0.0051353946  -0.0002962707
        0.0003971690  -0.0002552848   0.0045972191   0.0004120635   0.0020646850
       -0.0001591238   0.0002548465  -0.0000312331  -0.0340862372  -0.0128267258
        0.0085274708  -0.0033511796   0.0007836457  -0.0004645796  -0.0018271215
       -0.0046018456  -0.0055359484  -0.0004486457  -0.0099148204  -0.0013470616
        0.0077515918  -0.1467436942  -0.0875409652  -0.0574286794  -0.3496557899
       -0.1964821224   0.0035415228   0.0093524166   0.0044063866
        0.0485945243  -0.0438420854  -0.1497700243  -0.2605875149   0.3324122974
        0.5595156540  -0.0077107836  -0.0144380448   0.0007043162  -0.0004601510
       -0.0000286680  -0.0000681522  -0.0061939170   0.0020663187  -0.0004678670
       -0.0000536223  -0.0002570330   0.0002583718  -0.0290990643  -0.0080502433
        0.0023169809   0.0260138633   0.0191205219   0.0096085411  -0.0018822207
       -0.0055737608  -0.0032773290   0.0000755726  -0.0013087484   0.0014821484
        0.1885739552  -0.0788805045  -0.2044484099   0.0474200406  -0.1888230188
       -0.2100196161  -0.0046906823  -0.0123970309  -0.0058346139
       -0.2441627607   0.0617434970  -0.0713919670  -0.0111979190   0.0142728196
       -0.0077107836   0.6072310378  -0.0111333848   0.0220977712  -0.0873139433
       -0.0259324615  -0.0619771093  -0.0786645572  -0.0377238419   0.0043964401
       -0.1963903763   0.0049334450   0.1114510178   0.0035972590  -0.0003814785
        0.0020696412   0.0135285343  -0.0052879759   0.0013695525  -0.0028513850
        0.0020906938   0.0013389177   0.0002218798  -0.0005738681   0.0000116923
       -0.0014392743  -0.0001050167   0.0001603379  -0.0020229883  -0.0020218464
       -0.0019740674  -0.0005355068   0.0001194185   0.0001585566
        0.0476524118  -0.1759579346   0.0110718158  -0.0180247827   0.0230574231
       -0.0144380448  -0.0111333848   0.6135498945   0.0022371446  -0.0269391370
       -0.1248230315  -0.0981846122  -0.0359377152  -0.2694469428   0.0662892263
        0.0054090253  -0.0565401167   0.0088399600   0.0367966013  -0.0070311255
        0.0265255193   0.0027374945  -0.0010499208   0.0002819151   0.0019972108
       -0.0022762698  -0.0012614092  -0.0005672551   0.0002012942  -0.0001571696
       -0.0000965711   0.0006417464  -0.0000786661  -0.0020133163   0.0002228623
       -0.0012762351   0.0001194185  -0.0005478788   0.0001505558
       -0.0847104865   0.0249539369  -0.1548729352   0.0040971603  -0.0051353946
        0.0007043162   0.0220977712   0.0022371446   0.5852293316  -0.0632942476
       -0.0978066326  -0.2095724707   0.0036850583   0.0654747707  -0.0716243224
        0.1124580153   0.0091831341  -0.1689814848   0.0310764612  -0.0065644277
        0.0234739436  -0.0248399592   0.0097303356  -0.0025096567   0.0014989083
       -0.0012245913  -0.0011648724   0.0000003744  -0.0001597741  -0.0003939244
       -0.0000455732   0.0001779717   0.0003453542  -0.0021820391  -0.0010170290
       -0.0001719063   0.0001585566   0.0001505558  -0.0004613726
       -0.0007508193  -0.0159594579  -0.0151357447  -0.0007392700  -0.0002962707
       -0.0004601510  -0.0873139433  -0.0269391370  -0.0632942476   0.0865119896
        0.0218687392   0.0690278186   0.0005009063  -0.0007054635  -0.0020612214
        0.0141115831   0.0128488510   0.0162171946  -0.0098848120   0.0072083342
       -0.0043104558  -0.0000362284  -0.0001830942  -0.0003712693  -0.0027187825
        0.0016930723   0.0002962926  -0.0001557196   0.0002353196  -0.0001593256
        0.0003427729   0.0000869563   0.0001001433   0.0000888963   0.0002379151
        0.0002851967   0.0000434267  -0.0000957646  -0.0001342302
       -0.0002167606   0.0128798438   0.0138995639  -0.0004069497   0.0003971690
       -0.0000286680  -0.0259324615  -0.1248230315  -0.0978066326   0.0218687392
        0.1188319505   0.1004654622  -0.0068131033  -0.0054632847  -0.0218930619
        0.0021634453   0.0032949520   0.0024980296   0.0072196116  -0.0047480967
        0.0028263179  -0.0000400198  -0.0000225558   0.0000047195   0.0016930723
       -0.0001717867  -0.0001478881   0.0002353196   0.0000399175   0.0001063135
        0.0000869563  -0.0001689626   0.0000165519   0.0002379151  -0.0000769967
        0.0002026018  -0.0000957646   0.0000308820  -0.0001433096
        0.0004268173  -0.0018467192  -0.0028032062  -0.0005757788  -0.0002552848
       -0.0000681522  -0.0619771093  -0.0981846122  -0.2095724707   0.0690278186
        0.1004654622   0.2070337447   0.0040596828   0.0036851664   0.0144703136
       -0.0068290356  -0.0070453568  -0.0078553579  -0.0042986741   0.0028494086
       -0.0014629646  -0.0002217976   0.0002976663  -0.0002790929   0.0002962926
       -0.0001478881   0.0006473933  -0.0001593256   0.0001063135   0.0001249590
        0.0001001433   0.0000165519  -0.0001642730   0.0002851967   0.0002026018
       -0.0000031445  -0.0001342302  -0.0001433096  -0.0000677486
        0.0135688816   0.0233155550  -0.0034243983  -0.0124361949   0.0045972191
       -0.0061939170  -0.0786645572  -0.0359377152   0.0036850583   0.0005009063
       -0.0068131033   0.0040596828   0.0746809044   0.0353176039  -0.0000636620
        0.0019395556  -0.0204117197   0.0020319156  -0.0002934569  -0.0004908128
        0.0000876103   0.0001685637   0.0002492334  -0.0001115971   0.0000415560
        0.0002476007   0.0000704571   0.0000179543   0.0001414027  -0.0000267518
        0.0004267509  -0.0001921831   0.0000329591   0.0000629641   0.0001104663
        0.0005264239  -0.0000138281  -0.0001335469  -0.0006737808
       -0.0007294028  -0.0017065351  -0.0002893778   0.0045964212   0.0004120635
        0.0020663187  -0.0377238419  -0.2694469428   0.0654747707  -0.0007054635
       -0.0054632847   0.0036851664   0.0353176039   0.2681944257  -0.0702238519
       -0.0006372942   0.0084370706  -0.0006522688  -0.0003884551   0.0005566603
       -0.0001314129   0.0000966926  -0.0002440372   0.0002835499   0.0002476007
       -0.0002048717  -0.0001137606   0.0001414027  -0.0001124329   0.0000417921
       -0.0001921831  -0.0001931333  -0.0000093891   0.0001104663  -0.0005822825
        0.0000876267  -0.0001335469   0.0003533001  -0.0002191634
        0.0051075520   0.0072737409  -0.0028588079  -0.0061947506   0.0020646850
       -0.0004678670   0.0043964401   0.0662892263  -0.0716243224  -0.0020612214
       -0.0218930619   0.0144703136  -0.0000636620  -0.0702238519   0.0632662286
       -0.0010372517   0.0166527695  -0.0010356744   0.0001945447   0.0000781659
       -0.0006299600  -0.0002709585  -0.0000287794  -0.0002446490   0.0000704571
       -0.0001137606   0.0001625348  -0.0000267518   0.0000417921   0.0001005619
        0.0000329591  -0.0000093891  -0.0002462704   0.0005264239   0.0000876267
       -0.0001830879  -0.0006737808  -0.0002191634  -0.0007089999
       -0.0089271039  -0.0031488604   0.0149887091  -0.0009415534  -0.0001591238
       -0.0000536223  -0.1963903763   0.0054090253   0.1124580153   0.0141115831
        0.0021634453  -0.0068290356   0.0019395556  -0.0006372942  -0.0010372517
        0.1953316144  -0.0065752709  -0.1162668258   0.0000662777  -0.0004722875
       -0.0001339122  -0.0054434107   0.0031075362  -0.0031636809  -0.0000731374
        0.0001210175   0.0001333104  -0.0000897307   0.0001418102   0.0000240750
        0.0002015424   0.0000064812  -0.0000613484   0.0004073009   0.0003035939
        0.0001601204  -0.0001925618  -0.0002600729  -0.0002185534
        0.0064058736   0.0013885061  -0.0116655216  -0.0000488437   0.0002548465
       -0.0002570330   0.0049334450  -0.0565401167   0.0091831341   0.0128488510
        0.0032949520  -0.0070453568  -0.0204117197   0.0084370706   0.0166527695
       -0.0065752709   0.0437428436  -0.0086412272  -0.0005845695  -0.0002249624
        0.0003281396   0.0031194044  -0.0002022091   0.0016128372   0.0001210175
        0.0000495046  -0.0000818979   0.0001418102  -0.0000024224  -0.0000177787
        0.0000064812  -0.0001037079  -0.0000013020   0.0003035939  -0.0001547048
        0.0000699766  -0.0002600729   0.0000603999  -0.0001367398
       -0.0101299982  -0.0035808967   0.0170002973   0.0000615888  -0.0000312331
        0.0002583718   0.1114510178   0.0088399600  -0.1689814848   0.0162171946
        0.0024980296  -0.0078553579   0.0020319156  -0.0006522688  -0.0010356744
       -0.1162668258  -0.0086412272   0.1617002385  -0.0002512148   0.0000982406
       -0.0002877786  -0.0031512820   0.0016371376  -0.0006977374   0.0001333104
       -0.0000818979   0.0000336335   0.0000240750  -0.0000177787   0.0000992825
       -0.0000613484  -0.0000013020  -0.0000915214   0.0001601204   0.0000699766
       -0.0002504760  -0.0002185534  -0.0001367398   0.0001082069
       -0.1663914524   0.0622686504   0.0143898932   0.0283064022  -0.0340862372
       -0.0290990643   0.0035972590   0.0367966013   0.0310764612  -0.0098848120
        0.0072196116  -0.0042986741  -0.0002934569  -0.0003884551   0.0001945447
        0.0000662777  -0.0005845695  -0.0002512148   0.5586428055  -0.1944268699
        0.0032157989  -0.0000307879   0.0060626464   0.0014378237  -0.0903777021
       -0.0112278242   0.1158698520  -0.3192544316   0.1360672412  -0.1325230985
       -0.0048239437  -0.0070060120   0.0002149167   0.0008886852  -0.0007076847
       -0.0002352809  -0.0004448429   0.0000129017   0.0000080422
        0.0297637272  -0.3835446385  -0.1321157024   0.0105563328  -0.0128267258
       -0.0080502433  -0.0003814785  -0.0070311255  -0.0065644277   0.0072083342
       -0.0047480967   0.0028494086  -0.0004908128   0.0005566603   0.0000781659
       -0.0004722875  -0.0002249624   0.0000982406  -0.1944268699   0.6188911957
       -0.0034848663  -0.0032432961   0.0237799250   0.0050328995  -0.0119583536
       -0.1062794274   0.0856251981   0.1711489757  -0.1232990444   0.0571497714
       -0.0070077590  -0.0045188373   0.0000319611  -0.0007094141  -0.0012780893
       -0.0012539120   0.0000129017   0.0005231664   0.0006035065
       -0.0001558409  -0.1507991630  -0.2259096202  -0.0069181895   0.0085274708
        0.0023169809   0.0020696412   0.0265255193   0.0234739436  -0.0043104558
        0.0028263179  -0.0014629646   0.0000876103  -0.0001314129  -0.0006299600
       -0.0001339122   0.0003281396  -0.0002877786   0.0032157989  -0.0034848663
        0.7583374154   0.0055385819  -0.0383101760  -0.0080472267   0.1484663282
        0.1079756624  -0.3986381796  -0.1479319975   0.0472665903  -0.1521858780
        0.0002575100  -0.0000211252   0.0024221955  -0.0001931167  -0.0013064635
        0.0006798972   0.0000080422   0.0006035065  -0.0000688248
       -0.0934941417  -0.0064965904   0.0356392390   0.0018327078  -0.0033511796
        0.0260138633   0.0135285343   0.0027374945  -0.0248399592  -0.0000362284
       -0.0000400198  -0.0002217976   0.0001685637   0.0000966926  -0.0002709585
       -0.0054434107   0.0031194044  -0.0031512820  -0.0000307879  -0.0032432961
        0.0055385819   0.0844359283   0.0054961280  -0.0402344456   0.0004921683
        0.0000766386   0.0003264843  -0.0011946014   0.0019661509   0.0021246917
        0.0000853176   0.0003680271  -0.0006024443  -0.0008607495   0.0001263249
       -0.0002061351   0.0005166997  -0.0008557752  -0.0001158378
       -0.0099976906  -0.1199030235   0.0552685687  -0.0012579820   0.0007836457
        0.0191205219  -0.0052879759  -0.0010499208   0.0097303356  -0.0001830942
       -0.0000225558   0.0002976663   0.0002492334  -0.0002440372  -0.0000287794
        0.0031075362  -0.0002022091   0.0016371376   0.0060626464   0.0237799250
       -0.0383101760   0.0054961280   0.1026740279  -0.0451813345   0.0000933302
        0.0002291119  -0.0002179612   0.0020972259  -0.0015118664  -0.0021599113
        0.0003591400  -0.0004498530   0.0000983871   0.0001172778  -0.0009675468
        0.0002631509  -0.0008557752  -0.0031156981  -0.0005176056
        0.0393059542   0.0415670981  -0.2746840202   0.0000565471  -0.0004645796
        0.0096085411   0.0013695525   0.0002819151  -0.0025096567  -0.0003712693
        0.0000047195  -0.0002790929  -0.0001115971   0.0002835499  -0.0002446490
       -0.0031636809   0.0016128372  -0.0006977374   0.0014378237   0.0050328995
       -0.0080472267  -0.0402344456  -0.0451813345   0.2785454089   0.0002979177
       -0.0002245351  -0.0005160133   0.0019003646  -0.0022115346  -0.0010797244
       -0.0003857693  -0.0001716663  -0.0000300591   0.0000144402  -0.0000117637
       -0.0007039254  -0.0001158378  -0.0005176056   0.0006381552
       -0.0026986637  -0.0023061522   0.0028839857   0.0010444167  -0.0018271215
       -0.0018822207  -0.0028513850   0.0019972108   0.0014989083  -0.0027187825
        0.0016930723   0.0002962926   0.0000415560   0.0002476007   0.0000704571
       -0.0000731374   0.0001210175   0.0001333104  -0.0903777021  -0.0119583536
        0.1484663282   0.0004921683   0.0000933302   0.0002979177   0.0802962793
        0.0088258643  -0.1211571822   0.0186362506   0.0039221900  -0.0302204809
       -0.0015790861  -0.0009564029  -0.0005132173  -0.0003572683   0.0001293523
        0.0001079418   0.0001453542   0.0000183921   0.0000179591
        0.0092594007   0.0206031270  -0.0316142493  -0.0019231298  -0.0046018456
       -0.0055737608   0.0020906938  -0.0022762698  -0.0012245913   0.0016930723
       -0.0001717867  -0.0001478881   0.0002476007  -0.0002048717  -0.0001137606
        0.0001210175   0.0000495046  -0.0000818979  -0.0112278242  -0.1062794274
        0.1079756624   0.0000766386   0.0002291119  -0.0002245351   0.0088258643
        0.0950201075  -0.0832304819  -0.0083546756  -0.0009555046   0.0144210763
       -0.0009564029  -0.0016207575  -0.0005245198   0.0001293523   0.0002846060
        0.0005565651   0.0000183921  -0.0000759938  -0.0002176190
        0.0013384591   0.0041416685  -0.0065610723  -0.0017179081  -0.0055359484
       -0.0032773290   0.0013389177  -0.0012614092  -0.0011648724   0.0002962926
       -0.0001478881   0.0006473933   0.0000704571  -0.0001137606   0.0001625348
        0.0001333104  -0.0000818979   0.0000336335   0.1158698520   0.0856251981
       -0.3986381796   0.0003264843  -0.0002179612  -0.0005160133  -0.1211571822
       -0.0832304819   0.4163217245   0.0038886335   0.0010080544  -0.0060995268
       -0.0005132173  -0.0005245198  -0.0009247556   0.0001079418   0.0005565651
        0.0000820866   0.0000179591  -0.0002176190  -0.0000656235
        0.0014498814  -0.0010581421   0.0023819759   0.0018041481  -0.0004486457
        0.0000755726   0.0002218798  -0.0005672551   0.0000003744  -0.0001557196
        0.0002353196  -0.0001593256   0.0000179543   0.0001414027  -0.0000267518
       -0.0000897307   0.0001418102   0.0000240750  -0.3192544316   0.1711489757
       -0.1479319975  -0.0011946014   0.0020972259   0.0019003646   0.0186362506
       -0.0083546756   0.0038886335   0.2994930977  -0.1636679966   0.1398449842
       -0.0006437078   0.0002193127  -0.0000430145  -0.0004431980   0.0000281070
        0.0000085722   0.0001581772   0.0000845614   0.0000365369
        0.0217871351  -0.0059625261   0.0187852677  -0.0003513661  -0.0099148204
       -0.0013087484  -0.0005738681   0.0002012942  -0.0001597741   0.0002353196
        0.0000399175   0.0001063135   0.0001414027  -0.0001124329   0.0000417921
        0.0001418102  -0.0000024224  -0.0000177787   0.1360672412  -0.1232990444
        0.0472665903   0.0019661509  -0.0015118664  -0.0022115346   0.0039221900
       -0.0009555046   0.0010080544  -0.1636679966   0.1412839647  -0.0636124514
        0.0002193127  -0.0002997453  -0.0000883942   0.0000281070   0.0007825392
        0.0003740278   0.0000845614  -0.0002493530  -0.0001833641
        0.0210130348  -0.0045268501   0.0160233182  -0.0000909158  -0.0013470616
        0.0014821484   0.0000116923  -0.0001571696  -0.0003939244  -0.0001593256
        0.0001063135   0.0001249590  -0.0000267518   0.0000417921   0.0001005619
        0.0000240750  -0.0000177787   0.0000992825  -0.1325230985   0.0571497714
       -0.1521858780   0.0021246917  -0.0021599113  -0.0010797244  -0.0302204809
        0.0144210763  -0.0060995268   0.1398449842  -0.0636124514   0.1428958461
       -0.0000430145  -0.0000883942  -0.0007330929   0.0000085722   0.0003740278
       -0.0003297693   0.0000365369  -0.0001833641   0.0000957997
       -0.0083648200   0.0096934812   0.0178476124  -0.3553971256   0.0077515918
        0.1885739552  -0.0014392743  -0.0000965711  -0.0000455732   0.0003427729
        0.0000869563   0.0001001433   0.0004267509  -0.0001921831   0.0000329591
        0.0002015424   0.0000064812  -0.0000613484  -0.0048239437  -0.0070077590
        0.0002575100   0.0000853176   0.0003591400  -0.0003857693  -0.0015790861
       -0.0009564029  -0.0005132173  -0.0006437078   0.0002193127  -0.0000430145
        0.3401746185  -0.0142818306  -0.1987442410   0.0303608151   0.0057403050
       -0.0075840022   0.0006561402  -0.0013225217   0.0005649860
       -0.0210211999   0.0252183692   0.0239287910  -0.0075866632  -0.1467436942
       -0.0788805045  -0.0001050167   0.0006417464   0.0001779717   0.0000869563
       -0.0001689626   0.0000165519  -0.0001921831  -0.0001931333  -0.0000093891
        0.0000064812  -0.0001037079  -0.0000013020  -0.0070060120  -0.0045188373
       -0.0000211252   0.0003680271  -0.0004498530  -0.0001716663  -0.0009564029
       -0.0016207575  -0.0005245198   0.0002193127  -0.0002997453  -0.0000883942
       -0.0142818306   0.1095976119   0.0802209499   0.0517231404   0.0177312821
       -0.0235433668  -0.0012546094   0.0009096816  -0.0011039965
       -0.0055070963   0.0061383307   0.0176871645   0.1775270991  -0.0875409652
       -0.2044484099   0.0001603379  -0.0000786661   0.0003453542   0.0001001433
        0.0000165519  -0.0001642730   0.0000329591  -0.0000093891  -0.0002462704
       -0.0000613484  -0.0000013020  -0.0000915214   0.0002149167   0.0000319611
        0.0024221955  -0.0006024443   0.0000983871  -0.0000300591  -0.0005132173
       -0.0005245198  -0.0009247556  -0.0000430145  -0.0000883942  -0.0007330929
       -0.1987442410   0.0802209499   0.1876733672   0.0269616443   0.0028412413
       -0.0037205851   0.0004742615  -0.0011041856   0.0022308861
        0.0238341132  -0.0286578105  -0.0255486672  -0.2046125520  -0.0574286794
        0.0474200406  -0.0020229883  -0.0020133163  -0.0021820391   0.0000888963
        0.0002379151   0.0002851967   0.0000629641   0.0001104663   0.0005264239
        0.0004073009   0.0003035939   0.0001601204   0.0008886852  -0.0007094141
       -0.0001931167  -0.0008607495   0.0001172778   0.0000144402  -0.0003572683
        0.0001293523   0.0001079418  -0.0004431980   0.0000281070   0.0000085722
        0.0303608151   0.0517231404   0.0269616443   0.5181507906   0.0560858975
       -0.2224480722  -0.3654968093  -0.0199265301   0.1748875150
        0.0020235299  -0.0019196193  -0.0146873261  -0.0733929012  -0.3496557899
       -0.1888230188  -0.0020218464   0.0002228623  -0.0010170290   0.0002379151
       -0.0000769967   0.0002026018   0.0001104663  -0.0005822825   0.0000876267
        0.0003035939  -0.0001547048   0.0000699766  -0.0007076847  -0.0012780893
       -0.0013064635   0.0001263249  -0.0009675468  -0.0000117637   0.0001293523
        0.0002846060   0.0005565651   0.0000281070   0.0007825392   0.0003740278
        0.0057403050   0.0177312821   0.0028412413   0.0560858975   0.3930199717
        0.2437433117   0.0113369404  -0.0574062319  -0.0420297498
       -0.0026369045   0.0024846629   0.0195497826   0.0357481386  -0.1964821224
       -0.2100196161  -0.0019740674  -0.0012762351  -0.0001719063   0.0002851967
        0.0002026018  -0.0000031445   0.0005264239   0.0000876267  -0.0001830879
        0.0001601204   0.0000699766  -0.0002504760  -0.0002352809  -0.0012539120
        0.0006798972  -0.0002061351   0.0002631509  -0.0007039254   0.0001079418
        0.0005565651   0.0000820866   0.0000085722   0.0003740278  -0.0003297693
       -0.0075840022  -0.0235433668  -0.0037205851  -0.2224480722   0.2437433117
        0.3284791005   0.1982480687  -0.0252262872  -0.1334083562
       -0.0000978587  -0.0008165249  -0.0020610252   0.0145362253   0.0035415228
       -0.0046906823  -0.0005355068   0.0001194185   0.0001585566   0.0000434267
       -0.0000957646  -0.0001342302  -0.0000138281  -0.0001335469  -0.0006737808
       -0.0001925618  -0.0002600729  -0.0002185534  -0.0004448429   0.0000129017
        0.0000080422   0.0005166997  -0.0008557752  -0.0001158378   0.0001453542
        0.0000183921   0.0000179591   0.0001581772   0.0000845614   0.0000365369
        0.0006561402  -0.0012546094   0.0004742615  -0.3654968093   0.0113369404
        0.1982480687   0.3507253842  -0.0116974431  -0.1910493153
       -0.0007648162  -0.0106731732  -0.0052097139   0.0348211969   0.0093524166
       -0.0123970309   0.0001194185  -0.0005478788   0.0001505558  -0.0000957646
        0.0000308820  -0.0001433096  -0.0001335469   0.0003533001  -0.0002191634
       -0.0002600729   0.0000603999  -0.0001367398   0.0000129017   0.0005231664
        0.0006035065  -0.0008557752  -0.0031156981  -0.0005176056   0.0000183921
       -0.0000759938  -0.0002176190   0.0000845614  -0.0002493530  -0.0001833641
       -0.0013225217   0.0009096816  -0.0011041856  -0.0199265301  -0.0574062319
       -0.0252262872  -0.0116974431   0.0608384825   0.0446009567
       -0.0021301032  -0.0052098578  -0.0055186480   0.0186482249   0.0044063866
       -0.0058346139   0.0001585566   0.0001505558  -0.0004613726  -0.0001342302
       -0.0001433096  -0.0000677486  -0.0006737808  -0.0002191634  -0.0007089999
       -0.0002185534  -0.0001367398   0.0001082069   0.0000080422   0.0006035065
       -0.0000688248  -0.0001158378  -0.0005176056   0.0006381552   0.0000179591
       -0.0002176190  -0.0000656235   0.0000365369  -0.0001833641   0.0000957997
        0.0005649860  -0.0011039965   0.0022308861   0.1748875150  -0.0420297498
       -0.1334083562  -0.1910493153   0.0446009567   0.1430611396
$end
