$ufftopology
nxtnei12
    1     3
          2     4    11
    2     3
          1     3     7
    3     3
          2     6    12
    4     3
          1     5    10
    5     3
          4     6    13
    6     3
          3     5     9
    7     2
          2     8
    8     1
          7
    9     1
          6
   10     1
          4
   11     1
          1
   12     1
          3
   13     4
          5    14    15    16
   14     4
         13    17    21    22
   15     1
         13
   16     1
         13
   17     3
         14    18    19
   18     1
         17
   19     2
         17    20
   20     1
         19
   21     3
         14    23    24
   22     1
         14
   23     1
         21
   24     1
         21
nxtnei13
    1     4
          3     7     5    10
    2     5
          4    11     6    12     8
    3     4
          1     7     5     9
    4     4
          2    11     6    13
    5     7
          1    10     3     9    14    15    16
    6     4
          2    12     4    13
    7     2
          1     3
    8     1
          2
    9     2
          3     5
   10     2
          1     5
   11     2
          2     4
   12     2
          2     6
   13     5
          4     6    17    21    22
   14     7
          5    15    16    18    19    23    24
   15     3
          5    14    16
   16     3
          5    14    15
   17     4
         13    21    22    20
   18     2
         14    19
   19     2
         14    18
   20     1
         17
   21     3
         13    17    22
   22     3
         13    17    21
   23     2
         14    24
   24     2
         14    23
nxtnei14
    1     4
          6    12     8    13
    2     3
          5    10     9
    3     4
          4    11     8    13
    4     6
          3     7     9    14    15    16
    5     6
          2    11    12    17    21    22
    6     6
          1     7    10    14    15    16
    7     4
          4    11     6    12
    8     2
          1     3
    9     4
          2    12     4    13
   10     4
          2    11     6    13
   11     4
          3     7     5    10
   12     4
          1     7     5     9
   13     8
          1    10     3     9    18    19    23    24
   14     3
          4     6    20
   15     5
          4     6    17    21    22
   16     5
          4     6    17    21    22
   17     5
          5    15    16    23    24
   18     4
         13    21    22    20
   19     3
         13    21    22
   20     2
         14    18
   21     5
          5    15    16    18    19
   22     7
          5    15    16    18    19    23    24
   23     3
         13    17    22
   24     3
         13    17    22
connectivity (= bond)
                    24
     1     2   2.556723   2.000000
     1     4   2.564691   2.000000
     1    11   2.049034   1.000000
     2     3   2.556705   2.000000
     2     7   2.629531   1.000000
     3     6   2.565485   2.000000
     3    12   2.050269   1.000000
     4     5   2.573713   2.000000
     4    10   2.054212   1.000000
     5     6   2.574681   2.000000
     5    13   2.858173   1.000000
     6     9   2.054530   1.000000
     7     8   1.916079   1.000000
    13    14   2.913122   1.000000
    13    15   2.104380   1.000000
    13    16   2.104253   1.000000
    14    17   2.871457   1.000000
    14    21   2.787599   1.000000
    14    22   2.109250   1.000000
    17    18   2.624318   1.000000
    17    19   2.624681   1.000000
    19    20   1.912875   1.000000
    21    23   1.981560   1.000000
    21    24   1.982315   1.000000
angle
                    38
     1     2     3     2     120.02       1.00       4.00
     1     2     7     2     120.02       1.00       5.00
     1     4     5     2     120.17       2.00       8.00
     1     4    10     2     119.51       2.00       9.00
     2     1     4     2     120.16       1.00       2.00
     2     1    11     2     119.25       1.00       3.00
     2     3     6     2     120.16       4.00       6.00
     2     3    12     2     119.29       4.00       7.00
     2     7     8     9     110.66       5.00      13.00
     3     2     7     2     119.96       4.00       5.00
     3     6     5     2     120.14       6.00      10.00
     3     6     9     2     119.34       6.00      12.00
     4     1    11     2     120.59       2.00       3.00
     4     5     6     2     119.34       8.00      10.00
     4     5    13     2     120.33       8.00      11.00
     5     4    10     2     120.31       8.00       9.00
     5     6     9     2     120.52      10.00      12.00
     5    13    14     9     111.52      11.00      14.00
     5    13    15     9     110.39      11.00      15.00
     5    13    16     9     109.63      11.00      16.00
     6     3    12     2     120.55       6.00       7.00
     6     5    13     2     120.29      10.00      11.00
    13    14    17     9     111.06      14.00      17.00
    13    14    21     9     109.30      14.00      18.00
    13    14    22     9     108.85      14.00      19.00
    14    13    15     9     109.50      14.00      15.00
    14    13    16     9     109.98      14.00      16.00
    14    17    18     2     120.03      17.00      20.00
    14    17    19     2     120.57      17.00      21.00
    14    21    23     9     109.06      18.00      23.00
    14    21    24     9     108.98      18.00      24.00
    15    13    16     9     105.66      15.00      16.00
    17    14    21     9     112.02      17.00      18.00
    17    14    22     9     105.91      17.00      19.00
    17    19    20     9     108.80      21.00      22.00
    18    17    19     2     119.40      20.00      21.00
    21    14    22     9     109.60      18.00      19.00
    23    21    24     9     105.99      23.00      24.00
torsion
                    55
     4     1     2     3     1     3   0.59754964 120.15572911 120.01955722
     4     1     2     7     1     3 180.06037011 120.15572911 120.01866837
    11     1     2     3     1     3 181.17396539 119.24878757 120.01955722
    11     1     2     7     1     3   0.63678586 119.24878757 120.01866837
     2     1     4     5     2     3   0.11365209 120.15572911 120.17441755
     2     1     4    10     2     3 180.86005278 120.15572911 119.51268041
    11     1     4     5     2     3 179.52940038 120.59294216 120.17441755
    11     1     4    10     2     3   0.27580107 120.59294216 119.51268041
     1     2     3     6     4     3 359.46850426 120.01955722 120.15831196
     1     2     3    12     4     3 179.03032116 120.01955722 119.28775042
     7     2     3     6     4     3 180.00536426 119.95959533 120.15831196
     7     2     3    12     4     3 359.56718115 119.95959533 119.28775042
     1     2     7     8     5     3  89.18850928 120.01866837 110.66147382
     3     2     7     8     5     3 268.65165410 119.95959533 110.66147382
     2     3     6     5     6     3 359.75447941 120.15831196 120.13881647
     2     3     6     9     6     3 179.49234163 120.15831196 119.34287139
    12     3     6     5     6     3 180.19826474 120.55247033 120.13881647
    12     3     6     9     6     3 359.93612696 120.55247033 119.34287139
     1     4     5     6     8     3 359.11823990 120.17441755 119.34434155
     1     4     5    13     8     3 181.14016253 120.17441755 120.33172557
    10     4     5     6     8     3 178.36584959 120.30866531 119.34434155
    10     4     5    13     8     3   0.38777222 120.30866531 120.33172557
     4     5     6     3    10     3   0.94727487 119.34434155 120.13881647
     4     5     6     9    10     3 181.21252596 119.34434155 120.51778739
    13     5     6     3    10     3 178.92615458 120.29284507 120.13881647
    13     5     6     9    10     3 359.19140566 120.29284507 120.51778739
     4     5    13    14    11    22  87.88149822 120.33172557 111.51943417
     4     5    13    15    11    22 325.92722729 120.33172557 110.38578788
     4     5    13    16    11    22 209.93177744 120.33172557 109.63460283
     6     5    13    14    11    22 269.92270484 120.29284507 111.51943417
     6     5    13    15    11    22 147.96843391 120.29284507 110.38578788
     6     5    13    16    11    22  31.97298406 120.29284507 109.63460283
     5    13    14    17    14     1 167.56876121 111.51943417 111.05564718
     5    13    14    21    14     1 291.66112311 111.51943417 109.30067327
     5    13    14    22    14     1  51.34407775 111.51943417 108.85036763
    15    13    14    17    14     1 290.03559358 109.49575292 111.05564718
    15    13    14    21    14     1  54.12795548 109.49575292 109.30067327
    15    13    14    22    14     1 173.81091011 109.49575292 108.85036763
    16    13    14    17    14     1  45.71857653 109.98107485 111.05564718
    16    13    14    21    14     1 169.81093842 109.98107485 109.30067327
    16    13    14    22    14     1 289.49389306 109.98107485 108.85036763
    13    14    17    18    17    22 233.02171305 111.05564718 120.02762633
    13    14    17    19    17    22  53.88632688 111.05564718 120.56626150
    21    14    17    18    17    22 110.49077391 112.02146222 120.02762633
    21    14    17    19    17    22 291.35538774 112.02146222 120.56626150
    22    14    17    18    17    22 351.04137239 105.91369491 120.02762633
    22    14    17    19    17    22 171.90598622 105.91369491 120.56626150
    13    14    21    23    18     1 175.52136807 109.30067327 109.05630411
    13    14    21    24    18     1 290.80199100 109.30067327 108.97746779
    17    14    21    23    18     1 299.04446410 112.02146222 109.05630411
    17    14    21    24    18     1  54.32508703 112.02146222 108.97746779
    22    14    21    23    18     1  56.30363035 109.60352049 109.05630411
    22    14    21    24    18     1 171.58425328 109.60352049 108.97746779
    14    17    19    20    21     3 179.33511643 120.56626150 108.80407068
    18    17    19    20    21     3   0.19434588 119.40052996 108.80407068
inversion
                     8
     1     2     4    11    11    11    11   -0.503   -0.498   -0.505
     2     1     3     7    10    11    11    0.465    0.465    0.465
     3     2     6    12    11    11    11    0.382    0.379    0.384
     4     1     5    10    11    11    11   -0.650   -0.645   -0.650
     5     4     6    13    11    11    11   -1.745   -1.762   -1.762
     6     3     5     9    11    11    11    0.229    0.227    0.229
    17    14    18    19    10    10    11   -0.744   -0.749   -0.740
    21    14    23    24     9     9     9   58.768   58.724   57.221
nonbond
                   214
    1     6    5.125
    1     8    5.387
    1     9    7.179
    1    12    6.279
    1    13    7.078
    1    14    8.501
    1    15    7.566
    1    16    8.469
    1    17   11.265
    1    18   13.129
    1    19   12.383
    1    20   14.246
    1    21    8.166
    1    22    8.664
    1    23    9.674
    1    24    8.957
    2     5    5.143
    2     9    6.293
    2    10    6.294
    2    13    8.001
    2    14    9.439
    2    15    8.965
    2    16    8.941
    2    17   12.180
    2    18   13.704
    2    19   13.608
    2    20   15.378
    2    21    9.642
    2    22    9.096
    2    23   11.013
    2    24   10.747
    3     4    5.124
    3     8    5.414
    3    10    7.178
    3    11    6.278
    3    13    7.078
    3    14    8.529
    3    15    8.478
    3    16    7.528
    3    17   11.057
    3    18   12.284
    3    19   12.686
    3    20   14.312
    3    21    9.435
    3    22    7.870
    3    23   10.758
    3    24   10.723
    4     7    6.843
    4     8    7.690
    4     9    6.318
    4    12    7.174
    4    14    6.257
    4    15    5.049
    4    16    6.337
    4    17    8.908
    4    18   10.961
    4    19    9.858
    4    20   11.736
    4    21    6.044
    4    22    6.837
    4    23    7.780
    4    24    6.668
    5     7    7.772
    5     8    8.635
    5    11    6.319
    5    12    6.321
    5    17    7.287
    5    18    9.116
    5    19    8.523
    5    20   10.282
    5    21    5.716
    5    22    5.097
    5    23    7.426
    5    24    6.629
    6     7    6.843
    6     8    7.710
    6    10    6.315
    6    11    7.174
    6    14    6.294
    6    15    6.339
    6    16    5.005
    6    17    8.642
    6    18    9.928
    6    19   10.237
    6    20   11.815
    6    21    7.676
    6    22    5.791
    6    23    9.095
    6    24    8.904
    7     9    8.484
    7    10    8.488
    7    11    4.898
    7    12    4.897
    7    13   10.630
    7    14   11.978
    7    15   11.546
    7    16   11.521
    7    17   14.748
    7    18   16.180
    7    19   16.222
    7    20   17.994
    7    21   12.012
    7    22   11.499
    7    23   13.251
    7    24   13.136
    8     9    9.282
    8    10    9.258
    8    11    5.604
    8    12    5.648
    8    13   11.453
    8    14   13.145
    8    15   12.189
    8    16   12.181
    8    17   15.840
    8    18   17.382
    8    19   17.130
    8    20   18.911
    8    21   13.297
    8    22   12.821
    8    23   14.686
    8    24   14.259
    9    10    8.028
    9    11    9.228
    9    12    4.615
    9    13    5.108
    9    14    6.441
    9    15    6.966
    9    16    4.628
    9    17    8.298
    9    18    9.166
    9    19   10.032
    9    20   11.381
    9    21    8.412
    9    22    5.631
    9    23    9.656
    9    24    9.696
   10    11    4.620
   10    12    9.228
   10    13    5.101
   10    14    6.364
   10    15    4.683
   10    16    6.976
   10    17    8.781
   10    18   11.079
   10    19    9.312
   10    20   11.224
   10    21    5.490
   10    22    7.442
   10    23    7.276
   10    24    5.560
   11    12    7.952
   11    13    8.728
   11    14   10.008
   11    15    8.896
   11    16   10.265
   11    17   12.755
   11    18   14.721
   11    19   13.707
   11    20   15.604
   11    21    9.197
   11    22   10.313
   11    23   10.615
   11    24    9.775
   12    13    8.729
   12    14   10.052
   12    15   10.267
   12    16    8.850
   12    17   12.427
   12    18   13.350
   12    19   14.197
   12    20   15.712
   12    21   11.170
   12    22    9.101
   12    23   12.349
   12    24   12.569
   13    18    6.881
   13    19    5.731
   13    20    7.467
   13    23    6.377
   13    24    5.170
   14    20    6.360
   15    17    5.392
   15    18    7.868
   15    19    5.381
   15    20    7.212
   15    21    5.032
   15    22    5.853
   15    23    6.902
   15    24    4.721
   16    17    5.044
   16    18    6.738
   16    19    5.904
   16    20    7.323
   16    21    6.466
   16    22    4.886
   16    23    7.986
   16    24    6.951
   17    23    5.109
   17    24    5.011
   18    20    4.554
   18    21    6.581
   18    22    4.781
   18    23    6.351
   18    24    7.242
   19    21    5.925
   19    22    6.418
   19    23    6.553
   19    24    5.298
   20    21    7.570
   20    22    7.711
   20    23    7.868
   20    24    6.982
   22    23    4.526
   22    24    5.654
qpartial
                    24
        -0.04720    0.24379   -0.08531   -0.10938   -0.00365   -0.12862
        -0.68832    0.35234    0.13210    0.13204    0.15496    0.14021
        -0.24674   -0.03366    0.15849    0.16860    0.51368   -0.46059
        -0.70655    0.36453   -0.62472    0.18900    0.34271    0.24228
$end
