$coord                                                                          
    0.53107270194798      3.10480912131534      2.19430519483322      c       
    0.13046815306926      5.14005917037819      0.70049970978756      c       
    0.82700732570767      5.07727264679308     -1.75748318940632      c       
    1.61759462383045      0.99051853478393      1.22963806522115      c       
    2.30412780591360      0.89976921856316     -1.24976714200130      c       
    1.91087015844713      2.96817710363556     -2.73344995013644      c       
   -0.99966761772733      7.29925848813714      1.69373185293665      o       
   -2.90424439162935      7.17230212907955      1.52604092808590      h       
    2.41813786854507      2.91191451282535     -4.72432605393064      h       
    1.91755063059852     -0.63289418348796      2.44765881416994      h       
   -0.03410336757908      3.17959884595202      4.16112768363026      h       
    0.49363434978146      6.71412523415702     -2.94230361321909      h       
    3.51223152085526     -1.46012701793543     -2.35207379645113      c       
    1.62263978300939     -3.36535902182272     -3.49946910616031      c       
    4.66809875039058     -2.42090902670589     -0.88683330124179      h       
    4.83062997905790     -0.90243500268188     -3.88661147233961      h       
   -0.19082582864036     -4.60988193076650     -1.56021917195360      c       
    0.50449934321604     -4.74272555046184      0.99485912429832      o       
   -2.38368323275806     -5.90483635308677     -2.39222438560102      o       
   -2.69645187130018     -6.05240217958702     -4.31312210859015      h       
    0.37395727495057     -2.20586360428165     -5.74513650762857      n       
    2.73985464480634     -5.03849090963506     -4.14118972055036      h       
   -1.17134745598944     -3.48190686099924     -6.19003611296700      h       
   -0.61954648481527     -0.60369841274373     -5.16794853049481      h       
$end                                                                            
