$coord                                                                          
   -0.79359068187278      3.21421266363739      1.28180328135186      c       
   -0.21404757052798      5.24486443433858     -0.15716066088356      c       
    1.53567779625084      5.04138277118977     -2.00819817121241      c       
    0.39362702805987      0.97473878041018      0.88987130155842      c       
    2.15432668576115      0.74655423489070     -0.97689188363789      c       
    2.72369485770993      2.80545267050353     -2.41915337842274      c       
   -1.42114057129338      7.54338308077289      0.26156933121728      o       
   -0.46763981408957      8.58468903196913      1.55631883892087      h       
    4.12675293681592      2.68077054085966     -3.91332187025635      h       
   -0.09532156988871     -0.63223634279871      2.06865844979210      h       
   -2.22279980185106      3.39645347880270      2.73905525580461      h       
    1.97020969407848      6.68027702426572     -3.16102987692652      h       
    3.49353221222255     -1.75275397126648     -1.42862720981557      c       
    1.87630588682147     -3.75865122245621     -2.84252567305994      c       
    4.12183855066857     -2.53179855103429      0.42077900168880      h       
    5.26081543567751     -1.43537329703745     -2.52360831624977      h       
   -0.33504259109629     -4.71898844746435     -1.27618826733402      c       
   -2.64956490768359     -3.48031935762466     -1.27103326032617      o       
    0.00451949642647     -6.76725263985262      0.33319233247733      o       
    0.91398359661445     -6.19024303862224      1.90520432946901      h       
    1.04370166107363     -2.85999271320885     -5.35482478924884      n       
    3.08803304948062     -5.46658410152717     -3.08964274227541      h       
    1.64794619404243     -1.02398322392711     -5.75850080266220      h       
    1.76277193668234     -4.03449403067128     -6.77474400468731      h       
$end                                                                            
