$coord                                                                          
    0.81662210604859      3.49626847726518      2.03348652971708      c       
    0.29421764032584      5.24218508984108      0.22221604360808      c       
    0.90998074474495      4.76010536070259     -2.21001386197297      c       
    1.94880922545846      1.28139867717363      1.40500453812041      c       
    2.56631451934217      0.79211568177315     -1.04500841432175      c       
    2.04150064102565      2.54931716758267     -2.84995912536779      c       
   -0.86899750124391      7.54291275519635      0.80520220432423      o       
   -1.28150517587456      7.77490224213052      2.66151614510701      h       
    2.52472303779987      2.19582797539979     -4.81503324961052      h       
    2.35544392851757     -0.09168089276638      2.87730959228677      h       
    0.32869231994857      3.87352846205419      3.98653683015387      h       
    0.48558358027746      6.16693081292705     -3.64067044211492      h       
    3.82172086763625     -1.67679006665321     -1.76659616129141      c       
    1.99052030931044     -3.50466290193588     -3.14720775559338      c       
    4.63351822153725     -2.64129506826674     -0.08119705352737      h       
    5.46673952318911     -1.24736958523384     -3.00892041053189      h       
    3.40937394489035     -5.71701988885818     -4.36445373523355      c       
    5.83045368706750     -6.34226234913293     -3.55877086013504      o       
    2.27973869181176     -7.18551862067517     -6.23613710592259      o       
    0.48136892630871     -6.63988594833126     -6.57152154902193      h       
   -0.07559815854096     -4.35625948665888     -1.45358067467155      n       
    1.12466239012462     -2.46662525917687     -4.75867156959975      h       
   -0.10599115227739     -6.33157803515288     -1.27487128153421      h       
    0.11968265951057     -3.66187507419294      0.38685100566862      h       
$end                                                                            
