    24
 Energy =       0.1197119099
c    -0.7768788    1.7943103   -0.4781535  0.00   -0.0846641    0.0244879   -0.0070946
c     0.0064882    2.8453086   -0.0230448  0.00   -0.0637612    0.0848129    0.0132541
c     1.3700353    2.6765253    0.1685838  0.00    0.0214051    0.1117084    0.0361216
c    -0.1766024    0.5615624   -0.7505246  0.00   -0.0413816   -0.0597867   -0.0295254
c     1.2047783    0.3610782   -0.5608861  0.00    0.1237356   -0.0617634    0.0131670
c     1.9654211    1.4381490   -0.0909449  0.00    0.0533946   -0.0112048    0.0042588
o    -0.5275926    4.0678125    0.2538392  0.00    0.0827566    0.0109594    0.0178780
h     0.1888266    4.6643703    0.5261819  0.00   -0.0143592   -0.0863626   -0.0268573
h     3.0286659    1.3541351    0.0943202  0.00   -0.0044766    0.0149168    0.0065277
h    -0.8013460   -0.2557043   -1.1091948  0.00    0.0112117   -0.0247335   -0.0055145
h    -1.8455634    1.9101661   -0.6277603  0.00   -0.0023361   -0.0119408   -0.0036687
h     1.9718664    3.5079297    0.5256195  0.00   -0.0106836    0.0095828   -0.0001757
c     1.7669373   -1.0073413   -0.8964724  0.00   -0.0198858   -0.0347483   -0.0539407
c     0.8861134   -2.0194266   -1.6556448  0.00    0.0649260    0.1562140    0.0050927
h     2.1212937   -1.4658931    0.0371405  0.00   -0.0009359    0.0076007   -0.0109201
h     2.6645729   -0.8285312   -1.5058794  0.00   -0.0100842   -0.0243113   -0.0024405
c     1.7481012   -3.2276699   -2.0845864  0.00   -0.0844769   -0.4112164   -0.0153952
o     1.3811872   -4.3909871   -2.1326929  0.00    0.0919892    0.2837436    0.0162646
o     3.0187337   -2.8368894   -2.3754934  0.00   -0.0461265    0.0722709    0.0361303
h     3.5228656   -3.6775189   -2.5199890  0.00   -0.0371717    0.0215646    0.0140099
n    -0.2697763   -2.5678537   -0.8742070  0.00   -0.0402322   -0.1041687   -0.0081782
h     0.4960411   -1.5757973   -2.5789902  0.00   -0.0077587   -0.0132745    0.0202169
h    -0.8901700   -3.0584194   -1.5285531  0.00    0.0264817    0.0182202    0.0215932
h     0.0755830   -3.3048635   -0.2552740  0.00   -0.0075659    0.0274289   -0.0408039
    24
 Energy =       0.0987424563
c    -0.8120206    1.7802113   -0.5706085  0.00   -0.0715086    0.0208270   -0.0056705
c    -0.0562926    2.8418664   -0.1120054  0.00   -0.0524190    0.0695813    0.0114409
c     1.2961794    2.6871700    0.1319261  0.00    0.0191874    0.0937201    0.0307696
c    -0.1983143    0.5543596   -0.8093542  0.00   -0.0355663   -0.0499768   -0.0248948
c     1.1731738    0.3736442   -0.5776293  0.00    0.1039572   -0.0511924    0.0106236
c     1.9072012    1.4572143   -0.0964201  0.00    0.0456275   -0.0097425    0.0034595
o    -0.6218869    4.0702100    0.0950861  0.00    0.0646447    0.0101714    0.0136149
h     0.0635437    4.6905726    0.4170288  0.00   -0.0095260   -0.0710670   -0.0215696
h     2.9662015    1.3778250    0.1214348  0.00   -0.0031762    0.0123615    0.0056105
h    -0.8050187   -0.2715955   -1.1803435  0.00    0.0087438   -0.0205557   -0.0049696
h    -1.8753710    1.8933220   -0.7605911  0.00   -0.0028207   -0.0097819   -0.0032074
h     1.8782071    3.5292343    0.4970681  0.00   -0.0088366    0.0083310    0.0000452
c     1.7872217   -0.9822385   -0.8650185  0.00   -0.0156819   -0.0288913   -0.0452151
c     0.9406456   -2.0505669   -1.5850327  0.00    0.0546360    0.1298866    0.0042142
h     2.1621143   -1.3973269    0.0848249  0.00   -0.0002242    0.0059268   -0.0081353
h     2.6749073   -0.7900282   -1.4896147  0.00   -0.0084004   -0.0198847   -0.0021737
c     1.8365156   -3.2367803   -1.9882528  0.00   -0.0716731   -0.3461089   -0.0130423
o     1.4815407   -4.4318887   -2.0359967  0.00    0.0772973    0.2381474    0.0139385
o     3.1097375   -2.8419177   -2.2854806  0.00   -0.0423162    0.0673074    0.0328856
h     3.6030427   -3.6757293   -2.5286070  0.00   -0.0272679    0.0115642    0.0091749
n    -0.1976755   -2.5826575   -0.7744480  0.00   -0.0327012   -0.0854882   -0.0050563
h     0.5409900   -1.6465650   -2.5273227  0.00   -0.0067967   -0.0107552    0.0160204
h    -0.8682270   -3.0304650   -1.4179061  0.00    0.0202442    0.0138682    0.0156326
h     0.1431661   -3.3534182   -0.1853434  0.00   -0.0054233    0.0217517   -0.0334959
    24
 Energy =       0.0722381775
c    -0.8595778    1.7393712   -0.5963167  0.00   -0.0476545    0.0139935   -0.0038537
c    -0.1338098    2.8081625   -0.1380547  0.00   -0.0336330    0.0456299    0.0073670
c     1.2134528    2.6813649    0.0985135  0.00    0.0128302    0.0634241    0.0206585
c    -0.2318835    0.5342700   -0.8356395  0.00   -0.0242925   -0.0330226   -0.0166106
c     1.1309897    0.3842757   -0.6048165  0.00    0.0682675   -0.0333396    0.0070760
c     1.8415251    1.4731629   -0.1298037  0.00    0.0306056   -0.0067867    0.0023739
o    -0.7522249    4.0186445    0.0811921  0.00    0.0400624    0.0052501    0.0085963
h    -0.0952094    4.6956021    0.3866048  0.00   -0.0037747   -0.0460014   -0.0137556
h     2.9048168    1.4044702    0.0771899  0.00   -0.0020022    0.0080291    0.0036716
h    -0.8261404   -0.2985607   -1.2060300  0.00    0.0056526   -0.0139346   -0.0035464
h    -1.9250390    1.8412794   -0.7789117  0.00   -0.0019832   -0.0064066   -0.0021060
h     1.7795896    3.5332182    0.4646151  0.00   -0.0061966    0.0060161    0.0000663
c     1.8160790   -0.9409816   -0.8814028  0.00   -0.0096450   -0.0192490   -0.0300103
c     1.0030519   -2.0644458   -1.5577387  0.00    0.0379746    0.0856442    0.0022060
h     2.2341732   -1.3233346    0.0697869  0.00    0.0006648    0.0032507   -0.0043720
h     2.6797360   -0.7158886   -1.5377311  0.00   -0.0047240   -0.0129531   -0.0025391
c     1.9375486   -3.2120915   -1.9624605  0.00   -0.0490378   -0.2304169   -0.0098852
o     1.5865612   -4.4579611   -2.0039254  0.00    0.0521553    0.1584597    0.0100645
o     3.2225419   -2.8289236   -2.2599176  0.00   -0.0284092    0.0460094    0.0228307
h     3.7282191   -3.6678988   -2.4789902  0.00   -0.0180234    0.0071348    0.0062596
n    -0.0897276   -2.5841553   -0.6857535  0.00   -0.0175579   -0.0489700    0.0041151
h     0.5695946   -1.6919803   -2.5053646  0.00   -0.0049727   -0.0065000    0.0096317
h    -0.8555738   -2.9479396   -1.2961884  0.00    0.0036621    0.0055325    0.0016112
h     0.2508884   -3.4152080   -0.1614629  0.00    0.0000316    0.0092064   -0.0198497
    24
 Energy =       0.0707989015
c    -0.8860639    1.7109919   -0.6077789  0.00   -0.0430623    0.0126843   -0.0035071
c    -0.1782844    2.7886956   -0.1481043  0.00   -0.0301232    0.0410217    0.0066283
c     1.1696349    2.6824264    0.0859644  0.00    0.0116903    0.0572281    0.0186516
c    -0.2414921    0.5182856   -0.8525517  0.00   -0.0220266   -0.0297655   -0.0149803
c     1.1210869    0.3897012   -0.6223607  0.00    0.0606702   -0.0296448    0.0060013
c     1.8147500    1.4867594   -0.1468386  0.00    0.0277353   -0.0061571    0.0021614
o    -0.8213566    3.9879721    0.0734478  0.00    0.0350903    0.0043301    0.0075447
h    -0.1762795    4.6896493    0.3559506  0.00   -0.0027164   -0.0407011   -0.0121662
h     2.8807913    1.4333793    0.0528985  0.00   -0.0016348    0.0071748    0.0033126
h    -0.8220850   -0.3210080   -1.2283036  0.00    0.0048829   -0.0131045   -0.0032051
h    -1.9530927    1.7990841   -0.7886728  0.00   -0.0018940   -0.0057460   -0.0019042
h     1.7233794    3.5419406    0.4531814  0.00   -0.0055258    0.0055215    0.0001045
c     1.8418457   -0.9114809   -0.9220535  0.00   -0.0099051   -0.0161942   -0.0266509
c     1.0340030   -2.0845441   -1.5224323  0.00    0.0355962    0.0747121    0.0006595
h     2.3411288   -1.2605691    0.0080228  0.00    0.0024585    0.0015217   -0.0007513
h     2.6504049   -0.6617786   -1.6442282  0.00   -0.0015898   -0.0097339   -0.0045052
c     1.9888449   -3.2158950   -1.9280888  0.00   -0.0449397   -0.2079396   -0.0091124
o     1.6585342   -4.4777192   -1.9653404  0.00    0.0466118    0.1424487    0.0094366
o     3.2685941   -2.8177051   -2.2395279  0.00   -0.0252282    0.0413594    0.0204905
h     3.7866407   -3.6499613   -2.4594395  0.00   -0.0161100    0.0063030    0.0055747
n    -0.0152763   -2.5895376   -0.5861586  0.00   -0.0023329   -0.0185185    0.0170306
h     0.5601002   -1.7580742   -2.4713243  0.00   -0.0050005   -0.0047404    0.0068535
h    -0.8973162   -2.7926544   -1.1463482  0.00   -0.0234760   -0.0000121   -0.0178591
h     0.2810891   -3.5235061   -0.1925196  0.00    0.0108298   -0.0120476   -0.0098080
    24
 Energy =       0.0631703624
c    -0.8955592    1.7120198   -0.6671862  0.00   -0.0346274    0.0103956   -0.0025535
c    -0.1996574    2.7920706   -0.2063017  0.00   -0.0238436    0.0324651    0.0054426
c     1.1392444    2.6847712    0.0607567  0.00    0.0094745    0.0456887    0.0149858
c    -0.2511789    0.5176762   -0.8804748  0.00   -0.0177119   -0.0237716   -0.0120313
c     1.1019298    0.3908626   -0.6199011  0.00    0.0466423   -0.0226381    0.0045316
c     1.7851156    1.4887606   -0.1419440  0.00    0.0223661   -0.0051267    0.0016719
o    -0.8533503    3.9963402   -0.0201848  0.00    0.0261698    0.0031411    0.0052857
h    -0.2275029    4.7062214    0.2991838  0.00   -0.0010647   -0.0316491   -0.0091440
h     2.8457921    1.4305982    0.0876332  0.00   -0.0007996    0.0055354    0.0027314
h    -0.8279061   -0.3236289   -1.2546921  0.00    0.0038711   -0.0105301   -0.0026135
h    -1.9578485    1.8033534   -0.8733501  0.00   -0.0018538   -0.0044550   -0.0015575
h     1.6872172    3.5459841    0.4317712  0.00   -0.0043963    0.0044320    0.0001130
c     1.8351007   -0.9213698   -0.8468302  0.00   -0.0106780   -0.0128230   -0.0217250
c     1.0640483   -2.0804387   -1.5223025  0.00    0.0284123    0.0587930   -0.0013146
h     2.2336458   -1.2785381    0.1338661  0.00    0.0042644   -0.0002971    0.0048088
h     2.7214833   -0.6830591   -1.4854751  0.00    0.0036822   -0.0066244   -0.0070453
c     2.0388387   -3.2056712   -1.8932068  0.00   -0.0356393   -0.1652840   -0.0078087
o     1.7043401   -4.4848560   -1.9168340  0.00    0.0373030    0.1131294    0.0076580
o     3.3319670   -2.8222756   -2.1787064  0.00   -0.0201967    0.0337615    0.0166077
h     3.8571468   -3.6618338   -2.3619813  0.00   -0.0120375    0.0040738    0.0043390
n    -0.0318276   -2.5876107   -0.6438534  0.00   -0.0026315   -0.0131344    0.0171782
h     0.6434451   -1.7307502   -2.4903811  0.00   -0.0045882   -0.0034398    0.0038175
h    -0.8740475   -2.8223625   -1.2487204  0.00   -0.0218368   -0.0003935   -0.0162210
h     0.2591449   -3.5018117   -0.2034912  0.00    0.0097194   -0.0112488   -0.0071568
    24
 Energy =       0.0568192216
c    -0.9455308    1.6781064   -0.7420170  0.00   -0.0252202    0.0075428   -0.0017110
c    -0.2839339    2.7732693   -0.2775540  0.00   -0.0165042    0.0228157    0.0040268
c     1.0470104    2.6920268    0.0219031  0.00    0.0072751    0.0328126    0.0109063
c    -0.2791333    0.4956176   -0.9242956  0.00   -0.0132264   -0.0170340   -0.0087400
c     1.0648620    0.3975448   -0.6306101  0.00    0.0323172   -0.0156972    0.0031879
c     1.7157695    1.5093900   -0.1508235  0.00    0.0165151   -0.0038097    0.0012502
o    -0.9747177    3.9666494   -0.1217672  0.00    0.0163567    0.0016615    0.0028730
h    -0.3862560    4.7031899    0.2240936  0.00    0.0004667   -0.0208771   -0.0056692
h     2.7721205    1.4685423    0.1053897  0.00    0.0000133    0.0037898    0.0020640
h    -0.8341230   -0.3586808   -1.3003365  0.00    0.0024251   -0.0077270   -0.0020604
h    -2.0041466    1.7519561   -0.9735955  0.00   -0.0018414   -0.0030463   -0.0011919
h     1.5722258    3.5655636    0.3971053  0.00   -0.0029215    0.0034678    0.0002318
c     1.8394718   -0.9013735   -0.7990758  0.00   -0.0077584   -0.0090761   -0.0149357
c     1.1334386   -2.0827976   -1.5076675  0.00    0.0193447    0.0408853   -0.0019213
h     2.1836473   -1.2412269    0.2082483  0.00    0.0038235   -0.0002936    0.0052152
h     2.7597624   -0.6520807   -1.3842143  0.00    0.0042402   -0.0047868   -0.0061367
c     2.1532829   -3.1841111   -1.8257729  0.00   -0.0255159   -0.1168445   -0.0065973
o     1.8400192   -4.4896261   -1.8350081  0.00    0.0271205    0.0790576    0.0057386
o     3.4562737   -2.7925260   -2.0727337  0.00   -0.0140288    0.0250676    0.0121293
h     4.0047519   -3.6283401   -2.2154739  0.00   -0.0072480    0.0015472    0.0029549
n     0.0142817   -2.5967564   -0.6693917  0.00   -0.0013379   -0.0050195    0.0144932
h     0.7493283   -1.7442015   -2.4962509  0.00   -0.0036642   -0.0024791    0.0018452
h    -0.7851453   -2.8891124   -1.3031588  0.00   -0.0192668   -0.0008758   -0.0142787
h     0.3163221   -3.4765710   -0.1695992  0.00    0.0086354   -0.0110813   -0.0036743
    24
 Energy =       0.0560733711
c    -0.9896591    1.6398934   -0.7753449  0.00   -0.0234453    0.0064905   -0.0017777
c    -0.3619319    2.7421383   -0.2820269  0.00   -0.0147416    0.0205303    0.0035622
c     0.9678197    2.6896353    0.0271855  0.00    0.0070873    0.0301371    0.0100168
c    -0.2941239    0.4761470   -0.9656443  0.00   -0.0123710   -0.0160118   -0.0081583
c     1.0464051    0.4054205   -0.6530789  0.00    0.0294771   -0.0145395    0.0027663
c     1.6657568    1.5262712   -0.1540974  0.00    0.0155685   -0.0034721    0.0012691
o    -1.0902408    3.9113180   -0.1007831  0.00    0.0102101   -0.0028436   -0.0004772
h    -0.5450091    4.6414717    0.3341564  0.00    0.0041936   -0.0128103   -0.0015791
h     2.7203830    1.5065115    0.1131366  0.00    0.0003230    0.0034807    0.0019692
h    -0.8240257   -0.3858355   -1.3609258  0.00    0.0018890   -0.0074382   -0.0020945
h    -2.0476776    1.6921381   -1.0162561  0.00   -0.0019855   -0.0027754   -0.0011546
h     1.4682724    3.5701376    0.4207014  0.00   -0.0023397    0.0035740    0.0003931
c     1.8571029   -0.8714251   -0.8190759  0.00   -0.0068638   -0.0082491   -0.0132098
c     1.1880701   -2.0786875   -1.5201492  0.00    0.0170134    0.0371910   -0.0016779
h     2.2113876   -1.1976310    0.1890835  0.00    0.0035803   -0.0003880    0.0048500
h     2.7695070   -0.5982090   -1.4057093  0.00    0.0041068   -0.0040754   -0.0056686
c     2.2394992   -3.1605873   -1.8031779  0.00   -0.0236659   -0.1064424   -0.0061741
o     1.9549895   -4.4774885   -1.8017063  0.00    0.0248830    0.0712660    0.0052646
o     3.5429488   -2.7472217   -2.0198357  0.00   -0.0124165    0.0234536    0.0110098
h     4.1133235   -3.5737115   -2.1347450  0.00   -0.0058242    0.0005971    0.0025661
n     0.0676636   -2.6010710   -0.6902800  0.00   -0.0011788   -0.0042080    0.0133711
h     0.8123203   -1.7625693   -2.5197659  0.00   -0.0035511   -0.0022187    0.0013914
h    -0.7191469   -2.9127160   -1.3288286  0.00   -0.0179093   -0.0008856   -0.0132619
h     0.3759472   -3.4694773   -0.1754388  0.00    0.0079607   -0.0103621   -0.0031962
    24
 Energy =       0.0559139023
c    -1.0402808    1.5962249   -0.8391760  0.00   -0.0226552    0.0061939   -0.0017983
c    -0.4455947    2.7198891   -0.3532261  0.00   -0.0137896    0.0190696    0.0033306
c     0.8780017    2.6994559   -0.0141479  0.00    0.0071234    0.0286166    0.0096541
c    -0.3174027    0.4440061   -0.9964276  0.00   -0.0119725   -0.0154947   -0.0078991
c     1.0174782    0.4073875   -0.6565633  0.00    0.0275708   -0.0138244    0.0026383
c     1.6028026    1.5483203   -0.1621376  0.00    0.0153306   -0.0033521    0.0013603
o    -1.2024737    3.8782834   -0.2136442  0.00    0.0079859   -0.0023068   -0.0008370
h    -0.6787139    4.6363395    0.2014541  0.00    0.0043903   -0.0107866   -0.0009526
h     2.6522505    1.5541818    0.1280077  0.00    0.0009406    0.0032306    0.0020142
h    -0.8205294   -0.4357831   -1.3885190  0.00    0.0014454   -0.0073724   -0.0021864
h    -2.0941920    1.6235637   -1.1033972  0.00   -0.0024769   -0.0025342   -0.0012219
h     1.3524954    3.5963396    0.3756707  0.00   -0.0019084    0.0037453    0.0005658
c     1.8618099   -0.8524681   -0.7799910  0.00   -0.0060096   -0.0074822   -0.0117523
c     1.2512479   -2.0842684   -1.4938597  0.00    0.0150942    0.0348076   -0.0020603
h     2.1880562   -1.1600947    0.2437131  0.00    0.0036667   -0.0002949    0.0052162
h     2.7880883   -0.5616066   -1.3360466  0.00    0.0044769   -0.0037164   -0.0056154
c     2.3462847   -3.1376234   -1.7265202  0.00   -0.0226257   -0.0993094   -0.0062793
o     2.1061307   -4.4671517   -1.7127010  0.00    0.0235295    0.0650151    0.0049080
o     3.6470214   -2.6887036   -1.8990604  0.00   -0.0107848    0.0233854    0.0101473
h     4.2483585   -3.4992463   -1.9759919  0.00   -0.0038396   -0.0010039    0.0022119
n     0.1160732   -2.6269361   -0.6972904  0.00   -0.0017316   -0.0036631    0.0134523
h     0.9026206   -1.7869917   -2.5096121  0.00   -0.0036908   -0.0021524    0.0006749
h    -0.6502546   -2.9455931   -1.3560999  0.00   -0.0173136   -0.0010461   -0.0127977
h     0.4203036   -3.4930732   -0.1770398  0.00    0.0072441   -0.0097244   -0.0027737
    24
 Energy =       0.0527473847
c    -1.0208445    1.6098927   -0.9015261  0.00   -0.0177894    0.0050273   -0.0013009
c    -0.4283417    2.7377222   -0.4298070  0.00   -0.0107723    0.0142834    0.0026031
c     0.8868062    2.7128083   -0.0654470  0.00    0.0055429    0.0221453    0.0075972
c    -0.3049837    0.4519880   -1.0237247  0.00   -0.0091815   -0.0122878   -0.0062229
c     1.0221196    0.4125010   -0.6622352  0.00    0.0214339   -0.0106795    0.0019182
c     1.6055308    1.5563213   -0.1791636  0.00    0.0121241   -0.0028916    0.0009823
o    -1.1810825    3.9063247   -0.3347342  0.00    0.0048342   -0.0019119   -0.0011599
h    -0.6557003    4.6847443    0.0427009  0.00    0.0037533   -0.0069339   -0.0003784
h     2.6499184    1.5588889    0.1283481  0.00    0.0008670    0.0024411    0.0015989
h    -0.8107721   -0.4293345   -1.4067783  0.00    0.0011082   -0.0058032   -0.0017774
h    -2.0692792    1.6410258   -1.1855112  0.00   -0.0021821   -0.0018949   -0.0010220
h     1.3613774    3.6125897    0.3161366  0.00   -0.0015410    0.0029475    0.0004584
c     1.8634139   -0.8549868   -0.7453207  0.00   -0.0045880   -0.0060782   -0.0091904
c     1.2456905   -2.0909410   -1.4433103  0.00    0.0117602    0.0270962   -0.0021050
h     2.1665467   -1.1468536    0.2890211  0.00    0.0029195   -0.0004197    0.0044282
h     2.8023441   -0.5864112   -1.2901703  0.00    0.0038482   -0.0029190   -0.0045683
c     2.3204052   -3.1636237   -1.6651232  0.00   -0.0177001   -0.0764814   -0.0051644
o     2.0373525   -4.4938608   -1.6373953  0.00    0.0176833    0.0492584    0.0040139
o     3.6311314   -2.7538917   -1.8625975  0.00   -0.0076429    0.0192477    0.0079301
h     4.2088553   -3.5815540   -1.9461529  0.00   -0.0023789   -0.0012998    0.0017165
n     0.1050296   -2.6034005   -0.6395979  0.00   -0.0004268    0.0038395    0.0108756
h     0.9022080   -1.8024274   -2.4633927  0.00   -0.0027906   -0.0016218    0.0004559
h    -0.6287453   -2.9962829   -1.2957978  0.00   -0.0167020   -0.0021057   -0.0137162
h     0.4206013   -3.4167870   -0.0410269  0.00    0.0078208   -0.0129582    0.0020274
    24
 Energy =       0.0515657840
c    -0.9667670    1.6618346   -0.8801031  0.00   -0.0168652    0.0046201   -0.0013387
c    -0.3435185    2.7717465   -0.4064027  0.00   -0.0099772    0.0132000    0.0023946
c     0.9730676    2.7117082   -0.0518306  0.00    0.0053615    0.0207121    0.0071576
c    -0.2810286    0.4876868   -1.0132190  0.00   -0.0087084   -0.0116272   -0.0058870
c     1.0471541    0.4125553   -0.6614522  0.00    0.0198014   -0.0100323    0.0017986
c     1.6623928    1.5386638   -0.1769492  0.00    0.0116492   -0.0026087    0.0010646
o    -1.0669501    3.9588004   -0.2986661  0.00    0.0036923   -0.0014253   -0.0011987
h    -0.5200081    4.7234204    0.0779445  0.00    0.0036933   -0.0058824   -0.0001398
h     2.7091631    1.5131917    0.1220739  0.00    0.0012373    0.0022532    0.0016009
h    -0.8132149   -0.3777396   -1.3970569  0.00    0.0007423   -0.0057020   -0.0018211
h    -2.0162770    1.7207308   -1.1563391  0.00   -0.0024289   -0.0017306   -0.0010545
h     1.4729445    3.5972625    0.3312389  0.00   -0.0011946    0.0030593    0.0005801
c     1.8559907   -0.8766524   -0.7602157  0.00   -0.0038047   -0.0053088   -0.0078052
c     1.1864865   -2.0934948   -1.4461517  0.00    0.0101610    0.0252204   -0.0025449
h     2.1687045   -1.1773864    0.2683461  0.00    0.0027652   -0.0003221    0.0041931
h     2.7927533   -0.6354665   -1.3219107  0.00    0.0040310   -0.0025406   -0.0043645
c     2.2177263   -3.2019418   -1.6967348  0.00   -0.0169587   -0.0696288   -0.0049379
o     1.8785994   -4.5225349   -1.6712090  0.00    0.0157408    0.0431567    0.0036868
o     3.5377383   -2.8428945   -1.9330205  0.00   -0.0056430    0.0194129    0.0069869
h     4.0799615   -3.6927977   -2.0420645  0.00   -0.0008713   -0.0027382    0.0013095
n     0.0483396   -2.5707487   -0.6184673  0.00   -0.0011155    0.0041785    0.0105068
h     0.8293389   -1.7931275   -2.4582846  0.00   -0.0027582   -0.0015714    0.0002333
h    -0.6880567   -2.9844433   -1.2577710  0.00   -0.0156421   -0.0021550   -0.0130296
h     0.3650413   -3.3639212    0.0056393  0.00    0.0070922   -0.0125399    0.0026089
    24
 Energy =       0.0502574593
c    -0.9104319    1.7127754   -0.8975138  0.00   -0.0145606    0.0039152   -0.0012038
c    -0.2624630    2.8062143   -0.4216264  0.00   -0.0084917    0.0111165    0.0020106
c     1.0508174    2.7133903   -0.0646265  0.00    0.0046756    0.0176396    0.0061349
c    -0.2537801    0.5234927   -1.0296446  0.00   -0.0075126   -0.0099624   -0.0050447
c     1.0702825    0.4152217   -0.6743149  0.00    0.0168209   -0.0085964    0.0015829
c     1.7116302    1.5250496   -0.1890013  0.00    0.0101717   -0.0021959    0.0009967
o    -0.9585647    4.0108430   -0.3141397  0.00    0.0025632   -0.0008569   -0.0010816
h    -0.3950289    4.7652230    0.0599785  0.00    0.0032444   -0.0046216   -0.0000007
h     2.7572464    1.4732679    0.1108871  0.00    0.0013870    0.0018751    0.0014428
h    -0.8077271   -0.3270238   -1.4153572  0.00    0.0003830   -0.0049899   -0.0016789
h    -1.9575014    1.7979262   -1.1759955  0.00   -0.0023890   -0.0014277   -0.0009768
h     1.5718075    3.5858329    0.3201815  0.00   -0.0008419    0.0028185    0.0006040
c     1.8496046   -0.8932653   -0.7738355  0.00   -0.0029980   -0.0039845   -0.0059009
c     1.1330422   -2.1012719   -1.4286262  0.00    0.0084268    0.0217013   -0.0034146
h     2.1739876   -1.1891625    0.2518581  0.00    0.0023322   -0.0001715    0.0036577
h     2.7810176   -0.6834782   -1.3568751  0.00    0.0040387   -0.0019707   -0.0040138
c     2.1195869   -3.2486988   -1.6805598  0.00   -0.0147421   -0.0576744   -0.0044555
o     1.7198463   -4.5576469   -1.6407513  0.00    0.0121894    0.0337674    0.0032080
o     3.4498899   -2.9489911   -1.9458704  0.00   -0.0030460    0.0181444    0.0055382
h     3.9532866   -3.8225889   -2.0618798  0.00    0.0003207   -0.0037417    0.0008533
n    -0.0058693   -2.5265699   -0.5752172  0.00   -0.0020079    0.0052623    0.0096498
h     0.7693933   -1.8062967   -2.4400019  0.00   -0.0022810   -0.0013934    0.0000903
h    -0.7399289   -2.9752536   -1.1915335  0.00   -0.0138691   -0.0023262   -0.0119848
h     0.3094378   -3.2845376    0.0918591  0.00    0.0061862   -0.0123271    0.0039866
    24
 Energy =       0.0496771726
c    -0.8571069    1.7580209   -0.9879914  0.00   -0.0127237    0.0035149   -0.0010354
c    -0.1984927    2.8403978   -0.5041998  0.00   -0.0073839    0.0093529    0.0016682
c     1.1051268    2.7236707   -0.1214035  0.00    0.0042300    0.0150265    0.0053088
c    -0.2212795    0.5567439   -1.1021718  0.00   -0.0068522   -0.0082112   -0.0043553
c     1.0914875    0.4238033   -0.7167988  0.00    0.0149674   -0.0073224    0.0015563
c     1.7449733    1.5231064   -0.2268666  0.00    0.0090074   -0.0021230    0.0008766
o    -0.8745282    4.0590213   -0.4165839  0.00    0.0016480   -0.0002845   -0.0009790
h    -0.3044647    4.8074818   -0.0399011  0.00    0.0027626   -0.0038018    0.0000136
h     2.7839131    1.4520657    0.0922333  0.00    0.0015686    0.0014650    0.0013140
h    -0.7839890   -0.2834468   -1.4970028  0.00   -0.0000648   -0.0038724   -0.0015778
h    -1.8964803    1.8627498   -1.2881238  0.00   -0.0024763   -0.0011196   -0.0009373
h     1.6358536    3.5873809    0.2691492  0.00   -0.0006142    0.0024407    0.0005607
c     1.8504414   -0.8983518   -0.7966377  0.00   -0.0030346   -0.0013516   -0.0039861
c     1.0925310   -2.1216386   -1.3762882  0.00    0.0080540    0.0190693   -0.0057226
h     2.2049269   -1.1614783    0.2286159  0.00    0.0021501   -0.0000330    0.0041487
h     2.7645518   -0.7254711   -1.4195160  0.00    0.0046307   -0.0008910   -0.0043629
c     2.0385958   -3.3145778   -1.5727411  0.00   -0.0127885   -0.0485577   -0.0044628
o     1.5792438   -4.6072872   -1.4913114  0.00    0.0091553    0.0251476    0.0029143
o     3.3853113   -3.0825358   -1.8294708  0.00   -0.0006859    0.0174630    0.0043236
h     3.8522982   -3.9813420   -1.9112800  0.00    0.0016563   -0.0054099    0.0004610
n    -0.0517659   -2.4620174   -0.4903109  0.00   -0.0043083    0.0065669    0.0106036
h     0.7302948   -1.8727026   -2.4015048  0.00   -0.0015162   -0.0009421   -0.0012908
h    -0.7932125   -2.9424475   -1.0718867  0.00   -0.0127876   -0.0029449   -0.0113506
h     0.2513517   -3.1766936    0.2293863  0.00    0.0054059   -0.0131819    0.0063113
    24
 Energy =       0.0487419610
c    -0.8564486    1.7620568   -0.9279837  0.00   -0.0107671    0.0029640   -0.0009120
c    -0.1868820    2.8385164   -0.4485485  0.00   -0.0062277    0.0078533    0.0013803
c     1.1197792    2.7129997   -0.0820507  0.00    0.0036235    0.0126484    0.0044915
c    -0.2296428    0.5583146   -1.0527990  0.00   -0.0058892   -0.0068239   -0.0037029
c     1.0868735    0.4176264   -0.6868401  0.00    0.0127368   -0.0061553    0.0013220
c     1.7513695    1.5104483   -0.1996547  0.00    0.0076612   -0.0018198    0.0007680
o    -0.8567142    4.0599929   -0.3467419  0.00    0.0012326   -0.0001493   -0.0008446
h    -0.2802373    4.8055288    0.0264074  0.00    0.0023491   -0.0031459    0.0000389
h     2.7936507    1.4323122    0.1061879  0.00    0.0014331    0.0012045    0.0011331
h    -0.8033391   -0.2770307   -1.4410690  0.00   -0.0002027   -0.0031833   -0.0013779
h    -1.8987834    1.8737508   -1.2142352  0.00   -0.0022010   -0.0009311   -0.0008256
h     1.6601362    3.5717730    0.3055871  0.00   -0.0004733    0.0020923    0.0004945
c     1.8395837   -0.9073258   -0.7806074  0.00   -0.0027523   -0.0004060   -0.0030765
c     1.0853528   -2.1095253   -1.4079324  0.00    0.0066872    0.0158983   -0.0049443
h     2.1709900   -1.1966882    0.2449498  0.00    0.0019613   -0.0001347    0.0040352
h     2.7667876   -0.7242489   -1.3799708  0.00    0.0041491   -0.0003054   -0.0038515
c     2.0313681   -3.2922493   -1.6536277  0.00   -0.0116712   -0.0408492   -0.0034573
o     1.5766814   -4.5907014   -1.5960090  0.00    0.0078454    0.0206240    0.0023086
o     3.3684298   -3.0515698   -1.9510745  0.00   -0.0000010    0.0149532    0.0033620
h     3.8347055   -3.9467532   -2.0700331  0.00    0.0021200   -0.0054616    0.0002350
n    -0.0552840   -2.4845504   -0.5336301  0.00   -0.0035411    0.0059698    0.0097629
h     0.7203996   -1.8207348   -2.4222478  0.00   -0.0013026   -0.0005270   -0.0019179
h    -0.7738276   -2.9910601   -1.1202114  0.00   -0.0114870   -0.0029808   -0.0099333
h     0.2646332   -3.1864301    0.1895284  0.00    0.0047169   -0.0113344    0.0055118
    24
 Energy =       0.0477623733
c    -0.8532768    1.7667555   -0.8652392  0.00   -0.0082039    0.0022182   -0.0007498
c    -0.1700798    2.8368262   -0.3939645  0.00   -0.0047175    0.0059262    0.0010208
c     1.1395702    2.7007787   -0.0462254  0.00    0.0028265    0.0095485    0.0034309
c    -0.2384212    0.5593944   -0.9991447  0.00   -0.0046063   -0.0050639   -0.0028478
c     1.0816796    0.4095305   -0.6554878  0.00    0.0097682   -0.0046494    0.0009837
c     1.7600118    1.4952469   -0.1746663  0.00    0.0058917   -0.0013905    0.0006315
o    -0.8313611    4.0624409   -0.2791064  0.00    0.0007292   -0.0000507   -0.0006766
h    -0.2467253    4.8055159    0.0867776  0.00    0.0018320   -0.0022818    0.0000773
h     2.8057711    1.4085867    0.1160075  0.00    0.0012304    0.0008789    0.0008921
h    -0.8252913   -0.2708514   -1.3773760  0.00   -0.0003520   -0.0023409   -0.0011090
h    -1.8986179    1.8868872   -1.1355202  0.00   -0.0018175   -0.0006976   -0.0006743
h     1.6919775    3.5541202    0.3356532  0.00   -0.0002879    0.0016437    0.0004111
c     1.8252278   -0.9196886   -0.7606100  0.00   -0.0023257    0.0005333   -0.0020045
c     1.0755219   -2.0965092   -1.4397430  0.00    0.0049842    0.0117574   -0.0039045
h     2.1274174   -1.2367585    0.2652708  0.00    0.0016753   -0.0002766    0.0037551
h     2.7685532   -0.7295702   -1.3307526  0.00    0.0035096    0.0003337   -0.0031191
c     2.0208863   -3.2665660   -1.7355047  0.00   -0.0096082   -0.0306940   -0.0022280
o     1.5692204   -4.5706920   -1.7068801  0.00    0.0060249    0.0148604    0.0015424
o     3.3473266   -3.0161664   -2.0700561  0.00    0.0003425    0.0116457    0.0022726
h     3.8110820   -3.9063921   -2.2287862  0.00    0.0023916   -0.0051768   -0.0000277
n    -0.0632138   -2.5071057   -0.5823480  0.00   -0.0023464    0.0053813    0.0085179
h     0.7098777   -1.7653757   -2.4412176  0.00   -0.0010251   -0.0000614   -0.0023775
h    -0.7504437   -3.0475320   -1.1743628  0.00   -0.0098483   -0.0031082   -0.0082843
h     0.2728892   -3.1884234    0.1506760  0.00    0.0039327   -0.0089355    0.0044676
    24
 Energy =       0.0468421695
c    -0.8491840    1.7711468   -0.7902428  0.00   -0.0051407    0.0012154   -0.0005942
c    -0.1465990    2.8356083   -0.3386475  0.00   -0.0028685    0.0036626    0.0006193
c     1.1675098    2.6876306   -0.0183657  0.00    0.0019540    0.0057991    0.0021952
c    -0.2507526    0.5580891   -0.9302073  0.00   -0.0031546   -0.0029818   -0.0018395
c     1.0743737    0.3980918   -0.6186552  0.00    0.0061323   -0.0028366    0.0004948
c     1.7723749    1.4772565   -0.1550192  0.00    0.0037998   -0.0007843    0.0005188
o    -0.7954765    4.0675211   -0.2131012  0.00    0.0000409   -0.0001234   -0.0005369
h    -0.1985765    4.8095967    0.1356398  0.00    0.0013303   -0.0010912    0.0001864
h     2.8229211    1.3809534    0.1139280  0.00    0.0010256    0.0005003    0.0006151
h    -0.8552919   -0.2678849   -1.2883845  0.00   -0.0006155   -0.0013960   -0.0008280
h    -1.8987712    1.9009202   -1.0373563  0.00   -0.0014073   -0.0004421   -0.0005111
h     1.7368007    3.5359654    0.3489713  0.00    0.0000047    0.0011594    0.0003458
c     1.8034630   -0.9383584   -0.7296796  0.00   -0.0019129    0.0015900   -0.0007652
c     1.0625846   -2.0815549   -1.4739260  0.00    0.0031575    0.0067776   -0.0028706
h     2.0614306   -1.2872913    0.2974944  0.00    0.0013485   -0.0005507    0.0035554
h     2.7705340   -0.7458078   -1.2566324  0.00    0.0029957    0.0011327   -0.0022945
c     2.0088838   -3.2334546   -1.8249325  0.00   -0.0059584   -0.0177184   -0.0008570
o     1.5575745   -4.5427807   -1.8479929  0.00    0.0034707    0.0071564    0.0005423
o     3.3265880   -2.9692527   -2.1802748  0.00   -0.0002081    0.0079369    0.0012890
h     3.7864587   -3.8512821   -2.3875393  0.00    0.0024392   -0.0047846   -0.0003483
n    -0.0782035   -2.5350724   -0.6450731  0.00   -0.0009745    0.0046073    0.0072374
h     0.7006301   -1.6999142   -2.4590282  0.00   -0.0006796    0.0004922   -0.0027541
h    -0.7205768   -3.1163120   -1.2469320  0.00   -0.0078392   -0.0034377   -0.0064952
h     0.2708862   -3.1893620    0.1033508  0.00    0.0030601   -0.0058831    0.0030952
    24
 Energy =       0.0464289085
c    -0.8499723    1.7708960   -0.7347233  0.00   -0.0035571    0.0003303   -0.0006005
c    -0.1286764    2.8379417   -0.3211642  0.00   -0.0017037    0.0025799    0.0004783
c     1.1916334    2.6859315   -0.0324404  0.00    0.0016760    0.0038418    0.0015900
c    -0.2648841    0.5515289   -0.8671579  0.00   -0.0025406   -0.0020584   -0.0013245
c     1.0667814    0.3887308   -0.5914752  0.00    0.0038642   -0.0018724    0.0000474
c     1.7836364    1.4698681   -0.1632911  0.00    0.0027525   -0.0001192    0.0005827
o    -0.7665861    4.0763584   -0.1999045  0.00   -0.0005139   -0.0005882   -0.0005847
h    -0.1568415    4.8224400    0.1183123  0.00    0.0013707    0.0000111    0.0004092
h     2.8397531    1.3704874    0.0813719  0.00    0.0009597    0.0003773    0.0004953
h    -0.8851135   -0.2769155   -1.1914701  0.00   -0.0009491   -0.0011757   -0.0007868
h    -1.9048319    1.9040171   -0.9556755  0.00   -0.0012445   -0.0003871   -0.0004471
h     1.7766090    3.5358889    0.3058267  0.00    0.0003631    0.0011128    0.0004057
c     1.7808578   -0.9565488   -0.6905176  0.00   -0.0018869    0.0017129   -0.0002806
c     1.0543725   -2.0725632   -1.4892560  0.00    0.0024589    0.0043406   -0.0026289
h     1.9892571   -1.3251976    0.3406797  0.00    0.0011541   -0.0007400    0.0034414
h     2.7732734   -0.7709412   -1.1705712  0.00    0.0030314    0.0012958   -0.0019915
c     2.0048384   -3.2084555   -1.8755965  0.00   -0.0028680   -0.0071717    0.0005565
o     1.5369163   -4.5119517   -2.0067461  0.00   -0.0011202   -0.0024450   -0.0003875
o     3.3368067   -2.9376617   -2.1715933  0.00    0.0016976    0.0085188    0.0007059
h     3.7918406   -3.8105742   -2.4222781  0.00    0.0018514   -0.0045819   -0.0004612
n    -0.0938768   -2.5608837   -0.6931417  0.00   -0.0007706    0.0029724    0.0060973
h     0.7014579   -1.6530175   -2.4619138  0.00   -0.0004433    0.0006284   -0.0024727
h    -0.7017017   -3.1592682   -1.3115840  0.00   -0.0056795   -0.0029007   -0.0047109
h     0.2540322   -3.2056579    0.0617036  0.00    0.0020979   -0.0036816    0.0018673
    24
 Energy =       0.0460677017
c    -0.8520707    1.7674732   -0.6648229  0.00   -0.0040898   -0.0011675   -0.0010370
c    -0.1041408    2.8440760   -0.3239162  0.00   -0.0009505    0.0031358    0.0006616
c     1.2261409    2.6910340   -0.0832346  0.00    0.0026563    0.0042586    0.0017845
c    -0.2841031    0.5375423   -0.7715373  0.00   -0.0035660   -0.0028133   -0.0013724
c     1.0578287    0.3743266   -0.5500136  0.00    0.0027956   -0.0019970   -0.0010844
c     1.8015628    1.4648322   -0.1909635  0.00    0.0034337    0.0013675    0.0011879
o    -0.7260828    4.0929512   -0.2247510  0.00   -0.0018245   -0.0018295   -0.0010111
h    -0.0971143    4.8464950    0.0387799  0.00    0.0027622    0.0021682    0.0010662
h     2.8659016    1.3654623    0.0171069  0.00    0.0015523    0.0006632    0.0006897
h    -0.9253451   -0.2993626   -1.0327170  0.00   -0.0024045   -0.0022522   -0.0012974
h    -1.9148704    1.9014121   -0.8463109  0.00   -0.0018996   -0.0007119   -0.0006169
h     1.8324506    3.5483418    0.1989918  0.00    0.0014515    0.0023137    0.0008376
c     1.7463847   -0.9870454   -0.6136230  0.00   -0.0036428    0.0023671   -0.0000193
c     1.0452006   -2.0667270   -1.4863976  0.00    0.0018626    0.0032556   -0.0040441
h     1.8709746   -1.3742274    0.4268239  0.00    0.0014721   -0.0016725    0.0060538
h     2.7783464   -0.8227008   -1.0185759  0.00    0.0057027    0.0025038   -0.0026274
c     2.0114695   -3.1769000   -1.9080724  0.00   -0.0047109   -0.0058679    0.0014234
o     1.5828389   -4.4992710   -1.9912957  0.00   -0.0029209   -0.0041945   -0.0002309
o     3.3171220   -2.8650285   -2.2819349  0.00    0.0060806    0.0081754   -0.0010541
h     3.7868786   -3.7246135   -2.5498297  0.00    0.0020301   -0.0040229   -0.0005821
n    -0.1192473   -2.6002865   -0.7424190  0.00   -0.0014224    0.0021142    0.0073610
h     0.7119718   -1.6000745   -2.4455391  0.00   -0.0003360    0.0011211   -0.0032594
h    -0.6982308   -3.1874691   -1.3984925  0.00   -0.0056275   -0.0034859   -0.0048266
h     0.2157150   -3.2657883    0.0001379  0.00    0.0015957   -0.0034292    0.0019972
    24
 Energy =       0.0453891276
c    -0.8553876    1.7620707   -0.5892635  0.00   -0.0035000   -0.0019522   -0.0010795
c    -0.0846804    2.8429385   -0.3188405  0.00   -0.0002826    0.0027326    0.0005788
c     1.2534163    2.6859063   -0.1297370  0.00    0.0028782    0.0033132    0.0014485
c    -0.3030769    0.5239889   -0.6745783  0.00   -0.0035078   -0.0024135   -0.0009477
c     1.0454518    0.3567861   -0.5086065  0.00    0.0013064   -0.0017720   -0.0019444
c     1.8134742    1.4517575   -0.2189741  0.00    0.0031169    0.0023125    0.0013920
o    -0.6924489    4.1001241   -0.2358279  0.00   -0.0021748   -0.0021694   -0.0009803
h    -0.0482229    4.8570556   -0.0221411  0.00    0.0028839    0.0028858    0.0011379
h     2.8848107    1.3504798   -0.0513263  0.00    0.0017712    0.0007651    0.0007125
h    -0.9607920   -0.3178077   -0.8739638  0.00   -0.0029015   -0.0022144   -0.0012301
h    -1.9241154    1.8994356   -0.7291199  0.00   -0.0020242   -0.0007568   -0.0005845
h     1.8785230    3.5465957    0.0974601  0.00    0.0019366    0.0025510    0.0009012
c     1.7083390   -1.0177775   -0.5451140  0.00   -0.0039648    0.0027948    0.0003483
c     1.0411511   -2.0553237   -1.4943070  0.00    0.0017891    0.0017341   -0.0046274
h     1.7469876   -1.4264661    0.4944967  0.00    0.0012664   -0.0020360    0.0068358
h     2.7727581   -0.8769941   -0.8692803  0.00    0.0066983    0.0026071   -0.0024435
c     2.0274230   -3.1371977   -1.9393237  0.00   -0.0033679   -0.0031724    0.0010589
o     1.6427768   -4.4745213   -1.9937496  0.00   -0.0026825   -0.0039924   -0.0002022
o     3.3095531   -2.7868680   -2.3544197  0.00    0.0053047    0.0053102   -0.0013249
h     3.7966551   -3.6309496   -2.6370443  0.00    0.0015227   -0.0026879   -0.0005134
n    -0.1457319   -2.6290957   -0.8183140  0.00   -0.0021076    0.0005455    0.0074523
h     0.7364612   -1.5425715   -2.4395466  0.00   -0.0002189    0.0012699   -0.0032418
h    -0.6816863   -3.2112947   -1.5134323  0.00   -0.0046770   -0.0034535   -0.0042960
h     0.1679428   -3.3058194   -0.0776528  0.00    0.0009351   -0.0022012    0.0015496
    24
 Energy =       0.0446600927
c    -0.8642749    1.7503334   -0.5080364  0.00   -0.0036635   -0.0026270   -0.0011071
c    -0.0770737    2.8354395   -0.3088797  0.00   -0.0000898    0.0027247    0.0005042
c     1.2683250    2.6777250   -0.1772025  0.00    0.0035073    0.0028810    0.0012566
c    -0.3214764    0.5074413   -0.5769636  0.00   -0.0039452   -0.0021607   -0.0006899
c     1.0323944    0.3392358   -0.4700015  0.00    0.0006730   -0.0020827   -0.0024740
c     1.8188455    1.4386730   -0.2526601  0.00    0.0033636    0.0031768    0.0015211
o    -0.6758076    4.0976656   -0.2375429  0.00   -0.0026689   -0.0027411   -0.0009884
h    -0.0199341    4.8578198   -0.0748064  0.00    0.0032769    0.0035024    0.0011603
h     2.8969028    1.3382093   -0.1318504  0.00    0.0023301    0.0009823    0.0007792
h    -0.9893286   -0.3395652   -0.7152107  0.00   -0.0034234   -0.0022088   -0.0010501
h    -1.9381885    1.8885094   -0.6024956  0.00   -0.0024360   -0.0008333   -0.0005684
h     1.9071895    3.5420332   -0.0067400  0.00    0.0024802    0.0028591    0.0009197
c     1.6758134   -1.0437831   -0.4902132  0.00   -0.0038258    0.0032190    0.0006514
c     1.0451410   -2.0408047   -1.5063174  0.00    0.0021609    0.0012112   -0.0050696
h     1.6401301   -1.4738814    0.5409708  0.00    0.0009648   -0.0021218    0.0070727
h     2.7622761   -0.9226832   -0.7417081  0.00    0.0070365    0.0023193   -0.0021593
c     2.0520485   -3.0974757   -1.9627353  0.00   -0.0023275   -0.0016737    0.0006941
o     1.7102857   -4.4472825   -1.9919129  0.00   -0.0023781   -0.0041055   -0.0001875
o     3.3153656   -2.7122841   -2.4009218  0.00    0.0043731    0.0041123   -0.0012576
h     3.8218682   -3.5426470   -2.6886089  0.00    0.0012360   -0.0021023   -0.0004814
n    -0.1637960   -2.6457747   -0.8994610  0.00   -0.0027776   -0.0000932    0.0074027
h     0.7710941   -1.4885771   -2.4389481  0.00   -0.0001688    0.0013706   -0.0032807
h    -0.6631159   -3.2120539   -1.6337809  0.00   -0.0043258   -0.0035884   -0.0043711
h     0.1248973   -3.3418207   -0.1665796  0.00    0.0006281   -0.0020204    0.0017233
    24
 Energy =       0.0438139178
c    -0.8769339    1.7329376   -0.4199538  0.00   -0.0038582   -0.0030146   -0.0010172
c    -0.0795950    2.8216809   -0.2915718  0.00   -0.0001169    0.0026401    0.0004025
c     1.2711319    2.6650705   -0.2214686  0.00    0.0040081    0.0023990    0.0010142
c    -0.3390064    0.4876925   -0.4769869  0.00   -0.0042466   -0.0018121   -0.0004562
c     1.0177812    0.3203832   -0.4307525  0.00    0.0001741   -0.0024108   -0.0026608
c     1.8164683    1.4234174   -0.2873620  0.00    0.0035991    0.0037296    0.0014743
o    -0.6733771    4.0865856   -0.2278818  0.00   -0.0030502   -0.0031649   -0.0009125
h    -0.0099281    4.8497014   -0.1165032  0.00    0.0035183    0.0038090    0.0010591
h     2.8996706    1.3248393   -0.2186199  0.00    0.0029169    0.0011661    0.0007630
h    -1.0109429   -0.3643783   -0.5564576  0.00   -0.0036487   -0.0019839   -0.0006976
h    -1.9543105    1.8705339   -0.4667522  0.00   -0.0027726   -0.0008450   -0.0004982
h     1.9187312    3.5326160   -0.1084801  0.00    0.0028587    0.0029717    0.0008346
c     1.6470950   -1.0674934   -0.4447752  0.00   -0.0031779    0.0036900    0.0009245
c     1.0584856   -2.0207031   -1.5260291  0.00    0.0029689    0.0008859   -0.0053536
h     1.5420251   -1.5231523    0.5704756  0.00    0.0005718   -0.0020896    0.0070138
h     2.7489974   -0.9618968   -0.6250484  0.00    0.0069479    0.0018725   -0.0017652
c     2.0854965   -3.0570306   -1.9807655  0.00   -0.0012853   -0.0004810    0.0003080
o     1.7827486   -4.4163316   -1.9840512  0.00   -0.0018317   -0.0039924   -0.0002108
o     3.3355700   -2.6437318   -2.4277644  0.00    0.0031154    0.0031629   -0.0009425
h     3.8616599   -3.4628504   -2.7114036  0.00    0.0009850   -0.0016742   -0.0004362
n    -0.1769559   -2.6466725   -0.9979231  0.00   -0.0038282   -0.0004091    0.0072126
h     0.8240511   -1.4308993   -2.4469103  0.00   -0.0001865    0.0015004   -0.0034794
h    -0.6374411   -3.1916845   -1.7727103  0.00   -0.0041729   -0.0037513   -0.0047635
h     0.0781601   -3.3641817   -0.2729104  0.00    0.0005114   -0.0021982    0.0021873
    24
 Energy =       0.0428745684
c    -0.8929281    1.7094612   -0.3257397  0.00   -0.0040488   -0.0031852   -0.0008229
c    -0.0926744    2.8023407   -0.2689447  0.00   -0.0002741    0.0024877    0.0002987
c     1.2609348    2.6496576   -0.2651946  0.00    0.0043709    0.0019004    0.0007273
c    -0.3548169    0.4642409   -0.3748427  0.00   -0.0044145   -0.0014709   -0.0002578
c     1.0024175    0.3009903   -0.3916594  0.00   -0.0003151   -0.0026550   -0.0024266
c     1.8058409    1.4076957   -0.3249937  0.00    0.0038130    0.0040010    0.0012487
o    -0.6861301    4.0675337   -0.2095947  0.00   -0.0033836   -0.0034775   -0.0007590
h    -0.0198681    4.8342417   -0.1515653  0.00    0.0036746    0.0039496    0.0008680
h     2.8919099    1.3125178   -0.3138679  0.00    0.0034909    0.0012875    0.0006317
h    -1.0245361   -0.3936024   -0.3977045  0.00   -0.0036116   -0.0017025   -0.0002592
h    -1.9718584    1.8442176   -0.3222172  0.00   -0.0030216   -0.0008088   -0.0003774
h     1.9114414    3.5208280   -0.2114982  0.00    0.0031102    0.0029586    0.0006685
c     1.6240658   -1.0881705   -0.4086429  0.00   -0.0020857    0.0039253    0.0011123
c     1.0825909   -1.9946422   -1.5517005  0.00    0.0040635    0.0006516   -0.0052263
h     1.4562657   -1.5735606    0.5837231  0.00    0.0001391   -0.0019365    0.0065662
h     2.7352721   -0.9929421   -0.5206152  0.00    0.0063533    0.0013460   -0.0013080
c     2.1262383   -3.0194003   -1.9905013  0.00   -0.0002914    0.0005296    0.0000255
o     1.8540318   -4.3845818   -1.9621404  0.00   -0.0011313   -0.0036580   -0.0002606
o     3.3696598   -2.5891523   -2.4365865  0.00    0.0017815    0.0023196   -0.0005018
h     3.9128681   -3.4017113   -2.7056026  0.00    0.0008033   -0.0013581   -0.0003944
n    -0.1838665   -2.6275680   -1.1113711  0.00   -0.0052899   -0.0003712    0.0065415
h     0.8985172   -1.3695750   -2.4614198  0.00   -0.0002605    0.0017014   -0.0038220
h    -0.6031619   -3.1470565   -1.9260539  0.00   -0.0039926   -0.0037563   -0.0051794
h     0.0273679   -3.3673101   -0.3938728  0.00    0.0005204   -0.0026782    0.0029070
    24
 Energy =       0.0419012994
c    -0.9108908    1.6803432   -0.2297122  0.00   -0.0040494   -0.0030673   -0.0005422
c    -0.1160708    2.7784813   -0.2428269  0.00   -0.0004605    0.0022177    0.0002098
c     1.2372674    2.6332593   -0.3073887  0.00    0.0044142    0.0014179    0.0004182
c    -0.3671267    0.4375912   -0.2748407  0.00   -0.0043057   -0.0011712   -0.0000927
c     0.9879292    0.2823808   -0.3546687  0.00   -0.0007240   -0.0026480   -0.0017541
c     1.7869701    1.3934077   -0.3641989  0.00    0.0038259    0.0038616    0.0008513
o    -0.7144103    4.0413919   -0.1848154  0.00   -0.0035560   -0.0035507   -0.0005280
h    -0.0511389    4.8127710   -0.1807831  0.00    0.0036486    0.0038733    0.0006037
h     2.8727212    1.3034822   -0.4131776  0.00    0.0038028    0.0012669    0.0003872
h    -1.0281832   -0.4271499   -0.2456984  0.00   -0.0032520   -0.0014346    0.0001305
h    -1.9891617    1.8093494   -0.1752540  0.00   -0.0030548   -0.0007166   -0.0002193
h     1.8837735    3.5088341   -0.3125884  0.00    0.0031229    0.0027726    0.0004417
c     1.6091805   -1.1044866   -0.3821167  0.00   -0.0007780    0.0037035    0.0011361
c     1.1176936   -1.9632495   -1.5806551  0.00    0.0051064    0.0005202   -0.0044821
h     1.3884776   -1.6226897    0.5820825  0.00   -0.0002368   -0.0016613    0.0056611
h     2.7241885   -1.0135945   -0.4320010  0.00    0.0052428    0.0008505   -0.0008589
c     2.1710392   -2.9881244   -1.9911386  0.00    0.0005943    0.0014397   -0.0000882
o     1.9173000   -4.3551040   -1.9207419  0.00   -0.0004756   -0.0034236   -0.0002881
o     3.4137790   -2.5552471   -2.4336350  0.00    0.0006201    0.0017488   -0.0000632
h     3.9687184   -3.3676433   -2.6776807  0.00    0.0007610   -0.0012349   -0.0003847
n    -0.1821803   -2.5868625   -1.2332108  0.00   -0.0068492    0.0000813    0.0051890
h     0.9937277   -1.3065189   -2.4789211  0.00   -0.0003263    0.0019672   -0.0041682
h    -0.5596526   -3.0778418   -2.0848070  0.00   -0.0036141   -0.0034639   -0.0052732
h    -0.0243691   -3.3483279   -0.5238281  0.00    0.0005433   -0.0033491    0.0037145
    24
 Energy =       0.0409573753
c    -0.9293244    1.6452204   -0.1309483  0.00   -0.0038469   -0.0027007   -0.0002179
c    -0.1486931    2.7503037   -0.2116276  0.00   -0.0006189    0.0018616    0.0001468
c     1.2009138    2.6167591   -0.3463601  0.00    0.0041800    0.0010023    0.0001138
c    -0.3744098    0.4074622   -0.1768681  0.00   -0.0039801   -0.0009175    0.0000641
c     0.9758697    0.2649107   -0.3203282  0.00   -0.0008816   -0.0023759   -0.0008511
c     1.7608131    1.3815720   -0.4038199  0.00    0.0036108    0.0033497    0.0003588
o    -0.7573607    4.0081739   -0.1511402  0.00   -0.0035962   -0.0033900   -0.0002380
h    -0.1035242    4.7856732   -0.2017311  0.00    0.0034625    0.0036376    0.0002959
h     2.8427118    1.2993946   -0.5143511  0.00    0.0037909    0.0010967    0.0000854
h    -1.0206979   -0.4656818   -0.1004996  0.00   -0.0026821   -0.0012380    0.0003714
h    -2.0046620    1.7649565   -0.0246139  0.00   -0.0029170   -0.0005828   -0.0000441
h     1.8360581    3.4979236   -0.4092003  0.00    0.0029080    0.0024459    0.0001894
c     1.6037936   -1.1162993   -0.3644108  0.00    0.0004480    0.0030568    0.0009873
c     1.1628355   -1.9268916   -1.6115155  0.00    0.0057450    0.0004986   -0.0032163
h     1.3412686   -1.6699758    0.5679750  0.00   -0.0004854   -0.0013278    0.0044377
h     2.7184529   -1.0238209   -0.3601019  0.00    0.0038232    0.0004670   -0.0004954
c     2.2165948   -2.9631939   -1.9868762  0.00    0.0013206    0.0024494   -0.0001345
o     1.9703191   -4.3274948   -1.8585172  0.00   -0.0001576   -0.0038781   -0.0001606
o     3.4609591   -2.5418335   -2.4339322  0.00   -0.0001608    0.0017390    0.0002565
h     4.0206648   -3.3602438   -2.6450059  0.00    0.0008378   -0.0013516   -0.0003926
n    -0.1698836   -2.5261614   -1.3588151  0.00   -0.0079349    0.0008214    0.0033312
h     1.1060414   -1.2419611   -2.4958976  0.00   -0.0002947    0.0022298   -0.0043033
h    -0.5063968   -2.9859413   -2.2435601  0.00   -0.0030204   -0.0029112   -0.0049009
h    -0.0727621   -3.3083988   -0.6604603  0.00    0.0004498   -0.0039824    0.0043166
    24
 Energy =       0.0401100301
c    -0.9469242    1.6026395   -0.0259873  0.00   -0.0034065   -0.0020792    0.0000976
c    -0.1896143    2.7168461   -0.1703299  0.00   -0.0007149    0.0014232    0.0001139
c     1.1523715    2.5999393   -0.3772758  0.00    0.0036735    0.0006658   -0.0001578
c    -0.3755465    0.3725918   -0.0793770  0.00   -0.0034445   -0.0006805    0.0002262
c     0.9670734    0.2479279   -0.2880977  0.00   -0.0006384   -0.0018389   -0.0000114
c     1.7279187    1.3722309   -0.4407945  0.00    0.0031318    0.0024921   -0.0001157
o    -0.8140772    3.9666267   -0.1015037  0.00   -0.0034786   -0.0029328    0.0000866
h    -0.1768779    4.7519811   -0.2065754  0.00    0.0030699    0.0032123   -0.0000184
h     2.8021978    1.3012045   -0.6136950  0.00    0.0034240    0.0007930   -0.0002008
h    -1.0012021   -0.5107049    0.0391312  0.00   -0.0019954   -0.0010775    0.0004170
h    -2.0167985    1.7089751    0.1338158  0.00   -0.0026367   -0.0004101    0.0001293
h     1.7684138    3.4882842   -0.4949121  0.00    0.0024515    0.0019691   -0.0000456
c     1.6082043   -1.1243608   -0.3549661  0.00    0.0013629    0.0021764    0.0007107
c     1.2170332   -1.8851880   -1.6451104  0.00    0.0057041    0.0004943   -0.0017190
h     1.3146777   -1.7166757    0.5426815  0.00   -0.0005871   -0.0010339    0.0031406
h     2.7197432   -1.0249268   -0.3042304  0.00    0.0023868    0.0002373   -0.0002663
c     2.2611015   -2.9417830   -1.9849781  0.00    0.0016474    0.0036043   -0.0002945
o     2.0157057   -4.2973231   -1.7776080  0.00   -0.0004884   -0.0053585    0.0003756
o     3.5043490   -2.5448693   -2.4565368  0.00   -0.0001222    0.0024868    0.0002296
h     4.0617069   -3.3738016   -2.6297742  0.00    0.0008879   -0.0015767   -0.0003557
n    -0.1452908   -2.4478668   -1.4875017  0.00   -0.0079626    0.0016129    0.0014053
h     1.2315905   -1.1744690   -2.5106799  0.00   -0.0001287    0.0023537   -0.0040185
h    -0.4425273   -2.8725290   -2.4023132  0.00   -0.0023121   -0.0022402   -0.0041454
h    -0.1136468   -3.2502971   -0.8059877  0.00    0.0001762   -0.0042928    0.0044168
    24
 Energy =       0.0394466165
c    -0.9636996    1.5527147    0.0805586  0.00   -0.0026088   -0.0012703    0.0002976
c    -0.2378944    2.6784320   -0.1191149  0.00   -0.0006456    0.0009250    0.0000947
c     1.0927592    2.5833865   -0.3958117  0.00    0.0027765    0.0004518   -0.0003174
c    -0.3715307    0.3330616    0.0130510  0.00   -0.0025772   -0.0004884    0.0003354
c     0.9606527    0.2315073   -0.2591716  0.00   -0.0000845   -0.0011632    0.0004466
c     1.6887276    1.3660051   -0.4710075  0.00    0.0023267    0.0014438   -0.0003973
o    -0.8828480    3.9170451   -0.0358640  0.00   -0.0029780   -0.0020803    0.0003408
h    -0.2693421    4.7120486   -0.1914550  0.00    0.0023541    0.0024996   -0.0002449
h     2.7521245    1.3102453   -0.7028235  0.00    0.0025957    0.0004336   -0.0003544
h    -0.9718001   -0.5618898    0.1670465  0.00   -0.0012843   -0.0008904    0.0002817
h    -2.0256307    1.6413765    0.2925690  0.00   -0.0021085   -0.0002232    0.0002432
h     1.6827569    3.4807525   -0.5612730  0.00    0.0017361    0.0013648   -0.0001882
c     1.6206052   -1.1288135   -0.3524502  0.00    0.0015963    0.0012992    0.0004349
c     1.2782552   -1.8398477   -1.6803885  0.00    0.0046808    0.0003536   -0.0004561
h     1.3056024   -1.7611143    0.5090185  0.00   -0.0005497   -0.0008213    0.0020000
h     2.7273695   -1.0180480   -0.2615497  0.00    0.0012982    0.0001660   -0.0001389
c     2.3047553   -2.9212996   -1.9893319  0.00    0.0010866    0.0033311   -0.0003301
o     2.0545350   -4.2605473   -1.6982064  0.00   -0.0009302   -0.0054718    0.0009275
o     3.5439654   -2.5595056   -2.4991189  0.00    0.0007484    0.0028830   -0.0002075
h     4.0926825   -3.4006438   -2.6362430  0.00    0.0007346   -0.0014109   -0.0002422
n    -0.1072419   -2.3589979   -1.6145445  0.00   -0.0064229    0.0020777    0.0001488
h     1.3633076   -1.1063187   -2.5217478  0.00    0.0000845    0.0021159   -0.0031692
h    -0.3679861   -2.7437207   -2.5567173  0.00   -0.0016458   -0.0016008   -0.0032509
h    -0.1405437   -3.1813762   -0.9580307  0.00   -0.0001829   -0.0039243    0.0037457
    24
 Energy =       0.0390240891
c    -0.9797127    1.4966462    0.1855008  0.00   -0.0015659   -0.0004727    0.0003155
c    -0.2906977    2.6358650   -0.0576330  0.00   -0.0004306    0.0004427    0.0000745
c     1.0258446    2.5671444   -0.3982891  0.00    0.0016283    0.0003197   -0.0003179
c    -0.3645405    0.2896582    0.0972995  0.00   -0.0014973   -0.0003348    0.0003285
c     0.9549325    0.2153923   -0.2342651  0.00    0.0004487   -0.0005235    0.0004384
c     1.6450126    1.3625191   -0.4914100  0.00    0.0013747    0.0005005   -0.0004056
o    -0.9587341    3.8606939    0.0466772  0.00   -0.0020446   -0.0009671    0.0004135
h    -0.3740849    4.6668187   -0.1515795  0.00    0.0013619    0.0015120   -0.0002924
h     2.6954975    1.3259947   -0.7757658  0.00    0.0015126    0.0001286   -0.0003309
h    -0.9366062   -0.6177210    0.2796936  0.00   -0.0006770   -0.0006040    0.0001060
h    -2.0316300    1.5640934    0.4464217  0.00   -0.0013824   -0.0000640    0.0002581
h     1.5853949    3.4751959   -0.6011887  0.00    0.0009104    0.0007229   -0.0001955
c     1.6374944   -1.1304528   -0.3559956  0.00    0.0012380    0.0006256    0.0002857
c     1.3441183   -1.7919374   -1.7177617  0.00    0.0031451    0.0001379    0.0002591
h     1.3074772   -1.8028072    0.4681648  0.00   -0.0004284   -0.0006694    0.0011592
h     2.7383351   -1.0061079   -0.2280022  0.00    0.0006904    0.0001816   -0.0000731
c     2.3478586   -2.8999788   -2.0008773  0.00   -0.0001983    0.0026417   -0.0003011
o     2.0961374   -4.2146296   -1.6143969  0.00   -0.0015822   -0.0053374    0.0016905
o     3.5737172   -2.5828073   -2.5712489  0.00    0.0024364    0.0032810   -0.0011467
h     4.1104027   -3.4362114   -2.6733901  0.00    0.0004760   -0.0010779   -0.0001017
n    -0.0576154   -2.2642350   -1.7401539  0.00   -0.0040771    0.0020320   -0.0001983
h     1.4971187   -1.0384813   -2.5300964  0.00    0.0002405    0.0015857   -0.0020603
h    -0.2832472   -2.6039732   -2.7075260  0.00   -0.0011049   -0.0010663   -0.0024866
h    -0.1528914   -3.1062271   -1.1167838  0.00   -0.0004745   -0.0029946    0.0025813
    24
 Energy =       0.0388386433
c    -0.9973127    1.4399799    0.2709511  0.00   -0.0002162    0.0001589    0.0000609
c    -0.3419694    2.5932358    0.0071708  0.00   -0.0000502   -0.0000073    0.0000128
c     0.9620738    2.5521212   -0.3777953  0.00    0.0001372    0.0001237   -0.0000514
c    -0.3609745    0.2462234    0.1587210  0.00   -0.0001224   -0.0001237    0.0000685
c     0.9471580    0.1999869   -0.2149861  0.00    0.0003303    0.0000104    0.0001366
c     1.6029617    1.3608986   -0.4928534  0.00    0.0002253   -0.0001588   -0.0000802
o    -1.0314545    3.8035849    0.1361952  0.00   -0.0004049    0.0002565    0.0001052
h    -0.4739150    4.6212660   -0.0857294  0.00    0.0000906    0.0001391   -0.0000457
h     2.6425661    1.3454594   -0.8123570  0.00    0.0001738   -0.0000652   -0.0000570
h    -0.9075394   -0.6729417    0.3554744  0.00   -0.0000717   -0.0001006   -0.0000041
h    -2.0400802    1.4853717    0.5668269  0.00   -0.0002379    0.0000528    0.0000616
h     1.4939704    3.4715005   -0.5984013  0.00    0.0000447    0.0000591   -0.0000274
c     1.6524037   -1.1307264   -0.3635501  0.00    0.0003645    0.0002301    0.0002056
c     1.4062044   -1.7464515   -1.7538298  0.00    0.0010023   -0.0001699    0.0000666
h     1.3111384   -1.8388204    0.4247231  0.00   -0.0002143   -0.0003565    0.0004547
h     2.7465401   -0.9942893   -0.2005171  0.00    0.0003278    0.0001673    0.0000102
c     2.3899809   -2.8747766   -2.0204648  0.00   -0.0011804    0.0003458    0.0002346
o     2.1452963   -4.1613638   -1.5516172  0.00   -0.0008904   -0.0016950    0.0008341
o     3.5923936   -2.6019617   -2.6583806  0.00    0.0022628    0.0014293   -0.0010770
h     4.1185970   -3.4637558   -2.7348720  0.00    0.0000376   -0.0001523   -0.0000053
n    -0.0022973   -2.1798508   -1.8529446  0.00   -0.0009723    0.0009092    0.0002660
h     1.6148000   -0.9758030   -2.5349457  0.00    0.0001534    0.0005494   -0.0006626
h    -0.1950440   -2.4738090   -2.8412509  0.00   -0.0004679   -0.0004691   -0.0013522
h    -0.1459158   -3.0406265   -1.2681737  0.00   -0.0003218   -0.0011332    0.0008455
    24
 Energy =       0.0388073918
c    -1.0292822    1.4169414    0.2507368  0.00   -0.0003379   -0.0003659    0.0001112
c    -0.3721240    2.5764990    0.0197304  0.00   -0.0000752    0.0001967    0.0000141
c     0.9412231    2.5462713   -0.3338004  0.00    0.0004462    0.0001146   -0.0001296
c    -0.3856976    0.2275958    0.1369183  0.00   -0.0004586   -0.0000918    0.0001399
c     0.9314376    0.1920277   -0.2054419  0.00    0.0000228   -0.0001773    0.0000368
c     1.5894651    1.3594705   -0.4503171  0.00    0.0003117    0.0003777   -0.0000958
o    -1.0692994    3.7819932    0.1494800  0.00   -0.0002875   -0.0004788    0.0001095
h    -0.5097318    4.6050983   -0.0467797  0.00    0.0003141    0.0004073   -0.0001113
h     2.6368187    1.3529506   -0.7442281  0.00    0.0003482    0.0001231   -0.0001077
h    -0.9332832   -0.6964200    0.3074669  0.00   -0.0002639   -0.0002302    0.0000907
h    -2.0791520    1.4537925    0.5218627  0.00   -0.0003075   -0.0001029    0.0000899
h     1.4748444    3.4709166   -0.5278914  0.00    0.0002659    0.0002542   -0.0000867
c     1.6455317   -1.1335712   -0.3548508  0.00   -0.0001424    0.0002584    0.0002305
c     1.4413215   -1.7280608   -1.7608767  0.00    0.0007342    0.0001211   -0.0003469
h     1.2841686   -1.8553031    0.4116187  0.00   -0.0001387   -0.0001506    0.0002873
h     2.7338948   -0.9969629   -0.1573790  0.00    0.0004575    0.0001153    0.0000953
c     2.4276314   -2.8571511   -2.0127654  0.00   -0.0008962    0.0011695   -0.0003099
o     2.2142553   -4.1225515   -1.4738368  0.00   -0.0010747   -0.0029379    0.0016151
o     3.5991717   -2.6053089   -2.7134180  0.00    0.0019711    0.0019669   -0.0013739
h     4.1308542   -3.4653869   -2.7696472  0.00    0.0000238   -0.0003998    0.0000824
n     0.0360726   -2.1561342   -1.9090785  0.00   -0.0006864    0.0002139    0.0003805
h     1.6755742   -0.9470700   -2.5236301  0.00    0.0001231    0.0001194   -0.0002745
h    -0.1290244   -2.4264380   -2.9086030  0.00   -0.0001617   -0.0001914   -0.0006711
h    -0.1250884   -3.0287464   -1.3478761  0.00   -0.0001876   -0.0003115    0.0002241
    24
 Energy =       0.0387910919
c    -1.0480169    1.4079498    0.2318353  0.00    0.0000158    0.0000732    0.0000020
c    -0.3863440    2.5690287    0.0251089  0.00   -0.0000034   -0.0000268   -0.0000008
c     0.9332837    2.5410740   -0.3029008  0.00   -0.0000234   -0.0000071   -0.0000022
c    -0.4028471    0.2192810    0.1189019  0.00    0.0000328    0.0000061   -0.0000018
c     0.9203633    0.1859047   -0.1978661  0.00    0.0000775    0.0000331   -0.0000140
c     1.5831701    1.3549814   -0.4183223  0.00   -0.0000059   -0.0000692   -0.0000102
o    -1.0854281    3.7737274    0.1528876  0.00   -0.0000208    0.0000960    0.0000057
h    -0.5221075    4.5981148   -0.0245478  0.00   -0.0000358   -0.0000486    0.0000008
h     2.6356939    1.3503697   -0.6917998  0.00   -0.0000195   -0.0000258   -0.0000008
h    -0.9538073   -0.7058605    0.2693471  0.00    0.0000154    0.0000123   -0.0000055
h    -2.1027179    1.4430836    0.4826200  0.00   -0.0000106    0.0000200    0.0000042
h     1.4706533    3.4670088   -0.4775139  0.00   -0.0000316   -0.0000358    0.0000003
c     1.6363857   -1.1387254   -0.3469703  0.00    0.0000618    0.0000063   -0.0000351
c     1.4602924   -1.7175442   -1.7627288  0.00   -0.0000955   -0.0000599    0.0000794
h     1.2590911   -1.8685877    0.4036419  0.00   -0.0000014   -0.0000412    0.0000227
h     2.7199714   -1.0057463   -0.1254807  0.00   -0.0000403    0.0000012   -0.0000062
c     2.4497604   -2.8451699   -2.0075828  0.00    0.0001544   -0.0006504    0.0002847
o     2.2548234   -4.0967388   -1.4374604  0.00    0.0003562    0.0012171   -0.0007620
o     3.6014679   -2.6074003   -2.7415324  0.00   -0.0004799   -0.0006942    0.0004956
h     4.1366791   -3.4654052   -2.7896164  0.00   -0.0000262    0.0001831   -0.0000458
n     0.0589122   -2.1437831   -1.9429325  0.00    0.0000938    0.0000574   -0.0000240
h     1.7092239   -0.9281679   -2.5118181  0.00   -0.0000042    0.0000468    0.0000006
h    -0.0878113   -2.3977089   -2.9491925  0.00   -0.0000081   -0.0000100   -0.0000235
h    -0.1111103   -3.0252340   -1.3986833  0.00   -0.0000011   -0.0000835    0.0000359
    24
 Energy =       0.0387892058
c    -1.0551459    1.4086615    0.2170976  0.00   -0.0001529   -0.0001179    0.0000438
c    -0.3844302    2.5683852    0.0316114  0.00   -0.0000196    0.0000797    0.0000025
c     0.9400901    2.5369236   -0.2764154  0.00    0.0001809    0.0000809   -0.0000481
c    -0.4142396    0.2178311    0.1027689  0.00   -0.0001750   -0.0000721    0.0000469
c     0.9136502    0.1808076   -0.1940684  0.00    0.0000693   -0.0000838   -0.0000133
c     1.5857520    1.3486607   -0.3932044  0.00    0.0001494    0.0001247   -0.0000465
o    -1.0793715    3.7753839    0.1602026  0.00   -0.0001769   -0.0001359    0.0000484
h    -0.5091160    4.5986482   -0.0005142  0.00    0.0001390    0.0001876   -0.0000436
h     2.6424663    1.3414067   -0.6505064  0.00    0.0001358    0.0000381   -0.0000384
h    -0.9721449   -0.7059714    0.2360932  0.00   -0.0001189   -0.0001245    0.0000268
h    -2.1135047    1.4467013    0.4520746  0.00   -0.0001494   -0.0000328    0.0000358
h     1.4848315    3.4618315   -0.4338912  0.00    0.0001054    0.0001146   -0.0000330
c     1.6253146   -1.1460280   -0.3444766  0.00    0.0000187    0.0000781    0.0000158
c     1.4658877   -1.7123289   -1.7674852  0.00    0.0001219   -0.0000475    0.0000220
h     1.2340451   -1.8802706    0.3948566  0.00   -0.0000549   -0.0001270    0.0001352
h     2.7064588   -1.0203659   -0.1067310  0.00    0.0001232    0.0000332    0.0000459
c     2.4532481   -2.8426622   -2.0081470  0.00    0.0001084   -0.0003920    0.0001687
o     2.2561280   -4.0914218   -1.4318200  0.00    0.0002084    0.0007056   -0.0004350
o     3.6039737   -2.6108752   -2.7458719  0.00   -0.0002683   -0.0003930    0.0002817
h     4.1373134   -3.4702710   -2.7905673  0.00   -0.0000083    0.0000976   -0.0000280
n     0.0651143   -2.1310655   -1.9700361  0.00   -0.0001684    0.0001295    0.0000250
h     1.7283848   -0.9178859   -2.5067403  0.00    0.0000444    0.0001252   -0.0001093
h    -0.0695038   -2.3747759   -2.9806414  0.00   -0.0000509   -0.0000527   -0.0002272
h    -0.1156204   -3.0168672   -1.4361945  0.00   -0.0000614   -0.0002157    0.0001239
    24
 Energy =       0.0387881847
c    -1.0572030    1.4093080    0.2117237  0.00   -0.0000587   -0.0000456    0.0000166
c    -0.3846752    2.5687245    0.0317586  0.00   -0.0000088    0.0000298    0.0000015
c     0.9411000    2.5366289   -0.2703089  0.00    0.0000701    0.0000282   -0.0000178
c    -0.4168793    0.2181494    0.0978181  0.00   -0.0000686   -0.0000254    0.0000180
c     0.9121994    0.1804558   -0.1931031  0.00    0.0000238   -0.0000321   -0.0000043
c     1.5861837    1.3480337   -0.3867020  0.00    0.0000563    0.0000474   -0.0000167
o    -1.0790566    3.7760795    0.1597912  0.00   -0.0000657   -0.0000548    0.0000191
h    -0.5073692    4.5991048    0.0035508  0.00    0.0000534    0.0000705   -0.0000160
h     2.6439834    1.3403352   -0.6391431  0.00    0.0000535    0.0000144   -0.0000140
h    -0.9761254   -0.7053563    0.2267841  0.00   -0.0000450   -0.0000450    0.0000093
h    -2.1164920    1.4478729    0.4420008  0.00   -0.0000572   -0.0000125    0.0000130
h     1.4873386    3.4613090   -0.4232897  0.00    0.0000409    0.0000423   -0.0000112
c     1.6233538   -1.1467203   -0.3427908  0.00    0.0000054    0.0000248    0.0000057
c     1.4679640   -1.7115763   -1.7667709  0.00    0.0000502   -0.0000065    0.0000026
h     1.2291902   -1.8813287    0.3944885  0.00   -0.0000195   -0.0000426    0.0000445
h     2.7037160   -1.0223622   -0.1013475  0.00    0.0000431    0.0000107    0.0000157
c     2.4554883   -2.8420628   -2.0057735  0.00   -0.0001083   -0.0000394    0.0000790
o     2.2681371   -4.0845424   -1.4117125  0.00   -0.0000395   -0.0000160    0.0000351
o     3.5958245   -2.6168003   -2.7620392  0.00    0.0001573    0.0000456   -0.0001141
h     4.1305825   -3.4755474   -2.8028485  0.00   -0.0000015    0.0000093    0.0000001
n     0.0678959   -2.1301562   -1.9734397  0.00   -0.0000585    0.0000435    0.0000094
h     1.7324489   -0.9164883   -2.5044942  0.00    0.0000138    0.0000403   -0.0000359
h    -0.0642877   -2.3715436   -2.9848405  0.00   -0.0000166   -0.0000170   -0.0000780
h    -0.1137363   -3.0170649   -1.4419180  0.00   -0.0000201   -0.0000697    0.0000385
    24
 Energy =       0.0387881173
c    -1.0570618    1.4093770    0.2114789  0.00   -0.0000000   -0.0000000    0.0000000
c    -0.3845442    2.5687552    0.0317163  0.00   -0.0000000    0.0000000   -0.0000000
c     0.9411978    2.5366259   -0.2702141  0.00   -0.0000000   -0.0000000   -0.0000000
c    -0.4167621    0.2182229    0.0975099  0.00   -0.0000000   -0.0000000   -0.0000000
c     0.9122763    0.1804892   -0.1933017  0.00   -0.0000000   -0.0000000    0.0000000
c     1.5862553    1.3480335   -0.3866893  0.00   -0.0000000    0.0000000   -0.0000000
o    -1.0789002    3.7761069    0.1598147  0.00   -0.0000000   -0.0000000    0.0000000
h    -0.5072114    4.5991066    0.0037887  0.00    0.0000000    0.0000000   -0.0000000
h     2.6440317    1.3403163   -0.6390236  0.00    0.0000000   -0.0000000    0.0000000
h    -0.9759942   -0.7052463    0.2263428  0.00   -0.0000000   -0.0000000   -0.0000000
h    -2.1163197    1.4479690    0.4416582  0.00   -0.0000000   -0.0000000   -0.0000000
h     1.4874311    3.4612776   -0.4230246  0.00    0.0000000    0.0000000    0.0000000
c     1.6234046   -1.1466901   -0.3430614  0.00    0.0000000   -0.0000000    0.0000000
c     1.4675608   -1.7117698   -1.7668533  0.00    0.0000002    0.0000001    0.0000001
h     1.2295229   -1.8811364    0.3944355  0.00   -0.0000001   -0.0000001    0.0000000
h     2.7038196   -1.0223075   -0.1020458  0.00    0.0000001    0.0000000    0.0000000
c     2.4552708   -2.8420379   -2.0061611  0.00   -0.0000017    0.0000010    0.0000007
o     2.2671243   -4.0853600   -1.4141541  0.00   -0.0000013   -0.0000028    0.0000021
o     3.5966562   -2.6157327   -2.7603333  0.00    0.0000030    0.0000020   -0.0000028
h     4.1314089   -3.4744662   -2.8016840  0.00    0.0000000   -0.0000003    0.0000001
n     0.0675329   -2.1306050   -1.9728966  0.00   -0.0000002    0.0000002    0.0000000
h     1.7315742   -0.9167564   -2.5047481  0.00    0.0000000    0.0000001   -0.0000001
h    -0.0649242   -2.3723937   -2.9841165  0.00   -0.0000000   -0.0000000   -0.0000002
h    -0.1137681   -3.0173263   -1.4410440  0.00   -0.0000001   -0.0000002    0.0000001
    24
 Energy =       0.0387881173
c    -1.0570488    1.4093754    0.2115039  0.00   -0.0000000   -0.0000000    0.0000000
c    -0.3845358    2.5687531    0.0317209  0.00   -0.0000000    0.0000000    0.0000000
c     0.9411996    2.5366231   -0.2702385  0.00    0.0000000    0.0000000   -0.0000000
c    -0.4167510    0.2182210    0.0975268  0.00   -0.0000000   -0.0000000    0.0000000
c     0.9122811    0.1804867   -0.1933136  0.00    0.0000000   -0.0000000   -0.0000000
c     1.5862552    1.3480305   -0.3867219  0.00    0.0000000    0.0000000   -0.0000000
o    -1.0788897    3.7761050    0.1598285  0.00   -0.0000000   -0.0000000    0.0000000
h    -0.5072047    4.5991042    0.0037865  0.00    0.0000000    0.0000000   -0.0000000
h     2.6440260    1.3403125   -0.6390796  0.00    0.0000000    0.0000000   -0.0000000
h    -0.9759797   -0.7052477    0.2263764  0.00   -0.0000000   -0.0000000   -0.0000000
h    -2.1163017    1.4479679    0.4417061  0.00   -0.0000000   -0.0000000   -0.0000000
h     1.4874290    3.4612743   -0.4230656  0.00    0.0000000    0.0000000    0.0000000
c     1.6234072   -1.1466927   -0.3430824  0.00    0.0000000   -0.0000000    0.0000000
c     1.4675369   -1.7117768   -1.7668691  0.00    0.0000000    0.0000000    0.0000000
h     1.2295413   -1.8811364    0.3944251  0.00   -0.0000000   -0.0000000    0.0000000
h     2.7038276   -1.0223069   -0.1020906  0.00    0.0000000    0.0000000    0.0000000
c     2.4552488   -2.8420406   -2.0061920  0.00   -0.0000000    0.0000000    0.0000000
o     2.2669835   -4.0854426   -1.4143952  0.00   -0.0000000   -0.0000000    0.0000000
o     3.5967668   -2.6156484   -2.7601333  0.00    0.0000000    0.0000000   -0.0000000
h     4.1315060   -3.4743882   -2.8015248  0.00   -0.0000000   -0.0000000    0.0000000
n     0.0675050   -2.1306119   -1.9728871  0.00   -0.0000000    0.0000000    0.0000000
h     1.7315367   -0.9167655   -2.5047706  0.00   -0.0000000    0.0000000   -0.0000000
h    -0.0649653   -2.3724213   -2.9841000  0.00   -0.0000000   -0.0000000   -0.0000000
h    -0.1137925   -3.0173228   -1.4410165  0.00    0.0000000   -0.0000000    0.0000000
