$hessian
        0.7658614489  -0.0093213717   0.0023169931  -0.2397506368  -0.0818146875
       -0.0193296380  -0.2760876390   0.0587380756  -0.0530536991   0.0096656423
       -0.0020820700  -0.0016640600   0.0007488584  -0.0002531318   0.0004556321
       -0.0084423526   0.0077740914  -0.0014382856  -0.1742307603   0.0329071793
        0.0279281173  -0.0870094622  -0.0055868566   0.0107473055  -0.0032286536
        0.0023300232   0.0009775064   0.0010966442   0.0139657279   0.0299105384
        0.0003408351  -0.0120568452  -0.0010115187   0.0132889645  -0.0030871113
        0.0009599333  -0.0022528888  -0.0015130232   0.0032011752
       -0.0093213717   0.7898615774   0.0810007348  -0.0931314960  -0.2388438991
        0.0045083922   0.0691662183  -0.1616113002  -0.0031540318   0.0130360071
       -0.0031986186  -0.0025161540   0.0113941673  -0.0028306558   0.0062163378
       -0.0206570287   0.0189982694  -0.0033829713   0.0549368501  -0.2540523765
       -0.1646666199  -0.0026787902  -0.1788417417   0.0838397430  -0.0065299711
        0.0261752320   0.0168547984  -0.0011880008  -0.0063114771  -0.0104105892
        0.0071484340   0.0217239810  -0.0027046347  -0.0205679909  -0.0024956157
       -0.0099958850  -0.0016070273  -0.0085733752   0.0044108797
        0.0023169931   0.0810007348   0.8564257004  -0.0301542119  -0.0027995512
       -0.2000900920  -0.0344198426  -0.0127990952  -0.1430376814  -0.0235428334
        0.0041271250   0.0033959442   0.0232821731  -0.0054018016   0.0124339313
       -0.0018512403   0.0016475597   0.0000140860   0.0490382055  -0.1434312431
       -0.3476533795   0.0077888804   0.0966777217  -0.2254892239   0.0037860771
       -0.0184334544  -0.0120301738   0.0012056721   0.0089035910   0.0167961441
       -0.0252074263  -0.0326905349   0.0124975488   0.0246663618   0.0187557282
        0.0304300284   0.0030911913   0.0044432200  -0.0036928326
       -0.2397506368  -0.0931314960  -0.0301542119   0.5712275810   0.2697988999
        0.2332394247  -0.0096378022  -0.0245280073  -0.0044003434  -0.0027152505
        0.0002777730  -0.0019978819  -0.0056204158   0.0002716606   0.0007443747
       -0.0006389884  -0.0004240990  -0.0002941209   0.0266773873   0.0167118654
       -0.0040377217   0.0037010098   0.0022020631   0.0017874036   0.0011566479
       -0.0010870447  -0.0019264918   0.0015674157   0.0007568990   0.0003122197
       -0.1953415310  -0.0569921618  -0.1718693521  -0.1661618476  -0.1395811969
       -0.0097443631   0.0155364306   0.0257248447  -0.0116589360
       -0.0818146875  -0.2388438991  -0.0027995512   0.2697988999   0.6843246449
       -0.2027415841   0.0098403379   0.0252968579   0.0051054722   0.0002324185
        0.0006922163   0.0001489637   0.0003134983   0.0007708099  -0.0000254328
       -0.0004202426   0.0002232085  -0.0001193992  -0.0151544615  -0.0105888505
        0.0030950594  -0.0099845448  -0.0072999096  -0.0057803802  -0.0009341916
       -0.0009344039  -0.0046243817   0.0005976109  -0.0068479481  -0.0043135225
       -0.0483283021  -0.1367030930   0.0522198548  -0.1308497408  -0.3227015239
        0.1649115918   0.0067034054   0.0126118907  -0.0050766902
       -0.0193296380   0.0045083922  -0.2000900920   0.2332394247  -0.2027415841
        0.8525299640  -0.0007996761  -0.0028882001  -0.0024275342  -0.0021075369
       -0.0001093986  -0.0006920464   0.0008455270   0.0002128957   0.0006009472
       -0.0002847972  -0.0000974314   0.0006433326  -0.0384640885  -0.0204079061
        0.0031239630   0.0211979188   0.0171881298   0.0134636659  -0.0020383120
       -0.0046712959  -0.0065419488   0.0004287476  -0.0042646333  -0.0007948424
       -0.1843139137   0.0387413146  -0.3743959540  -0.0215615981   0.1509237677
       -0.2754687341   0.0131879425   0.0236059495  -0.0099507207
       -0.2760876390   0.0691662183  -0.0344198426  -0.0096378022   0.0098403379
       -0.0007996761   0.6076288002  -0.0122741349   0.0068151432  -0.0712009259
        0.0052886848   0.0013228231  -0.0876333817   0.0414417349   0.0466501275
       -0.1686120666  -0.1086442014  -0.0216623080   0.0028732946  -0.0001891062
        0.0010202221   0.0106173611  -0.0021704467  -0.0008567771  -0.0026915076
        0.0009645469   0.0019977632   0.0002751077  -0.0004031247  -0.0002073511
       -0.0008833740  -0.0001206059  -0.0007116859  -0.0035532964  -0.0025774499
        0.0006012159  -0.0010945702  -0.0003224528   0.0002503456
        0.0587380756  -0.1616113002  -0.0127990952  -0.0245280073   0.0252968579
       -0.0028882001  -0.0122741349   0.6037343733   0.0150964094   0.0054388462
       -0.1331949156   0.1128514690   0.0415474065  -0.1280125468  -0.1019700328
       -0.1072354022  -0.1969475586  -0.0209933729   0.0261384129  -0.0054697098
        0.0120238719   0.0149014367  -0.0025679531  -0.0008652736   0.0008168682
       -0.0008523299  -0.0009294932  -0.0003840866   0.0000583210   0.0000582878
       -0.0001884634   0.0005100318  -0.0000780365  -0.0026484989  -0.0001042918
        0.0003233943  -0.0003224528  -0.0008389782   0.0001700720
       -0.0530536991  -0.0031540318  -0.1430376814  -0.0044003434   0.0051054722
       -0.0024275342   0.0068151432   0.0150964094   0.6081192503   0.0010784415
        0.1118517647  -0.2177079391   0.0462251709  -0.1008863302  -0.2081519938
       -0.0215304701  -0.0211393736  -0.0605212005   0.0468279496  -0.0121470513
        0.0232588051  -0.0244541973   0.0061553440   0.0027886379   0.0021057982
       -0.0008841672  -0.0022419693  -0.0002212785   0.0000524446  -0.0003295218
       -0.0004832532  -0.0003056394  -0.0000731299   0.0008403925   0.0000850865
        0.0010762372   0.0002503456   0.0001700720  -0.0007519606
        0.0096656423   0.0130360071  -0.0235428334  -0.0027152505   0.0002324185
       -0.0021075369  -0.0712009259   0.0054388462   0.0010784415   0.0649136057
       -0.0048870735   0.0003386602   0.0012976097  -0.0067691288   0.0052313470
        0.0049677221  -0.0074583402   0.0174735711  -0.0013707703   0.0010443530
        0.0000341291   0.0000709958   0.0001900598  -0.0000603572  -0.0009416376
        0.0010439063   0.0005973820  -0.0000538717   0.0001546840  -0.0000122636
        0.0000984275  -0.0000171555   0.0001874221   0.0002529823   0.0002266737
        0.0001525588  -0.0049845293  -0.0022352506   0.0006294792
       -0.0020820700  -0.0031986186   0.0041271250   0.0002777730   0.0006922163
       -0.0001093986   0.0052886848  -0.1331949156   0.1118517647  -0.0048870735
        0.1271309805  -0.1186315557  -0.0024643032   0.0169654954  -0.0128188307
        0.0035070811  -0.0057742657   0.0152698729   0.0009986303  -0.0018943240
        0.0001198937   0.0001884196   0.0002460626   0.0003603615   0.0010439063
       -0.0003741924  -0.0004566910   0.0001546840  -0.0000422159   0.0000118102
       -0.0000171555  -0.0001229271  -0.0000144394   0.0002266737  -0.0003980568
        0.0000478839  -0.0022352506  -0.0000352387   0.0002422036
       -0.0016640600  -0.0025161540   0.0033959442  -0.0019978819   0.0001489637
       -0.0006920464   0.0013228231   0.1128514690  -0.2177079391   0.0003386602
       -0.1186315557   0.2134142823  -0.0017441663   0.0119596187  -0.0090390717
        0.0023307853  -0.0038535608   0.0102406210  -0.0000764162  -0.0001405661
       -0.0003106190  -0.0000643229   0.0003510178   0.0000773670   0.0005973820
       -0.0004566910   0.0001625166  -0.0000122636   0.0000118102   0.0001058136
        0.0001874221  -0.0000144394   0.0000335007   0.0001525588   0.0000478839
       -0.0004369759   0.0006294792   0.0002422036   0.0007566065
        0.0007488584   0.0113941673   0.0232821731  -0.0056204158   0.0003134983
        0.0008455270  -0.0876333817   0.0415474065   0.0462251709   0.0012976097
       -0.0024643032  -0.0017441663   0.0798449012  -0.0446455584  -0.0511842295
        0.0117166332  -0.0074896568  -0.0170278845   0.0000613926  -0.0001976225
       -0.0003246680  -0.0009916321   0.0013098924  -0.0003256305  -0.0000039752
        0.0000704706   0.0001271691  -0.0000302455   0.0000836782   0.0000518757
        0.0003174758  -0.0000315877   0.0001264663   0.0004047169   0.0002055173
       -0.0002747546  -0.0001119375  -0.0000959018   0.0002229514
       -0.0002531318  -0.0028306558  -0.0054018016   0.0002716606   0.0007708099
        0.0002128957   0.0414417349  -0.1280125468  -0.1008863302  -0.0067691288
        0.0169654954   0.0119596187  -0.0446455584   0.1200034580   0.1072286969
        0.0085488541  -0.0053351089  -0.0131713498  -0.0001954573   0.0002047857
        0.0001431693   0.0013688503  -0.0015318309   0.0000527346   0.0000704706
        0.0000584601  -0.0000827539   0.0000836782  -0.0000043277  -0.0000444603
       -0.0000315877  -0.0001761297  -0.0000080602   0.0002055173  -0.0002433074
       -0.0000797885  -0.0000959018   0.0001308980   0.0000774293
        0.0004556321   0.0062163378   0.0124339313   0.0007443747  -0.0000254328
        0.0006009472   0.0466501275  -0.1019700328  -0.2081519938   0.0052313470
       -0.0128188307  -0.0090390717  -0.0511842295   0.1072286969   0.2011990617
       -0.0016484405   0.0009628031   0.0029199882  -0.0003194330   0.0001555036
       -0.0000146558  -0.0001830862   0.0003885884   0.0004149800   0.0001271691
       -0.0000827539  -0.0000450171   0.0000518757  -0.0000444603   0.0000398262
        0.0001264663  -0.0000080602  -0.0001458727  -0.0002747546  -0.0000797885
       -0.0001963208   0.0002229514   0.0000774293  -0.0000158028
       -0.0084423526  -0.0206570287  -0.0018512403  -0.0006389884  -0.0004202426
       -0.0002847972  -0.1686120666  -0.1072354022  -0.0215304701   0.0049677221
        0.0035070811   0.0023307853   0.0117166332   0.0085488541  -0.0016484405
        0.1663520014   0.1147780724   0.0230927288  -0.0030242414   0.0005424430
        0.0007615863  -0.0020284268   0.0005656638  -0.0015582072  -0.0003618190
        0.0000053357   0.0003937056  -0.0002627168   0.0001407094   0.0000714746
        0.0001754070   0.0000976702   0.0001529504   0.0002736343   0.0003492603
       -0.0000272328  -0.0001147865  -0.0002224166   0.0000971571
        0.0077740914   0.0189982694   0.0016475597  -0.0004240990   0.0002232085
       -0.0000974314  -0.1086442014  -0.1969475586  -0.0211393736  -0.0074583402
       -0.0057742657  -0.0038535608  -0.0074896568  -0.0053351089   0.0009628031
        0.1147780724   0.1889192078   0.0222588338   0.0005860268  -0.0007615927
       -0.0001794073   0.0005075479   0.0004074001   0.0003208657   0.0000053357
        0.0002840517  -0.0000032523   0.0001407094   0.0001192251  -0.0000234880
        0.0000976702  -0.0001067089   0.0000477840   0.0003492603  -0.0000166582
       -0.0000181734  -0.0002224166  -0.0000094694   0.0000768404
       -0.0014382856  -0.0033829713   0.0000140860  -0.0002941209  -0.0001193992
        0.0006433326  -0.0216623080  -0.0209933729  -0.0605212005   0.0174735711
        0.0152698729   0.0102406210  -0.0170278845  -0.0131713498   0.0029199882
        0.0230927288   0.0222588338   0.0484056979   0.0008669602   0.0000688682
       -0.0009833215  -0.0016987161  -0.0000101923  -0.0007390210   0.0003937056
       -0.0000032523   0.0000441196   0.0000714746  -0.0000234880   0.0001535342
        0.0001529504   0.0000477840  -0.0000623933  -0.0000272328  -0.0000181734
       -0.0002483147   0.0000971571   0.0000768404   0.0001328715
       -0.1742307603   0.0549368501   0.0490382055   0.0266773873  -0.0151544615
       -0.0384640885   0.0028732946   0.0261384129   0.0468279496  -0.0013707703
        0.0009986303  -0.0000764162   0.0000613926  -0.0001954573  -0.0003194330
       -0.0030242414   0.0005860268   0.0008669602   0.5820869786  -0.1984259284
       -0.0546584056   0.0008082007  -0.0008960625  -0.0005805194  -0.0626028653
       -0.0179447893   0.0671228389  -0.3715439737   0.1520028125  -0.0686588657
        0.0002843212  -0.0004693119  -0.0007535046   0.0009980846  -0.0019002478
       -0.0003179280  -0.0010170485   0.0003235260  -0.0000267931
        0.0329071793  -0.2540523765  -0.1434312431   0.0167118654  -0.0105888505
       -0.0204079061  -0.0001891062  -0.0054697098  -0.0121470513   0.0010443530
       -0.0018943240  -0.0001405661  -0.0001976225   0.0002047857   0.0001555036
        0.0005424430  -0.0007615927   0.0000688682  -0.1984259284   0.5753355204
       -0.0526263559  -0.0084762705   0.0300721791   0.0206653911  -0.0311652651
       -0.2154386558   0.1750780358   0.1891455195  -0.1143101518   0.0354344693
       -0.0003962398  -0.0000342939  -0.0011951950  -0.0018244537  -0.0041824709
       -0.0012730061   0.0003235260   0.0011199409  -0.0001809443
        0.0279281173  -0.1646666199  -0.3476533795  -0.0040377217   0.0030950594
        0.0031239630   0.0010202221   0.0120238719   0.0232588051   0.0000341291
        0.0001198937  -0.0003106190  -0.0003246680   0.0001431693  -0.0000146558
        0.0007615863  -0.0001794073  -0.0009833215  -0.0546584056  -0.0526263559
        0.7579047994   0.0064489040  -0.0222744416  -0.0152960218   0.0930055478
        0.1993547200  -0.3121316877  -0.0685783478   0.0271599386  -0.1079135687
       -0.0009994919  -0.0009501014  -0.0006294211  -0.0005730786  -0.0010187826
        0.0016950769  -0.0000267931  -0.0001809443  -0.0010499692
       -0.0870094622  -0.0026787902   0.0077888804   0.0037010098  -0.0099845448
        0.0211979188   0.0106173611   0.0149014367  -0.0244541973   0.0000709958
        0.0001884196  -0.0000643229  -0.0009916321   0.0013688503  -0.0001830862
       -0.0020284268   0.0005075479  -0.0016987161   0.0008082007  -0.0084762705
        0.0064489040   0.0791109641   0.0069742561  -0.0103516177   0.0005325205
       -0.0000022567   0.0002476124  -0.0012436722   0.0007888559   0.0028221760
       -0.0037643463  -0.0036969468  -0.0014504192   0.0000485488   0.0001975966
       -0.0003780114   0.0001479388  -0.0000881541   0.0000748791
       -0.0055868566  -0.1788417417   0.0966777217   0.0022020631  -0.0072999096
        0.0171881298  -0.0021704467  -0.0025679531   0.0061553440   0.0001900598
        0.0002460626   0.0003510178   0.0013098924  -0.0015318309   0.0003885884
        0.0005656638   0.0004074001  -0.0000101923  -0.0008960625   0.0300721791
       -0.0222744416   0.0069742561   0.1616441295  -0.0961057708   0.0000236294
        0.0002762279   0.0001311249   0.0009895373   0.0002301926  -0.0014230167
       -0.0037049380  -0.0030689893  -0.0010261771   0.0001913560   0.0005427463
       -0.0002934182  -0.0000881541  -0.0001085136   0.0002410901
        0.0107473055   0.0838397430  -0.2254892239   0.0017874036  -0.0057803802
        0.0134636659  -0.0008567771  -0.0008652736   0.0027886379  -0.0000603572
        0.0003603615   0.0000773670  -0.0003256305   0.0000527346   0.0004149800
       -0.0015582072   0.0003208657  -0.0007390210  -0.0005805194   0.0206653911
       -0.0152960218  -0.0103516177  -0.0961057708   0.2289675386   0.0002286753
        0.0001231798  -0.0005918842   0.0026753668  -0.0014846104  -0.0030097967
       -0.0014235179  -0.0010529807  -0.0004488759  -0.0003570033  -0.0003143501
       -0.0001078992   0.0000748791   0.0002410901  -0.0000294666
       -0.0032286536  -0.0065299711   0.0037860771   0.0011566479  -0.0009341916
       -0.0020383120  -0.0026915076   0.0008168682   0.0021057982  -0.0009416376
        0.0010439063   0.0005973820  -0.0000039752   0.0000704706   0.0001271691
       -0.0003618190   0.0000053357   0.0003937056  -0.0626028653  -0.0311652651
        0.0930055478   0.0005325205   0.0000236294   0.0002286753   0.0523465885
        0.0202041006  -0.0692266312   0.0157477997   0.0165570636  -0.0293656811
       -0.0002064773   0.0000885581   0.0002519845  -0.0008607575   0.0005215419
        0.0003179370   0.0011141366  -0.0007020465  -0.0001836522
        0.0023300232   0.0261752320  -0.0184334544  -0.0010870447  -0.0009344039
       -0.0046712959   0.0009645469  -0.0008523299  -0.0008841672   0.0010439063
       -0.0003741924  -0.0004566910   0.0000704706   0.0000584601  -0.0000827539
        0.0000053357   0.0002840517  -0.0000032523  -0.0179447893  -0.2154386558
        0.1993547200  -0.0000022567   0.0002762279   0.0001231798   0.0202041006
        0.2013463666  -0.1847739283  -0.0054923460  -0.0057488762   0.0103059794
        0.0000885581  -0.0002064106   0.0002520794   0.0005215419   0.0004107743
        0.0008888611  -0.0007020465  -0.0049962439  -0.0016192769
        0.0009775064   0.0168547984  -0.0120301738  -0.0019264918  -0.0046243817
       -0.0065419488   0.0019977632  -0.0009294932  -0.0022419693   0.0005973820
       -0.0004566910   0.0001625166   0.0001271691  -0.0000827539  -0.0000450171
        0.0003937056  -0.0000032523   0.0000441196   0.0671228389   0.1750780358
       -0.3121316877   0.0002476124   0.0001311249  -0.0005918842  -0.0692266312
       -0.1847739283   0.3313446417  -0.0006971239  -0.0007151223   0.0013444198
        0.0002519845   0.0002520794   0.0004222683   0.0003179370   0.0008888611
       -0.0005054497  -0.0001836522  -0.0016192769   0.0007701645
        0.0010966442  -0.0011880008   0.0012056721   0.0015674157   0.0005976109
        0.0004287476   0.0002751077  -0.0003840866  -0.0002212785  -0.0000538717
        0.0001546840  -0.0000122636  -0.0000302455   0.0000836782   0.0000518757
       -0.0002627168   0.0001407094   0.0000714746  -0.3715439737   0.1891455195
       -0.0685783478  -0.0012436722   0.0009895373   0.0026753668   0.0157477997
       -0.0054923460  -0.0006971239   0.3551297562  -0.1843354785   0.0649598685
       -0.0003805459   0.0001179654   0.0001250728  -0.0005815859   0.0000538576
        0.0000059931   0.0002798882   0.0001163497  -0.0000150574
        0.0139657279  -0.0063114771   0.0089035910   0.0007568990  -0.0068479481
       -0.0042646333  -0.0004031247   0.0000583210   0.0000524446   0.0001546840
       -0.0000422159   0.0000118102   0.0000836782  -0.0000043277  -0.0000444603
        0.0001407094   0.0001192251  -0.0000234880   0.1520028125  -0.1143101518
        0.0271599386   0.0007888559   0.0002301926  -0.0014846104   0.0165570636
       -0.0057488762  -0.0007151223  -0.1843354785   0.1321514378  -0.0304729795
        0.0001179654   0.0001393514   0.0005782728   0.0000538576   0.0011190804
        0.0001894340   0.0001163497  -0.0005526115   0.0001098028
        0.0299105384  -0.0104105892   0.0167961441   0.0003122197  -0.0043135225
       -0.0007948424  -0.0002073511   0.0000582878  -0.0003295218  -0.0000122636
        0.0000118102   0.0001058136   0.0000518757  -0.0000444603   0.0000398262
        0.0000714746  -0.0000234880   0.0001535342  -0.0686588657   0.0354344693
       -0.1079135687   0.0028221760  -0.0014230167  -0.0030097967  -0.0293656811
        0.0103059794   0.0013444198   0.0649598685  -0.0304729795   0.0936815151
        0.0001250728   0.0005782728   0.0002070536   0.0000059931   0.0001894340
       -0.0005622102  -0.0000150574   0.0001098028   0.0002816332
        0.0003408351   0.0071484340  -0.0252074263  -0.1953415310  -0.0483283021
       -0.1843139137  -0.0008833740  -0.0001884634  -0.0004832532   0.0000984275
       -0.0000171555   0.0001874221   0.0003174758  -0.0000315877   0.0001264663
        0.0001754070   0.0000976702   0.0001529504   0.0002843212  -0.0003962398
       -0.0009994919  -0.0037643463  -0.0037049380  -0.0014235179  -0.0002064773
        0.0000885581   0.0002519845  -0.0003805459   0.0001179654   0.0001250728
        0.1671043378   0.0379339643   0.1912070050   0.0308698134   0.0090176588
        0.0211707647   0.0013856567  -0.0017375644  -0.0007940629
       -0.0120568452   0.0217239810  -0.0326905349  -0.0569921618  -0.1367030930
        0.0387413146  -0.0001206059   0.0005100318  -0.0003056394  -0.0000171555
       -0.0001229271  -0.0000144394  -0.0000315877  -0.0001761297  -0.0000080602
        0.0000976702  -0.0001067089   0.0000477840  -0.0004693119  -0.0000342939
       -0.0009501014  -0.0036969468  -0.0030689893  -0.0010529807   0.0000885581
       -0.0002064106   0.0002520794   0.0001179654   0.0001393514   0.0005782728
        0.0379339643   0.0939595762  -0.0449024383   0.0368324469   0.0231505011
        0.0397573878  -0.0016859901   0.0009351111   0.0005473556
       -0.0010115187  -0.0027046347   0.0124975488  -0.1718693521   0.0522198548
       -0.3743959540  -0.0007116859  -0.0000780365  -0.0000731299   0.0001874221
       -0.0000144394   0.0000335007   0.0001264663  -0.0000080602  -0.0001458727
        0.0001529504   0.0000477840  -0.0000623933  -0.0007535046  -0.0011951950
       -0.0006294211  -0.0014504192  -0.0010261771  -0.0004488759   0.0002519845
        0.0002520794   0.0004222683   0.0001250728   0.0005782728   0.0002070536
        0.1912070050  -0.0449024383   0.3707733642  -0.0155206991  -0.0036986222
       -0.0096669631  -0.0007337215   0.0005296124   0.0014888743
        0.0132889645  -0.0205679909   0.0246663618  -0.1661618476  -0.1308497408
       -0.0215615981  -0.0035532964  -0.0026484989   0.0008403925   0.0002529823
        0.0002266737   0.0001525588   0.0004047169   0.0002055173  -0.0002747546
        0.0002736343   0.0003492603  -0.0000272328   0.0009980846  -0.0018244537
       -0.0005730786   0.0000485488   0.0001913560  -0.0003570033  -0.0008607575
        0.0005215419   0.0003179370  -0.0005815859   0.0000538576   0.0000059931
        0.0308698134   0.0368324469  -0.0155206991   0.3118765925   0.1715132896
        0.2086090647  -0.1868558499  -0.0540032589  -0.1962779415
       -0.0030871113  -0.0024956157   0.0187557282  -0.1395811969  -0.3227015239
        0.1509237677  -0.0025774499  -0.0001042918   0.0000850865   0.0002266737
       -0.0003980568   0.0000478839   0.0002055173  -0.0002433074  -0.0000797885
        0.0003492603  -0.0000166582  -0.0000181734  -0.0019002478  -0.0041824709
       -0.0010187826   0.0001975966   0.0005427463  -0.0003143501   0.0005215419
        0.0004107743   0.0008888611   0.0000538576   0.0011190804   0.0001894340
        0.0090176588   0.0231505011  -0.0036986222   0.1715132896   0.3606527022
       -0.1750653690  -0.0349393898  -0.0557338796   0.0093043242
        0.0009599333  -0.0099958850   0.0304300284  -0.0097443631   0.1649115918
       -0.2754687341   0.0006012159   0.0003233943   0.0010762372   0.0001525588
        0.0000478839  -0.0004369759  -0.0002747546  -0.0000797885  -0.0001963208
       -0.0000272328  -0.0000181734  -0.0002483147  -0.0003179280  -0.0012730061
        0.0016950769  -0.0003780114  -0.0002934182  -0.0001078992   0.0003179370
        0.0008888611  -0.0005054497   0.0000059931   0.0001894340  -0.0005622102
        0.0211707647   0.0397573878  -0.0096669631   0.2086090647  -0.1750653690
        0.5659894686  -0.2210751776  -0.0193929126  -0.3119979433
       -0.0022528888  -0.0016070273   0.0030911913   0.0155364306   0.0067034054
        0.0131879425  -0.0010945702  -0.0003224528   0.0002503456  -0.0049845293
       -0.0022352506   0.0006294792  -0.0001119375  -0.0000959018   0.0002229514
       -0.0001147865  -0.0002224166   0.0000971571  -0.0010170485   0.0003235260
       -0.0000267931   0.0001479388  -0.0000881541   0.0000748791   0.0011141366
       -0.0007020465  -0.0001836522   0.0002798882   0.0001163497  -0.0000150574
        0.0013856567  -0.0016859901  -0.0007337215  -0.1868558499  -0.0349393898
       -0.2210751776   0.1779675599   0.0347553485   0.2044804555
       -0.0015130232  -0.0085733752   0.0044432200   0.0257248447   0.0126118907
        0.0236059495  -0.0003224528  -0.0008389782   0.0001700720  -0.0022352506
       -0.0000352387   0.0002422036  -0.0000959018   0.0001308980   0.0000774293
       -0.0002224166  -0.0000094694   0.0000768404   0.0003235260   0.0011199409
       -0.0001809443  -0.0000881541  -0.0001085136   0.0002410901  -0.0007020465
       -0.0049962439  -0.0016192769   0.0001163497  -0.0005526115   0.0001098028
       -0.0017375644   0.0009351111   0.0005296124  -0.0540032589  -0.0557338796
       -0.0193929126   0.0347553485   0.0560504693  -0.0083030864
        0.0032011752   0.0044108797  -0.0036928326  -0.0116589360  -0.0050766902
       -0.0099507207   0.0002503456   0.0001700720  -0.0007519606   0.0006294792
        0.0002422036   0.0007566065   0.0002229514   0.0000774293  -0.0000158028
        0.0000971571   0.0000768404   0.0001328715  -0.0000267931  -0.0001809443
       -0.0010499692   0.0000748791   0.0002410901  -0.0000294666  -0.0001836522
       -0.0016192769   0.0007701645  -0.0000150574   0.0001098028   0.0002816332
       -0.0007940629   0.0005473556   0.0014888743  -0.1962779415   0.0093043242
       -0.3119979433   0.2044804555  -0.0083030864   0.3240585458
$hessian (projected)
        0.7658614489  -0.0093213717   0.0023169931  -0.2397506368  -0.0818146875
       -0.0193296380  -0.2760876390   0.0587380756  -0.0530536991   0.0096656423
       -0.0020820700  -0.0016640600   0.0007488584  -0.0002531318   0.0004556321
       -0.0084423526   0.0077740914  -0.0014382856  -0.1742307603   0.0329071793
        0.0279281173  -0.0870094622  -0.0055868566   0.0107473055  -0.0032286536
        0.0023300232   0.0009775064   0.0010966442   0.0139657279   0.0299105384
        0.0003408351  -0.0120568452  -0.0010115187   0.0132889645  -0.0030871113
        0.0009599333  -0.0022528888  -0.0015130232   0.0032011752
       -0.0093213717   0.7898615774   0.0810007348  -0.0931314960  -0.2388438991
        0.0045083922   0.0691662183  -0.1616113002  -0.0031540318   0.0130360071
       -0.0031986186  -0.0025161540   0.0113941673  -0.0028306558   0.0062163378
       -0.0206570287   0.0189982694  -0.0033829713   0.0549368501  -0.2540523765
       -0.1646666199  -0.0026787902  -0.1788417417   0.0838397430  -0.0065299711
        0.0261752320   0.0168547984  -0.0011880008  -0.0063114771  -0.0104105892
        0.0071484340   0.0217239810  -0.0027046347  -0.0205679909  -0.0024956157
       -0.0099958850  -0.0016070273  -0.0085733752   0.0044108797
        0.0023169931   0.0810007348   0.8564257004  -0.0301542119  -0.0027995512
       -0.2000900920  -0.0344198426  -0.0127990952  -0.1430376814  -0.0235428334
        0.0041271250   0.0033959442   0.0232821731  -0.0054018016   0.0124339313
       -0.0018512403   0.0016475597   0.0000140860   0.0490382055  -0.1434312431
       -0.3476533795   0.0077888804   0.0966777217  -0.2254892239   0.0037860771
       -0.0184334544  -0.0120301738   0.0012056721   0.0089035910   0.0167961441
       -0.0252074263  -0.0326905349   0.0124975488   0.0246663618   0.0187557282
        0.0304300284   0.0030911913   0.0044432200  -0.0036928326
       -0.2397506368  -0.0931314960  -0.0301542119   0.5712275810   0.2697988999
        0.2332394247  -0.0096378022  -0.0245280073  -0.0044003434  -0.0027152505
        0.0002777730  -0.0019978819  -0.0056204158   0.0002716606   0.0007443747
       -0.0006389884  -0.0004240990  -0.0002941209   0.0266773873   0.0167118654
       -0.0040377217   0.0037010098   0.0022020631   0.0017874036   0.0011566479
       -0.0010870447  -0.0019264918   0.0015674157   0.0007568990   0.0003122197
       -0.1953415310  -0.0569921618  -0.1718693521  -0.1661618476  -0.1395811969
       -0.0097443631   0.0155364306   0.0257248447  -0.0116589360
       -0.0818146875  -0.2388438991  -0.0027995512   0.2697988999   0.6843246449
       -0.2027415841   0.0098403379   0.0252968579   0.0051054722   0.0002324185
        0.0006922163   0.0001489637   0.0003134983   0.0007708099  -0.0000254328
       -0.0004202426   0.0002232085  -0.0001193992  -0.0151544615  -0.0105888505
        0.0030950594  -0.0099845448  -0.0072999096  -0.0057803802  -0.0009341916
       -0.0009344039  -0.0046243817   0.0005976109  -0.0068479481  -0.0043135225
       -0.0483283021  -0.1367030930   0.0522198548  -0.1308497408  -0.3227015239
        0.1649115918   0.0067034054   0.0126118907  -0.0050766902
       -0.0193296380   0.0045083922  -0.2000900920   0.2332394247  -0.2027415841
        0.8525299640  -0.0007996761  -0.0028882001  -0.0024275342  -0.0021075369
       -0.0001093986  -0.0006920464   0.0008455270   0.0002128957   0.0006009472
       -0.0002847972  -0.0000974314   0.0006433326  -0.0384640885  -0.0204079061
        0.0031239630   0.0211979188   0.0171881298   0.0134636659  -0.0020383120
       -0.0046712959  -0.0065419488   0.0004287476  -0.0042646333  -0.0007948424
       -0.1843139137   0.0387413146  -0.3743959540  -0.0215615981   0.1509237677
       -0.2754687341   0.0131879425   0.0236059495  -0.0099507207
       -0.2760876390   0.0691662183  -0.0344198426  -0.0096378022   0.0098403379
       -0.0007996761   0.6076288002  -0.0122741349   0.0068151432  -0.0712009259
        0.0052886848   0.0013228231  -0.0876333817   0.0414417349   0.0466501275
       -0.1686120666  -0.1086442014  -0.0216623080   0.0028732946  -0.0001891062
        0.0010202221   0.0106173611  -0.0021704467  -0.0008567771  -0.0026915076
        0.0009645469   0.0019977632   0.0002751077  -0.0004031247  -0.0002073511
       -0.0008833740  -0.0001206059  -0.0007116859  -0.0035532964  -0.0025774499
        0.0006012159  -0.0010945702  -0.0003224528   0.0002503456
        0.0587380756  -0.1616113002  -0.0127990952  -0.0245280073   0.0252968579
       -0.0028882001  -0.0122741349   0.6037343733   0.0150964094   0.0054388462
       -0.1331949156   0.1128514690   0.0415474065  -0.1280125468  -0.1019700328
       -0.1072354022  -0.1969475586  -0.0209933729   0.0261384129  -0.0054697098
        0.0120238719   0.0149014367  -0.0025679531  -0.0008652736   0.0008168682
       -0.0008523299  -0.0009294932  -0.0003840866   0.0000583210   0.0000582878
       -0.0001884634   0.0005100318  -0.0000780365  -0.0026484989  -0.0001042918
        0.0003233943  -0.0003224528  -0.0008389782   0.0001700720
       -0.0530536991  -0.0031540318  -0.1430376814  -0.0044003434   0.0051054722
       -0.0024275342   0.0068151432   0.0150964094   0.6081192503   0.0010784415
        0.1118517647  -0.2177079391   0.0462251709  -0.1008863302  -0.2081519938
       -0.0215304701  -0.0211393736  -0.0605212005   0.0468279496  -0.0121470513
        0.0232588051  -0.0244541973   0.0061553440   0.0027886379   0.0021057982
       -0.0008841672  -0.0022419693  -0.0002212785   0.0000524446  -0.0003295218
       -0.0004832532  -0.0003056394  -0.0000731299   0.0008403925   0.0000850865
        0.0010762372   0.0002503456   0.0001700720  -0.0007519606
        0.0096656423   0.0130360071  -0.0235428334  -0.0027152505   0.0002324185
       -0.0021075369  -0.0712009259   0.0054388462   0.0010784415   0.0649136057
       -0.0048870735   0.0003386602   0.0012976097  -0.0067691288   0.0052313470
        0.0049677221  -0.0074583402   0.0174735711  -0.0013707703   0.0010443530
        0.0000341291   0.0000709958   0.0001900598  -0.0000603572  -0.0009416376
        0.0010439063   0.0005973820  -0.0000538717   0.0001546840  -0.0000122636
        0.0000984275  -0.0000171555   0.0001874221   0.0002529823   0.0002266737
        0.0001525588  -0.0049845293  -0.0022352506   0.0006294792
       -0.0020820700  -0.0031986186   0.0041271250   0.0002777730   0.0006922163
       -0.0001093986   0.0052886848  -0.1331949156   0.1118517647  -0.0048870735
        0.1271309805  -0.1186315557  -0.0024643032   0.0169654954  -0.0128188307
        0.0035070811  -0.0057742657   0.0152698729   0.0009986303  -0.0018943240
        0.0001198937   0.0001884196   0.0002460626   0.0003603615   0.0010439063
       -0.0003741924  -0.0004566910   0.0001546840  -0.0000422159   0.0000118102
       -0.0000171555  -0.0001229271  -0.0000144394   0.0002266737  -0.0003980568
        0.0000478839  -0.0022352506  -0.0000352387   0.0002422036
       -0.0016640600  -0.0025161540   0.0033959442  -0.0019978819   0.0001489637
       -0.0006920464   0.0013228231   0.1128514690  -0.2177079391   0.0003386602
       -0.1186315557   0.2134142823  -0.0017441663   0.0119596187  -0.0090390717
        0.0023307853  -0.0038535608   0.0102406210  -0.0000764162  -0.0001405661
       -0.0003106190  -0.0000643229   0.0003510178   0.0000773670   0.0005973820
       -0.0004566910   0.0001625166  -0.0000122636   0.0000118102   0.0001058136
        0.0001874221  -0.0000144394   0.0000335007   0.0001525588   0.0000478839
       -0.0004369759   0.0006294792   0.0002422036   0.0007566065
        0.0007488584   0.0113941673   0.0232821731  -0.0056204158   0.0003134983
        0.0008455270  -0.0876333817   0.0415474065   0.0462251709   0.0012976097
       -0.0024643032  -0.0017441663   0.0798449012  -0.0446455584  -0.0511842295
        0.0117166332  -0.0074896568  -0.0170278845   0.0000613926  -0.0001976225
       -0.0003246680  -0.0009916321   0.0013098924  -0.0003256305  -0.0000039752
        0.0000704706   0.0001271691  -0.0000302455   0.0000836782   0.0000518757
        0.0003174758  -0.0000315877   0.0001264663   0.0004047169   0.0002055173
       -0.0002747546  -0.0001119375  -0.0000959018   0.0002229514
       -0.0002531318  -0.0028306558  -0.0054018016   0.0002716606   0.0007708099
        0.0002128957   0.0414417349  -0.1280125468  -0.1008863302  -0.0067691288
        0.0169654954   0.0119596187  -0.0446455584   0.1200034580   0.1072286969
        0.0085488541  -0.0053351089  -0.0131713498  -0.0001954573   0.0002047857
        0.0001431693   0.0013688503  -0.0015318309   0.0000527346   0.0000704706
        0.0000584601  -0.0000827539   0.0000836782  -0.0000043277  -0.0000444603
       -0.0000315877  -0.0001761297  -0.0000080602   0.0002055173  -0.0002433074
       -0.0000797885  -0.0000959018   0.0001308980   0.0000774293
        0.0004556321   0.0062163378   0.0124339313   0.0007443747  -0.0000254328
        0.0006009472   0.0466501275  -0.1019700328  -0.2081519938   0.0052313470
       -0.0128188307  -0.0090390717  -0.0511842295   0.1072286969   0.2011990617
       -0.0016484405   0.0009628031   0.0029199882  -0.0003194330   0.0001555036
       -0.0000146558  -0.0001830862   0.0003885884   0.0004149800   0.0001271691
       -0.0000827539  -0.0000450171   0.0000518757  -0.0000444603   0.0000398262
        0.0001264663  -0.0000080602  -0.0001458727  -0.0002747546  -0.0000797885
       -0.0001963208   0.0002229514   0.0000774293  -0.0000158028
       -0.0084423526  -0.0206570287  -0.0018512403  -0.0006389884  -0.0004202426
       -0.0002847972  -0.1686120666  -0.1072354022  -0.0215304701   0.0049677221
        0.0035070811   0.0023307853   0.0117166332   0.0085488541  -0.0016484405
        0.1663520014   0.1147780724   0.0230927288  -0.0030242414   0.0005424430
        0.0007615863  -0.0020284268   0.0005656638  -0.0015582072  -0.0003618190
        0.0000053357   0.0003937056  -0.0002627168   0.0001407094   0.0000714746
        0.0001754070   0.0000976702   0.0001529504   0.0002736343   0.0003492603
       -0.0000272328  -0.0001147865  -0.0002224166   0.0000971571
        0.0077740914   0.0189982694   0.0016475597  -0.0004240990   0.0002232085
       -0.0000974314  -0.1086442014  -0.1969475586  -0.0211393736  -0.0074583402
       -0.0057742657  -0.0038535608  -0.0074896568  -0.0053351089   0.0009628031
        0.1147780724   0.1889192078   0.0222588338   0.0005860268  -0.0007615927
       -0.0001794073   0.0005075479   0.0004074001   0.0003208657   0.0000053357
        0.0002840517  -0.0000032523   0.0001407094   0.0001192251  -0.0000234880
        0.0000976702  -0.0001067089   0.0000477840   0.0003492603  -0.0000166582
       -0.0000181734  -0.0002224166  -0.0000094694   0.0000768404
       -0.0014382856  -0.0033829713   0.0000140860  -0.0002941209  -0.0001193992
        0.0006433326  -0.0216623080  -0.0209933729  -0.0605212005   0.0174735711
        0.0152698729   0.0102406210  -0.0170278845  -0.0131713498   0.0029199882
        0.0230927288   0.0222588338   0.0484056979   0.0008669602   0.0000688682
       -0.0009833215  -0.0016987161  -0.0000101923  -0.0007390210   0.0003937056
       -0.0000032523   0.0000441196   0.0000714746  -0.0000234880   0.0001535342
        0.0001529504   0.0000477840  -0.0000623933  -0.0000272328  -0.0000181734
       -0.0002483147   0.0000971571   0.0000768404   0.0001328715
       -0.1742307603   0.0549368501   0.0490382055   0.0266773873  -0.0151544615
       -0.0384640885   0.0028732946   0.0261384129   0.0468279496  -0.0013707703
        0.0009986303  -0.0000764162   0.0000613926  -0.0001954573  -0.0003194330
       -0.0030242414   0.0005860268   0.0008669602   0.5820869786  -0.1984259284
       -0.0546584056   0.0008082007  -0.0008960625  -0.0005805194  -0.0626028653
       -0.0179447893   0.0671228389  -0.3715439737   0.1520028125  -0.0686588657
        0.0002843212  -0.0004693119  -0.0007535046   0.0009980846  -0.0019002478
       -0.0003179280  -0.0010170485   0.0003235260  -0.0000267931
        0.0329071793  -0.2540523765  -0.1434312431   0.0167118654  -0.0105888505
       -0.0204079061  -0.0001891062  -0.0054697098  -0.0121470513   0.0010443530
       -0.0018943240  -0.0001405661  -0.0001976225   0.0002047857   0.0001555036
        0.0005424430  -0.0007615927   0.0000688682  -0.1984259284   0.5753355204
       -0.0526263559  -0.0084762705   0.0300721791   0.0206653911  -0.0311652651
       -0.2154386558   0.1750780358   0.1891455195  -0.1143101518   0.0354344693
       -0.0003962398  -0.0000342939  -0.0011951950  -0.0018244537  -0.0041824709
       -0.0012730061   0.0003235260   0.0011199409  -0.0001809443
        0.0279281173  -0.1646666199  -0.3476533795  -0.0040377217   0.0030950594
        0.0031239630   0.0010202221   0.0120238719   0.0232588051   0.0000341291
        0.0001198937  -0.0003106190  -0.0003246680   0.0001431693  -0.0000146558
        0.0007615863  -0.0001794073  -0.0009833215  -0.0546584056  -0.0526263559
        0.7579047994   0.0064489040  -0.0222744416  -0.0152960218   0.0930055478
        0.1993547200  -0.3121316877  -0.0685783478   0.0271599386  -0.1079135687
       -0.0009994919  -0.0009501014  -0.0006294211  -0.0005730786  -0.0010187826
        0.0016950769  -0.0000267931  -0.0001809443  -0.0010499692
       -0.0870094622  -0.0026787902   0.0077888804   0.0037010098  -0.0099845448
        0.0211979188   0.0106173611   0.0149014367  -0.0244541973   0.0000709958
        0.0001884196  -0.0000643229  -0.0009916321   0.0013688503  -0.0001830862
       -0.0020284268   0.0005075479  -0.0016987161   0.0008082007  -0.0084762705
        0.0064489040   0.0791109641   0.0069742561  -0.0103516177   0.0005325205
       -0.0000022567   0.0002476124  -0.0012436722   0.0007888559   0.0028221760
       -0.0037643463  -0.0036969468  -0.0014504192   0.0000485488   0.0001975966
       -0.0003780114   0.0001479388  -0.0000881541   0.0000748791
       -0.0055868566  -0.1788417417   0.0966777217   0.0022020631  -0.0072999096
        0.0171881298  -0.0021704467  -0.0025679531   0.0061553440   0.0001900598
        0.0002460626   0.0003510178   0.0013098924  -0.0015318309   0.0003885884
        0.0005656638   0.0004074001  -0.0000101923  -0.0008960625   0.0300721791
       -0.0222744416   0.0069742561   0.1616441295  -0.0961057708   0.0000236294
        0.0002762279   0.0001311249   0.0009895373   0.0002301926  -0.0014230167
       -0.0037049380  -0.0030689893  -0.0010261771   0.0001913560   0.0005427463
       -0.0002934182  -0.0000881541  -0.0001085136   0.0002410901
        0.0107473055   0.0838397430  -0.2254892239   0.0017874036  -0.0057803802
        0.0134636659  -0.0008567771  -0.0008652736   0.0027886379  -0.0000603572
        0.0003603615   0.0000773670  -0.0003256305   0.0000527346   0.0004149800
       -0.0015582072   0.0003208657  -0.0007390210  -0.0005805194   0.0206653911
       -0.0152960218  -0.0103516177  -0.0961057708   0.2289675386   0.0002286753
        0.0001231798  -0.0005918842   0.0026753668  -0.0014846104  -0.0030097967
       -0.0014235179  -0.0010529807  -0.0004488759  -0.0003570033  -0.0003143501
       -0.0001078992   0.0000748791   0.0002410901  -0.0000294666
       -0.0032286536  -0.0065299711   0.0037860771   0.0011566479  -0.0009341916
       -0.0020383120  -0.0026915076   0.0008168682   0.0021057982  -0.0009416376
        0.0010439063   0.0005973820  -0.0000039752   0.0000704706   0.0001271691
       -0.0003618190   0.0000053357   0.0003937056  -0.0626028653  -0.0311652651
        0.0930055478   0.0005325205   0.0000236294   0.0002286753   0.0523465885
        0.0202041006  -0.0692266312   0.0157477997   0.0165570636  -0.0293656811
       -0.0002064773   0.0000885581   0.0002519845  -0.0008607575   0.0005215419
        0.0003179370   0.0011141366  -0.0007020465  -0.0001836522
        0.0023300232   0.0261752320  -0.0184334544  -0.0010870447  -0.0009344039
       -0.0046712959   0.0009645469  -0.0008523299  -0.0008841672   0.0010439063
       -0.0003741924  -0.0004566910   0.0000704706   0.0000584601  -0.0000827539
        0.0000053357   0.0002840517  -0.0000032523  -0.0179447893  -0.2154386558
        0.1993547200  -0.0000022567   0.0002762279   0.0001231798   0.0202041006
        0.2013463666  -0.1847739283  -0.0054923460  -0.0057488762   0.0103059794
        0.0000885581  -0.0002064106   0.0002520794   0.0005215419   0.0004107743
        0.0008888611  -0.0007020465  -0.0049962439  -0.0016192769
        0.0009775064   0.0168547984  -0.0120301738  -0.0019264918  -0.0046243817
       -0.0065419488   0.0019977632  -0.0009294932  -0.0022419693   0.0005973820
       -0.0004566910   0.0001625166   0.0001271691  -0.0000827539  -0.0000450171
        0.0003937056  -0.0000032523   0.0000441196   0.0671228389   0.1750780358
       -0.3121316877   0.0002476124   0.0001311249  -0.0005918842  -0.0692266312
       -0.1847739283   0.3313446417  -0.0006971239  -0.0007151223   0.0013444198
        0.0002519845   0.0002520794   0.0004222683   0.0003179370   0.0008888611
       -0.0005054497  -0.0001836522  -0.0016192769   0.0007701645
        0.0010966442  -0.0011880008   0.0012056721   0.0015674157   0.0005976109
        0.0004287476   0.0002751077  -0.0003840866  -0.0002212785  -0.0000538717
        0.0001546840  -0.0000122636  -0.0000302455   0.0000836782   0.0000518757
       -0.0002627168   0.0001407094   0.0000714746  -0.3715439737   0.1891455195
       -0.0685783478  -0.0012436722   0.0009895373   0.0026753668   0.0157477997
       -0.0054923460  -0.0006971239   0.3551297562  -0.1843354785   0.0649598685
       -0.0003805459   0.0001179654   0.0001250728  -0.0005815859   0.0000538576
        0.0000059931   0.0002798882   0.0001163497  -0.0000150574
        0.0139657279  -0.0063114771   0.0089035910   0.0007568990  -0.0068479481
       -0.0042646333  -0.0004031247   0.0000583210   0.0000524446   0.0001546840
       -0.0000422159   0.0000118102   0.0000836782  -0.0000043277  -0.0000444603
        0.0001407094   0.0001192251  -0.0000234880   0.1520028125  -0.1143101518
        0.0271599386   0.0007888559   0.0002301926  -0.0014846104   0.0165570636
       -0.0057488762  -0.0007151223  -0.1843354785   0.1321514378  -0.0304729795
        0.0001179654   0.0001393514   0.0005782728   0.0000538576   0.0011190804
        0.0001894340   0.0001163497  -0.0005526115   0.0001098028
        0.0299105384  -0.0104105892   0.0167961441   0.0003122197  -0.0043135225
       -0.0007948424  -0.0002073511   0.0000582878  -0.0003295218  -0.0000122636
        0.0000118102   0.0001058136   0.0000518757  -0.0000444603   0.0000398262
        0.0000714746  -0.0000234880   0.0001535342  -0.0686588657   0.0354344693
       -0.1079135687   0.0028221760  -0.0014230167  -0.0030097967  -0.0293656811
        0.0103059794   0.0013444198   0.0649598685  -0.0304729795   0.0936815151
        0.0001250728   0.0005782728   0.0002070536   0.0000059931   0.0001894340
       -0.0005622102  -0.0000150574   0.0001098028   0.0002816332
        0.0003408351   0.0071484340  -0.0252074263  -0.1953415310  -0.0483283021
       -0.1843139137  -0.0008833740  -0.0001884634  -0.0004832532   0.0000984275
       -0.0000171555   0.0001874221   0.0003174758  -0.0000315877   0.0001264663
        0.0001754070   0.0000976702   0.0001529504   0.0002843212  -0.0003962398
       -0.0009994919  -0.0037643463  -0.0037049380  -0.0014235179  -0.0002064773
        0.0000885581   0.0002519845  -0.0003805459   0.0001179654   0.0001250728
        0.1671043378   0.0379339643   0.1912070050   0.0308698134   0.0090176588
        0.0211707647   0.0013856567  -0.0017375644  -0.0007940629
       -0.0120568452   0.0217239810  -0.0326905349  -0.0569921618  -0.1367030930
        0.0387413146  -0.0001206059   0.0005100318  -0.0003056394  -0.0000171555
       -0.0001229271  -0.0000144394  -0.0000315877  -0.0001761297  -0.0000080602
        0.0000976702  -0.0001067089   0.0000477840  -0.0004693119  -0.0000342939
       -0.0009501014  -0.0036969468  -0.0030689893  -0.0010529807   0.0000885581
       -0.0002064106   0.0002520794   0.0001179654   0.0001393514   0.0005782728
        0.0379339643   0.0939595762  -0.0449024383   0.0368324469   0.0231505011
        0.0397573878  -0.0016859901   0.0009351111   0.0005473556
       -0.0010115187  -0.0027046347   0.0124975488  -0.1718693521   0.0522198548
       -0.3743959540  -0.0007116859  -0.0000780365  -0.0000731299   0.0001874221
       -0.0000144394   0.0000335007   0.0001264663  -0.0000080602  -0.0001458727
        0.0001529504   0.0000477840  -0.0000623933  -0.0007535046  -0.0011951950
       -0.0006294211  -0.0014504192  -0.0010261771  -0.0004488759   0.0002519845
        0.0002520794   0.0004222683   0.0001250728   0.0005782728   0.0002070536
        0.1912070050  -0.0449024383   0.3707733642  -0.0155206991  -0.0036986222
       -0.0096669631  -0.0007337215   0.0005296124   0.0014888743
        0.0132889645  -0.0205679909   0.0246663618  -0.1661618476  -0.1308497408
       -0.0215615981  -0.0035532964  -0.0026484989   0.0008403925   0.0002529823
        0.0002266737   0.0001525588   0.0004047169   0.0002055173  -0.0002747546
        0.0002736343   0.0003492603  -0.0000272328   0.0009980846  -0.0018244537
       -0.0005730786   0.0000485488   0.0001913560  -0.0003570033  -0.0008607575
        0.0005215419   0.0003179370  -0.0005815859   0.0000538576   0.0000059931
        0.0308698134   0.0368324469  -0.0155206991   0.3118765925   0.1715132896
        0.2086090647  -0.1868558499  -0.0540032589  -0.1962779415
       -0.0030871113  -0.0024956157   0.0187557282  -0.1395811969  -0.3227015239
        0.1509237677  -0.0025774499  -0.0001042918   0.0000850865   0.0002266737
       -0.0003980568   0.0000478839   0.0002055173  -0.0002433074  -0.0000797885
        0.0003492603  -0.0000166582  -0.0000181734  -0.0019002478  -0.0041824709
       -0.0010187826   0.0001975966   0.0005427463  -0.0003143501   0.0005215419
        0.0004107743   0.0008888611   0.0000538576   0.0011190804   0.0001894340
        0.0090176588   0.0231505011  -0.0036986222   0.1715132896   0.3606527022
       -0.1750653690  -0.0349393898  -0.0557338796   0.0093043242
        0.0009599333  -0.0099958850   0.0304300284  -0.0097443631   0.1649115918
       -0.2754687341   0.0006012159   0.0003233943   0.0010762372   0.0001525588
        0.0000478839  -0.0004369759  -0.0002747546  -0.0000797885  -0.0001963208
       -0.0000272328  -0.0000181734  -0.0002483147  -0.0003179280  -0.0012730061
        0.0016950769  -0.0003780114  -0.0002934182  -0.0001078992   0.0003179370
        0.0008888611  -0.0005054497   0.0000059931   0.0001894340  -0.0005622102
        0.0211707647   0.0397573878  -0.0096669631   0.2086090647  -0.1750653690
        0.5659894686  -0.2210751776  -0.0193929126  -0.3119979433
       -0.0022528888  -0.0016070273   0.0030911913   0.0155364306   0.0067034054
        0.0131879425  -0.0010945702  -0.0003224528   0.0002503456  -0.0049845293
       -0.0022352506   0.0006294792  -0.0001119375  -0.0000959018   0.0002229514
       -0.0001147865  -0.0002224166   0.0000971571  -0.0010170485   0.0003235260
       -0.0000267931   0.0001479388  -0.0000881541   0.0000748791   0.0011141366
       -0.0007020465  -0.0001836522   0.0002798882   0.0001163497  -0.0000150574
        0.0013856567  -0.0016859901  -0.0007337215  -0.1868558499  -0.0349393898
       -0.2210751776   0.1779675599   0.0347553485   0.2044804555
       -0.0015130232  -0.0085733752   0.0044432200   0.0257248447   0.0126118907
        0.0236059495  -0.0003224528  -0.0008389782   0.0001700720  -0.0022352506
       -0.0000352387   0.0002422036  -0.0000959018   0.0001308980   0.0000774293
       -0.0002224166  -0.0000094694   0.0000768404   0.0003235260   0.0011199409
       -0.0001809443  -0.0000881541  -0.0001085136   0.0002410901  -0.0007020465
       -0.0049962439  -0.0016192769   0.0001163497  -0.0005526115   0.0001098028
       -0.0017375644   0.0009351111   0.0005296124  -0.0540032589  -0.0557338796
       -0.0193929126   0.0347553485   0.0560504693  -0.0083030864
        0.0032011752   0.0044108797  -0.0036928326  -0.0116589360  -0.0050766902
       -0.0099507207   0.0002503456   0.0001700720  -0.0007519606   0.0006294792
        0.0002422036   0.0007566065   0.0002229514   0.0000774293  -0.0000158028
        0.0000971571   0.0000768404   0.0001328715  -0.0000267931  -0.0001809443
       -0.0010499692   0.0000748791   0.0002410901  -0.0000294666  -0.0001836522
       -0.0016192769   0.0007701645  -0.0000150574   0.0001098028   0.0002816332
       -0.0007940629   0.0005473556   0.0014888743  -0.1962779415   0.0093043242
       -0.3119979433   0.2044804555  -0.0083030864   0.3240585458
$end
