$ufftopology
nxtnei12
    1     3
          2     4    11
    2     3
          1     3     7
    3     3
          2     6    12
    4     3
          1     5    10
    5     3
          4     6    13
    6     3
          3     5     9
    7     2
          2     8
    8     1
          7
    9     1
          6
   10     1
          4
   11     1
          1
   12     1
          3
   13     4
          5    14    15    16
   14     4
         13    17    21    22
   15     1
         13
   16     1
         13
   17     3
         14    18    19
   18     1
         17
   19     2
         17    20
   20     1
         19
   21     3
         14    23    24
   22     1
         14
   23     1
         21
   24     1
         21
nxtnei13
    1     4
          3     7     5    10
    2     5
          4    11     6    12     8
    3     4
          1     7     5     9
    4     4
          2    11     6    13
    5     7
          1    10     3     9    14    15    16
    6     4
          2    12     4    13
    7     2
          1     3
    8     1
          2
    9     2
          3     5
   10     2
          1     5
   11     2
          2     4
   12     2
          2     6
   13     5
          4     6    17    21    22
   14     7
          5    15    16    18    19    23    24
   15     3
          5    14    16
   16     3
          5    14    15
   17     4
         13    21    22    20
   18     2
         14    19
   19     2
         14    18
   20     1
         17
   21     3
         13    17    22
   22     3
         13    17    21
   23     2
         14    24
   24     2
         14    23
nxtnei14
    1     4
          6    12     8    13
    2     3
          5    10     9
    3     4
          4    11     8    13
    4     6
          3     7     9    14    15    16
    5     6
          2    11    12    17    21    22
    6     6
          1     7    10    14    15    16
    7     4
          4    11     6    12
    8     2
          1     3
    9     4
          2    12     4    13
   10     4
          2    11     6    13
   11     4
          3     7     5    10
   12     4
          1     7     5     9
   13     8
          1    10     3     9    18    19    23    24
   14     3
          4     6    20
   15     5
          4     6    17    21    22
   16     5
          4     6    17    21    22
   17     5
          5    15    16    23    24
   18     4
         13    21    22    20
   19     3
         13    21    22
   20     2
         14    18
   21     5
          5    15    16    18    19
   22     7
          5    15    16    18    19    23    24
   23     3
         13    17    22
   24     3
         13    17    22
connectivity (= bond)
                    24
     1     2   2.569212   2.000000
     1     4   2.565631   2.000000
     1    11   2.048105   1.000000
     2     3   2.555436   2.000000
     2     7   2.643305   1.000000
     3     6   2.564392   2.000000
     3    12   2.050614   1.000000
     4     5   2.572361   2.000000
     4    10   2.053805   1.000000
     5     6   2.574154   2.000000
     5    13   2.867235   1.000000
     6     9   2.055424   1.000000
     7     8   1.915317   1.000000
    13    14   2.915551   1.000000
    13    15   2.104507   1.000000
    13    16   2.100136   1.000000
    14    17   2.886714   1.000000
    14    21   2.792003   1.000000
    14    22   2.105843   1.000000
    17    18   2.629919   1.000000
    17    19   2.628222   1.000000
    19    20   1.912986   1.000000
    21    23   1.978309   1.000000
    21    24   1.983910   1.000000
angle
                    38
     1     2     3     2     119.59       1.00       4.00
     1     2     7     2     121.63       1.00       5.00
     1     4     5     2     120.31       2.00       8.00
     1     4    10     2     119.68       2.00       9.00
     2     1     4     2     120.20       1.00       2.00
     2     1    11     2     119.92       1.00       3.00
     2     3     6     2     120.45       4.00       6.00
     2     3    12     2     119.12       4.00       7.00
     2     7     8     9     114.43       5.00      13.00
     3     2     7     2     118.78       4.00       5.00
     3     6     5     2     120.25       6.00      10.00
     3     6     9     2     119.26       6.00      12.00
     4     1    11     2     119.88       2.00       3.00
     4     5     6     2     119.21       8.00      10.00
     4     5    13     2     120.36       8.00      11.00
     5     4    10     2     120.01       8.00       9.00
     5     6     9     2     120.49      10.00      12.00
     5    13    14     9     112.59      11.00      14.00
     5    13    15     9     110.12      11.00      15.00
     5    13    16     9     109.49      11.00      16.00
     6     3    12     2     120.43       6.00       7.00
     6     5    13     2     120.41      10.00      11.00
    13    14    17     9     111.50      14.00      17.00
    13    14    21     9     108.93      14.00      18.00
    13    14    22     9     108.32      14.00      19.00
    14    13    15     9     108.89      14.00      15.00
    14    13    16     9     109.48      14.00      16.00
    14    17    18     2     121.48      17.00      20.00
    14    17    19     2     119.54      17.00      21.00
    14    21    23     9     108.98      18.00      23.00
    14    21    24     9     109.59      18.00      24.00
    15    13    16     9     106.06      15.00      16.00
    17    14    21     9     113.75      17.00      18.00
    17    14    22     9     104.62      17.00      19.00
    17    19    20     9     108.63      21.00      22.00
    18    17    19     2     118.88      20.00      21.00
    21    14    22     9     109.53      18.00      19.00
    23    21    24     9     105.89      23.00      24.00
torsion
                    55
     4     1     2     3     1     3 359.63474045 120.19873418 119.58694054
     4     1     2     7     1     3 179.67419025 120.19873418 121.63298243
    11     1     2     3     1     3 179.28537228 119.91707264 119.58694054
    11     1     2     7     1     3 359.32482209 119.91707264 121.63298243
     2     1     4     5     2     3 359.97067850 120.19873418 120.30601163
     2     1     4    10     2     3 178.92243316 120.19873418 119.68067209
    11     1     4     5     2     3 180.31992817 119.88327289 120.30601163
    11     1     4    10     2     3 359.27168284 119.88327289 119.68067209
     1     2     3     6     4     3   0.18832313 119.58694054 120.44560761
     1     2     3    12     4     3 180.64159626 119.58694054 119.11861913
     7     2     3     6     4     3 180.15000077 118.78006555 120.44560761
     7     2     3    12     4     3   0.60327391 118.78006555 119.11861913
     1     2     7     8     5     3   1.61998673 121.63298243 114.43382987
     3     2     7     8     5     3 181.65912746 118.78006555 114.43382987
     2     3     6     5     6     3   0.38395287 120.44560761 120.24665263
     2     3     6     9     6     3 181.06557149 120.44560761 119.25993617
    12     3     6     5     6     3 179.92468508 120.43420710 120.24665263
    12     3     6     9     6     3   0.60630370 120.43420710 119.25993617
     1     4     5     6     8     3   0.59506141 120.30601163 119.21155577
     1     4     5    13     8     3 179.26275034 120.30601163 120.36243153
    10     4     5     6     8     3 181.64671693 120.00501064 119.21155577
    10     4     5    13     8     3   0.31440586 120.00501064 120.36243153
     4     5     6     3    10     3 359.22821571 119.21155577 120.24665263
     4     5     6     9    10     3 178.53813906 119.21155577 120.48986523
    13     5     6     3    10     3 180.56120960 120.41248518 120.24665263
    13     5     6     9    10     3 359.87113294 120.41248518 120.48986523
     4     5    13    14    11    22 282.69385376 120.36243153 112.59220412
     4     5    13    15    11    22 160.97131883 120.36243153 110.11547179
     4     5    13    16    11    22  44.72681005 120.36243153 109.49004291
     6     5    13    14    11    22 101.34544163 120.41248518 112.59220412
     6     5    13    15    11    22 339.62290670 120.41248518 110.11547179
     6     5    13    16    11    22 223.37839792 120.41248518 109.49004291
     5    13    14    17    14     1 302.76951818 112.59220412 111.49594953
     5    13    14    21    14     1  69.11893650 112.59220412 108.93209295
     5    13    14    22    14     1 188.18101013 112.59220412 108.31778793
    15    13    14    17    14     1  65.18573153 108.88828232 111.49594953
    15    13    14    21    14     1 191.53514985 108.88828232 108.93209295
    15    13    14    22    14     1 310.59722348 108.88828232 108.31778793
    16    13    14    17    14     1 180.73058020 109.47946408 111.49594953
    16    13    14    21    14     1 307.07999853 109.47946408 108.93209295
    16    13    14    22    14     1  66.14207216 109.47946408 108.31778793
    13    14    17    18    17    22 133.49150793 111.49594953 121.47906645
    13    14    17    19    17    22 309.69618042 111.49594953 119.53909313
    21    14    17    18    17    22   9.83155615 113.75079037 121.47906645
    21    14    17    19    17    22 186.03622865 113.75079037 119.53909313
    22    14    17    18    17    22 250.35061732 104.61792503 121.47906645
    22    14    17    19    17    22  66.55528981 104.61792503 119.53909313
    13    14    21    23    18     1  75.83484923 108.93209295 108.98006823
    13    14    21    24    18     1 191.27951988 108.93209295 109.59052959
    17    14    21    23    18     1 200.87623242 113.75079037 108.98006823
    17    14    21    24    18     1 316.32090308 113.75079037 109.59052959
    22    14    21    23    18     1 317.52951454 109.52553223 108.98006823
    22    14    21    24    18     1  72.97418519 109.52553223 109.59052959
    14    17    19    20    21     3 181.42346889 119.53909313 108.63171025
    18    17    19    20    21     3 357.72728081 118.87531329 108.63171025
inversion
                     8
     1     2     4    11    11    11    11    0.303    0.302    0.302
     2     1     3     7    10    11    11   -0.034   -0.034   -0.033
     3     2     6    12    11    11    11   -0.396   -0.391   -0.396
     4     1     5    10    11    11    11    0.911    0.905    0.908
     5     4     6    13    11    11    11    1.150    1.163    1.163
     6     3     5     9    11    11    11   -0.595   -0.589   -0.596
    17    14    18    19    10    10    11    3.301    3.236    3.215
    21    14    23    24     9     9     9   58.291   58.639   56.764
nonbond
                   214
    1     6    5.123
    1     8    4.804
    1     9    7.178
    1    12    6.281
    1    13    7.089
    1    14    8.430
    1    15    8.529
    1    16    7.612
    1    17    9.007
    1    18    9.579
    1    19   10.195
    1    20   11.059
    1    21    8.077
    1    22   10.429
    1    23    9.107
    1    24    9.401
    2     5    5.156
    2     9    6.295
    2    10    6.309
    2    13    8.023
    2    14    9.515
    2    15    8.971
    2    16    8.955
    2    17    9.475
    2    18   10.082
    2    19   10.077
    2    20   10.675
    2    21    9.758
    2    22   11.499
    2    23   11.012
    2    24   10.990
    3     4    5.121
    3     8    6.135
    3    10    7.175
    3    11    6.287
    3    13    7.089
    3    14    8.722
    3    15    7.501
    3    16    8.398
    3    17    8.332
    3    18    9.331
    3    19    8.331
    3    20    8.906
    3    21    9.687
    3    22   10.537
    3    23   11.039
    3    24   10.942
    4     7    6.891
    4     8    7.358
    4     9    6.314
    4    12    7.172
    4    14    6.124
    4    15    6.407
    4    16    5.128
    4    17    7.245
    4    18    8.230
    4    19    8.630
    4    20    9.815
    4    21    5.864
    4    22    8.033
    4    23    6.760
    4    24    7.447
    5     7    7.799
    5     8    8.792
    5    11    6.311
    5    12    6.320
    5    17    5.681
    5    18    7.309
    5    19    6.512
    5    20    7.861
    5    21    5.765
    5    22    6.586
    5    23    6.818
    5    24    7.394
    6     7    6.840
    6     8    8.290
    6    10    6.307
    6    11    7.171
    6    14    6.520
    6    15    4.956
    6    16    6.242
    6    17    6.381
    6    18    7.935
    6    19    6.312
    6    20    7.293
    6    21    7.939
    6    22    8.173
    6    23    9.204
    6    24    9.319
    7     9    8.468
    7    10    8.549
    7    11    5.000
    7    12    4.854
    7    13   10.666
    7    14   12.076
    7    15   11.552
    7    16   11.556
    7    17   11.824
    7    18   12.128
    7    19   12.331
    7    20   12.681
    7    21   12.170
    7    22   14.089
    7    23   13.448
    7    24   13.262
    8     9   10.074
    8    10    8.677
    8    11    4.420
    8    12    6.746
    8    13   11.621
    8    14   12.914
    8    15   12.744
    8    16   12.298
    8    17   12.862
    8    18   12.972
    8    19   13.671
    8    20   14.059
    8    21   12.606
    8    22   14.966
    8    23   13.777
    8    24   13.642
    9    10    8.020
    9    11    9.226
    9    12    4.608
    9    13    5.117
    9    14    6.784
    9    15    4.509
    9    16    6.827
    9    17    6.262
    9    18    8.119
    9    19    5.366
    9    20    6.320
    9    21    8.781
    9    22    8.064
    9    23   10.029
    9    24   10.054
   10    11    4.603
   10    12    9.225
   10    13    5.096
   10    14    6.062
   10    15    7.067
   10    16    4.854
   10    17    7.762
   10    18    8.620
   10    19    9.548
   10    20   10.847
   10    21    5.014
   10    22    7.788
   10    23    5.464
   10    24    6.644
   11    12    7.968
   11    13    8.722
   11    14    9.850
   11    15   10.329
   11    16    8.957
   11    17   10.572
   11    18   10.847
   11    19   12.003
   11    20   12.821
   11    21    8.981
   11    22   11.836
   11    23    9.838
   11    24   10.171
   12    13    8.737
   12    14   10.312
   12    15    8.793
   12    16   10.156
   12    17    9.538
   12    18   10.463
   12    19    9.067
   12    20    9.344
   12    21   11.506
   12    22   12.023
   12    23   12.929
   12    24   12.655
   13    18    7.011
   13    19    5.678
   13    20    7.443
   13    23    5.270
   13    24    6.372
   14    20    6.359
   15    17    5.325
   15    18    7.864
   15    19    5.207
   15    20    7.050
   15    21    6.443
   15    22    4.574
   15    23    6.994
   15    24    7.976
   16    17    6.604
   16    18    8.673
   16    19    7.654
   16    20    9.465
   16    21    5.004
   16    22    4.797
   16    23    4.836
   16    24    6.918
   17    23    6.392
   17    24    4.967
   18    20    4.537
   18    21    5.409
   18    22    5.934
   18    23    7.253
   18    24    4.750
   19    21    7.180
   19    22    5.281
   19    23    8.626
   19    24    7.547
   20    21    8.466
   20    22    6.930
   20    23   10.074
   20    24    8.509
   22    23    4.370
   22    24    4.751
qpartial
                    24
        -0.05649    0.24451   -0.08562   -0.10281    0.04080   -0.12047
        -0.69212    0.35510    0.13064    0.19938    0.15321    0.13858
        -0.20059   -0.01884    0.14503    0.12457    0.54209   -0.45408
        -0.69682    0.35671   -0.67672    0.15747    0.23334    0.28314
$end
