$ufftopology
nxtnei12
    1     4
          2     3     7     8
    2     3
          1    11    12
    3     4
          1     4     5     6
    4     1
          3
    5     1
          3
    6     1
          3
    7     3
          1     9    10
    8     1
          1
    9     1
          7
   10     1
          7
   11     1
          2
   12     2
          2    13
   13     1
         12
nxtnei13
    1     7
         11    12     4     5     6     9    10
    2     4
          3     7     8    13
    3     3
          2     7     8
    4     3
          1     5     6
    5     3
          1     4     6
    6     3
          1     4     5
    7     3
          2     3     8
    8     3
          2     3     7
    9     2
          1    10
   10     2
          1     9
   11     2
          1    12
   12     2
          1    11
   13     1
          2
nxtnei14
    1     1
         13
    2     5
          4     5     6     9    10
    3     4
         11    12     9    10
    4     3
          2     7     8
    5     3
          2     7     8
    6     3
          2     7     8
    7     5
         11    12     4     5     6
    8     7
         11    12     4     5     6     9    10
    9     3
          2     3     8
   10     3
          2     3     8
   11     4
          3     7     8    13
   12     3
          3     7     8
   13     2
          1    11
connectivity (= bond)
                    12
     1     2   2.894492   1.000000
     1     3   2.896095   1.000000
     1     7   2.781891   1.000000
     1     8   2.113198   1.000000
     2    11   2.624072   1.000000
     2    12   2.632546   1.000000
     3     4   2.102889   1.000000
     3     5   2.099023   1.000000
     3     6   2.101721   1.000000
     7     9   1.983298   1.000000
     7    10   1.982634   1.000000
    12    13   1.907873   1.000000
angle
                    19
     1     2    11     2     119.12       1.00       5.00
     1     2    12     2     121.90       1.00       6.00
     1     3     4     9     110.80       2.00       7.00
     1     3     5     9     110.33       2.00       8.00
     1     3     6     9     110.30       2.00       9.00
     1     7     9     9     109.12       3.00      10.00
     1     7    10     9     109.46       3.00      11.00
     2     1     3     9     111.21       1.00       2.00
     2     1     7     9     112.45       1.00       3.00
     2     1     8     9     105.90       1.00       4.00
     2    12    13     9     110.12       6.00      12.00
     3     1     7     9     107.93       2.00       3.00
     3     1     8     9     109.14       2.00       4.00
     4     3     5     9     108.26       7.00       8.00
     4     3     6     9     108.86       7.00       9.00
     5     3     6     9     108.22       8.00       9.00
     7     1     8     9     110.18       3.00       4.00
     9     7    10     9     105.35      10.00      11.00
    11     2    12     2     118.91       5.00       6.00
torsion
                    23
     3     1     2    11     1    22  95.77937487 111.20856014 119.12481770
     3     1     2    12     1    22 278.89268664 111.20856014 121.89647628
     7     1     2    11     1    22 216.95169842 112.45124064 119.12481770
     7     1     2    12     1    22  40.06501019 112.45124064 121.89647628
     8     1     2    11     1    22 337.33733032 105.90444359 119.12481770
     8     1     2    12     1    22 160.45064209 105.90444359 121.89647628
     2     1     3     4     2     1 305.88481662 111.20856014 110.79667877
     2     1     3     5     2     1 186.00530820 111.20856014 110.32796166
     2     1     3     6     2     1  66.49788826 111.20856014 110.30020524
     7     1     3     4     2     1 182.09870715 107.92812782 110.79667877
     7     1     3     5     2     1  62.21919873 107.92812782 110.32796166
     7     1     3     6     2     1 302.71177879 107.92812782 110.30020524
     8     1     3     4     2     1  62.36064096 109.14011779 110.79667877
     8     1     3     5     2     1 302.48113254 109.14011779 110.32796166
     8     1     3     6     2     1 182.97371260 109.14011779 110.30020524
     2     1     7     9     3     1  59.84152946 112.45124064 109.12441832
     2     1     7    10     3     1 174.65557005 112.45124064 109.45677820
     3     1     7     9     3     1 182.87293440 107.92812782 109.12441832
     3     1     7    10     3     1 297.68697500 107.92812782 109.45677820
     8     1     7     9     3     1 301.95347673 110.17759489 109.12441832
     8     1     7    10     3     1  56.76751733 110.17759489 109.45677820
     1     2    12    13     6     3 355.63577520 121.89647628 110.11715935
    11     2    12    13     6     3 178.74252363 118.90703724 110.11715935
inversion
                     2
     2     1    11    12    10    10    11   -2.643   -2.719   -2.637
     7     1     9    10     9     9     9   58.853   59.046   56.985
nonbond
                    47
    1    13    4.867
    2     4    5.189
    2     5    6.599
    2     6    5.362
    2     9    5.120
    2    10    6.426
    3     9    6.333
    3    10    5.008
    3    11    6.406
    3    12    6.234
    3    13    6.017
    4     7    6.443
    4     8    4.796
    4     9    7.979
    4    10    6.952
    4    11    6.027
    4    12    6.854
    4    13    7.126
    5     7    5.110
    5     8    4.721
    5     9    6.900
    5    10    4.668
    5    11    8.132
    5    12    8.144
    5    13    7.708
    6     7    5.034
    6     8    5.863
    6     9    6.890
    6    10    5.657
    6    11    7.379
    6    12    5.902
    6    13    5.258
    7    11    6.977
    7    12    5.604
    7    13    4.784
    8     9    4.563
    8    10    4.557
    8    11    4.833
    8    12    6.430
    8    13    6.774
    9    11    7.078
    9    12    5.917
    9    13    5.325
   10    11    8.479
   10    12    7.534
   10    13    6.647
   11    13    6.122
qpartial
                    13
        -0.10048    0.61813   -0.38970    0.17456    0.14489    0.19132
        -0.71535    0.17533    0.25500    0.28236   -0.42002   -0.61393
         0.39790
$end
