$grad          cartesian gradients
  cycle =      1    UFF energy =      0.1435595651   |dE/dxyz| =  0.323652
   -0.70868118100335      3.11276881451085      1.50209343974675      c       
    0.05729123016602      5.31189599769994      0.29676970163955      c       
    1.90505908010906      5.23796799161097     -1.56137426881503      c       
    0.39106334344188      0.81135233050800      0.81465558277446      c       
    2.27670173181520      0.68233916533149     -1.05992136196283      c       
    3.02132775216144      2.93689018341198     -2.22613309010666      c       
   -0.95806102125017      7.60240184911373      0.89011047366905      o       
    0.39527174718751      8.72290520944425      1.42075087762113      h       
    4.48001858189153      2.98930646851889     -3.65941720628956      h       
   -0.22799421416531     -0.90322546008446      1.77141897805857      h       
   -2.14492335152192      3.14301911631319      2.96586346057927      h       
    2.48762408743828      6.97441649271500     -2.49006580213834      h       
    3.33902854184680     -1.90359970827362     -1.69408775856058      c       
    1.67451218673593     -3.81616429485692     -3.12871616310681      c       
    4.00866518397528     -2.77013718712219      0.07018538617077      h       
    5.03531450485767     -1.56569743410941     -2.84570037895308      h       
    0.54378553634649     -2.53146726483286     -5.49402106519418      c       
   -1.39424848982436     -3.15227926735521     -6.58047796546731      o       
    2.04864417469314     -0.60712729466486     -6.29737170173508      o       
    0.91802126929733      0.87956830035293     -6.42811572004979      h       
    3.01872999613837     -6.14321234388351     -4.02531706453862      n       
    0.06776158972694     -4.40526072442005     -1.96164202417708      h       
    2.43876779238614     -7.63114853030006     -2.92415169352955      h       
    2.37607740038810     -6.58296635624518     -5.79373091790652      h       
  -.30533736741096D-01  0.97601316713455D-02  0.34399127013872D-01
  -.29520428709057D-01  0.42035962339692D-01  0.25412213071168D-01
  0.47592536579955D-02  0.49129642755740D-01  -.17681311086998D-01
  -.13485442359345D-01  -.28222793437460D-01  0.17911804678739D-01
  0.55372480901640D-01  -.31283670300671D-01  -.32907164331260D-01
  0.20099811075332D-01  -.86001728305648D-02  -.25442981096501D-01
  0.40595261715723D-01  0.10550160309251D-01  -.12909787512872D-01
  -.23425818936266D-01  -.31685737172410D-01  -.76184257675314D-02
  -.18791722990443D-02  0.83525808343234D-02  0.25564226506189D-02
  -.27732114443076D-03  -.10664829995989D-02  0.12071841615325D-02
  0.48144814330302D-03  -.62600193805695D-02  0.16941754489955D-02
  0.74535076269266D-03  0.67226740352611D-03  -.28956110955636D-03
  -.42753987288891D-01  0.65664173787696D-02  -.91667946417398D-02
  0.50965877331182D-01  0.23169645899944D-01  0.60635837023678D-01
  -.26821313670292D-02  0.56152214158294D-02  -.39933324491364D-02
  -.86060850473040D-02  0.57785841220275D-02  0.32571214904896D-02
  -.16252903765561D+00  -.49315349005666D-01  -.12438078235732D+00
  0.13228166696893D+00  0.40313438375739D-01  0.68418738985729D-01
  0.11500479689405D-01  -.16078366222642D-01  0.43163200810075D-01
  0.92243564657178D-02  -.14768277172630D-01  0.15543040419197D-01
  -.20718024625109D-01  -.41755967791944D-01  -.43070105979104D-01
  0.94025546359772D-02  -.56412614609968D-02  -.87714677394226D-02
  0.11996345838176D-02  0.15130707261828D-01  -.11213189136788D-01
  -.21698975853939D-03  0.17603338007139D-01  0.23246037454138D-01
  cycle =      2    UFF energy =      0.1329265208   |dE/dxyz| =  0.287446
   -0.67796942391493      3.11156356410600      1.44614505471617      c       
    0.09990924805949      5.30674761555507      0.26094325301848      c       
    1.96900821253018      5.23734686135696     -1.56474140595296      c       
    0.41604693272944      0.81763890825748      0.76517890402983      c       
    2.30476737375528      0.69353649731781     -1.09056481337120      c       
    3.08050782898705      2.94309766111899     -2.22655459805464      c       
   -0.95452292245135      7.58999448744019      0.84045436131341      o       
    0.36847071375615      8.73706027861004      1.42572595849439      h       
    4.55539521070560      2.98647736586312     -3.64615956025648      h       
   -0.22029580626241     -0.89875063604404      1.70661566997617      h       
   -2.13584222016952      3.14700900537895      2.88842211020760      h       
    2.56349298692751      6.97682599890405     -2.47984458865426      h       
    3.35548913615305     -1.88677793491730     -1.75227922299987      c       
    1.61807896609433     -3.77326493715694     -3.12808746133509      c       
    4.05501535445584     -2.76190067325235      0.00008849665526      h       
    5.03225059159237     -1.57853488079918     -2.94759255015867      h       
    0.57493799281571     -2.56168534499742     -5.57116231079021      c       
   -1.39612023450970     -3.21782045042765     -6.65551663722834      o       
    2.08407982402231     -0.67440628109993     -6.45858598168396      o       
    1.03752846865559      0.92899744706769     -6.12811572004979      h       
    2.88571196012730     -6.20310523646327     -3.84699769357651      n       
   -0.04132583845750     -4.21249818376277     -1.95297207816874      h       
    2.16325870106213     -7.60434113310630     -2.69367923565527      h       
    2.31188441617455     -6.71066394556693     -5.62911623274613      h       
  -.26772907908912D-01  0.85701134796059D-02  0.30218637672862D-01
  -.25772875459803D-01  0.36814681914880D-01  0.22296816328554D-01
  0.42177411911905D-02  0.43118052806802D-01  -.15606353871904D-01
  -.11818698927340D-01  -.24821293462073D-01  0.15699784255551D-01
  0.48310910907941D-01  -.27600271549057D-01  -.29621771115852D-01
  0.17040607278160D-01  -.81859767666043D-02  -.23586243187407D-01
  0.35113592636358D-01  0.89733286055775D-02  -.11554432872625D-01
  -.20218528548146D-01  -.27478117236407D-01  -.64412792187158D-02
  -.17450907232748D-02  0.72397362122304D-02  0.21450563624599D-02
  -.25438116244961D-03  -.99612957199518D-03  0.10453156455153D-02
  0.37587753605204D-03  -.55005825836843D-02  0.15350156408545D-02
  0.66466051332955D-03  0.60817605067638D-03  -.27001782243951D-03
  -.37610261715503D-01  0.62262118406811D-02  -.81024341220410D-02
  0.43976124074832D-01  0.22371566534504D-01  0.53623612641930D-01
  -.23001356255371D-02  0.49131777758355D-02  -.34488856290775D-02
  -.73935821551631D-02  0.50982480484162D-02  0.27208433759697D-02
  -.14377062520249D+00  -.41101486152181D-01  -.10931460061464D+00
  0.11587126332996D+00  0.35983935774550D-01  0.60388579053338D-01
  0.29272076683624D-01  -.37574881553949D-01  0.32224433219195D-01
  -.89602238576910D-02  0.10159499491216D-01  0.20630328856042D-01
  -.14397537503328D-01  -.37505342200357D-01  -.39952658005662D-01
  0.68398073584551D-02  -.50511628132722D-02  -.65237414464253D-02
  -.26799099559804D-03  0.10703285488337D-01  -.74585456072179D-02
  -.39982172467118D-03  0.15035229866268D-01  0.19352540461739D-01
  cycle =      3    UFF energy =      0.1260588348   |dE/dxyz| =  0.268233
   -0.63376971853898      3.15017669862165      1.45234065441149      c       
    0.17691194476739      5.33584371589491      0.27881906106950      c       
    1.99730799416519      5.23499392950637     -1.59107511752133      c       
    0.40940243663795      0.84293159002299      0.74932443939596      c       
    2.27396620149809      0.69620289361211     -1.12279172639947      c       
    3.05817452646529      2.92862142051755     -2.27564254790398      c       
   -0.74920103207782      7.65527412559509      0.96613578720608      o       
    0.66847071375615      8.71188059468296      1.53304835782742      h       
    4.51409103564852      2.94684184695387     -3.71611863320363      h       
   -0.23484266563456     -0.86443365063012      1.70133076332481      h       
   -2.05257634990362      3.21305758943048      2.93314767758371      h       
    2.61830012106903      6.96911045747510     -2.49898722418276      h       
    3.31355982545150     -1.89012139100824     -1.77616460954895      c       
    1.55303612269888     -3.76860610965855     -3.12734150661838      c       
    4.01560384447534     -2.76178230314686     -0.02137012426156      h       
    4.98838850923611     -1.60395294638103     -2.98222604793964      h       
    0.53103459412913     -2.58308603584478     -5.58788072204639      c       
   -1.45485973680907     -3.26243730585413     -6.66945315749023      o       
    2.04772487967939     -0.71939781531174     -6.51973511507506      o       
    1.01474425204794      0.89602773441251     -6.22048524222561      h       
    2.80315713215843     -6.21958716944802     -3.79170307896213      n       
   -0.11572384873982     -4.16579603414525     -1.94737724640256      h       
    2.04995805311542     -7.59727120926740     -2.62586655802564      h       
    2.25689863756524     -6.75194457263526     -5.57832436530392      h       
  -.25019733145799D-01  0.79570057179148D-02  0.28166391732942D-01
  -.23576622475525D-01  0.32727366866500D-01  0.20295859594702D-01
  0.41920011954188D-02  0.40012845898535D-01  -.14875255168451D-01
  -.10994393140471D-01  -.23444733236350D-01  0.14663344110979D-01
  0.45321692124478D-01  -.25920509385493D-01  -.27801405801050D-01
  0.16109461298104D-01  -.78310705749406D-02  -.22223724968662D-01
  0.30089718098634D-01  0.96130533701761D-02  -.10450261008625D-01
  -.17209625469270D-01  -.24488863985916D-01  -.53752591641922D-02
  -.15569688437002D-02  0.67555899268633D-02  0.19340846278813D-02
  -.24924205810810D-03  -.94816609084674D-03  0.99218587163349D-03
  0.14868490180755D-03  -.50405126338186D-02  0.16404830429550D-02
  0.61592759087321D-03  0.65596910202490D-03  -.26302942734436D-03
  -.35218572451988D-01  0.58641319998211D-02  -.75680651794615D-02
  0.41083224858993D-01  0.21094882393589D-01  0.50253055661480D-01
  -.21551184778247D-02  0.45950945730761D-02  -.32279657081840D-02
  -.68905961346923D-02  0.47792291576474D-02  0.25243734882808D-02
  -.13463204826650D+00  -.38507855777090D-01  -.10226387070617D+00
  0.10843873139754D+00  0.33648347706647D-01  0.56529210794280D-01
  0.27573696294785D-01  -.35143410322445D-01  0.30011367694823D-01
  -.84290040654295D-02  0.96562856330515D-02  0.19395653679524D-01
  -.13210277861728D-01  -.35212259483052D-01  -.37460590480296D-01
  0.63023593784642D-02  -.47439990576018D-02  -.60255821199793D-02
  -.32556961585455D-03  0.98871055457170D-02  -.68383388448094D-02
  -.40772513221180D-03  0.14034472655990D-01  0.17967338277744D-01
  cycle =      4    UFF energy =      0.1158726044   |dE/dxyz| =  0.240359
   -0.70799227333173      3.08761791356952      1.43058995256524      c       
    0.07554838204361      5.28098796177525      0.26639508125940      c       
    1.93773402460958      5.21288946199175     -1.55584793683931      c       
    0.38260779161937      0.80243466087653      0.75211432830883      c       
    2.26984191998229      0.68788486666045     -1.08886811587898      c       
    3.04121213493983      2.92791893050335     -2.22307112815285      c       
   -0.97000390087797      7.57393325130771      0.89240082754836      o       
    0.36847071375615      8.70060142013535      1.54332159693303      h       
    4.51919691224704      2.96195766311787     -3.64234417086701      h       
   -0.25193476427632     -0.91553428714971      1.69064935817804      h       
   -2.16779270845751      3.13105292531580      2.87268709599309      h       
    2.53670035229463      6.95623583223448     -2.46017735290986      h       
    3.36497736639014     -1.87471013335565     -1.74346788074009      c       
    1.63769103152474     -3.74782369538392     -3.14369324336517      c       
    4.04486662182990     -2.75919158983167      0.01598435740879      h       
    5.05712184987758     -1.56132285122467     -2.92298157030435      h       
    0.62229606034428     -2.53722388151067     -5.58777545017518      c       
   -1.38189175040290     -3.23071973115641     -6.68536783118532      o       
    2.10933296097458     -0.63839623207245     -6.50965206409425      o       
    1.02946160166267      0.95603599620176     -6.28193773970306      h       
    2.93613176780612     -6.16641237291487     -3.81336636342161      n       
   -0.03932353986593     -4.18272347671640     -1.98283406679392      h       
    2.22099121194431     -7.57023627318809     -2.65032645250525      h       
    2.41451370623055     -6.70271030577665     -5.61082751354880      h       
  -.22430457653027D-01  0.72325667462585D-02  0.25296346161634D-01
  -.20542077538941D-01  0.28418981921045D-01  0.18027512853264D-01
  0.40572943654259D-02  0.35778712622727D-01  -.13514104028546D-01
  -.98781260345222D-02  -.21176881779835D-01  0.13177541239294D-01
  0.40672347649733D-01  -.23311557689999D-01  -.25107069992060D-01
  0.14539918558649D-01  -.71934794093009D-02  -.20127751722420D-01
  0.24481937758933D-01  0.86282612615286D-02  -.96605797909184D-02
  -.13900668629315D-01  -.20617717408093D-01  -.40505848796400D-02
  -.13221087113098D-02  0.60324509059650D-02  0.16743371721797D-02
  -.24769149602646D-03  -.86833632145495D-03  0.92035221819740D-03
  -.73217124274420D-04  -.44405531325821D-02  0.16561415792523D-02
  0.55559963071951D-03  0.64828828009658D-03  -.23996862991102D-03
  -.31545939021600D-01  0.52457301572883D-02  -.68144045081886D-02
  0.36811055227260D-01  0.19069176572019D-01  0.45041155235959D-01
  -.19230098408074D-02  0.41393300766087D-02  -.28365034282022D-02
  -.60976007103182D-02  0.43065184446028D-02  0.21717626879848D-02
  -.12094687076694D+00  -.34694521544598D-01  -.91718007819454D-01
  0.97374282447860D-01  0.30178590705626D-01  0.50746497559576D-01
  0.25368824419279D-01  -.32185418241864D-01  0.26742142582726D-01
  -.80435197617484D-02  0.94651909474972D-02  0.17669255189894D-01
  -.11711881225688D-01  -.31611993301503D-01  -.33761094033667D-01
  0.55339418644988D-02  -.42762870086905D-02  -.53242206484818D-02
  -.36048690973778D-03  0.86640573973040D-02  -.60210637418925D-02
  -.37154649810156D-03  0.12568889799354D-01  0.16052308743421D-01
  cycle =      5    UFF energy =      0.0967308753   |dE/dxyz| =  0.177241
   -0.80679928498565      3.00244027406734      1.40253889896064      c       
   -0.05114641220493      5.20146199329171      0.26067896652544      c       
    1.83686395793593      5.17047928678599     -1.51689010611400      c       
    0.33013315951166      0.74928867172194      0.75131400521052      c       
    2.23470848405977      0.67765346363910     -1.04900472394598      c       
    2.97897648189644      2.91764554003653     -2.16981500696944      c       
   -1.19253276904747      7.46539276607863      0.86432440556104      o       
    0.06847071375615      8.62631936783471      1.65265996902312      h       
    4.47516958366026      2.96251476406520     -3.57236704692731      h       
   -0.28670380887791     -0.98099706007378      1.67692699647436      h       
   -2.30112790343843      3.02892832605252      2.80913830525487      h       
    2.41214462766181      6.92505488291801     -2.41323508455119      h       
    3.42410961135231     -1.84391113205186     -1.69881590742813      c       
    1.74509900845819     -3.70234782484648     -3.17148303377007      c       
    4.06578036835317     -2.75026139556180      0.06960542227724      h       
    5.14627048379728     -1.49525870819409     -2.83482924925610      h       
    0.75083885048453     -2.46612491458666     -5.59675363035887      c       
   -1.29391815844349     -3.21186621884083     -6.72297515127870      o       
    2.18667398090404     -0.52310573438535     -6.53804699480845      o       
    1.02093492181172      1.02974061107629     -6.50617949727760      h       
    3.12463838508382     -6.07140957262147     -3.81179876049941      n       
    0.04988650863796     -4.18040881696095     -2.04182591077443      h       
    2.45799473692290     -7.50715479596423     -2.64881829717732      h       
    2.67329194557515     -6.63152772007502     -5.63274485044018      h       
  -.16443945411107D-01  0.55080006945831D-02  0.18713327716548D-01
  -.14551021684255D-01  0.20506895310558D-01  0.13192396064275D-01
  0.32081024966164D-02  0.26325287417142D-01  -.99937678043275D-02
  -.73457939263592D-02  -.15598207550435D-01  0.97436621325210D-02
  0.29625282866188D-01  -.17073444985396D-01  -.18898808875378D-01
  0.10522550743683D-01  -.56284642824678D-02  -.15222610322163D-01
  0.15296494396888D-01  0.50028536397550D-02  -.84820916714778D-02
  -.82021886575517D-02  -.13256535485083D-01  -.13962837620672D-02
  -.92615026920071D-03  0.43565904877182D-02  0.12013338291267D-02
  -.21801244769532D-03  -.66973234748480D-03  0.71805707031151D-03
  -.21549228843578D-03  -.31911809252116D-02  0.13562483820845D-02
  0.41517901279405D-03  0.54342268115013D-03  -.17838109105546D-03
  -.23009797375394D-01  0.37226175374484D-02  -.52466714484513D-02
  0.26817618870757D-01  0.14510733882297D-01  0.32894125745287D-01
  -.13910658985459D-02  0.30754582233561D-02  -.19091106248719D-02
  -.42989600541139D-02  0.32075907662867D-02  0.13624418020192D-02
  -.88967296853292D-01  -.25497583750723D-01  -.67010370742398D-01
  0.71620630346214D-01  0.21742589825981D-01  0.37280356256365D-01
  0.22143078683528D-01  -.28135705784969D-01  0.19296302233303D-01
  -.89362986496043D-02  0.11800668264905D-01  0.13999957855026D-01
  -.82834537462769D-02  -.23154286809103D-01  -.24505142189798D-01
  0.38111489208296D-02  -.31459410844526D-02  -.37909636410752D-02
  -.34435447878301D-03  0.60002599425186D-02  -.42888080201986D-02
  -.32625459688269D-03  0.90481143316261D-02  0.11164801106396D-01
  cycle =      6    UFF energy =      0.0843677908   |dE/dxyz| =  0.126422
   -0.90484121887565      2.93203784170105      1.38093124283160      c       
   -0.18344355349164      5.13816068488398      0.25459610500394      c       
    1.71216378684548      5.14303164032108     -1.49868992704835      c       
    0.27845489395306      0.71055604719911      0.75166389780012      c       
    2.19294473529818      0.68215280295952     -1.01848548601909      c       
    2.89466210316096      2.92268690011112     -2.13999075665271      c       
   -1.38442581940897      7.37850795860379      0.86069767094119      o       
   -0.19167504536693      8.52032323237833      1.80917074428789      h       
    4.39797819778810      2.98244746667074     -3.53642038259596      h       
   -0.30982810522691     -1.03129685050618      1.67259932547406      h       
   -2.41724301652914      2.93912836413086      2.76750797800535      h       
    2.25762028021667      6.90835643843547     -2.39142505055836      h       
    3.47674421422111     -1.79663496043662     -1.65634432406557      c       
    1.85633655843468     -3.66109767286746     -3.18494395527670      c       
    4.09309716389049     -2.71302862762194      0.12037198438360      h       
    5.22214556990823     -1.40897923764222     -2.75236275129105      h       
    0.86819478875743     -2.42258220259836     -5.60246475294099      c       
   -1.19662372856810     -3.24506244749285     -6.75515586529148      o       
    2.25446311963096     -0.45063097643582     -6.58286869847724      o       
    1.00535308040028      1.02939876866918     -6.80617949727760      h       
    3.32474288285938     -5.97765657317432     -3.78729521760384      n       
    0.15103218530336     -4.18536289241644     -2.08098621072177      h       
    2.69523617725640     -7.44260813612005     -2.63198353671935      h       
    2.95666822240592     -6.55930151535891     -5.63033881846521      h       
  -.11550550031308D-01  0.40299341551709D-02  0.13195343960616D-01
  -.99261662528183D-02  0.14339687820168D-01  0.92186465470015D-02
  0.23642229175842D-02  0.18551993699053D-01  -.69630563813464D-02
  -.52283737482295D-02  -.10951081454918D-01  0.68592372181066D-02
  0.20489819955470D-01  -.11902781505269D-01  -.13508080122633D-01
  0.71706843703715D-02  -.41869899067131D-02  -.11134620213980D-01
  0.80244534860012D-02  0.14914989391614D-02  -.79877519501108D-02
  -.33422297962113D-02  -.71144885874172D-02  0.11317091931976D-02
  -.64449609339735D-03  0.29946939525335D-02  0.82178413089462D-03
  -.18226689707697D-03  -.53533086445819D-03  0.53822840502549D-03
  -.22178756972768D-03  -.21884487470758D-02  0.10077211891411D-02
  0.30020967335635D-03  0.46305609796167D-03  -.13567824778506D-03
  -.15910144609882D-01  0.24349307668491D-02  -.37929005153997D-02
  0.18483287689753D-01  0.10697221560126D-01  0.22874770915954D-01
  -.95814958502018D-03  0.21920461528120D-02  -.12476294271871D-02
  -.28026064922968D-02  0.22613056330543D-02  0.78032857939084D-03
  -.62345932022573D-01  -.17371239624022D-01  -.46252159862132D-01
  0.49984907814300D-01  0.14517640768762D-01  0.25875282049435D-01
  0.21486183690652D-01  -.26771531203721D-01  0.14043986930830D-01
  -.11741433965109D-01  0.15643971599319D-01  0.98094524528768D-02
  -.53376406908645D-02  -.16268116225128D-01  -.16622557007869D-01
  0.24156054444793D-02  -.22107237532746D-02  -.25603027910555D-02
  -.30204924937566D-03  0.39227748877561D-02  -.29292383640102D-02
  -.22554803807734D-03  0.59599758392694D-02  0.69774833110393D-02
  cycle =      7    UFF energy =      0.0787423429   |dE/dxyz| =  0.097934
   -1.01388025539289      2.90515932525940      1.33302341076930      c       
   -0.33816450799155      5.11294221737339      0.19412015573171      c       
    1.56418636181728      5.14472691429789     -1.54189206968995      c       
    0.22490884377509      0.71121154853083      0.74061029397666      c       
    2.14930635674529      0.71468928508942     -1.00708608633659      c       
    2.80013508261481      2.95244021626664     -2.15097931754081      c       
   -1.60103521322811      7.33120372161977      0.77398411192063      o       
   -0.49167504536693      8.44987497248689      1.86209402053105      h       
    4.31068457672416      3.02644710466540     -3.54012954700814      h       
   -0.32558640810677     -1.03503316769965      1.67613606040650      h       
   -2.53960036106844      2.89491610113671      2.70434556372654      h       
    2.07132676729978      6.91397634894945     -2.44924465956721      h       
    3.52585652578801     -1.72608550562736     -1.60036712906966      c       
    1.97647558593740     -3.63985297194743     -3.14354048460489      c       
    4.13325097739717     -2.61628200257686      0.19552610981823      h       
    5.28453673950113     -1.30401000622740     -2.66695848151051      h       
    0.99909374561630     -2.45717746633114     -5.59087868117875      c       
   -1.06084621105479     -3.36585986517149     -6.75526810451310      o       
    2.35777587293250     -0.49226981262110     -6.63700164386530      o       
    1.07007593622339      0.90642667297552     -7.07627190283893      h       
    3.52789192910821     -5.91814022351717     -3.66533067042308      n       
    0.26184308556241     -4.19018255534512     -2.06157310560219      h       
    2.90687672895816     -7.39098871504852     -2.51137487775086      h       
    3.25632035908212     -6.53558608314308     -5.52033924765846      h       
  -.88428909599294D-02  0.32075772471658D-02  0.10067455444661D-01
  -.72692855715685D-02  0.10898214650097D-01  0.70189786047823D-02
  0.18093731530870D-02  0.14295331094498D-01  -.51644161493090D-02
  -.39489192049760D-02  -.84559491985932D-02  0.51594174376480D-02
  0.15291824531870D-01  -.89890238179679D-02  -.10282028740127D-01
  0.53963554482132D-02  -.32409405234758D-02  -.86681808212154D-02
  0.36495978010224D-02  -.42212368213867D-03  -.79407128684364D-02
  -.44199530830734D-03  -.35310870571636D-02  0.27616260899565D-02
  -.46177400273697D-03  0.22573613869095D-02  0.61425283878867D-03
  -.14924432797136D-03  -.54226819473523D-03  0.44236367173465D-03
  -.22103419122192D-03  -.16115403993478D-02  0.79603037745847D-03
  0.22594604370971D-03  0.49348688753378D-03  -.12330790640645D-03
  -.11696823811341D-01  0.16239114424479D-02  -.27574724313447D-02
  0.13458338934332D-01  0.86053781100388D-02  0.17457736533494D-01
  -.64799280466877D-03  0.16499726843264D-02  -.86191930752231D-03
  -.19205919929048D-02  0.16763673530232D-02  0.55411019513265D-03
  -.47183206069344D-01  -.12771134147858D-01  -.34422685598372D-01
  0.37436416119945D-01  0.10458162542459D-01  0.19156542097766D-01
  0.20413380567200D-01  -.24916796224836D-01  0.11389446073736D-01
  -.12838172309824D-01  0.16804441350449D-01  0.65023701156530D-02
  -.32987439258206D-02  -.12718875008160D-01  -.11659545137560D-01
  0.16647737462465D-02  -.16348921677487D-02  -.19357676722704D-02
  -.24049843675650D-03  0.29202594418218D-02  -.22299013067950D-02
  -.18483342825387D-03  0.39441662312550D-02  0.41256084585477D-02
  cycle =      8    UFF energy =      0.0735436559   |dE/dxyz| =  0.070293
   -1.05259164048210      2.81046621728165      1.38066400241929      c       
   -0.44798770860497      5.03595730455527      0.24846586695261      c       
    1.43585348591004      5.12555589698346     -1.49500670627784      c       
    0.23984649921069      0.65880864811437      0.77798303915370      c       
    2.14705787334808      0.72597953754322     -0.97487312037217      c       
    2.72689259250444      2.97825146182382     -2.11426302473136      c       
   -1.76992834873018      7.21892137194734      0.85106187521600      o       
   -0.77242211403575      8.26424160824056      2.13070699425180      h       
    4.21952802056838      3.09039484192277     -3.52218628378808      h       
   -0.25748265334461     -1.10668105371296      1.70696990603174      h       
   -2.57227924512453      2.75838182307683      2.75736891595157      h       
    1.88428195017169      6.91110915171894     -2.40193221811752      h       
    3.59175174914981     -1.66536735643762     -1.61074284910040      c       
    2.07429014745263     -3.58026035917569     -3.18535571318871      c       
    4.21980020082754     -2.57842849522353      0.16932798072045      h       
    5.34224963412853     -1.19020009796066     -2.67363844958578      h       
    1.07010979883933     -2.40106846053823     -5.62309751315982      c       
   -0.93226653853733     -3.45272509771617     -6.85041522070685      o       
    2.32678414985337     -0.35822013947316     -6.66891877163384      o       
    0.96754478816487      0.86496041052639     -7.37627190283893      h       
    3.68380192253326     -5.81592385726770     -3.69453564121488      n       
    0.36766153001761     -4.16793071948569     -2.10494449081395      h       
    3.05652847107781     -7.32784489818837     -2.58915378907245      h       
    3.50073290797683     -6.40583168515960     -5.57560916837523      h       
  -.58807924271613D-02  0.20584192535114D-02  0.65526635685383D-02
  -.44738410390298D-02  0.70886630907243D-02  0.44019659143407D-02
  0.13171251515373D-02  0.94463218488361D-02  -.33347436515497D-02
  -.26826888424882D-02  -.56052477276536D-02  0.34212319206213D-02
  0.96807567650248D-02  -.59007972753784D-02  -.65459103922682D-02
  0.35607358594035D-02  -.21672269384036D-02  -.58683646223047D-02
  -.16308341057737D-02  -.36522910019033D-02  -.94354885962487D-02
  0.33655443007689D-02  0.14341731776700D-02  0.61612599059839D-02
  -.20421270540104D-03  0.14444923083898D-02  0.23480800133891D-03
  -.17759245682864D-03  -.55301750397180D-03  0.40183109628814D-03
  -.27472429487868D-03  -.10099019980924D-02  0.59950310037332D-03
  0.19635242719930D-03  0.57705578696010D-03  -.20436806404520D-03
  -.73569714527657D-02  0.77677993361998D-03  -.18512801281247D-02
  0.85382069567934D-02  0.53639010002169D-02  0.11048092058952D-01
  -.39351696226079D-03  0.99025170613208D-03  -.48721547997333D-03
  -.10511005366735D-02  0.11104962183186D-02  0.21607170357969D-03
  -.29972679143499D-01  -.64767591449519D-02  -.20229638381046D-01
  0.22302907065985D-01  0.45720727080061D-02  0.11031336022935D-01
  0.23326890636563D-01  -.23108268367470D-01  0.10597751601993D-01
  -.17104388884842D-01  0.18789508319355D-01  0.73962409872200D-03
  -.16577638613167D-02  -.76913149717865D-02  -.67431843895622D-02
  0.96151499925893D-03  -.10746918320267D-02  -.11671606224923D-02
  -.35859837018375D-03  0.15178246991480D-02  -.11436273854990D-02
  -.30329079430979D-04  0.20695567107493D-02  0.16048427194477D-02
  cycle =      9    UFF energy =      0.0726053561   |dE/dxyz| =  0.055434
   -1.08268124592559      2.78098838106672      1.38732242759766      c       
   -0.55161579518534      5.01437274012548      0.23703709638007      c       
    1.30521447399068      5.14339251515770     -1.52896680760498      c       
    0.25775663846758      0.66259164873656      0.78207410467032      c       
    2.13961062361972      0.77228064608192     -0.99154623945623      c       
    2.64551198526990      3.03072049139040     -2.14948941026523      c       
   -1.92165779331078      7.16758647564510      0.84786943796938      o       
   -0.99003012076047      8.18631337551047      2.19619360384139      h       
    4.11700448690864      3.17203577114563     -3.57785871388567      h       
   -0.17949454622120     -1.11037404064289      1.72791042959428      h       
   -2.58416053314464      2.69820047951266      2.78241563757175      h       
    1.69471682323622      6.93548337837350     -2.45119057769787      h       
    3.65274851499891     -1.57648667932340     -1.62856833141968      c       
    2.16780265660577     -3.55842485270008     -3.15475277896020      c       
    4.33965264452057     -2.45046472447542      0.15184196540856      h       
    5.37204679682203     -1.06080686433601     -2.72572909752558      h       
    1.12244033898704     -2.47315889618377     -5.62289817649856      c       
   -0.73174344102785     -3.75272509771617     -6.92245539005964      o       
    2.22974532891465     -0.34034037004331     -6.67385635884390      o       
    0.81399706905852      0.73628879062205     -7.49086953617067      h       
    3.83222472267657     -5.76707005019099     -3.59953499460608      n       
    0.47817620362596     -4.15578750518609     -2.05171676942976      h       
    3.20367178681461     -7.28370745223012     -2.49985621828021      h       
    3.71881985396289     -6.37836210692886     -5.48177158457006      h       
  -.47740123987614D-02  0.14994474577655D-02  0.52958006104089D-02
  -.34776597471323D-02  0.56983270188095D-02  0.33825689646988D-02
  0.11198084101969D-02  0.77092428948558D-02  -.27018181127474D-02
  -.21863481666572D-02  -.46290032719658D-02  0.27730480044948D-02
  0.75086157802483D-02  -.47485277161876D-02  -.51577442122485D-02
  0.29178019144352D-02  -.15815798833118D-02  -.47676409257710D-02
  -.20158997050273D-02  -.32859423747592D-02  -.81330562155914D-02
  0.32606589436849D-02  0.18205570804616D-02  0.56111671368925D-02
  -.69862639320192D-04  0.11921986313064D-02  0.72885376193925D-04
  -.20881651228443D-03  -.70407450132755D-03  0.45057249425386D-03
  -.31223204154505D-03  -.82509672799795D-03  0.56237601326665D-03
  0.21080390793906D-03  0.71126020642529D-03  -.28611854629679D-03
  -.56433579993816D-02  0.65444063467862D-03  -.13524358995326D-02
  0.66152658044189D-02  0.42200137694276D-02  0.89950972554710D-02
  -.13851665968843D-03  0.56019317900929D-03  -.12824125912434D-03
  -.54873687919645D-03  0.99929744520377D-03  0.95526423584719D-04
  -.21138983726469D-01  -.22517591174468D-02  -.12437103562502D-01
  0.12513117233169D-01  -.10092717441077D-02  0.52341628431136D-02
  0.23422811483988D-01  -.18541947609228D-01  0.91478966817828D-02
  -.16593060325210D-01  0.17314855594423D-01  -.78760325632169D-03
  -.87636075039131D-03  -.63633121998061D-02  -.47666350067657D-02
  0.70109948766354D-03  -.93231110061658D-03  -.88970907144344D-03
  -.30716859678120D-03  0.11946986229435D-02  -.88704323447783D-03
  0.21033182101717D-04  0.12982937114450D-02  0.67404749866081D-03
  cycle =     10    UFF energy =      0.0710900184   |dE/dxyz| =  0.051592
   -1.07954793187562      2.71536362922054      1.46043270771594      c       
   -0.53281775476271      4.96245118071978      0.34547067090552      c       
    1.32760363339025      5.10668918041886     -1.41438940726479      c       
    0.24641775326405      0.59785832842832      0.82337991721415      c       
    2.13221446839152      0.72352945615546     -0.94361236433325      c       
    2.65692128248306      2.99648296658248     -2.06293705579395      c       
   -1.89055692541260      7.11526270613645      0.98652630562434      o       
   -0.97890757868069      8.08482715417022      2.38457867101894      h       
    4.13373303571874      3.15071882464065     -3.48463075447380      h       
   -0.20753610719780     -1.18848167932783      1.73621691999080      h       
   -2.58476667126308      2.62078827219523      2.85059661254137      h       
    1.73024369067583      6.91047892573755     -2.30796717422929      h       
    3.61817293853038     -1.62944349909155     -1.62885838150180      c       
    2.12721643354470     -3.52125275730350     -3.26513486589954      c       
    4.24393976771825     -2.58531434367670      0.13511726825088      h       
    5.37488637006702     -1.10599789389107     -2.66394013231610      h       
    1.17456619462455     -2.32330351446457     -5.72146870736450      c       
   -0.75598199120859     -3.45272509771617     -7.06152492233693      o       
    2.39960893542274     -0.21810193674449     -6.70819865817036      o       
    1.05115561976237      0.89763426401519     -7.58266282232002      h       
    3.74836490248583     -5.75605660383635     -3.73872853047408      n       
    0.39294141693751     -4.11314355505070     -2.22644366138028      h       
    3.05308555908461     -7.29386587960847     -2.70587060258795      h       
    3.66880043120138     -6.30185207428200     -5.64434731505655      h       
  -.44744850423316D-02  0.13794289147069D-02  0.49600970144297D-02
  -.32173267446399D-02  0.53456651185374D-02  0.31209804015291D-02
  0.10309908225282D-02  0.72483949276161D-02  -.25347540322570D-02
  -.20219117727339D-02  -.43786653085808D-02  0.26040101926737D-02
  0.70067195601856D-02  -.42975625024940D-02  -.47249931969536D-02
  0.27388909206218D-02  -.13728311517976D-02  -.44521457284499D-02
  -.22332429827590D-02  -.32999029576148D-02  -.80254842939742D-02
  0.33532363964562D-02  0.20336322903417D-02  0.56809057472512D-02
  -.50152518337432D-04  0.11168388562484D-02  0.35396779076046D-04
  -.20787185682926D-03  -.77035320417349D-03  0.46622966652952D-03
  -.30017444669560D-03  -.78036399972014D-03  0.53636187643466D-03
  0.20761579413309D-03  0.74293694561569D-03  -.30031623990120D-03
  -.50591929587177D-02  0.11457005094060D-02  -.10708509315425D-02
  0.60915250340702D-02  0.32919320522459D-02  0.84261158383044D-02
  0.88725743383251D-04  0.19489089388367D-03  0.54195431077361D-03
  -.18373153277696D-03  0.11778628113444D-02  -.43514633254608D-04
  -.18991832238721D-01  -.16842650030103D-02  -.10863878930589D-01
  0.95591114845952D-02  -.22252686334348D-02  0.35700792235424D-02
  0.23534144045211D-01  -.16363758584072D-01  0.84414349779728D-02
  -.16274898662689D-01  0.16699092551829D-01  -.12635234989594D-02
  -.21806814558455D-03  -.52645641503396D-02  -.40985403720534D-02
  0.30670981043685D-03  -.11803254211442D-02  -.64557043199897D-03
  -.63344311359267D-03  0.19551567313457D-03  -.27060041718065D-03
  -.51337595213279D-04  0.10459693714716D-02  -.89393321402871D-04
  cycle =     11    UFF energy =      0.0684074853   |dE/dxyz| =  0.041295
   -1.07437265912571      2.62561527488027      1.53176515865448      c       
   -0.56001243043316      4.88783108243538      0.43565842764086      c       
    1.28567916105581      5.06838474122754     -1.33416999309174      c       
    0.26904683234963      0.53016279755825      0.86623874006282      c       
    2.14079368085083      0.69424165374813     -0.90963438735399      c       
    2.63340203144566      2.98112912370783     -2.01033926295244      c       
   -1.93714546951949      7.02025857404748      1.10757031879203      o       
   -1.05546252655975      7.96001112947133      2.54217259880895      h       
    4.09680259832557      3.16253499403457     -3.44302470996247      h       
   -0.16336563280769     -1.27083361421541      1.75999992545051      h       
   -2.57125661459397      2.50209669886273      2.92855041750559      h       
    1.66155036835476      6.88437341883603     -2.21404770051621      h       
    3.63467602719101     -1.63791196795314     -1.64694909867757      c       
    2.14442234347524     -3.48059010887502     -3.33792177499670      c       
    4.25220681043991     -2.64208739881259      0.09354670361788      h       
    5.39554707191837     -1.08846435260341     -2.66184317183548      h       
    1.17333922444943     -2.20143870672734     -5.74442531219136      c       
   -0.93773668517134     -3.15272509771617     -6.97873387913965      o       
    2.48357974500240     -0.16175402340207     -6.76750764267127      o       
    1.19390470114328      0.94607656547241     -7.72335054326982      h       
    3.77414450431998     -5.69091500382999     -3.88865229722752      n       
    0.41904216949357     -4.11094611717637     -2.30490871298255      h       
    3.07752143784017     -7.27248754045404     -2.92160042119316      h       
    3.71345078345443     -6.16001606908961     -5.81678966471315      h       
  -.37587579628868D-02  0.11262689247938D-02  0.41165210623163D-02
  -.26619612685102D-02  0.43869387222085D-02  0.25231263986732D-02
  0.86835250701489D-03  0.60062986867436D-02  -.21229785675750D-02
  -.17117629954283D-02  -.36474770702527D-02  0.21900643388056D-02
  0.57547164700279D-02  -.34910149702795D-02  -.38555915031276D-02
  0.22970938354118D-02  -.11386765382711D-02  -.37123811934224D-02
  -.20856577091184D-02  -.28042321759980D-02  -.67706729296294D-02
  0.28850425655572D-02  0.18945836952341D-02  0.49034892632742D-02
  0.22495415158450D-04  0.92496455701393D-03  -.12704922967536D-04
  -.20906783442048D-03  -.70311282803720D-03  0.41858350964361D-03
  -.32499491352287D-03  -.64340037349081D-03  0.48010758365061D-03
  0.18231079084229D-03  0.67746215649847D-03  -.28114625026083D-03
  -.41340427127279D-02  0.10931197952827D-02  -.89625709113997D-03
  0.52085931774208D-02  0.29540339679986D-02  0.71795939330473D-02
  0.97520507900376D-04  0.70255100499624D-04  0.64883147334226D-03
  -.91171105551206D-04  0.10022069922725D-02  -.72689866768607D-04
  -.11223049585562D-01  0.24467034009062D-03  -.64171867043120D-02
  0.21943646785848D-02  -.44508195967779D-02  -.89719646409447D-04
  0.20975585860950D-01  -.12983923692469D-01  0.76056205895397D-02
  -.14005005917638D-01  0.14368094126929D-01  -.16444674043225D-02
  0.32981250326868D-03  -.40366619142482D-02  -.30937080382432D-02
  0.16572566043960D-03  -.97910601602894D-03  -.38789598686306D-03
  -.74626651501068D-03  -.47848492673329D-03  0.12979909170786D-03
  -.29875452199065D-04  0.60801303702125D-03  -.83833713895898D-03
  cycle =     12    UFF energy =      0.0655740244   |dE/dxyz| =  0.029026
   -0.95665071022479      2.51920287436708      1.69448422677113      c       
   -0.49946613340608      4.80333948581480      0.62446932225278      c       
    1.28010052983628      5.03031753984542     -1.20516917858268      c       
    0.37921092777164      0.45007903646600      0.94550697098026      c       
    2.18442653555646      0.66325554697296     -0.88995334400297      c       
    2.61986605242471      2.97012680454875     -1.96558733805330      c       
   -1.86940201794173      6.91303126515233      1.38827838629397      o       
   -0.97464898848551      7.80774498680933      2.83798482179534      h       
    4.02551548621320      3.18460934319490     -3.45301723948773      h       
   -0.01042831106158     -1.37131384006000      1.81662669106585      h       
   -2.40476336756077      2.35960641719921      3.13937464667284      h       
    1.60847144492872      6.86414118239444     -2.06638338986267      h       
    3.65531803429445     -1.64413912715517     -1.74660791964401      c       
    2.10065272643327     -3.42024351391724     -3.44995056652734      c       
    4.32037030604053     -2.70908613493032     -0.05868446501964      h       
    5.38775172246161     -1.07022059502406     -2.79719321885503      h       
    1.06468658655050     -2.06107999391621     -5.78441614502503      c       
   -1.19092430361837     -2.86415876785108     -6.88616958501855      o       
    2.40668407384827     -0.07253295587268     -6.86683663715628      o       
    1.17114525934475      0.96087600208146     -7.95036595787927      h       
    3.70537313154839     -5.61944858688854     -4.10647793150487      n       
    0.40401896178069     -4.06828868246304     -2.37882358253523      h       
    2.99041846254786     -7.24265706081430     -3.22160042119316      h       
    3.65203106381673     -5.99061517241117     -6.05788442723477      h       
  -.28099209038870D-02  0.85176248653140D-03  0.28955067389621D-02
  -.18046679782506D-02  0.26905633382042D-02  0.16447391841649D-02
  0.74504256364253D-03  0.40341717323963D-02  -.15908885123105D-02
  -.13372424664488D-02  -.25085245021599D-02  0.16899795549889D-02
  0.37098704812019D-02  -.20883858090594D-02  -.24176994508229D-02
  0.18135687027283D-02  -.86799560475136D-03  -.26314362691719D-02
  -.18924709103346D-02  -.13757853166412D-02  -.40790063854133D-02
  0.19030642435498D-02  0.14041123377194D-02  0.32826038783382D-02
  0.41720507876086D-03  0.58417700311629D-03  -.42828891724707D-03
  -.21897139748298D-03  -.61649136882998D-03  0.39724932990202D-03
  -.55278098854185D-03  -.38765951798664D-03  0.62571768183618D-03
  0.18962904384552D-03  0.61323232165305D-03  -.30597335867195D-03
  -.21994562013194D-02  0.55941438390033D-03  -.93290247920664D-03
  0.33995349133946D-02  0.23741622200901D-02  0.48500728606559D-02
  0.31810676112452D-03  -.22396925858342D-03  0.92122850404626D-03
  0.12172430438892D-03  0.54910006369467D-03  -.21435923807677D-03
  -.35888115630953D-02  0.11200267914284D-02  -.26169412912830D-02
  -.34128798170681D-02  -.43728030992300D-02  -.23850720302626D-02
  0.15270432964195D-01  -.90798441507672D-02  0.63631967205251D-02
  -.10439071615511D-01  0.10740289949888D-01  -.24341756509208D-02
  0.12005722747680D-02  -.22555106396420D-02  -.13568628452658D-02
  -.10507045584792D-03  -.49990571198957D-03  -.36553800533588D-04
  -.70509578991389D-03  -.12930608354798D-02  0.48450298640798D-03
  -.22311243898570D-04  0.48923186498638D-04  -.17246372106407D-02
  cycle =     13    UFF energy =      0.0634712578   |dE/dxyz| =  0.021004
   -0.93504420370075      2.40551546595199      1.81991491699775      c       
   -0.55541674689638      4.70839623857372      0.76496714282235      c       
    1.16598469912529      4.99164347830137     -1.10922066363526      c       
    0.42278515309505      0.37629925131863      1.01491574442925      c       
    2.17225097638804      0.64914912442479     -0.86160216838050      c       
    2.52772704791541      2.97174927081827     -1.92616553001359      c       
   -1.94626947999690      6.78144445824926      1.59362061871175      o       
   -1.04803813613304      7.65990054331872      3.04511046338821      h       
    3.88653229113174      3.22802210827778     -3.45054630420532      h       
    0.09406125140844     -1.46248265789100      1.87424594030994      h       
   -2.34072054211324      2.20126002255336      3.30042904165665      h       
    1.43089066625085      6.84046594119475     -1.95990889368034      h       
    3.66438261303980     -1.61502545956727     -1.78702530892704      c       
    2.11240488402913     -3.34583200263740     -3.53509181121442      c       
    4.33807365249308     -2.72684202724872     -0.13373624485342      h       
    5.39256394554604     -0.99969255278055     -2.82110302934997      h       
    1.11966569313624     -1.94194757314846     -5.85749826400242      c       
   -1.20068050990621     -2.61845317136372     -6.90619754846667      o       
    2.54891082860961     -0.04303437580314     -6.99358579237183      o       
    1.41465140200212      0.89832788665664     -8.25036595787927      h       
    3.70925933663609     -5.54458480371634     -4.19659122701050      n       
    0.39868474722419     -3.99340259772910     -2.49041721054782      h       
    2.92525345622405     -7.18876891709468     -3.40953961129791      h       
    3.75184444759355     -5.83956159711310     -6.16300458423560      h       
  -.16464426202009D-02  0.32033803558035D-03  0.16561223897261D-02
  -.91722408130696D-03  0.13203222909884D-02  0.80809797149938D-03
  0.59168480315779D-03  0.21764043034212D-02  -.10277505961841D-02
  -.85073064033775D-03  -.14527137300692D-02  0.10687580686769D-02
  0.19219905911257D-02  -.11553569644564D-02  -.11876881635436D-02
  0.11438199086995D-02  -.35405532075612D-03  -.16028094274048D-02
  -.11967407083641D-02  -.25591383621361D-03  -.17075419348732D-02
  0.88716668752548D-03  0.69070399148232D-03  0.15510045393713D-02
  0.47858995682015D-03  0.36351608741678D-03  -.48166004420631D-03
  -.20734929258149D-03  -.55561709287449D-03  0.36162912061531D-03
  -.54049448063369D-03  -.22594363729852D-03  0.57246796188333D-03
  0.18043793621934D-03  0.57213762085245D-03  -.31786770605876D-03
  -.91012840184101D-03  0.16135192685025D-03  -.58702229937628D-03
  0.16106644509185D-02  0.90667932050069D-03  0.21733169663891D-02
  0.19641233346547D-03  -.23265133559144D-03  0.63483237602810D-03
  0.17105495095152D-03  0.27553719022908D-03  -.21294199020056D-03
  -.93658594576338D-03  0.10176434916797D-03  -.22058750541706D-03
  -.34819054875816D-02  -.30999382086015D-02  -.16757231239118D-02
  0.11383313730370D-01  -.59445023755655D-02  0.57042793027965D-02
  -.80512356922494D-02  0.83053621196704D-02  -.43980954500740D-02
  0.13856581672699D-02  0.52221299610908D-03  0.43095862464561D-03
  -.11556251762041D-03  -.26895705280515D-03  0.20498116092227D-04
  -.10302672300031D-02  -.20109181623860D-02  0.10386780419531D-02
  -.66126418039167D-04  -.15976251565110D-03  -.26009552384266D-02
  cycle =     14    UFF energy =      0.0621145835   |dE/dxyz| =  0.012857
   -0.90362697222912      2.25487292267033      1.98098538962908      c       
   -0.63921188550949      4.58065318267639      0.94258002088921      c       
    0.99652649826154      4.94135302880268     -0.99374781167265      c       
    0.48621568489096      0.28228034014351      1.09958824369033      c       
    2.15324119353109      0.63580588032631     -0.83579465363209      c       
    2.39055875739216      2.97835781170221     -1.88708488117837      c       
   -2.06129750666704      6.59864907732780      1.85454732739500      o       
   -1.14278491838222      7.47657163544754      3.28965772702269      h       
    3.68034426376052      3.29358523774388     -3.46105117321986      h       
    0.24854309611734     -1.57722641017640      1.94581716890242      h       
   -2.24467387206134      1.98819436536985      3.51161249499574      h       
    1.16759756991502      6.80777602511104     -1.83157922861661      h       
    3.67792499236498     -1.56701355757678     -1.84766368698799      c       
    2.13670816785603     -3.24949370068906     -3.64896731771333      c       
    4.37204208119827     -2.73163802634210     -0.23992633582894      h       
    5.39576241631720     -0.89073149048251     -2.86157045195529      h       
    1.20254843526788     -1.79484665024915     -5.96159446385855      c       
   -1.17273326707699     -2.32342067153063     -6.96707798362727      o       
    2.73314460403606     -0.00545233803655     -7.14468498557767      o       
    1.71465140200212      0.83858643029361     -8.54843739922037      h       
    3.72628590108435     -5.44845924332758     -4.31639585923562      n       
    0.40006459930410     -3.89823966062138     -2.64240812827896      h       
    2.90532629461068     -7.09977731783360     -3.59123583665181      h       
    3.82659993711555     -5.69784081720846     -6.28396445701730      h       
  -.99685495706020D-03  -.19667466982338D-03  0.10682909510142D-02
  -.34949133267416D-03  0.49070777176583D-03  0.36951141576704D-03
  0.55461561256514D-03  0.11572134507423D-02  -.83303489517758D-03
  -.58732756185994D-03  -.96773822334338D-03  0.82274806886068D-03
  0.87034060785274D-03  -.68731135604446D-03  -.41832086915533D-03
  0.82841576807250D-03  0.18846042840531D-03  -.11318602084845D-02
  -.98338848578809D-03  0.70605492176890D-03  -.10203737021056D-03
  0.28407000387112D-03  0.15045653855000D-03  0.42805744792436D-03
  0.64065198485127D-03  0.30372688867863D-03  -.71316628667141D-03
  -.23432945142098D-03  -.71815484909251D-03  0.44977133729934D-03
  -.67716789565374D-03  -.19598672834493D-03  0.73921429201151D-03
  0.19993431176030D-03  0.75285625530985D-03  -.44159652246923D-03
  -.39484518928364D-04  -.21335778202322D-03  -.36528007755419D-03
  0.51052303686117D-03  -.69030166382418D-04  0.46142357393072D-03
  0.11743146100906D-03  -.28316756343066D-03  0.44386371153818D-03
  0.28090487608948D-03  0.11263861203205D-03  -.26831724981101D-03
  0.45262201793378D-03  -.57869828800648D-03  0.11998280655243D-02
  -.31083265885648D-02  -.18889892412997D-02  -.99248096958564D-03
  0.67667585171808D-02  -.24350058317731D-02  0.37154718875764D-02
  -.44844076183854D-02  0.49069712734627D-02  -.42967969920340D-02
  0.61820242095860D-03  0.67985954953567D-03  0.46630400012474D-03
  -.13414097830443D-03  -.15139942085046D-03  0.78808788226562D-04
  -.46505754369178D-03  -.95177985240392D-03  0.54620782197713D-03
  -.64493686674127D-04  -.11165171743259D-03  -.12266099206217D-02
  cycle =     15    UFF energy =      0.0616071329   |dE/dxyz| =  0.005141
   -0.89226472951412      2.14634479386839      2.08973939263037      c       
   -0.72177124939067      4.48195208501584      1.05804531299832      c       
    0.84597802610400      4.89612136178075     -0.92050498650542      c       
    0.52445669470758      0.21846856525805      1.15959025312830      c       
    2.12628458124379      0.62746704819078     -0.81606939446641      c       
    2.26803601118828      2.97811665599377     -1.86171216170780      c       
   -2.17078146643885      6.45515737621847      2.02106778345490      o       
   -1.23933194467511      7.34636233049451      3.43841310960022      h       
    3.50374910201354      3.33448198976085     -3.46822185934694      h       
    0.36083402284836     -1.65037674537145      2.00025337617716      h       
   -2.18093732344525      1.83586377802114      3.65466224162410      h       
    0.94091225489089      6.76941601674953     -1.75237526238753      h       
    3.67997560146322     -1.52715742845383     -1.87950052658351      c       
    2.16121108431305     -3.17180342235257     -3.73302420611296      c       
    4.37853099764265     -2.72958888237795     -0.30282897286480      h       
    5.39732929713066     -0.80458252790150     -2.86125532817533      h       
    1.30971027241998     -1.68053868148253     -6.05357340983331      c       
   -1.08390724539821     -2.08621720217454     -7.06304021246549      o       
    2.93420300466087      0.01420778754866     -7.24571413264136      o       
    2.01465140200212      0.79439894448096     -8.73855029107415      h       
    3.74067838831721     -5.38274172201440     -4.38231177005499      n       
    0.39099776358317     -3.80887539797724     -2.77727616162462      h       
    2.90569651139055     -7.02480483242975     -3.65848949368890      h       
    3.85551641604162     -5.63912583730688     -6.34571958182239      h       
  -.37751646558985D-03  -.25151609998473D-03  0.46309051322107D-03
  -.88144385020203D-04  0.18528383202751D-03  0.12645036019743D-03
  0.26036806812537D-03  0.47400871471535D-03  -.39687591088144D-03
  -.24408058323563D-03  -.44515951247900D-03  0.37185740934951D-03
  0.31056502280092D-03  -.31939499049336D-03  -.58089260573076D-04
  0.33531450046376D-03  0.26067427037191D-03  -.49220755400826D-03
  -.45557808788612D-03  0.43956524415450D-03  0.70650084297112D-04
  0.10322052158539D-03  0.61758745601263D-05  0.89920421597988D-04
  0.31755915193260D-03  0.16282367574221D-03  -.36003714012438D-03
  -.12071115011937D-03  -.42322407800003D-03  0.24507411745274D-03
  -.34197399699680D-03  -.11483196322832D-03  0.38189041423014D-03
  0.10608995569733D-03  0.44379970802332D-03  -.25409171069679D-03
  0.11026757616776D-03  -.17300589162665D-03  -.91907163815531D-06
  0.16884928569362D-03  -.27066203265789D-03  0.98316088078595D-04
  0.18833375941668D-04  -.12308438519926D-03  0.17644534079822D-03
  0.20313913003830D-03  0.62748045380415D-04  -.15739697334506D-03
  0.21154246924759D-03  -.43588608751279D-03  0.79045487997177D-03
  -.15660156121973D-02  -.75891288554497D-03  -.40570616376729D-03
  0.27250722878889D-02  -.30680869678591D-03  0.11857906391867D-02
  -.15453717533338D-02  0.17714260277476D-02  -.20203219419515D-02
  0.12913296405252D-03  0.47917123503080D-04  0.74353299333050D-04
  -.23404632404480D-03  -.11526475562764D-03  0.13454082560659D-03
  -.29830670454963D-04  -.94305082879982D-04  0.50845268468464D-04
  0.33147192432090D-05  -.22366054205501D-04  -.11403393480351D-03
  cycle =     16    UFF energy =      0.0614965638   |dE/dxyz| =  0.001103
   -0.87744022887620      2.07188602267173      2.17525974385969      c       
   -0.79593770454689      4.40693878419168      1.13412921466487      c       
    0.70704751365090      4.85560390514905     -0.88524446761428      c       
    0.56343677227161      0.17963868762723      1.21302284173098      c       
    2.10243348632285      0.62444366194066     -0.80273586926153      c       
    2.15468237911284      2.97349852719390     -1.85759345560187      c       
   -2.27015924461790      6.34368399439789      2.12978984162416      o       
   -1.32673970231662      7.26227379602149      3.52164371746959      h       
    3.33911763122797      3.35669982679308     -3.49513628885948      h       
    0.47006679455108     -1.68979562430534      2.06134605851685      h       
   -2.11510381001512      1.73258433620749      3.77371706378193      h       
    0.73002218140923      6.72740219106104     -1.72365311757563      h       
    3.68177150218554     -1.49262200827351     -1.89938401443508      c       
    2.18378926550144     -3.11357081697680     -3.78959860647354      c       
    4.38600171100489     -2.71916379393295     -0.34445501001920      h       
    5.39766042303238     -0.73401358349153     -2.85506346295851      h       
    1.41210030089357     -1.60390974560154     -6.12485588212558      c       
   -0.98314123225853     -1.91686695959435     -7.15614451980673      o       
    3.11342889648742      0.01486751562075     -7.30892034723335      o       
    2.26784050356196      0.76532591817968     -8.85215606014436      h       
    3.74819125140954     -5.34419782988352     -4.40809530650995      n       
    0.38316446728328     -3.72906028259459     -2.87791709897026      h       
    2.88058514054137     -6.97517980795521     -3.69762162987192      h       
    3.89693917527164     -5.60392066091605     -6.36872962590949      h       
  -.79682523668524D-04  -.22743331995988D-03  0.17969493646757D-03
  -.13165103836145D-04  0.10562700687137D-03  0.42145561169071D-04
  0.95241450959023D-04  0.18833520584124D-03  -.18320742874951D-03
  -.94443654825872D-04  -.17695445298192D-03  0.16551246834179D-03
  0.85826736512773D-04  -.15079483133489D-03  -.16697783672529D-05
  0.72705228977143D-04  0.22544282577064D-03  -.17795144096984D-03
  -.19933284728308D-03  0.55533259288210D-04  -.10368411161438D-03
  0.11770286980725D-03  0.43912719594831D-04  0.10786423895709D-03
  0.95818890186245D-04  0.93818568124387D-04  -.14160947758816D-03
  -.43474011403062D-04  -.21168861484627D-03  0.11953445264102D-03
  -.11047800666013D-03  -.84810242992719D-04  0.15547973119144D-03
  0.36188411901229D-04  0.22065846600771D-03  -.12632639909639D-03
  0.43629262426369D-04  -.87746365108048D-04  0.35636101084366D-04
  0.12595037814041D-04  -.47405305821291D-04  0.80118271064432D-04
  -.54787950644858D-05  -.17356536631438D-04  0.12587832596084D-04
  0.60796441720025D-04  0.10656117224120D-04  -.37756138021228D-04
  -.43540289353626D-04  -.10151634942795D-03  0.17473753199667D-03
  -.35041413658025D-03  -.84537076325661D-04  -.89273391524174D-04
  0.32969380770289D-03  0.31728926933639D-03  -.11540355306140D-03
  -.80138659555679D-05  0.40158112691184D-04  -.19479876010053D-03
  0.17800559777252D-03  0.17586912442538D-04  0.68426386744407D-04
  -.12953765848637D-03  -.32491714825630D-04  0.77936290535064D-04
  -.64840147371805D-04  -.99339979599032D-04  0.63606018503036D-04
  0.14197304709379D-04  0.30563266620923D-05  -.11159934219917D-03
  cycle =     17    UFF energy =      0.0614935063   |dE/dxyz| =  0.000028
   -0.87338531886282      2.07327802474837      2.18027577021639      c       
   -0.79689275687618      4.40564655671056      1.13513501571130      c       
    0.70081337355259      4.85149230763878     -0.88783090192722      c       
    0.56692806214364      0.18081097824017      1.21819243184055      c       
    2.10060136637158      0.62280447226989     -0.80134289432384      c       
    2.14817223721645      2.96929219919889     -1.85985375573832      c       
   -2.27087080878524      6.34247214293107      2.13039095882373      o       
   -1.32621021879405      7.26493867029216      3.51839258469140      h       
    3.32858145021419      3.35038138771379     -3.50006223894258      h       
    0.47738415849039     -1.68650788408874      2.06976445599026      h       
   -2.10670498926862      1.73619669916110      3.78176861745074      h       
    0.71977921030102      6.72109128018745     -1.72933597368724      h       
    3.67898591682463     -1.49471064015400     -1.89810051534600      c       
    2.18168380531564     -3.11188879269691     -3.79209123926542      c       
    4.38027159842768     -2.72374944790885     -0.34386224669569      h       
    5.39681597582389     -0.73661965814739     -2.85022332256523      h       
    1.42002709266829     -1.60008840552688     -6.12835268300537      c       
   -0.97474360534285     -1.90133558800651     -7.16245049022097      o       
    3.12957986635399      0.01056888765650     -7.30924631640308      o       
    2.28745668828477      0.76906945219691     -8.85002646610843      h       
    3.74141916999034     -5.34641592857759     -4.40732788454249      n       
    0.37763852719971     -3.72279555894157     -2.88519354382178      h       
    2.86798356687644     -6.97516269196369     -3.69961544102618      h       
    3.89444310496260     -5.60622240940330     -6.36740020282710      h       
  -.12730947830743D-05  -.27910726639261D-05  0.12706675539958D-05
  -.53468250878178D-06  0.10073542328723D-05  0.67513576023330D-06
  0.22275166626156D-05  0.14106062096389D-05  -.18967413305413D-05
  -.22967999912358D-05  -.11380531056103D-05  0.16742224253973D-05
  0.11852614410827D-05  -.63616230969128D-06  -.60885955868976D-06
  0.11504474309550D-05  0.22629019118690D-05  -.13546761767865D-05
  -.17821610181991D-05  -.12027821170616D-05  -.31708735316826D-05
  0.19283883378563D-05  0.15535247085267D-05  0.30018706102462D-05
  0.15285539787264D-05  0.84548762308424D-06  -.16444246349362D-05
  -.10441333194682D-05  -.20244955641849D-05  0.84727040224216D-06
  -.17424002979694D-05  -.10849768244585D-05  0.15801222104383D-05
  0.10521085713172D-05  0.21305788850163D-05  -.10209191808094D-05
  0.85818360419736D-06  0.29650717412117D-06  0.29701525997407D-06
  0.18720988391281D-06  0.28241493940108D-06  0.16025696835410D-05
  0.43731455578062D-06  -.58568692510496D-06  0.94030998041129D-06
  0.10094279735254D-05  0.44114701803588D-06  -.49371663538825D-06
  0.12554801721875D-05  -.31545688473043D-06  0.43971546681984D-05
  -.12632776514156D-04  -.45119531501083D-05  -.36584454082270D-05
  0.14016509624210D-04  0.63621103026778D-05  0.27938950434532D-05
  -.58279456743698D-05  0.27554297528788D-05  -.80133758147048D-05
  0.58675695125456D-05  0.10002771620968D-05  0.41329344112979D-06
  -.32791570050879D-05  -.14642374599754D-05  0.20739118739981D-05
  -.21182819768188D-05  -.46895250167104D-05  0.26383747065668D-05
  -.17253865976772D-06  0.96062101277673D-07  -.23437813480558D-05
  cycle =     18    UFF energy =      0.0614934954   |dE/dxyz| =  0.000001
   -0.87265850675382      2.07331213153298      2.18129039236425      c       
   -0.79713167470639      4.40541760487564      1.13551601931016      c       
    0.69962916901457      4.85106744593595     -0.88818195028829      c       
    0.56765171152298      0.18090883394749      1.21907878414744      c       
    2.10039277560420      0.62271617424957     -0.80119552486642      c       
    2.14702103770915      2.96894407032844     -1.86030705390435      c       
   -2.27113491243924      6.34216821008340      2.13088014769049      o       
   -1.32613252883179      7.26517678851232      3.51827778759634      h       
    3.32670079728386      3.34988429352393     -3.50106543520318      h       
    0.47885790380168     -1.68620698172084      2.07115856056393      h       
   -2.10522080770194      1.73637938987556      3.78338809479928      h       
    0.71781865128870      6.72044636413607     -1.73017630255637      h       
    3.67873806854403     -1.49475005257923     -1.89810389419202      c       
    2.18147008537123     -3.11157291797470     -3.79242982088668      c       
    4.37985050506595     -2.72405628172999     -0.34400073470624      h       
    5.39669616515401     -0.73660480094089     -2.84994666981011      h       
    1.42094227956457     -1.59960386684534     -6.12892487494548      c       
   -0.97400508820728     -1.89920956181332     -7.16301963838042      o       
    3.13164934982087      0.00969963821448     -7.30993093027246      o       
    2.29018618466657      0.76855522119356     -8.85087072028761      h       
    3.74070898205050     -5.34656696805168     -4.40719296996261      n       
    0.37700735347531     -3.72192212528531     -2.88600994508889      h       
    2.86675930273702     -6.97499762302662     -3.69942215220201      h       
    3.89396066905328     -5.60663893291127     -6.36720745064132      h       
  -.25734576187008D-07  -.76599870969064D-07  0.60797179868141D-07
  -.16756806405502D-07  0.29361812907403D-07  0.20128655559801D-07
  0.49789407786364D-07  0.44928048383898D-07  -.76260735821406D-07
  -.50017531759818D-07  -.39370407782101D-07  0.68193589928796D-07
  0.34012705973247D-07  -.28144437976692D-07  -.14348518096829D-07
  0.22069812334374D-07  0.67245965970327D-07  -.61103751956745D-07
  -.58368168998806D-07  -.38804313204420D-07  -.70233044331084D-07
  0.52488348961549D-07  0.41101875209923D-07  0.69553648701404D-07
  0.34692153844188D-07  0.28307255354088D-07  -.53534280651995D-07
  -.18308704113445D-07  -.55640975119524D-07  0.39339481423947D-07
  -.40507276809798D-07  -.30462082477640D-07  0.58369426459332D-07
  0.15815881377879D-07  0.57603225434125D-07  -.41609665394647D-07
  0.12074341774516D-07  -.55303162982238D-09  -.98571198165615D-09
  -.70948373795160D-08  0.28567076221247D-08  0.29181169708639D-07
  0.32505522518718D-08  -.54150347423838D-08  0.72742387787145D-08
  0.75873598131865D-08  0.20699901783980D-08  -.18857486432837D-08
  0.77825609082205D-08  -.35424297184852D-07  0.11495428433087D-06
  -.25001635241273D-06  -.82324618299462D-07  -.58621522976577D-07
  0.25023705172344D-06  0.15622258633420D-06  -.53573901436107D-07
  -.27905784552660D-07  0.31587686816692D-07  -.62264133815840D-07
  0.61782742333499D-07  -.12089866612604D-07  0.56027168885212D-09
  -.44860313042744D-07  -.12758242033694D-07  0.24291452392763D-07
  -.17074953169481D-07  -.38175254120192D-07  0.17738284751581D-07
  0.50623857577713D-08  -.55227221009259D-08  -.15960668511557D-07
  cycle =     19    UFF energy =      0.0614934954   |dE/dxyz| =  0.000000
   -0.87265624346348      2.07331236694858      2.18129327180902      c       
   -0.79713249822809      4.40541686343404      1.13551717603711      c       
    0.69962536150410      4.85106596030844     -0.88818280437641      c       
    0.56765400143575      0.18090928409498      1.21908130409970      c       
    2.10039208766413      0.62271589562170     -0.80119507590003      c       
    2.14701735243420      2.96894284335771     -1.86030823056498      c       
   -2.27113585499878      6.34216721218667      2.13088161913231      o       
   -1.32613264985492      7.26517742665860      3.51827733093055      h       
    3.32669475690350      3.34988248986534     -3.50106817778690      h       
    0.47886259285833     -1.68620576830642      2.07116249742008      h       
   -2.10521615086097      1.73638019362676      3.78339263703175      h       
    0.71781235773152      6.72044406939941     -1.73017848227534      h       
    3.67873730852316     -1.49475016935019     -1.89810388072022      c       
    2.18146953813419     -3.11157192367471     -3.79243090174967      c       
    4.37984919632089     -2.72405722684970     -0.34400116025898      h       
    5.39669579978150     -0.73660472654204     -2.84994575097756      h       
    1.42094518922642     -1.59960227297853     -6.12892638186168      c       
   -0.97400333782782     -1.89920019550463     -7.16301939117710      o       
    3.13165619392871      0.00969499929445     -7.30993385662826      o       
    2.29019482748739      0.76855229623960     -8.85087359422734      h       
    3.74070692867931     -5.34656720335068     -4.40719284399952      n       
    0.37700568725339     -3.72191956359122     -2.88601257146586      h       
    2.86675588528415     -6.97499693561736     -3.69942185503927      h       
    3.89395914317145     -5.60663986174062     -6.36720715917398      h       
  -.30096404020222D-12  -.72836016189702D-12  0.46263730693608D-12
  -.12482717767423D-12  0.30616519519286D-12  0.17933124061252D-12
  0.59036983472444D-12  0.42885343171616D-12  -.61302657015320D-12
  -.56033625547673D-12  -.36694928237484D-12  0.56524630896032D-12
  0.33975736313989D-12  -.25771314878138D-12  -.13116553538293D-12
  0.28387425602457D-12  0.63417852783423D-12  -.49213530386311D-12
  -.43532587474041D-12  -.22989444549426D-12  -.73850978500947D-12
  0.49173521970893D-12  0.32317914620481D-12  0.70161078010757D-12
  0.40973704328517D-12  0.27293835594411D-12  -.48265761504705D-12
  -.23171707066137D-12  -.53962257297140D-12  0.32394692397325D-12
  -.41588463900975D-12  -.26759230410938D-12  0.47904207185236D-12
  0.25620403422497D-12  0.57968465639636D-12  -.35402194684900D-12
  0.10954942736372D-12  -.65507495261574D-15  0.12933664556014D-13
  -.42866411731135D-13  -.16711323080551D-12  0.21267204306213D-12
  0.27854183803216D-13  -.50348993637511D-13  0.70486585318497D-13
  0.67829531054386D-13  -.69453991169421D-15  -.43133140288643D-13
  0.13977443334701D-11  -.60594151224391D-12  0.25112967261265D-11
  -.56380624995078D-11  -.25095450890966D-11  -.15674267981637D-11
  0.43540413245322D-11  0.35566879302840D-11  -.74988604735482D-12
  -.51092241331804D-12  0.20774853191907D-12  -.64624347539954D-12
  0.45915886110609D-12  -.85278138717282D-13  -.20602009681570D-13
  -.37645114889934D-12  -.13746111453966D-12  0.26918137857601D-12
  -.14140815254859D-12  -.30719740987117D-12  0.14369267494624D-12
  -.91043709030125D-14  -.55006238279531D-13  -.93255373041778D-13
$end
