$ufftopology
nxtnei12
    1     3
          2     4    20
    2     3
          1     3    21
    3     3
          2     6     7
    4     3
          1     5    22
    5     3
          4     6    23
    6     3
          3     5     8
    7     3
          3     9    10
    8     3
          6     9    11
    9     3
          7     8    24
   10     1
          7
   11     4
          8    12    13    14
   12     4
         11    15    16    17
   13     1
         11
   14     1
         11
   15     3
         12    25    26
   16     3
         12    18    19
   17     1
         12
   18     1
         16
   19     1
         16
   20     1
          1
   21     1
          2
   22     1
          4
   23     1
          5
   24     1
          9
   25     1
         15
   26     2
         15    27
   27     1
         26
nxtnei13
    1     4
          3    21     5    22
    2     4
          4    20     6     7
    3     6
          1    21     5     8     9    10
    4     4
          2    20     6    23
    5     4
          1    22     3     8
    6     6
          2     7     4    23     9    11
    7     4
          2     6     8    24
    8     7
          3     5     7    24    12    13    14
    9     4
          3    10     6    11
   10     2
          3     9
   11     5
          6     9    15    16    17
   12     7
          8    13    14    25    26    18    19
   13     3
          8    12    14
   14     3
          8    12    13
   15     4
         11    16    17    27
   16     3
         11    15    17
   17     3
         11    15    16
   18     2
         12    19
   19     2
         12    18
   20     2
          2     4
   21     2
          1     3
   22     2
          1     5
   23     2
          4     6
   24     2
          7     8
   25     2
         12    26
   26     2
         12    25
   27     1
         15
nxtnei14
    1     3
          6     7    23
    2     5
          5    22     8     9    10
    3     7
          4    20    23     9    11     8    24
    4     3
          3    21     8
    5     5
          2    20     7     9    11
    6    10
          1    21     9    10    22     7    24    12    13    14
    7     6
          1    21     5     8     6    11
    8     9
          2     7     4    23     3    10    15    16    17
    9     7
          2     6     3     5    12    13    14
   10     4
          2     6     8    24
   11     8
          3     5     7    24    25    26    18    19
   12     3
          6     9    27
   13     5
          6     9    15    16    17
   14     5
          6     9    15    16    17
   15     5
          8    13    14    18    19
   16     5
          8    13    14    25    26
   17     7
          8    13    14    25    26    18    19
   18     3
         11    15    17
   19     3
         11    15    17
   20     4
          3    21     5    22
   21     4
          4    20     6     7
   22     4
          2    20     6    23
   23     4
          1    22     3     8
   24     4
          3    10     6    11
   25     4
         11    16    17    27
   26     3
         11    16    17
   27     2
         12    25
connectivity (= bond)
                    28
     1     2   2.576513   2.000000
     1     4   2.584553   2.000000
     1    20   2.054267   1.000000
     2     3   2.549959   2.000000
     2    21   2.049781   1.000000
     3     6   2.521065   2.000000
     3     7   2.684798   1.000000
     4     5   2.577611   2.000000
     4    22   2.054812   1.000000
     5     6   2.566425   2.000000
     5    23   2.051854   1.000000
     6     8   2.535797   2.000000
     7     9   2.711428   1.000000
     7    10   1.976830   1.000000
     8     9   2.541024   2.000000
     8    11   2.857965   1.000000
     9    24   2.059726   1.000000
    11    12   2.920373   1.000000
    11    13   2.105076   1.000000
    11    14   2.099049   1.000000
    12    15   2.874582   1.000000
    12    16   2.784052   1.000000
    12    17   2.107041   1.000000
    15    25   2.626715   1.000000
    15    26   2.630765   1.000000
    16    18   1.977878   1.000000
    16    19   1.982922   1.000000
    26    27   1.912836   1.000000
angle
                    46
     1     2     3     2     118.28       1.00       4.00
     1     2    21     2     121.22       1.00       5.00
     1     4     5     2     120.35       2.00       8.00
     1     4    22     2     119.81       2.00       9.00
     2     1     4     2     120.27       1.00       2.00
     2     1    20     2     119.82       1.00       3.00
     2     3     6     2     121.81       4.00       6.00
     2     3     7     2     127.20       4.00       7.00
     3     2    21     2     120.50       4.00       5.00
     3     6     5     2     120.96       6.00      10.00
     3     6     8     2     109.15       6.00      12.00
     3     7     9     9     101.02       7.00      13.00
     3     7    10     9     129.29       7.00      14.00
     4     1    20     2     119.91       2.00       3.00
     4     5     6     2     118.33       8.00      10.00
     4     5    23     2     120.20       8.00      11.00
     5     4    22     2     119.84       8.00       9.00
     5     6     8     2     129.89      10.00      12.00
     6     3     7     2     110.98       6.00       7.00
     6     5    23     2     121.47      10.00      11.00
     6     8     9     2     108.39      12.00      15.00
     6     8    11     2     126.85      12.00      16.00
     7     9     8     2     110.46      13.00      15.00
     7     9    24     2     124.75      13.00      17.00
     8     9    24     2     124.74      15.00      17.00
     8    11    12     9     111.67      16.00      18.00
     8    11    13     9     109.55      16.00      19.00
     8    11    14     9     109.37      16.00      20.00
     9     7    10     9     129.69      13.00      14.00
     9     8    11     2     124.69      15.00      16.00
    11    12    15     9     111.89      18.00      21.00
    11    12    16     9     109.65      18.00      22.00
    11    12    17     9     109.57      18.00      23.00
    12    11    13     9     109.33      18.00      19.00
    12    11    14     9     110.19      18.00      20.00
    12    15    25     2     120.27      21.00      24.00
    12    15    26     2     120.53      21.00      25.00
    12    16    18     9     110.25      22.00      26.00
    12    16    19     9     109.62      22.00      27.00
    13    11    14     9     106.59      19.00      20.00
    15    12    16     9     111.10      21.00      22.00
    15    12    17     9     105.69      21.00      23.00
    15    26    27     9     108.42      25.00      28.00
    16    12    17     9     108.82      22.00      23.00
    18    16    19     9     107.94      26.00      27.00
    25    15    26     2     119.20      24.00      25.00
torsion
                    69
     4     1     2     3     1     3   0.19587222 120.27032015 118.28429438
     4     1     2    21     1     3 180.42920648 120.27032015 121.21671498
    20     1     2     3     1     3 179.91547312 119.82087269 118.28429438
    20     1     2    21     1     3   0.14880738 119.82087269 121.21671498
     2     1     4     5     2     3 359.94113256 120.27032015 120.34509792
     2     1     4    22     2     3 179.70531727 120.27032015 119.81442104
    20     1     4     5     2     3 180.22177721 119.90821407 120.34509792
    20     1     4    22     2     3 359.98596191 119.90821407 119.81442104
     1     2     3     6     4     3 359.88989595 118.28429438 121.81098242
     1     2     3     7     4     3 180.87388403 118.28429438 127.20248082
    21     2     3     6     4     3 179.65830260 120.49857537 121.81098242
    21     2     3     7     4     3   0.64229068 120.49857537 127.20248082
     2     3     6     5     6     3 359.88229056 121.81098242 120.95923593
     2     3     6     8     6     3 180.50550270 121.81098242 109.14877805
     7     3     6     5     6     3 179.04290182 110.98041160 120.95923593
     7     3     6     8     6     3 359.66611396 110.98041160 109.14877805
     2     3     7     9     7    22 178.89654342 127.20248082 101.02031453
     2     3     7    10     7    22 358.58085596 127.20248082 129.29259765
     6     3     7     9     7    22 359.79209363 110.98041160 101.02031453
     6     3     7    10     7    22 179.47640617 110.98041160 129.29259765
     1     4     5     6     8     3 359.83532768 120.34509792 118.32946617
     1     4     5    23     8     3 179.56798337 120.34509792 120.20335553
    22     4     5     6     8     3 180.07120350 119.84006214 118.32946617
    22     4     5    23     8     3 359.80385918 119.84006214 120.20335553
     4     5     6     3    10     3   0.25355263 118.32946617 120.95923593
     4     5     6     8    10     3 179.48626514 118.32946617 129.88840757
    23     5     6     3    10     3 180.52443910 121.46662201 120.95923593
    23     5     6     8    10     3 359.75715161 121.46662201 129.88840757
     3     6     8     9    12     3   0.77555614 109.14877805 108.38661748
     3     6     8    11    12     3 177.75142526 109.14877805 126.85413649
     5     6     8     9    12     3 181.47206527 129.88840757 108.38661748
     5     6     8    11    12     3 358.44793439 129.88840757 126.85413649
     3     7     9     8    13     2   0.68424234 101.02031453 110.45622227
     3     7     9    24    13    22 183.23667668 101.02031453 124.75184646
    10     7     9     8    13     2 181.00172207 129.68622932 110.45622227
    10     7     9    24    13    22   3.55415641 129.68622932 124.75184646
     6     8     9     7    15     3 359.07411985 108.38661748 110.45622227
     6     8     9    24    15     3 176.52209310 108.38661748 124.73866319
    11     8     9     7    15     3 182.01681728 124.68553370 110.45622227
    11     8     9    24    15     3 359.46479052 124.68553370 124.73866319
     6     8    11    12    16    22 275.77991629 126.85413649 111.67254215
     6     8    11    13    16    22 154.49978142 126.85413649 109.55493910
     6     8    11    14    16    22  38.01389602 126.85413649 109.36793175
     9     8    11    12    16    22  92.28942174 124.68553370 111.67254215
     9     8    11    13    16    22 331.00928687 124.68553370 109.55493910
     9     8    11    14    16    22 214.52340147 124.68553370 109.36793175
     8    11    12    15    18     1 297.78817157 111.67254215 111.89332813
     8    11    12    16    18     1 174.04147220 111.67254215 109.65073794
     8    11    12    17    18     1  54.67163005 111.67254215 109.57162852
    13    11    12    15    18     1  59.19622534 109.33424794 111.89332813
    13    11    12    16    18     1 295.44952597 109.33424794 109.65073794
    13    11    12    17    18     1 176.07968382 109.33424794 109.57162852
    14    11    12    15    18     1 176.02789767 110.19094068 111.89332813
    14    11    12    16    18     1  52.28119830 110.19094068 109.65073794
    14    11    12    17    18     1 292.91135614 110.19094068 109.57162852
    11    12    15    25    21    22 133.20332527 111.89332813 120.27159156
    11    12    15    26    21    22 313.93405743 111.89332813 120.52512535
    16    12    15    25    21    22 256.13002211 111.10286870 120.27159156
    16    12    15    26    21    22  76.86075427 111.10286870 120.52512535
    17    12    15    25    21    22  14.00276660 105.68901337 120.27159156
    17    12    15    26    21    22 194.73349875 105.68901337 120.52512535
    11    12    16    18    22     1 303.53148234 109.65073794 110.24882167
    11    12    16    19    22     1  62.21913554 109.65073794 109.61838392
    15    12    16    18    22     1 179.32280971 111.10286870 110.24882167
    15    12    16    19    22     1 298.01046291 111.10286870 109.61838392
    17    12    16    18    22     1  63.36380978 108.81690628 110.24882167
    17    12    16    19    22     1 182.05146299 108.81690628 109.61838392
    12    15    26    27    25     3 182.94583163 120.52512535 108.42484825
    25    15    26    27    25     3   3.66879308 119.19931180 108.42484825
inversion
                    11
     1     2     4    20    11    11    11    0.243    0.242    0.242
     2     1     3    21    11    11    11   -0.200   -0.205   -0.204
     3     2     6     7    11    11    11   -0.784   -0.836   -0.713
     4     1     5    22    11    11    11    0.205    0.204    0.204
     5     4     6    23    11    11    11    0.231    0.235    0.238
     6     3     5     8    11    11    11   -0.589   -0.534   -0.658
     7     3     9    10     9     9     9    0.244    0.310    0.312
     8     6     9    11    11    11    11    2.419    2.870    2.792
     9     7     8    24    11    11    11   -2.097   -2.391   -2.391
    15    12    25    26    10    10    11   -0.629   -0.631   -0.623
    16    12    18    19     9     9     9   55.723   55.390   54.575
nonbond
                   277
    1     6    5.101
    1     7    6.966
    1     8    7.604
    1     9    8.460
    1    10    8.025
    1    11    9.817
    1    12   10.917
    1    13   11.486
    1    14    9.766
    1    15   12.040
    1    16   13.223
    1    17    9.783
    1    18   13.032
    1    19   14.485
    1    23    6.340
    1    24   10.506
    1    25   12.267
    1    26   13.572
    1    27   14.564
    2     5    5.186
    2     8    6.548
    2     9    6.673
    2    10    5.502
    2    11    9.194
    2    12   10.467
    2    13   10.580
    2    14    9.607
    2    15   11.101
    2    16   13.021
    2    17    9.683
    2    18   13.151
    2    19   14.044
    2    22    6.334
    2    23    7.237
    2    24    8.627
    2    25   11.387
    2    26   12.261
    2    27   13.098
    3     4    5.088
    3    11    6.896
    3    12    8.338
    3    13    8.138
    3    14    7.595
    3    15    8.887
    3    16   10.938
    3    17    7.914
    3    18   11.230
    3    19   11.781
    3    20    6.271
    3    22    7.142
    3    23    6.297
    3    24    6.170
    3    25    9.522
    3    26    9.851
    3    27   10.791
    4     7    7.752
    4     8    6.862
    4     9    8.444
    4    10    9.257
    4    11    8.462
    4    12    9.443
    4    13   10.315
    4    14    8.029
    4    15   11.069
    4    16   11.436
    4    17    8.190
    4    18   10.986
    4    19   12.820
    4    21    6.348
    4    24   10.472
    4    25   11.503
    4    26   12.830
    4    27   14.041
    5     7    6.725
    5     9    6.635
    5    10    8.544
    5    11    5.905
    5    12    7.027
    5    13    7.795
    5    14    5.504
    5    15    8.846
    5    16    9.012
    5    17    6.030
    5    18    8.625
    5    19   10.300
    5    20    6.337
    5    21    7.235
    5    24    8.544
    5    25    9.659
    5    26   10.538
    5    27   11.899
    6    10    6.205
    6    12    6.337
    6    13    6.416
    6    14    5.240
    6    15    7.547
    6    16    8.750
    6    17    5.889
    6    18    8.837
    6    19    9.710
    6    20    7.156
    6    21    6.283
    6    22    6.289
    6    24    6.097
    6    25    8.536
    6    26    8.816
    6    27   10.080
    7    11    7.076
    7    12    8.566
    7    13    7.714
    7    14    8.305
    7    15    8.399
    7    16   11.214
    7    17    8.678
    7    18   11.865
    7    19   11.684
    7    20    8.682
    7    21    5.227
    7    22    9.805
    7    23    8.325
    7    25    9.160
    7    26    8.691
    7    27    9.394
    8    10    6.234
    8    15    5.748
    8    16    7.205
    8    17    5.178
    8    18    7.626
    8    19    7.783
    8    20    9.656
    8    21    8.118
    8    22    8.604
    8    23    5.267
    8    25    7.318
    8    26    6.569
    8    27    7.987
    9    12    6.415
    9    13    5.112
    9    14    6.333
    9    15    6.287
    9    16    8.907
    9    17    7.051
    9    18    9.680
    9    19    9.147
    9    20   10.406
    9    21    7.691
    9    22   10.385
    9    23    7.663
    9    25    7.655
    9    26    6.332
    9    27    7.349
   10    11    8.913
   10    12   10.318
   10    13    9.332
   10    14   10.216
   10    15    9.791
   10    16   12.974
   10    17   10.474
   10    18   13.735
   10    19   13.338
   10    20    9.464
   10    21    5.277
   10    22   11.302
   10    23   10.238
   10    24    5.152
   10    25   10.343
   10    26    9.790
   10    27   10.199
   11    18    5.018
   11    19    5.090
   11    20   11.853
   11    21   10.892
   11    22    9.806
   11    23    5.487
   11    24    5.381
   11    25    6.990
   11    26    5.661
   11    27    7.454
   12    20   12.870
   12    21   12.154
   12    22   10.579
   12    23    6.356
   12    24    6.782
   12    27    6.360
   13    15    5.256
   13    16    5.204
   13    17    5.869
   13    18    5.774
   13    19    4.786
   13    20   13.534
   13    21   12.104
   13    22   11.726
   13    23    7.446
   13    24    4.952
   13    25    7.775
   13    26    5.098
   13    27    6.959
   14    15    6.613
   14    16    5.042
   14    17    4.869
   14    18    4.537
   14    19    5.626
   14    20   11.722
   14    21   11.462
   14    22    9.058
   14    23    4.547
   14    24    7.176
   14    25    8.680
   14    26    7.620
   14    27    9.456
   15    18    6.393
   15    19    5.108
   15    20   13.967
   15    21   12.459
   15    22   12.446
   15    23    8.675
   15    24    6.046
   16    20   15.134
   16    21   14.792
   16    22   12.254
   16    23    7.816
   16    24    9.011
   16    25    6.463
   16    26    6.032
   16    27    7.597
   17    18    4.616
   17    19    5.654
   17    20   11.616
   17    21   11.443
   17    22    9.146
   17    23    5.331
   17    24    7.881
   17    25    4.803
   17    26    6.403
   17    27    7.696
   18    20   14.880
   18    21   15.045
   18    22   11.550
   18    23    7.088
   18    24   10.053
   18    25    8.122
   18    26    7.803
   18    27    9.465
   19    20   16.462
   19    21   15.733
   19    22   13.769
   19    23    9.214
   19    24    8.849
   19    25    7.269
   19    26    5.559
   19    27    7.171
   20    21    4.661
   20    22    4.630
   20    23    8.030
   20    24   12.433
   20    25   14.013
   20    26   15.549
   20    27   16.471
   21    22    8.044
   21    23    9.287
   21    24    9.447
   21    25   12.579
   21    26   13.413
   21    27   14.050
   22    23    4.632
   22    24   12.383
   22    25   12.801
   22    26   14.378
   22    27   15.637
   23    24    9.347
   23    25    9.676
   23    26   10.505
   23    27   12.022
   24    25    7.617
   24    26    5.248
   24    27    6.104
   25    27    4.544
qpartial
                    27
        -0.13515   -0.09720    0.16383   -0.13139   -0.13499    0.08148
        -0.54588    0.04813   -0.00367    0.25611   -0.25384   -0.02375
         0.16553    0.11126    0.53977   -0.62718    0.17673    0.23816
         0.28594    0.13132    0.12113    0.13559    0.11449    0.19939
        -0.45833   -0.71540    0.35792
$end
