$ufftopology
nxtnei12
    1     3
          2     4    11
    2     3
          1     3     7
    3     3
          2     6    12
    4     3
          1     5    10
    5     3
          4     6    13
    6     3
          3     5     9
    7     2
          2     8
    8     1
          7
    9     1
          6
   10     2
          4    18
   11     1
          1
   12     1
          3
   13     4
          5    14    15    16
   14     4
         13    17    21    22
   15     1
         13
   16     1
         13
   17     3
         14    18    19
   18     2
         10    17
   19     2
         17    20
   20     1
         19
   21     3
         14    23    24
   22     1
         14
   23     1
         21
   24     1
         21
nxtnei13
    1     4
          3     7     5    10
    2     5
          4    11     6    12     8
    3     4
          1     7     5     9
    4     5
          2    11     6    13    18
    5     7
          1    10     3     9    14    15    16
    6     4
          2    12     4    13
    7     2
          1     3
    8     1
          2
    9     2
          3     5
   10     3
          1     5    17
   11     2
          2     4
   12     2
          2     6
   13     5
          4     6    17    21    22
   14     7
          5    15    16    18    19    23    24
   15     3
          5    14    16
   16     3
          5    14    15
   17     5
         13    21    22    10    20
   18     3
          4    14    19
   19     2
         14    18
   20     1
         17
   21     3
         13    17    22
   22     3
         13    17    21
   23     2
         14    24
   24     2
         14    23
nxtnei14
    1     5
          6    12     8    13    18
    2     3
          5    10     9
    3     4
          4    11     8    13
    4     7
          3     7     9    14    15    16    17
    5     7
          2    11    18    12    17    21    22
    6     6
          1     7    10    14    15    16
    7     4
          4    11     6    12
    8     2
          1     3
    9     4
          2    12     4    13
   10     6
          2    11     6    13    14    19
   11     4
          3     7     5    10
   12     4
          1     7     5     9
   13     8
          1    10     3     9    18    19    23    24
   14     4
          4     6    10    20
   15     5
          4     6    17    21    22
   16     5
          4     6    17    21    22
   17     6
          5    15    16    23    24     4
   18     6
          1     5    13    21    22    20
   19     4
         13    21    22    10
   20     2
         14    18
   21     5
          5    15    16    18    19
   22     7
          5    15    16    18    19    23    24
   23     3
         13    17    22
   24     3
         13    17    22
connectivity (= bond)
                    25
     1     2   2.569902   2.000000
     1     4   2.560649   2.000000
     1    11   2.049091   1.000000
     2     3   2.560559   2.000000
     2     7   2.642464   1.000000
     3     6   2.569442   2.000000
     3    12   2.049760   1.000000
     4     5   2.562484   2.000000
     4    10   2.234619   1.000000
     5     6   2.571194   2.000000
     5    13   2.882592   1.000000
     6     9   2.053798   1.000000
     7     8   1.917215   1.000000
    10    18   2.080920   1.000000
    13    14   2.945838   1.000000
    13    15   2.101589   1.000000
    13    16   2.103335   1.000000
    14    17   2.934727   1.000000
    14    21   2.791596   1.000000
    14    22   2.111729   1.000000
    17    18   2.632107   1.000000
    17    19   2.626626   1.000000
    19    20   1.903329   1.000000
    21    23   1.981822   1.000000
    21    24   1.983318   1.000000
angle
                    40
     1     2     3     2     119.62       1.00       4.00
     1     2     7     2     121.62       1.00       5.00
     1     4     5     2     121.19       2.00       8.00
     1     4    10     2     125.17       2.00       9.00
     2     1     4     2     119.60       1.00       2.00
     2     1    11     2     120.67       1.00       3.00
     2     3     6     2     120.54       4.00       6.00
     2     3    12     2     118.82       4.00       7.00
     2     7     8     9     114.07       5.00      13.00
     3     2     7     2     118.76       4.00       5.00
     3     6     5     2     120.03       6.00      10.00
     3     6     9     2     119.41       6.00      12.00
     4     1    11     2     119.73       2.00       3.00
     4     5     6     2     119.01       8.00      10.00
     4     5    13     2     119.70       8.00      11.00
     4    10    18     9     179.14       9.00      14.00
     5     4    10     2     113.64       8.00       9.00
     5     6     9     2     120.56      10.00      12.00
     5    13    14     9     113.93      11.00      15.00
     5    13    15     9     108.87      11.00      16.00
     5    13    16     9     109.12      11.00      17.00
     6     3    12     2     120.64       6.00       7.00
     6     5    13     2     121.21      10.00      11.00
    10    18    17     9     105.16      14.00      21.00
    13    14    17     9     112.37      15.00      18.00
    13    14    21     9     108.79      15.00      19.00
    13    14    22     9     108.39      15.00      20.00
    14    13    15     9     108.98      15.00      16.00
    14    13    16     9     109.32      15.00      17.00
    14    17    18     2     119.65      18.00      21.00
    14    17    19     2     122.99      18.00      22.00
    14    21    23     9     109.93      19.00      24.00
    14    21    24     9     108.87      19.00      25.00
    15    13    16     9     106.33      16.00      17.00
    17    14    21     9     112.98      18.00      19.00
    17    14    22     9     105.09      18.00      20.00
    17    19    20     9     111.26      22.00      23.00
    18    17    19     2     117.36      21.00      22.00
    21    14    22     9     109.04      19.00      20.00
    23    21    24     9     104.41      24.00      25.00
torsion
                    60
     4     1     2     3     1     3   0.10972266 119.60130791 119.61627103
     4     1     2     7     1     3 180.02266007 119.60130791 121.62057296
    11     1     2     3     1     3 180.23493468 120.67231877 119.61627103
    11     1     2     7     1     3   0.14787209 120.67231877 121.62057296
     2     1     4     5     2     3   0.59290905 119.60130791 121.18851374
     2     1     4    10     2     3 179.75244301 119.60130791 125.16631507
    11     1     4     5     2     3 180.46889458 119.72625550 121.18851374
    11     1     4    10     2     3 359.62842854 119.72625550 125.16631507
     1     2     3     6     4     3 359.87392387 119.61627103 120.53874533
     1     2     3    12     4     3 179.58867590 119.61627103 118.82244782
     7     2     3     6     4     3 179.95849580 118.76310015 120.53874533
     7     2     3    12     4     3 359.67324782 118.76310015 118.82244782
     1     2     7     8     5     3 359.66498245 121.62057296 114.06830108
     3     2     7     8     5     3 179.57864111 118.76310015 114.06830108
     2     3     6     5     6     3 359.44831743 120.53874533 120.02845477
     2     3     6     9     6     3 179.30192730 120.53874533 119.41283303
    12     3     6     5     6     3 179.73877551 120.63818412 120.02845477
    12     3     6     9     6     3 359.59238538 120.63818412 119.41283303
     1     4     5     6     8     3 358.74022101 121.18851374 119.01479109
     1     4     5    13     8     3 181.87410868 121.18851374 119.70397511
    10     4     5     6     8     3 179.49022364 113.64046534 119.01479109
    10     4     5    13     8     3   2.62411131 113.64046534 119.70397511
     1     4    10    18     9     9   0.78806282 125.16631507 179.14137044
     5     4    10    18     9     9 180.00320913 113.64046534 179.14137044
     4     5     6     3    10     3   1.22955977 119.01479109 120.02845477
     4     5     6     9    10     3 181.37764886 119.01479109 120.55854842
    13     5     6     3    10     3 178.04696785 121.20510856 120.02845477
    13     5     6     9    10     3 358.19505693 121.20510856 120.55854842
     4     5    13    14    11    22 320.97331056 119.70397511 113.93100206
     4     5    13    15    11    22 199.11912763 119.70397511 108.86613268
     4     5    13    16    11    22  83.45724729 119.70397511 109.12470537
     6     5    13    14    11    22 144.17753334 121.20510856 113.93100206
     6     5    13    15    11    22  22.32335041 121.20510856 108.86613268
     6     5    13    16    11    22 266.66147007 121.20510856 109.12470537
     4    10    18    17    14     9 187.26404650 179.14137044 105.16157817
     5    13    14    17    15     1  70.68798882 113.93100206 112.37128251
     5    13    14    21    15     1 196.56034476 113.93100206 108.78575630
     5    13    14    22    15     1 314.99782140 113.93100206 108.38579163
    15    13    14    17    15     1 192.47688784 108.98428803 112.37128251
    15    13    14    21    15     1 318.34924379 108.98428803 108.78575630
    15    13    14    22    15     1  76.78672043 108.98428803 108.38579163
    16    13    14    17    15     1 308.31324740 109.32365532 112.37128251
    16    13    14    21    15     1  74.18560334 109.32365532 108.78575630
    16    13    14    22    15     1 192.62307998 109.32365532 108.38579163
    13    14    17    18    18    22 299.92053461 112.37128251 119.65112274
    13    14    17    19    18    22 120.07248624 112.37128251 122.99103062
    21    14    17    18    18    22 176.35979847 112.98222083 119.65112274
    21    14    17    19    18    22 356.51175009 112.98222083 122.99103062
    22    14    17    18    18    22  57.58284452 105.09176972 119.65112274
    22    14    17    19    18    22 237.73479614 105.09176972 122.99103062
    13    14    21    23    19     1  55.68762997 108.78575630 109.92584144
    13    14    21    24    19     1 169.49404064 108.78575630 108.86740837
    17    14    21    23    19     1 181.20466877 112.98222083 109.92584144
    17    14    21    24    19     1 295.01107943 112.98222083 108.86740837
    22    14    21    23    19     1 297.66361035 109.04109114 109.92584144
    22    14    21    24    19     1  51.47002101 109.04109114 108.86740837
    14    17    18    10    21     3  21.00097134 119.65112274 105.16157817
    19    17    18    10    21     3 200.85747129 117.35768127 105.16157817
    14    17    19    20    22     3 348.19718172 122.99103062 111.26271049
    18    17    19    20    22     3 168.34586537 117.35768127 111.26271049
inversion
                     8
     1     2     4    11    11    11    11   -0.108   -0.109   -0.108
     2     1     3     7    10    11    11    0.074    0.076    0.074
     3     2     6    12    11    11    11    0.250    0.246    0.250
     4     1     5    10    11    11    11    0.687    0.719    0.642
     5     4     6    13    11    11    11   -2.722   -2.740   -2.783
     6     3     5     9    11    11    11    0.128    0.127    0.128
    17    14    18    19    10    10    11   -0.127   -0.132   -0.125
    21    14    23    24     9     9     9   59.969   59.333   57.179
nonbond
                   211
    1     6    5.136
    1     8    4.792
    1     9    7.190
    1    12    6.282
    1    13    7.092
    1    14    8.104
    1    15    8.518
    1    16    7.915
    1    17    7.965
    1    18    6.146
    1    19   10.373
    1    20   11.620
    1    21   10.849
    1    22    7.774
    1    23   11.452
    1    24   11.874
    2     5    5.157
    2     9    6.306
    2    10    6.533
    2    13    8.039
    2    14    9.627
    2    15    8.974
    2    16    8.911
    2    17   10.055
    2    18    8.542
    2    19   12.544
    2    20   13.602
    2    21   12.212
    2    22    9.231
    2    23   12.454
    2    24   13.412
    3     4    5.100
    3     8    6.135
    3    10    7.327
    3    11    6.303
    3    13    7.115
    3    14    9.226
    3    15    7.515
    3    16    8.037
    3    17   10.315
    3    18    9.406
    3    19   12.830
    3    20   13.560
    3    21   11.490
    3    22    8.969
    3    23   11.385
    3    24   12.902
    4     7    6.877
    4     8    7.339
    4     9    6.299
    4    12    7.150
    4    14    5.611
    4    15    6.373
    4    16    5.598
    4    17    5.627
    4    19    8.114
    4    20    9.204
    4    21    8.346
    4    22    5.589
    4    23    9.056
    4    24    9.447
    5     7    7.799
    5     8    8.785
    5    11    6.310
    5    12    6.319
    5    17    6.079
    5    18    5.848
    5    19    8.546
    5    20    9.137
    5    21    7.240
    5    22    5.133
    5    23    7.507
    5    24    8.693
    6     7    6.849
    6     8    8.295
    6    10    6.371
    6    11    7.185
    6    14    7.138
    6    15    4.965
    6    16    5.774
    6    17    8.636
    6    18    8.326
    6    19   11.080
    6    20   11.552
    6    21    9.163
    6    22    7.160
    6    23    8.972
    6    24   10.707
    7     9    8.477
    7    10    8.800
    7    11    5.024
    7    12    4.848
    7    13   10.681
    7    14   12.199
    7    15   11.558
    7    16   11.499
    7    17   12.460
    7    18   10.689
    7    19   14.903
    7    20   16.075
    7    21   14.814
    7    22   11.671
    7    23   15.040
    7    24   15.945
    8     9   10.080
    8    10    8.938
    8    11    4.434
    8    12    6.741
    8    13   11.621
    8    14   12.820
    8    15   12.734
    8    16   12.391
    8    17   12.683
    8    18   10.619
    8    19   15.015
    8    20   16.361
    8    21   15.539
    8    22   12.245
    8    23   15.960
    8    24   16.527
    9    10    8.038
    9    11    9.239
    9    12    4.623
    9    13    5.157
    9    14    7.768
    9    15    4.537
    9    16    6.053
    9    17    9.712
    9    18    9.853
    9    19   12.009
    9    20   12.177
    9    21    9.268
    9    22    7.932
    9    23    8.699
    9    24   10.940
   10    11    4.864
   10    12    9.377
   10    13    4.909
   10    14    4.732
   10    15    6.879
   10    16    5.564
   10    19    6.119
   10    20    7.437
   10    21    7.457
   10    22    4.943
   10    23    8.599
   10    24    8.290
   11    12    7.982
   11    13    8.706
   11    14    9.267
   11    15   10.301
   11    16    9.420
   11    17    8.560
   11    18    6.290
   11    19   10.755
   11    20   12.236
   11    21   12.058
   11    22    8.860
   11    23   12.869
   11    24   12.871
   12    13    8.773
   12    14   11.028
   12    15    8.824
   12    16    9.636
   12    17   12.299
   12    18   11.455
   12    19   14.804
   12    20   15.450
   12    21   13.123
   12    22   10.731
   12    23   12.803
   12    24   14.581
   13    18    5.928
   13    19    6.956
   13    20    7.023
   13    23    4.989
   13    24    6.387
   14    20    4.981
   15    17    6.661
   15    18    7.934
   15    19    8.538
   15    20    8.247
   15    21    4.857
   15    22    4.959
   15    23    4.322
   15    24    6.659
   16    17    5.222
   16    18    6.317
   16    19    6.768
   16    20    6.705
   16    21    5.356
   16    22    5.855
   16    23    5.962
   16    24    7.192
   17    23    6.490
   17    24    5.244
   18    20    6.101
   18    21    7.207
   18    22    5.225
   18    23    8.713
   18    24    7.682
   19    21    5.469
   19    22    6.161
   19    23    7.440
   19    24    5.453
   20    21    4.556
   20    22    6.500
   20    23    6.502
   20    24    4.523
   22    23    4.612
   22    24    4.453
qpartial
                    24
        -0.08968    0.24451   -0.03419   -0.08152   -0.00103   -0.13932
        -0.68874    0.35618    0.12415    0.34174    0.13590    0.16431
        -0.26582   -0.08780    0.13676    0.16148    0.57374   -0.62456
        -0.60392    0.39940   -0.73224    0.18313    0.26961    0.25792
$end
