$ufftopology
nxtnei12
    1     3
          2     4    20
    2     3
          1     3    21
    3     3
          2     6     7
    4     3
          1     5    22
    5     3
          4     6    23
    6     3
          3     5     8
    7     3
          3     9    10
    8     3
          6     9    11
    9     3
          7     8    24
   10     1
          7
   11     4
          8    12    13    14
   12     4
         11    15    16    17
   13     1
         11
   14     1
         11
   15     3
         12    25    26
   16     3
         12    18    19
   17     1
         12
   18     1
         16
   19     1
         16
   20     1
          1
   21     1
          2
   22     1
          4
   23     1
          5
   24     1
          9
   25     1
         15
   26     2
         15    27
   27     1
         26
nxtnei13
    1     4
          3    21     5    22
    2     4
          4    20     6     7
    3     6
          1    21     5     8     9    10
    4     4
          2    20     6    23
    5     4
          1    22     3     8
    6     6
          2     7     4    23     9    11
    7     4
          2     6     8    24
    8     7
          3     5     7    24    12    13    14
    9     4
          3    10     6    11
   10     2
          3     9
   11     5
          6     9    15    16    17
   12     7
          8    13    14    25    26    18    19
   13     3
          8    12    14
   14     3
          8    12    13
   15     4
         11    16    17    27
   16     3
         11    15    17
   17     3
         11    15    16
   18     2
         12    19
   19     2
         12    18
   20     2
          2     4
   21     2
          1     3
   22     2
          1     5
   23     2
          4     6
   24     2
          7     8
   25     2
         12    26
   26     2
         12    25
   27     1
         15
nxtnei14
    1     3
          6     7    23
    2     5
          5    22     8     9    10
    3     7
          4    20    23     9    11     8    24
    4     3
          3    21     8
    5     5
          2    20     7     9    11
    6    10
          1    21     9    10    22     7    24    12    13    14
    7     6
          1    21     5     8     6    11
    8     9
          2     7     4    23     3    10    15    16    17
    9     7
          2     6     3     5    12    13    14
   10     4
          2     6     8    24
   11     8
          3     5     7    24    25    26    18    19
   12     3
          6     9    27
   13     5
          6     9    15    16    17
   14     5
          6     9    15    16    17
   15     5
          8    13    14    18    19
   16     5
          8    13    14    25    26
   17     7
          8    13    14    25    26    18    19
   18     3
         11    15    17
   19     3
         11    15    17
   20     4
          3    21     5    22
   21     4
          4    20     6     7
   22     4
          2    20     6    23
   23     4
          1    22     3     8
   24     4
          3    10     6    11
   25     4
         11    16    17    27
   26     3
         11    16    17
   27     2
         12    25
connectivity (= bond)
                    28
     1     2   2.576878   2.000000
     1     4   2.584978   2.000000
     1    20   2.054614   1.000000
     2     3   2.550431   2.000000
     2    21   2.049930   1.000000
     3     6   2.520608   2.000000
     3     7   2.684637   1.000000
     4     5   2.577659   2.000000
     4    22   2.054981   1.000000
     5     6   2.565939   2.000000
     5    23   2.052719   1.000000
     6     8   2.536097   2.000000
     7     9   2.710460   1.000000
     7    10   1.976031   1.000000
     8     9   2.539884   2.000000
     8    11   2.856830   1.000000
     9    24   2.055298   1.000000
    11    12   2.911970   1.000000
    11    13   2.104029   1.000000
    11    14   2.102904   1.000000
    12    15   2.877273   1.000000
    12    16   2.787580   1.000000
    12    17   2.106610   1.000000
    15    25   2.626164   1.000000
    15    26   2.626625   1.000000
    16    18   1.981210   1.000000
    16    19   1.980571   1.000000
    26    27   1.912540   1.000000
angle
                    46
     1     2     3     2     118.28       1.00       4.00
     1     2    21     2     121.24       1.00       5.00
     1     4     5     2     120.34       2.00       8.00
     1     4    22     2     119.90       2.00       9.00
     2     1     4     2     120.26       1.00       2.00
     2     1    20     2     119.83       1.00       3.00
     2     3     6     2     121.81       4.00       6.00
     2     3     7     2     127.23       4.00       7.00
     3     2    21     2     120.48       4.00       5.00
     3     6     5     2     120.97       6.00      10.00
     3     6     8     2     109.17       6.00      12.00
     3     7     9     9     101.02       7.00      13.00
     3     7    10     9     129.50       7.00      14.00
     4     1    20     2     119.91       2.00       3.00
     4     5     6     2     118.34       8.00      10.00
     4     5    23     2     120.23       8.00      11.00
     5     4    22     2     119.76       8.00       9.00
     5     6     8     2     129.87      10.00      12.00
     6     3     7     2     110.96       6.00       7.00
     6     5    23     2     121.43      10.00      11.00
     6     8     9     2     108.35      12.00      15.00
     6     8    11     2     126.77      12.00      16.00
     7     9     8     2     110.50      13.00      15.00
     7     9    24     2     124.56      13.00      17.00
     8     9    24     2     124.92      15.00      17.00
     8    11    12     9     111.31      16.00      18.00
     8    11    13     9     109.26      16.00      19.00
     8    11    14     9     109.87      16.00      20.00
     9     7    10     9     129.48      13.00      14.00
     9     8    11     2     124.82      15.00      16.00
    11    12    15     9     111.02      18.00      21.00
    11    12    16     9     109.17      18.00      22.00
    11    12    17     9     109.06      18.00      23.00
    12    11    13     9     110.29      18.00      19.00
    12    11    14     9     109.73      18.00      20.00
    12    15    25     2     119.63      21.00      24.00
    12    15    26     2     121.11      21.00      25.00
    12    16    18     9     108.85      22.00      26.00
    12    16    19     9     108.83      22.00      27.00
    13    11    14     9     106.27      19.00      20.00
    15    12    16     9     112.91      21.00      22.00
    15    12    17     9     105.28      21.00      23.00
    15    26    27     9     108.82      25.00      28.00
    16    12    17     9     109.27      22.00      23.00
    18    16    19     9     105.05      26.00      27.00
    25    15    26     2     119.25      24.00      25.00
torsion
                    69
     4     1     2     3     1     3 359.83867339 120.25523074 118.28172583
     4     1     2    21     1     3 179.70528729 120.25523074 121.23508801
    20     1     2     3     1     3 180.00394686 119.83247896 118.28172583
    20     1     2    21     1     3 359.87056077 119.83247896 121.23508801
     2     1     4     5     2     3   0.05796415 120.25523074 120.34019274
     2     1     4    22     2     3 180.17773200 120.25523074 119.89742084
    20     1     4     5     2     3 179.89255873 119.91208423 120.34019274
    20     1     4    22     2     3   0.01232657 119.91208423 119.89742084
     1     2     3     6     4     3   0.07267668 118.28172583 121.81302055
     1     2     3     7     4     3 179.28429860 118.28172583 127.22532768
    21     2     3     6     4     3 180.20502074 120.48305049 121.81302055
    21     2     3     7     4     3 359.41664266 120.48305049 127.22532768
     2     3     6     5     6     3   0.12364527 121.81302055 120.96560755
     2     3     6     8     6     3 179.63254179 121.81302055 109.16684487
     7     3     6     5     6     3 180.79586690 110.95772171 120.96560755
     7     3     6     8     6     3   0.30476342 110.95772171 109.16684487
     2     3     7     9     7    22 180.92963680 127.22532768 101.01876374
     2     3     7    10     7    22   1.01543364 127.22532768 129.50462822
     6     3     7     9     7    22   0.21223832 110.95772171 101.01876374
     6     3     7    10     7    22 180.29803516 110.95772171 129.50462822
     1     4     5     6     8     3   0.13423782 120.34019274 118.34377721
     1     4     5    23     8     3 180.31338620 120.34019274 120.22987650
    22     4     5     6     8     3 180.01463185 119.76227853 118.34377721
    22     4     5    23     8     3   0.19378023 119.76227853 120.22987650
     4     5     6     3    10     3 359.77472286 118.34377721 120.96560755
     4     5     6     8    10     3 180.37908856 118.34377721 129.86532661
    23     5     6     3    10     3 179.59332829 121.42609670 120.96560755
    23     5     6     8    10     3   0.19769399 121.42609670 129.86532661
     3     6     8     9    12     3 359.26735316 109.16684487 108.35221857
     3     6     8    11    12     3 181.95176081 109.16684487 126.77108210
     5     6     8     9    12     3 178.71871252 129.86532661 108.35221857
     5     6     8    11    12     3   1.40312017 129.86532661 126.77108210
     3     7     9     8    13     2 359.33732917 101.01876374 110.49746705
     3     7     9    24    13    22 177.63809888 101.01876374 124.56126653
    10     7     9     8    13     2 179.25156697 129.47654501 110.49746705
    10     7     9    24    13    22 357.55233668 129.47654501 124.56126653
     6     8     9     7    15     3   0.88540867 108.35221857 110.49746705
     6     8     9    24    15     3 182.59198446 108.35221857 124.91756085
    11     8     9     7    15     3 178.26622028 124.81845224 110.49746705
    11     8     9    24    15     3 359.97279606 124.81845224 124.91756085
     6     8    11    12    16    22  82.83884376 126.77108210 111.30649099
     6     8    11    13    16    22 320.79834402 126.77108210 109.25594295
     6     8    11    14    16    22 204.58541634 126.77108210 109.86597750
     9     8    11    12    16    22 265.94273829 124.81845224 111.30649099
     9     8    11    13    16    22 143.90223856 124.81845224 109.25594295
     9     8    11    14    16    22  27.68931087 124.81845224 109.86597750
     8    11    12    15    18     1 192.40009330 111.30649099 111.02184014
     8    11    12    16    18     1  67.28968951 111.30649099 109.16806972
     8    11    12    17    18     1 307.96570392 111.30649099 109.06111579
    13    11    12    15    18     1 313.83950716 110.29021191 111.02184014
    13    11    12    16    18     1 188.72910337 110.29021191 109.16806972
    13    11    12    17    18     1  69.40511778 110.29021191 109.06111579
    14    11    12    15    18     1  70.57325055 109.72778512 111.02184014
    14    11    12    16    18     1 305.46284676 109.72778512 109.16806972
    14    11    12    17    18     1 186.13886117 109.72778512 109.06111579
    11    12    15    25    21    22  73.34400892 111.02184014 119.62863721
    11    12    15    26    21    22 254.24534426 111.02184014 121.11318945
    16    12    15    25    21    22 196.32197580 112.91254885 119.62863721
    16    12    15    26    21    22  17.22331115 112.91254885 121.11318945
    17    12    15    25    21    22 315.45904890 105.28290187 119.62863721
    17    12    15    26    21    22 136.36038424 105.28290187 121.11318945
    11    12    16    18    22     1  65.32699820 109.16806972 108.84638034
    11    12    16    19    22     1 179.29412815 109.16806972 108.82823934
    15    12    16    18    22     1 301.32395397 112.91254885 108.84638034
    15    12    16    19    22     1  55.29108393 112.91254885 108.82823934
    17    12    16    18    22     1 184.52202329 109.26899595 108.84638034
    17    12    16    19    22     1 298.48915325 109.26899595 108.82823934
    12    15    26    27    25     3 178.94873832 121.11318945 108.81840700
    25    15    26    27    25     3 359.84673663 119.25212603 108.81840700
inversion
                    11
     1     2     4    20    11    11    11   -0.143   -0.143   -0.143
     2     1     3    21    11    11    11    0.114    0.117    0.117
     3     2     6     7    11    11    11    0.628    0.670    0.571
     4     1     5    22    11    11    11   -0.104   -0.103   -0.103
     5     4     6    23    11    11    11   -0.155   -0.158   -0.160
     6     3     5     8    11    11    11    0.464    0.421    0.518
     7     3     9    10     9     9     9   -0.066   -0.084   -0.084
     8     6     9    11    11    11    11   -2.150   -2.548   -2.486
     9     7     8    24    11    11    11    1.399    1.592    1.598
    15    12    25    26    10    10    11   -0.772   -0.783   -0.769
    16    12    18    19     9     9     9   59.869   59.859   57.949
nonbond
                   277
    1     6    5.102
    1     7    6.966
    1     8    7.605
    1     9    8.460
    1    10    8.031
    1    11    9.815
    1    12   10.867
    1    13    9.771
    1    14   11.494
    1    15   13.121
    1    16   12.065
    1    17    9.666
    1    18   13.519
    1    19   13.191
    1    23    6.341
    1    24   10.502
    1    25   13.171
    1    26   15.546
    1    27   16.823
    2     5    5.185
    2     8    6.549
    2     9    6.673
    2    10    5.508
    2    11    9.193
    2    12   10.432
    2    13    9.607
    2    14   10.588
    2    15   12.996
    2    16   11.140
    2    17    9.572
    2    18   12.433
    2    19   12.422
    2    22    6.336
    2    23    7.238
    2    24    8.621
    2    25   13.532
    2    26   15.202
    2    27   16.677
    3     4    5.088
    3    11    6.895
    3    12    8.310
    3    13    7.594
    3    14    8.145
    3    15   10.960
    3    16    8.906
    3    17    7.809
    3    18   10.043
    3    19   10.370
    3    20    6.272
    3    22    7.143
    3    23    6.297
    3    24    6.164
    3    25   11.787
    3    26   13.018
    3    27   14.566
    4     7    7.752
    4     8    6.862
    4     9    8.443
    4    10    9.260
    4    11    8.458
    4    12    9.380
    4    13    8.038
    4    14   10.322
    4    15   11.282
    4    16   11.060
    4    17    8.072
    4    18   12.536
    4    19   12.125
    4    21    6.349
    4    24   10.468
    4    25   10.983
    4    26   13.823
    4    27   14.920
    5     7    6.724
    5     9    6.632
    5    10    8.545
    5    11    5.900
    5    12    6.963
    5    13    5.516
    5    14    7.800
    5    15    8.883
    5    16    8.805
    5    17    5.912
    5    18   10.162
    5    19   10.013
    5    20    6.338
    5    21    7.235
    5    24    8.541
    5    25    8.784
    5    26   11.388
    5    27   12.530
    6    10    6.205
    6    12    6.295
    6    13    5.245
    6    14    6.423
    6    15    8.733
    6    16    7.519
    6    17    5.779
    6    18    8.700
    6    19    9.007
    6    20    7.156
    6    21    6.283
    6    22    6.288
    6    24    6.093
    6    25    9.348
    6    26   10.955
    6    27   12.374
    7    11    7.076
    7    12    8.564
    7    13    8.297
    7    14    7.719
    7    15   11.329
    7    16    8.432
    7    17    8.598
    7    18    9.203
    7    19   10.026
    7    20    8.684
    7    21    5.228
    7    22    9.805
    7    23    8.324
    7    25   12.659
    7    26   12.978
    7    27   14.685
    8    10    6.231
    8    15    7.286
    8    16    5.681
    8    17    5.103
    8    18    6.495
    8    19    7.453
    8    20    9.657
    8    21    8.118
    8    22    8.602
    8    23    5.265
    8    25    8.445
    8    26    9.169
    8    27   10.717
    9    12    6.426
    9    13    6.324
    9    14    5.116
    9    15    9.070
    9    16    6.274
    9    17    6.994
    9    18    6.763
    9    19    8.083
    9    20   10.407
    9    21    7.691
    9    22   10.382
    9    23    7.660
    9    25   10.627
    9    26   10.519
    9    27   12.233
   10    11    8.910
   10    12   10.319
   10    13   10.204
   10    14    9.332
   10    15   13.108
   10    16    9.840
   10    17   10.396
   10    18   10.486
   10    19   11.355
   10    20    9.472
   10    21    5.285
   10    22   11.307
   10    23   10.238
   10    24    5.136
   10    25   14.559
   10    26   14.602
   10    27   16.364
   11    18    5.098
   11    19    6.372
   11    20   11.851
   11    21   10.890
   11    22    9.798
   11    23    5.480
   11    24    5.388
   11    25    6.024
   11    26    6.606
   11    27    8.026
   12    20   12.820
   12    21   12.128
   12    22   10.507
   12    23    6.280
   12    24    6.831
   12    27    6.375
   13    15    5.061
   13    16    6.470
   13    17    4.883
   13    18    6.917
   13    19    7.982
   13    20   11.727
   13    21   11.459
   13    22    9.067
   13    23    4.566
   13    24    7.164
   13    25    5.361
   13    26    7.163
   13    27    8.178
   14    15    5.409
   14    16    5.039
   14    17    5.856
   14    18    4.645
   14    19    6.868
   14    20   13.543
   14    21   12.112
   14    22   11.729
   14    23    7.448
   14    24    4.953
   14    25    6.988
   14    26    6.493
   14    27    7.923
   15    18    5.104
   15    19    5.055
   15    20   15.015
   15    21   14.793
   15    22   12.041
   15    23    7.624
   15    24    9.265
   16    20   14.004
   16    21   12.520
   16    22   12.428
   16    23    8.597
   16    24    6.050
   16    25    7.123
   16    26    5.378
   16    27    7.258
   17    18    5.648
   17    19    4.572
   17    20   11.501
   17    21   11.338
   17    22    9.033
   17    23    5.226
   17    24    7.867
   17    25    5.011
   17    26    6.224
   17    27    7.574
   18    20   15.510
   18    21   13.748
   18    22   13.952
   18    23    9.889
   18    24    5.980
   18    25    7.688
   18    26    4.962
   18    27    6.856
   19    20   15.036
   19    21   13.780
   19    22   13.332
   19    23    9.677
   19    24    7.876
   19    25    7.383
   19    26    5.284
   19    27    7.033
   20    21    4.662
   20    22    4.634
   20    23    8.032
   20    24   12.429
   20    25   14.926
   20    26   17.474
   20    27   18.708
   21    22    8.046
   21    23    9.288
   21    24    9.441
   21    25   15.477
   21    26   16.894
   21    27   18.445
   22    23    4.631
   22    24   12.379
   22    25   11.317
   22    26   14.651
   22    27   15.547
   23    24    9.345
   23    25    7.075
   23    26   10.217
   23    27   11.131
   24    25   11.164
   24    26   10.226
   24    27   11.999
   25    27    4.552
qpartial
                    27
        -0.13791   -0.10044    0.16778   -0.12658   -0.10308    0.10786
        -0.52878    0.00965   -0.02454    0.25712   -0.28848   -0.02343
         0.17283    0.13132    0.52802   -0.61186    0.17465    0.24756
         0.32730    0.13554    0.12342    0.14233    0.09693    0.14228
        -0.47257   -0.69823    0.35131
$end
