    24
 Energy =       0.1431510935
c     1.6703672    2.6182922    0.2614132  0.00    0.0451627    0.0678116    0.0349901
c     0.3248649    2.9356558    0.1418766  0.00   -0.0084233    0.1013183    0.0376559
c    -0.5827484    1.9945952   -0.3219261  0.00   -0.0877212    0.0440427   -0.0018277
c     2.1038063    1.3347474   -0.0833024  0.00    0.0673723   -0.0109942    0.0077179
c     1.2047783    0.3610782   -0.5608861  0.00    0.0162945   -0.1007790   -0.0386545
c    -0.1441045    0.7159142   -0.6796715  0.00   -0.0286782   -0.0495782   -0.0315836
o    -0.1504797    4.1703171    0.4675790  0.00   -0.0615735   -0.0485866    0.0198039
h    -0.7850651    4.0755150    1.1967033  0.00    0.0570150   -0.0066551   -0.0488182
h    -0.8895274    0.0262790   -1.0546636  0.00   -0.0009441    0.0068136   -0.0067716
h     3.1621727    1.0964802    0.0165124  0.00    0.0028697   -0.0002121   -0.0002478
h     2.3926004    3.3457758    0.6178375  0.00    0.0097195   -0.0072876   -0.0005624
h    -1.6336796    2.2563998   -0.4108671  0.00   -0.0022543   -0.0012287    0.0017839
c     1.7669373   -1.0073413   -0.8964724  0.00   -0.0341753    0.0258604   -0.0329107
c     0.8861134   -2.0194266   -1.6556448  0.00    0.0855348    0.0454254    0.1169544
h     2.1212937   -1.4658931    0.0371405  0.00   -0.0006844    0.0102299   -0.0098571
h     2.6645729   -0.8285312   -1.5058794  0.00   -0.0140696    0.0016487    0.0079579
c     0.2877588   -1.3395944   -2.9073099  0.00   -0.3071675   -0.0860280   -0.2236549
o    -0.7378043   -1.6681139   -3.4822380  0.00    0.2494786    0.0741082    0.1276283
o     1.0840955   -0.3212778   -3.3324246  0.00    0.0212483   -0.0291048    0.0770824
h     0.4857958    0.4654474   -3.4016114  0.00    0.0117778   -0.0316855    0.0288338
n     1.5974427   -3.2508470   -2.1301054  0.00    0.0103059   -0.0470952   -0.0920925
h     0.0358579   -2.3311629   -1.0380560  0.00    0.0133372   -0.0001323   -0.0138284
h     1.3459883   -3.4027164   -3.1136797  0.00   -0.0035875    0.0419388    0.0371554
h     2.6013787   -3.0583561   -2.1544800  0.00   -0.0408372    0.0001699    0.0032454
    24
 Energy =       0.1198775715
c     1.6941557    2.5967755    0.2504438  0.00    0.0335214    0.0501999    0.0260590
c     0.3567023    2.9149764    0.1595531  0.00   -0.0064786    0.0748462    0.0275840
c    -0.5535848    1.9817430   -0.2869268  0.00   -0.0651771    0.0328182   -0.0017101
c     2.1216013    1.3267584   -0.1072192  0.00    0.0499566   -0.0082031    0.0060303
c     1.2204845    0.3668655   -0.5723975  0.00    0.0116227   -0.0746516   -0.0296664
c    -0.1249928    0.7140337   -0.6546162  0.00   -0.0211212   -0.0368780   -0.0249085
o    -0.0968520    4.1606663    0.5035082  0.00   -0.0452735   -0.0359829    0.0132208
h    -0.7125861    4.0852926    1.2664088  0.00    0.0419177   -0.0047580   -0.0346339
h    -0.8751232    0.0209224   -1.0163241  0.00   -0.0003648    0.0042714   -0.0053625
h     3.1821592    1.0898356   -0.0320748  0.00    0.0024363   -0.0002458   -0.0001297
h     2.4160367    3.3286912    0.5982362  0.00    0.0072271   -0.0053922   -0.0003819
h    -1.6053090    2.2461844   -0.3552603  0.00   -0.0018866   -0.0008524    0.0012787
c     1.7739026   -0.9939898   -0.9552237  0.00   -0.0255493    0.0202551   -0.0253074
c     0.8442938   -1.9772910   -1.6916883  0.00    0.0607309    0.0373436    0.0864883
h     2.1565127   -1.4774182   -0.0404583  0.00    0.0000222    0.0072108   -0.0067088
h     2.6505134   -0.8159162   -1.6037242  0.00   -0.0098695    0.0013353    0.0049642
c     0.2846250   -1.3184598   -2.9657953  0.00   -0.2294035   -0.0587293   -0.1652256
o    -0.7746917   -1.6937512   -3.5416059  0.00    0.1844154    0.0552786    0.0955186
o     1.0559953   -0.2991073   -3.4464921  0.00    0.0601029   -0.0760320    0.0425975
h     0.5003249    0.5535622   -3.2428583  0.00   -0.0329456    0.0278212    0.0384544
n     1.5071458   -3.2608412   -2.0794568  0.00    0.0014674   -0.0394529   -0.0666001
h    -0.0276182   -2.2204338   -1.0617789  0.00    0.0077088    0.0000064   -0.0086548
h     1.2824743   -3.4655998   -3.0671727  0.00   -0.0026189    0.0305476    0.0250518
h     2.5362464   -3.1602624   -2.0472327  0.00   -0.0204410   -0.0007564    0.0020422
    24
 Energy =       0.0986546047
c     1.7210846    2.5976683    0.1711440  0.00    0.0210578    0.0325175    0.0175069
c     0.3960525    2.9258706    0.0901165  0.00   -0.0034554    0.0436081    0.0186323
c    -0.5259147    1.9859905   -0.2888638  0.00   -0.0426463    0.0195778   -0.0012331
c     2.1310530    1.3228803   -0.1451124  0.00    0.0325755   -0.0052679    0.0041271
c     1.2206342    0.3651309   -0.5601648  0.00    0.0071694   -0.0475066   -0.0205945
c    -0.1178253    0.7109089   -0.6165531  0.00   -0.0132476   -0.0245970   -0.0176391
o    -0.0172556    4.2171900    0.3502178  0.00   -0.0225427   -0.0173996   -0.0022403
h    -0.5910281    4.2440458    1.1708410  0.00    0.0204494   -0.0019152   -0.0114538
h    -0.8786968    0.0030582   -0.9279929  0.00   -0.0009636    0.0015048   -0.0041015
h     3.1908766    1.0819378   -0.0827842  0.00    0.0017297   -0.0000185    0.0000110
h     2.4506782    3.3463829    0.4669164  0.00    0.0054803   -0.0021552    0.0001890
h    -1.5748364    2.2604308   -0.3519063  0.00   -0.0013197   -0.0005264    0.0008135
c     1.7517011   -1.0183776   -0.9051994  0.00   -0.0174516    0.0126309   -0.0176302
c     0.8144204   -1.9799414   -1.6656266  0.00    0.0379146    0.0250689    0.0549740
h     2.0827368   -1.5055416    0.0325949  0.00    0.0003035    0.0038480   -0.0030852
h     2.6537920   -0.8758401   -1.5346131  0.00   -0.0058329    0.0010185    0.0021008
c     0.2813719   -1.3228329   -2.9420323  0.00   -0.1474851   -0.0372497   -0.1051263
o    -0.8062793   -1.7384227   -3.5366155  0.00    0.1187703    0.0339828    0.0613108
o     1.0144328   -0.2759189   -3.4419055  0.00    0.0435284   -0.0558985    0.0257047
h     0.4130370    0.5563262   -3.3303275  0.00   -0.0255787    0.0252841    0.0283509
n     1.4717086   -3.2756930   -1.9988873  0.00   -0.0027263   -0.0255923   -0.0407412
h    -0.0746267   -2.2019862   -1.0450147  0.00    0.0045649    0.0000617   -0.0053357
h     1.2983263   -3.5058319   -2.9988000  0.00   -0.0019804    0.0198100    0.0135930
h     2.5069726   -3.2141981   -1.8995871  0.00   -0.0083136   -0.0007863    0.0018669
    24
 Energy =       0.0909212644
c     1.6822101    2.6276661    0.1187486  0.00    0.0152641    0.0235175    0.0127646
c     0.3577733    2.9385228    0.0405458  0.00   -0.0025172    0.0313404    0.0137938
c    -0.5500634    1.9873143   -0.3259507  0.00   -0.0307555    0.0143365   -0.0007677
c     2.1049323    1.3583697   -0.1776405  0.00    0.0235260   -0.0036916    0.0031018
c     1.2070260    0.3882375   -0.5712009  0.00    0.0046161   -0.0336309   -0.0152272
c    -0.1309640    0.7164387   -0.6333275  0.00   -0.0094516   -0.0176889   -0.0134219
o    -0.0699911    4.2273162    0.3055595  0.00   -0.0137125   -0.0119285   -0.0068190
h    -0.5807413    4.2544858    1.1750362  0.00    0.0123080   -0.0017949   -0.0033237
h    -0.8833992   -0.0080991   -0.9265222  0.00   -0.0008571    0.0008112   -0.0031520
h     3.1667399    1.1293380   -0.1093040  0.00    0.0013513   -0.0000469    0.0000249
h     2.4001949    3.3902580    0.4059237  0.00    0.0040714   -0.0014289    0.0002010
h    -1.6019342    2.2497210   -0.3880047  0.00   -0.0010286   -0.0003425    0.0005855
c     1.7494691   -1.0035225   -0.8680288  0.00   -0.0129368    0.0089445   -0.0129419
c     0.8335791   -1.9815980   -1.6376130  0.00    0.0264391    0.0192884    0.0399349
h     2.0465890   -1.4710277    0.0933641  0.00    0.0004885    0.0024362   -0.0012941
h     2.6729742   -0.8782025   -1.4731468  0.00   -0.0037089    0.0006232    0.0010429
c     0.3248705   -1.3561472   -2.9365430  0.00   -0.1064565   -0.0260226   -0.0748165
o    -0.7666409   -1.8111864   -3.5459425  0.00    0.0852368    0.0235052    0.0432859
o     1.0502353   -0.3168583   -3.4722560  0.00    0.0368957   -0.0480155    0.0169844
h     0.4198994    0.4996291   -3.4661529  0.00   -0.0238946    0.0262705    0.0221921
n     1.5096834   -3.2804923   -1.9085932  0.00   -0.0042584   -0.0190366   -0.0264627
h    -0.0708802   -2.1931647   -1.0322898  0.00    0.0030034    0.0001699   -0.0036309
h     1.4005206   -3.5370367   -2.9159834  0.00   -0.0015141    0.0133074    0.0061287
h     2.5403334   -3.2267250   -1.7408339  0.00   -0.0021084   -0.0009231    0.0018169
    24
 Energy =       0.0885028655
c     1.6490755    2.6629265    0.0642573  0.00    0.0129765    0.0202756    0.0109696
c     0.3246939    2.9627003   -0.0269990  0.00   -0.0022087    0.0266308    0.0120162
c    -0.5727234    1.9994306   -0.3803023  0.00   -0.0263260    0.0124621   -0.0005206
c     2.0819447    1.3926809   -0.2029407  0.00    0.0201337   -0.0032039    0.0026430
c     1.1940398    0.4097221   -0.5794006  0.00    0.0036757   -0.0282701   -0.0130187
c    -0.1440777    0.7267845   -0.6580862  0.00   -0.0080601   -0.0151790   -0.0116287
o    -0.1137883    4.2541148    0.2138538  0.00   -0.0108508   -0.0094226   -0.0076132
h    -0.5881349    4.3009240    1.1052228  0.00    0.0096311   -0.0017580   -0.0011533
h    -0.8892019   -0.0103430   -0.9383998  0.00   -0.0008369    0.0005413   -0.0027519
h     3.1445360    1.1719802   -0.1211415  0.00    0.0012848   -0.0001059    0.0000248
h     2.3587459    3.4370783    0.3405668  0.00    0.0035357   -0.0010688    0.0002171
h    -1.6258085    2.2538481   -0.4536443  0.00   -0.0009664   -0.0002212    0.0005074
c     1.7462218   -0.9886785   -0.8270342  0.00   -0.0110313    0.0074727   -0.0110430
c     0.8480510   -1.9907454   -1.5887059  0.00    0.0218550    0.0172020    0.0346285
h     2.0227177   -1.4291752    0.1542853  0.00    0.0006130    0.0018171   -0.0004070
h     2.6829025   -0.8793922   -1.4162730  0.00   -0.0028755    0.0004175    0.0006350
c     0.3622298   -1.4059609   -2.9150024  0.00   -0.0907882   -0.0220915   -0.0630577
o    -0.7216597   -1.8928074   -3.5332007  0.00    0.0721104    0.0197307    0.0360289
o     1.0956401   -0.3885322   -3.4855012  0.00    0.0341845   -0.0440095    0.0134479
h     0.4573484    0.4173501   -3.5555782  0.00   -0.0230182    0.0263040    0.0189601
n     1.5350809   -3.2947940   -1.8010505  0.00   -0.0045540   -0.0170802   -0.0207427
h    -0.0684364   -2.1869160   -0.9949076  0.00    0.0023612    0.0002077   -0.0028550
h     1.4752738   -3.5758676   -2.8080929  0.00   -0.0012651    0.0105179    0.0029143
h     2.5577450   -3.2430913   -1.5820808  0.00    0.0004195   -0.0011689    0.0017992
    24
 Energy =       0.0879377798
c     1.6251260    2.6989775    0.0039919  0.00    0.0121295    0.0193133    0.0103665
c     0.3016467    2.9934572   -0.1080057  0.00   -0.0020986    0.0248439    0.0113325
c    -0.5891553    2.0205488   -0.4489901  0.00   -0.0248600    0.0120161   -0.0003968
c     2.0635540    1.4243448   -0.2286453  0.00    0.0190094   -0.0032056    0.0024517
c     1.1822047    0.4309393   -0.5900430  0.00    0.0033426   -0.0261374   -0.0121329
c    -0.1549908    0.7430815   -0.6925791  0.00   -0.0076163   -0.0143576   -0.0109531
o    -0.1424421    4.2899272    0.0980598  0.00   -0.0101618   -0.0080289   -0.0075742
h    -0.6083082    4.3609882    0.9929105  0.00    0.0087585   -0.0016728   -0.0005769
h    -0.8952064   -0.0028857   -0.9625677  0.00   -0.0008661    0.0004476   -0.0025902
h     3.1254822    1.2075998   -0.1280848  0.00    0.0013925   -0.0002159    0.0000249
h     2.3296357    3.4815265    0.2696416  0.00    0.0033376   -0.0008747    0.0002338
h    -1.6419042    2.2711405   -0.5398362  0.00   -0.0010569   -0.0000884    0.0004830
c     1.7389807   -0.9750468   -0.7832154  0.00   -0.0102822    0.0068315   -0.0103964
c     0.8545993   -2.0028316   -1.5276262  0.00    0.0198183    0.0167918    0.0333016
h     1.9971799   -1.3835379    0.2177839  0.00    0.0007613    0.0014153    0.0004012
h     2.6868581   -0.8857773   -1.3587266  0.00   -0.0024082    0.0002738    0.0003185
c     0.3956658   -1.4646604   -2.8837755  0.00   -0.0858564   -0.0213293   -0.0588427
o    -0.6837930   -1.9700020   -3.5018345  0.00    0.0674235    0.0185479    0.0333548
o     1.1509061   -0.4826067   -3.4903534  0.00    0.0333615   -0.0411221    0.0111896
h     0.5238818    0.3263036   -3.6021869  0.00   -0.0223596    0.0259363    0.0176117
n     1.5452523   -3.3142276   -1.6785272  0.00   -0.0042199   -0.0172571   -0.0180972
h    -0.0740114   -2.1772932   -0.9449910  0.00    0.0019716    0.0002210   -0.0023402
h     1.5211520   -3.6256561   -2.6792273  0.00   -0.0010809    0.0091320    0.0010429
h     2.5601022   -3.2610729   -1.4233277  0.00    0.0015606   -0.0014808    0.0017879
    24
 Energy =       0.0838052698
c     1.5759547    2.7130095   -0.0200664  0.00    0.0084686    0.0130685    0.0070480
c     0.2480361    2.9778644   -0.1179135  0.00   -0.0014927    0.0166032    0.0083181
c    -0.6241603    1.9836442   -0.4313038  0.00   -0.0169384    0.0081297   -0.0003715
c     2.0376453    1.4482056   -0.2392199  0.00    0.0130833   -0.0021347    0.0017909
c     1.1741993    0.4344584   -0.5724497  0.00    0.0021522   -0.0176881   -0.0085151
c    -0.1686668    0.7143328   -0.6562365  0.00   -0.0056119   -0.0097306   -0.0077986
o    -0.2208516    4.2685573    0.0832024  0.00   -0.0034849   -0.0044315   -0.0145172
h    -0.5959338    4.3591119    1.0251213  0.00    0.0026628   -0.0013875    0.0081811
h    -0.8957058   -0.0530305   -0.9010261  0.00   -0.0010352   -0.0000718   -0.0019282
h     3.1054722    1.2563324   -0.1525037  0.00    0.0013638   -0.0001440    0.0000790
h     2.2652526    3.5156927    0.2243843  0.00    0.0025996   -0.0001899    0.0002460
h    -1.6830015    2.2114306   -0.5108674  0.00   -0.0010807   -0.0000071    0.0002077
c     1.7566983   -0.9617991   -0.7639318  0.00   -0.0067444    0.0045440   -0.0067165
c     0.8975460   -1.9970706   -1.5318905  0.00    0.0134069    0.0105766    0.0215950
h     2.0034826   -1.3727179    0.2389479  0.00    0.0005053    0.0010121    0.0003963
h     2.7118286   -0.8557555   -1.3259450  0.00   -0.0014394    0.0002299    0.0000483
c     0.4300407   -1.4578670   -2.8834172  0.00   -0.0564468   -0.0093625   -0.0337555
o    -0.5965112   -2.0583352   -3.5501970  0.00    0.0390822    0.0057498    0.0185025
o     1.1218420   -0.4125004   -3.4713040  0.00    0.0556208   -0.0513636    0.0152435
h     0.4065605    0.2928403   -3.7609400  0.00   -0.0434661    0.0438270    0.0032927
n     1.6174528   -3.2914133   -1.6774571  0.00   -0.0070732   -0.0114448   -0.0093201
h    -0.0315895   -2.1963814   -0.9562377  0.00    0.0010205    0.0000880   -0.0013468
h     1.6628477   -3.5794153   -2.6877866  0.00   -0.0002781    0.0046044   -0.0033949
h     2.6139773   -3.2359572   -1.3511176  0.00    0.0051257   -0.0004770    0.0027151
    24
 Energy =       0.0846007800
c     1.5457997    2.7416184   -0.0485334  0.00    0.0077157    0.0118686    0.0063823
c     0.2153397    2.9890293   -0.1495613  0.00   -0.0013616    0.0149574    0.0075889
c    -0.6431689    1.9825754   -0.4587223  0.00   -0.0153843    0.0073682   -0.0003324
c     2.0235371    1.4821948   -0.2593412  0.00    0.0119227   -0.0019484    0.0016322
c     1.1737445    0.4559968   -0.5862502  0.00    0.0019301   -0.0159428   -0.0077919
c    -0.1718818    0.7181012   -0.6742320  0.00   -0.0051660   -0.0088438   -0.0070675
o    -0.2706768    4.2747723    0.0457302  0.00   -0.0030102   -0.0036667   -0.0136231
h    -0.6233666    4.3724092    0.9955243  0.00    0.0022226   -0.0013423    0.0078624
h    -0.8887320   -0.0597495   -0.9149785  0.00   -0.0010304   -0.0001255   -0.0017504
h     3.0935904    1.3043005   -0.1701046  0.00    0.0013381   -0.0001500    0.0000798
h     2.2241629    3.5546033    0.1922235  0.00    0.0024196   -0.0000795    0.0002501
h    -1.7046252    2.1968542   -0.5409641  0.00   -0.0010756    0.0000184    0.0001824
c     1.7762335   -0.9330857   -0.7664795  0.00   -0.0059847    0.0047130   -0.0058759
c     0.9222054   -1.9993267   -1.4994071  0.00    0.0119930    0.0097563    0.0200484
h     2.0477336   -1.3217150    0.2395739  0.00    0.0006057    0.0006714    0.0008305
h     2.7197948   -0.8205283   -1.3472966  0.00   -0.0010394    0.0003987   -0.0000535
c     0.4431931   -1.5110301   -2.8683436  0.00   -0.0461497   -0.0038839   -0.0257313
o    -0.5092833   -2.2170883   -3.5602922  0.00    0.0278481   -0.0010495    0.0114370
o     1.0782144   -0.4342926   -3.4666784  0.00    0.0533029   -0.0457429    0.0136699
h     0.3359671    0.2305082   -3.7741114  0.00   -0.0405614    0.0409990    0.0024419
n     1.6555897   -3.2903537   -1.6041920  0.00   -0.0066231   -0.0110231   -0.0077508
h    -0.0024633   -2.1904802   -0.9138440  0.00    0.0008938   -0.0000625   -0.0011086
h     1.7287046   -3.5974550   -2.6077152  0.00   -0.0001296    0.0037422   -0.0039379
h     2.6428033   -3.2246217   -1.2521601  0.00    0.0053236   -0.0006320    0.0026175
    24
 Energy =       0.0828231609
c     1.5166904    2.7417999   -0.0783003  0.00    0.0071951    0.0115142    0.0060446
c     0.1867513    2.9849010   -0.1931888  0.00   -0.0012401    0.0140731    0.0071747
c    -0.6680283    1.9702758   -0.4841579  0.00   -0.0146510    0.0071888   -0.0003144
c     1.9977196    1.4787278   -0.2574554  0.00    0.0113790   -0.0019813    0.0015592
c     1.1515869    0.4443804   -0.5665805  0.00    0.0013950   -0.0150171   -0.0076544
c    -0.1936203    0.7019996   -0.6672434  0.00   -0.0047993   -0.0086914   -0.0067200
o    -0.3025680    4.2746513   -0.0307777  0.00   -0.0028473   -0.0027857   -0.0134482
h    -0.6465636    4.3984916    0.9192636  0.00    0.0018611   -0.0012170    0.0079551
h    -0.9072524   -0.0836588   -0.8931584  0.00   -0.0010324   -0.0002895   -0.0017177
h     3.0673362    1.3047303   -0.1568366  0.00    0.0013385   -0.0001865    0.0000725
h     2.1920533    3.5615523    0.1476909  0.00    0.0023014    0.0001094    0.0002310
h    -1.7293003    2.1809438   -0.5777723  0.00   -0.0010897    0.0000961    0.0001345
c     1.7519121   -0.9512171   -0.7062095  0.00   -0.0063036    0.0049816   -0.0052293
c     0.9294048   -2.0036450   -1.4957609  0.00    0.0111341    0.0083315    0.0186949
h     1.9563996   -1.3435476    0.3162736  0.00    0.0010810    0.0000746    0.0029596
h     2.7325409   -0.8507747   -1.2290813  0.00    0.0011491    0.0004912   -0.0011149
c     0.5031991   -1.4850452   -2.8706888  0.00   -0.0421682   -0.0031141   -0.0228371
o    -0.4962268   -2.1185738   -3.5725387  0.00    0.0228414   -0.0038000    0.0091149
o     1.2042743   -0.4377997   -3.4535029  0.00    0.0537031   -0.0417589    0.0122750
h     0.4947202    0.2449134   -3.7945496  0.00   -0.0397590    0.0398755    0.0016625
n     1.6658551   -3.2925541   -1.5972755  0.00   -0.0087997   -0.0101594   -0.0058224
h    -0.0187899   -2.2067000   -0.9508978  0.00   -0.0000988   -0.0003505   -0.0004425
h     1.7895924   -3.5727895   -2.6051536  0.00   -0.0000051    0.0029115   -0.0062358
h     2.6347296   -3.2378249   -1.1922543  0.00    0.0074156   -0.0002960    0.0036582
    24
 Energy =       0.0805149683
c     1.5123059    2.7142509   -0.0325109  0.00    0.0068852    0.0111486    0.0058160
c     0.1812022    2.9558585   -0.1349712  0.00   -0.0012183    0.0134803    0.0068764
c    -0.6733184    1.9429362   -0.4311086  0.00   -0.0141371    0.0070030   -0.0003012
c     1.9949306    1.4546743   -0.2305839  0.00    0.0109647   -0.0020035    0.0015023
c     1.1489354    0.4226788   -0.5467679  0.00    0.0014506   -0.0142875   -0.0073253
c    -0.1976025    0.6781470   -0.6319651  0.00   -0.0046760   -0.0083049   -0.0064497
o    -0.3097440    4.2426556    0.0465138  0.00   -0.0027332   -0.0025035   -0.0132084
h    -0.6369635    4.3584653    1.0035446  0.00    0.0016596   -0.0011301    0.0079395
h    -0.9111168   -0.1067640   -0.8614885  0.00   -0.0010537   -0.0002185   -0.0016172
h     3.0657276    1.2821486   -0.1410036  0.00    0.0013389   -0.0002291    0.0000749
h     2.1873037    3.5328756    0.1983179  0.00    0.0021959    0.0001266    0.0002246
h    -1.7357608    2.1522077   -0.5142632  0.00   -0.0011088    0.0001262    0.0001239
c     1.7494018   -0.9701109   -0.7158351  0.00   -0.0060304    0.0055609   -0.0048703
c     0.9337929   -1.9948721   -1.5491669  0.00    0.0108373    0.0085129    0.0187333
h     1.9386073   -1.3928859    0.2977916  0.00    0.0010720   -0.0001221    0.0034263
h     2.7372165   -0.8571489   -1.2225263  0.00    0.0012952    0.0006507   -0.0011851
c     0.5036639   -1.4189627   -2.8999131  0.00   -0.0351223   -0.0001931   -0.0187000
o    -0.5688716   -1.9598207   -3.5811246  0.00    0.0150319   -0.0068743    0.0041483
o     1.2401997   -0.3872948   -3.4690187  0.00    0.0528864   -0.0395785    0.0120361
h     0.5504584    0.3046152   -3.8292585  0.00   -0.0386806    0.0386199    0.0012323
n     1.6760063   -3.2760385   -1.7036510  0.00   -0.0080681   -0.0111144   -0.0048308
h    -0.0133312   -2.2244674   -1.0119431  0.00   -0.0002797   -0.0005572   -0.0000543
h     1.7908242   -3.5204968   -2.7224162  0.00    0.0002023    0.0024011   -0.0071352
h     2.6485482   -3.2294143   -1.3068075  0.00    0.0072881   -0.0005135    0.0035437
    24
 Energy =       0.0774627843
c     1.5226039    2.6866645    0.0162523  0.00    0.0060691    0.0099153    0.0051090
c     0.1893393    2.9248507   -0.0571395  0.00   -0.0012156    0.0116201    0.0059592
c    -0.6659934    1.9144482   -0.3552019  0.00   -0.0125610    0.0064450   -0.0002530
c     2.0067024    1.4336111   -0.2144578  0.00    0.0097710   -0.0020967    0.0012969
c     1.1593590    0.4049564   -0.5340963  0.00    0.0014597   -0.0122500   -0.0063220
c    -0.1894750    0.6559109   -0.5859614  0.00   -0.0043472   -0.0072016   -0.0056485
o    -0.3033530    4.2063621    0.1587217  0.00   -0.0021885   -0.0016919   -0.0132813
h    -0.5862482    4.3130295    1.1315556  0.00    0.0008666   -0.0008147    0.0087614
h    -0.9045343   -0.1276250   -0.8152409  0.00   -0.0009784   -0.0001251   -0.0013894
h     3.0799187    1.2641597   -0.1500043  0.00    0.0014932   -0.0003548    0.0000692
h     2.1980394    3.5039521    0.2496839  0.00    0.0019129    0.0001288    0.0002022
h    -1.7307612    2.1208291   -0.4143911  0.00   -0.0012542    0.0002556    0.0001102
c     1.7615697   -0.9811814   -0.7522054  0.00   -0.0051002    0.0048498   -0.0044132
c     0.9331619   -1.9821654   -1.6021546  0.00    0.0100645    0.0087388    0.0173601
h     1.9679240   -1.4332147    0.2455257  0.00    0.0010463   -0.0003437    0.0036167
h     2.7404487   -0.8508043   -1.2718679  0.00    0.0013503    0.0005091   -0.0012577
c     0.4641042   -1.3591856   -2.9187260  0.00   -0.0207936    0.0033420   -0.0115871
o    -0.7027467   -1.8010675   -3.5310801  0.00    0.0008640   -0.0100075   -0.0030760
o     1.2203222   -0.3528509   -3.5083657  0.00    0.0477631   -0.0344331    0.0115316
h     0.5461362    0.3292927   -3.9056261  0.00   -0.0346066    0.0344661    0.0003933
n     1.6806964   -3.2520495   -1.8184840  0.00   -0.0072764   -0.0111860   -0.0030585
h     0.0014556   -2.2366830   -1.0479699  0.00   -0.0006411   -0.0004756    0.0004757
h     1.7547049   -3.4728685   -2.8469310  0.00    0.0004326    0.0015724   -0.0080558
h     2.6690411   -3.2051343   -1.4619914  0.00    0.0078696   -0.0008623    0.0034571
    24
 Energy =       0.0742101891
c     1.4986286    2.6628104    0.0564911  0.00    0.0047182    0.0073150    0.0037567
c     0.1614435    2.8822277    0.0184583  0.00   -0.0011751    0.0082346    0.0044523
c    -0.6847971    1.8645685   -0.2735629  0.00   -0.0094991    0.0050666   -0.0002175
c     1.9956534    1.4221224   -0.2043723  0.00    0.0075055   -0.0019970    0.0009569
c     1.1564757    0.3872606   -0.5183459  0.00    0.0016657   -0.0088098   -0.0045727
c    -0.1960866    0.6177406   -0.5307809  0.00   -0.0037508   -0.0050651   -0.0041020
o    -0.3451593    4.1530686    0.2683514  0.00   -0.0011296   -0.0005172   -0.0138107
h    -0.5601861    4.2575035    1.2598818  0.00   -0.0003318   -0.0004990    0.0104250
h    -0.9047399   -0.1735805   -0.7527382  0.00   -0.0009373    0.0000417   -0.0009623
h     3.0726881    1.2681974   -0.1694744  0.00    0.0016557   -0.0004620    0.0000599
h     2.1665150    3.4869601    0.2861624  0.00    0.0014723    0.0001152    0.0001680
h    -1.7537754    2.0559103   -0.3040663  0.00   -0.0014475    0.0003697    0.0000748
c     1.7699316   -0.9866506   -0.7791490  0.00   -0.0034794    0.0037302   -0.0033567
c     0.9469860   -1.9620814   -1.6641607  0.00    0.0082178    0.0072863    0.0133950
h     1.9755131   -1.4698588    0.2035216  0.00    0.0008010   -0.0004508    0.0031650
h     2.7488537   -0.8350274   -1.2924028  0.00    0.0011494    0.0004418   -0.0011161
c     0.4613107   -1.2907338   -2.9493182  0.00   -0.0092797    0.0039147   -0.0061586
o    -0.7674349   -1.6423144   -3.5078619  0.00   -0.0074645   -0.0095150   -0.0059282
o     1.2440782   -0.3149746   -3.5569303  0.00    0.0387331   -0.0269421    0.0105702
h     0.5966935    0.3418406   -4.0226539  0.00   -0.0280903    0.0281586   -0.0015112
n     1.7079612   -3.2133208   -1.9330473  0.00   -0.0062558   -0.0098665    0.0002439
h     0.0225951   -2.2495481   -1.1130403  0.00   -0.0007591   -0.0006122    0.0008850
h     1.8165073   -3.3741346   -2.9706089  0.00    0.0006677    0.0001777   -0.0096954
h     2.6827605   -3.1847489   -1.5405084  0.00    0.0070135   -0.0001154    0.0032789
    24
 Energy =       0.0710323176
c     1.4470317    2.6491909    0.0801774  0.00    0.0036741    0.0045973    0.0023961
c     0.1049774    2.8362030    0.0827515  0.00   -0.0011361    0.0049637    0.0030425
c    -0.7236654    1.8013840   -0.1928623  0.00   -0.0065627    0.0034403   -0.0002050
c     1.9662642    1.4244901   -0.2045445  0.00    0.0053992   -0.0016169    0.0006678
c     1.1435953    0.3733337   -0.5012159  0.00    0.0019172   -0.0056042   -0.0029801
c    -0.2130843    0.5698587   -0.4708808  0.00   -0.0032918   -0.0030463   -0.0025183
o    -0.4251213    4.0924101    0.3609079  0.00   -0.0005942    0.0006511   -0.0128040
h    -0.5711307    4.2004747    1.3646552  0.00   -0.0009174   -0.0004009    0.0105012
h    -0.9079723   -0.2377871   -0.6776570  0.00   -0.0010640    0.0000198   -0.0006163
h     3.0475021    1.2969894   -0.2022529  0.00    0.0019365   -0.0004676    0.0000606
h     2.1004863    3.4880247    0.2974050  0.00    0.0012118    0.0002222    0.0001660
h    -1.7976873    1.9668660   -0.1912697  0.00   -0.0017820    0.0004042    0.0000339
c     1.7759330   -0.9854020   -0.7913232  0.00   -0.0020102    0.0027736   -0.0019075
c     0.9729427   -1.9364424   -1.7207586  0.00    0.0060525    0.0048841    0.0084342
h     1.9663922   -1.4967117    0.1793436  0.00    0.0005126   -0.0004134    0.0025023
h     2.7626943   -0.8134092   -1.2823993  0.00    0.0010822    0.0004466   -0.0009699
c     0.4926916   -1.2227457   -2.9826599  0.00   -0.0021743    0.0023906   -0.0015826
o    -0.7797654   -1.4835613   -3.4967693  0.00   -0.0115313   -0.0080663   -0.0060193
o     1.3174355   -0.2972363   -3.6162095  0.00    0.0308583   -0.0194224    0.0097583
h     0.7119930    0.3264928   -4.1669887  0.00   -0.0217160    0.0226745   -0.0045797
n     1.7524215   -3.1662459   -2.0255094  0.00   -0.0073042   -0.0073807    0.0033503
h     0.0472516   -2.2566160   -1.1897799  0.00   -0.0008641   -0.0008554    0.0010940
h     1.9173998   -3.2645891   -3.0646239  0.00    0.0010397   -0.0008084   -0.0115571
h     2.7038304   -3.1617350   -1.5776917  0.00    0.0072642    0.0006145    0.0037326
    24
 Energy =       0.0684850711
c     1.3745412    2.6467380    0.0767367  0.00    0.0036410    0.0028189    0.0014524
c     0.0279567    2.7895286    0.1289270  0.00   -0.0011695    0.0029974    0.0021168
c    -0.7759798    1.7272733   -0.1119852  0.00   -0.0050589    0.0018402   -0.0002405
c     1.9227955    1.4391864   -0.2215520  0.00    0.0044147   -0.0007694    0.0005933
c     1.1237614    0.3610212   -0.4817400  0.00    0.0020762   -0.0036619   -0.0020772
c    -0.2361261    0.5125166   -0.4019433  0.00   -0.0034523   -0.0018931   -0.0013490
o    -0.5323051    4.0290818    0.4247563  0.00   -0.0006630    0.0014183   -0.0100266
h    -0.6226556    4.1463242    1.4328015  0.00   -0.0008450   -0.0004269    0.0085491
h    -0.9103944   -0.3199004   -0.5797525  0.00   -0.0015802   -0.0003574   -0.0004799
h     3.0075079    1.3476274   -0.2584835  0.00    0.0025785   -0.0002855    0.0000830
h     2.0076957    3.5080337    0.2664376  0.00    0.0014464    0.0006523    0.0002270
h    -1.8546536    1.8575046   -0.0719074  0.00   -0.0024491    0.0002962    0.0000085
c     1.7804616   -0.9819232   -0.7861256  0.00   -0.0011487    0.0022595   -0.0004361
c     1.0107187   -1.9080601   -1.7682602  0.00    0.0041616    0.0025244    0.0044217
h     1.9413708   -1.5188029    0.1756389  0.00    0.0003153   -0.0003615    0.0022039
h     2.7823376   -0.7928031   -1.2393333  0.00    0.0014223    0.0004898   -0.0010233
c     0.5558495   -1.1558411   -3.0153283  0.00    0.0006582    0.0005999    0.0010731
o    -0.7417737   -1.3286869   -3.5028798  0.00   -0.0118747   -0.0062382   -0.0048922
o     1.4283316   -0.2877203   -3.6683732  0.00    0.0237498   -0.0127384    0.0079973
h     0.8707462    0.3041427   -4.2926748  0.00   -0.0156239    0.0172494   -0.0062266
n     1.8116718   -3.1170649   -2.0931861  0.00   -0.0064747   -0.0049055    0.0037319
h     0.0754667   -2.2575420   -1.2732049  0.00   -0.0011433   -0.0012232    0.0012265
h     2.0244113   -3.1673692   -3.1261816  0.00    0.0010772   -0.0009552   -0.0100862
h     2.7406800   -3.1300275   -1.6025422  0.00    0.0059421    0.0006700    0.0031530
    24
 Energy =       0.0669452870
c     1.3054768    2.6483186    0.0508896  0.00    0.0038385    0.0021910    0.0009867
c    -0.0421955    2.7516897    0.1502328  0.00   -0.0010618    0.0023345    0.0016729
c    -0.8224410    1.6625231   -0.0463493  0.00   -0.0045406    0.0005957   -0.0002819
c     1.8785030    1.4533557   -0.2488881  0.00    0.0040847    0.0002177    0.0006485
c     1.1023354    0.3482422   -0.4623491  0.00    0.0017413   -0.0029699   -0.0017727
c    -0.2572924    0.4602672   -0.3369649  0.00   -0.0035908   -0.0015586   -0.0007580
o    -0.6278617    3.9785412    0.4502890  0.00   -0.0006526    0.0015418   -0.0078097
h    -0.6804738    4.1103938    1.4580943  0.00   -0.0006189   -0.0003982    0.0067744
h    -0.9107907   -0.3961708   -0.4784464  0.00   -0.0020434   -0.0008247   -0.0004309
h     2.9637154    1.3939958   -0.3238801  0.00    0.0029510    0.0000220    0.0001096
h     1.9191285    3.5312199    0.2049552  0.00    0.0017886    0.0011550    0.0002785
h    -1.9027290    1.7613586    0.0300429  0.00   -0.0027858    0.0000868    0.0000032
c     1.7787293   -0.9833779   -0.7684855  0.00   -0.0008951    0.0020804    0.0004991
c     1.0449243   -1.8833589   -1.8018222  0.00    0.0030944    0.0009779    0.0023537
h     1.9016408   -1.5423473    0.1864212  0.00    0.0002403   -0.0004421    0.0023575
h     2.7984889   -0.7855361   -1.1766702  0.00    0.0019536    0.0004976   -0.0011751
c     0.6300662   -1.0979220   -3.0418561  0.00    0.0011983   -0.0001144    0.0014676
o    -0.6739026   -1.2008779   -3.5296063  0.00   -0.0104896   -0.0046783   -0.0039458
o     1.5453645   -0.2728313   -3.6922622  0.00    0.0183451   -0.0084883    0.0059457
h     1.0294993    0.3028725   -4.3607523  0.00   -0.0114197    0.0128879   -0.0057590
n     1.8603119   -3.0804327   -2.1313256  0.00   -0.0050353   -0.0033032    0.0029200
h     0.0939917   -2.2491623   -1.3498097  0.00   -0.0014651   -0.0015277    0.0012462
h     2.1041288   -3.1046096   -3.1569277  0.00    0.0008691   -0.0007391   -0.0077016
h     2.7737981   -3.1029147   -1.6146850  0.00    0.0044937    0.0004563    0.0023711
    24
 Energy =       0.0658239559
c     1.2417029    2.6493278    0.0125382  0.00    0.0041410    0.0020000    0.0006811
c    -0.1039160    2.7188524    0.1606792  0.00   -0.0009620    0.0021331    0.0014592
c    -0.8617938    1.6055099    0.0145625  0.00   -0.0044202   -0.0004292   -0.0002983
c     1.8351291    1.4640682   -0.2845011  0.00    0.0040618    0.0011825    0.0006995
c     1.0806769    0.3345744   -0.4442156  0.00    0.0012931   -0.0028132   -0.0016700
c    -0.2756153    0.4129534   -0.2723360  0.00   -0.0037810   -0.0015081   -0.0004034
o    -0.7104162    3.9357773    0.4597609  0.00   -0.0006054    0.0014852   -0.0067676
h    -0.7279578    4.0868902    1.4655582  0.00   -0.0004247   -0.0003212    0.0059669
h    -0.9087993   -0.4652174   -0.3724353  0.00   -0.0024711   -0.0013111   -0.0003379
h     2.9181625    1.4324259   -0.4001289  0.00    0.0033002    0.0003705    0.0001051
h     1.8369000    3.5514937    0.1257270  0.00    0.0021573    0.0016673    0.0002964
h    -1.9410827    1.6773869    0.1285387  0.00   -0.0030550   -0.0001389    0.0000260
c     1.7720730   -0.9882840   -0.7492515  0.00   -0.0007532    0.0019246    0.0010552
c     1.0720791   -1.8597698   -1.8295893  0.00    0.0025475   -0.0000472    0.0012736
h     1.8556106   -1.5682989    0.1976226  0.00    0.0001824   -0.0005797    0.0025827
h     2.8085783   -0.7870107   -1.1116572  0.00    0.0023995    0.0004502   -0.0012664
c     0.7063948   -1.0437864   -3.0655651  0.00    0.0012510   -0.0004834    0.0014649
o    -0.5945282   -1.0854997   -3.5686040  0.00   -0.0095909   -0.0035586   -0.0034585
o     1.6636121   -0.2540093   -3.6995074  0.00    0.0150599   -0.0057789    0.0044608
h     1.1882524    0.3162414   -4.3989100  0.00   -0.0087854    0.0100654   -0.0052732
n     1.8934721   -3.0530871   -2.1555035  0.00   -0.0046969   -0.0023358    0.0026417
h     0.1025043   -2.2302399   -1.4226029  0.00   -0.0017885   -0.0017747    0.0011929
h     2.1729529   -3.0560526   -3.1716255  0.00    0.0008415   -0.0005243   -0.0066795
h     2.7884244   -3.0910089   -1.6087097  0.00    0.0040989    0.0003255    0.0022487
    24
 Energy =       0.0648630043
c     1.1814706    2.6469345   -0.0265990  0.00    0.0044003    0.0018999    0.0004178
c    -0.1592092    2.6870136    0.1715784  0.00   -0.0009395    0.0020336    0.0013273
c    -0.8949606    1.5529631    0.0758377  0.00   -0.0043942   -0.0011762   -0.0002560
c     1.7922244    1.4704506   -0.3223665  0.00    0.0041036    0.0019246    0.0006657
c     1.0595579    0.3201241   -0.4277108  0.00    0.0009129   -0.0027842   -0.0015398
c    -0.2907349    0.3692343   -0.2087579  0.00   -0.0039365   -0.0014914   -0.0001505
o    -0.7833824    3.8949487    0.4705653  0.00   -0.0006143    0.0013417   -0.0061776
h    -0.7671466    4.0655490    1.4729675  0.00   -0.0002512   -0.0002217    0.0055226
h    -0.9034759   -0.5277493   -0.2679194  0.00   -0.0027452   -0.0016777   -0.0001753
h     2.8705433    1.4627141   -0.4805768  0.00    0.0036074    0.0006693    0.0000426
h     1.7583564    3.5655240    0.0455135  0.00    0.0024289    0.0020462    0.0002640
h    -1.9709433    1.6014005    0.2283021  0.00   -0.0032658   -0.0003211    0.0000814
c     1.7630831   -0.9943354   -0.7349055  0.00   -0.0005316    0.0017930    0.0013670
c     1.0935700   -1.8346660   -1.8580642  0.00    0.0022569   -0.0007740    0.0007081
h     1.8103337   -1.5961749    0.2010540  0.00    0.0001102   -0.0007131    0.0027198
h     2.8134550   -0.7912446   -1.0540428  0.00    0.0026457    0.0003914   -0.0012483
c     0.7831671   -0.9893544   -3.0899950  0.00    0.0011638   -0.0007027    0.0013883
o    -0.5080477   -0.9755367   -3.6180752  0.00   -0.0091197   -0.0026930   -0.0032809
o     1.7814267   -0.2295284   -3.6971533  0.00    0.0130582   -0.0039337    0.0034247
h     1.3470055    0.3418705   -4.4199932  0.00   -0.0070369    0.0082151   -0.0049772
n     1.9131326   -3.0307195   -2.1769828  0.00   -0.0050825   -0.0017783    0.0026571
h     0.1042194   -2.2004186   -1.4959600  0.00   -0.0021187   -0.0019503    0.0010951
h     2.2333987   -3.0141343   -3.1807434  0.00    0.0009659   -0.0002954   -0.0064751
h     2.7853722   -3.0916281   -1.5961285  0.00    0.0043822    0.0001980    0.0025994
    24
 Energy =       0.0639498111
c     1.1218060    2.6417760   -0.0638197  0.00    0.0045644    0.0017984    0.0001606
c    -0.2111204    2.6546131    0.1857048  0.00   -0.0009752    0.0019221    0.0012235
c    -0.9233996    1.5022474    0.1388559  0.00   -0.0043511   -0.0016954   -0.0001572
c     1.7484896    1.4742514   -0.3610242  0.00    0.0041103    0.0024348    0.0005383
c     1.0393670    0.3056668   -0.4130079  0.00    0.0006130   -0.0027484   -0.0013232
c    -0.3024615    0.3276163   -0.1463698  0.00   -0.0040201   -0.0014624    0.0000568
o    -0.8515270    3.8533674    0.4870817  0.00   -0.0006820    0.0011665   -0.0056542
h    -0.8026097    4.0423616    1.4848485  0.00   -0.0000883   -0.0001226    0.0051145
h    -0.8936374   -0.5860568   -0.1667505  0.00   -0.0028411   -0.0019281    0.0000110
h     2.8195741    1.4882183   -0.5633984  0.00    0.0038392    0.0008986   -0.0000783
h     1.6791950    3.5748277   -0.0318515  0.00    0.0025862    0.0022887    0.0001906
h    -1.9939235    1.5289984    0.3306860  0.00   -0.0034072   -0.0004567    0.0001659
c     1.7540866   -0.9996113   -0.7265083  0.00   -0.0002209    0.0016286    0.0014856
c     1.1120136   -1.8073114   -1.8881153  0.00    0.0020410   -0.0012654    0.0004213
h     1.7700699   -1.6238759    0.1958424  0.00    0.0000275   -0.0007976    0.0026874
h     2.8151381   -0.7943455   -1.0061831  0.00    0.0026542    0.0003179   -0.0011329
c     0.8602424   -0.9342589   -3.1146527  0.00    0.0010273   -0.0008398    0.0013327
o    -0.4166547   -0.8677870   -3.6721023  0.00   -0.0087777   -0.0019493   -0.0032352
o     1.8982814   -0.2024882   -3.6891835  0.00    0.0116278   -0.0025763    0.0026800
h     1.5057586    0.3731731   -4.4310637  0.00   -0.0056895    0.0068557   -0.0047725
n     1.9236315   -3.0106163   -2.1990002  0.00   -0.0056624   -0.0014512    0.0026759
h     0.1032767   -2.1613404   -1.5693381  0.00   -0.0023935   -0.0019975    0.0009589
h     2.2871429   -2.9764065   -3.1874862  0.00    0.0011604   -0.0000515   -0.0064827
h     2.7696766   -3.0997824   -1.5833199  0.00    0.0048576    0.0000310    0.0031331
    24
 Energy =       0.0630602413
c     1.0609217    2.6345907   -0.0992069  0.00    0.0045779    0.0016834   -0.0000879
c    -0.2614114    2.6213833    0.2024038  0.00   -0.0010200    0.0017709    0.0011238
c    -0.9480307    1.4523928    0.2028637  0.00   -0.0042236   -0.0020228   -0.0000173
c     1.7030006    1.4765053   -0.3999277  0.00    0.0040124    0.0027274    0.0003377
c     1.0200669    0.2915659   -0.3999319  0.00    0.0003744   -0.0026692   -0.0010288
c    -0.3109272    0.2874481   -0.0855438  0.00   -0.0039823   -0.0014234    0.0002349
o    -0.9174697    3.8104472    0.5082436  0.00   -0.0007719    0.0009899   -0.0050451
h    -0.8373931    4.0167966    1.5002304  0.00    0.0000591   -0.0000365    0.0046129
h    -0.8790371   -0.6412956   -0.0697035  0.00   -0.0027551   -0.0020716    0.0001671
h     2.7643199    1.5107450   -0.6472459  0.00    0.0039305    0.0010509   -0.0002387
h     1.5969095    3.5806980   -0.1063638  0.00    0.0026200    0.0024081    0.0000894
h    -2.0109866    1.4583720    0.4344732  0.00   -0.0034360   -0.0005495    0.0002671
c     1.7459353   -1.0035434   -0.7228287  0.00    0.0001107    0.0014226    0.0014523
c     1.1292011   -1.7779370   -1.9190884  0.00    0.0018181   -0.0015516    0.0002997
h     1.7354289   -1.6504252    0.1838669  0.00   -0.0000537   -0.0008280    0.0025022
h     2.8150119   -0.7950941   -0.9664399  0.00    0.0024769    0.0002390   -0.0009569
c     0.9379683   -0.8789569   -3.1382540  0.00    0.0008666   -0.0009084    0.0012968
o    -0.3209556   -0.7612175   -3.7265712  0.00   -0.0083613   -0.0012763   -0.0032137
o     2.0141710   -0.1750666   -3.6765448  0.00    0.0103924   -0.0015597    0.0021371
h     1.6645117    0.4064730   -4.4340800  0.00   -0.0045345    0.0057458   -0.0045565
n     1.9282935   -2.9914448   -2.2221092  0.00   -0.0059947   -0.0012425    0.0025468
h     0.1022591   -2.1151961   -1.6417916  0.00   -0.0025738   -0.0019041    0.0008091
h     2.3347235   -2.9425602   -3.1930065  0.00    0.0013319    0.0001696   -0.0062978
h     2.7459047   -3.1114440   -1.5735995  0.00    0.0051358   -0.0001638    0.0035656
    24
 Energy =       0.0622134071
c     0.9981058    2.6255931   -0.1329892  0.00    0.0044167    0.0015621   -0.0003102
c    -0.3109141    2.5874373    0.2204687  0.00   -0.0010334    0.0015869    0.0010194
c    -0.9695890    1.4033239    0.2665659  0.00   -0.0039825   -0.0021863    0.0001398
c     1.6553078    1.4773524   -0.4383754  0.00    0.0037803    0.0028253    0.0000995
c     1.0012789    0.2777684   -0.3881753  0.00    0.0001962   -0.0025392   -0.0006911
c    -0.3167114    0.2485671   -0.0267798  0.00   -0.0038016   -0.0013789    0.0003822
o    -0.9822868    3.7663703    0.5320078  0.00   -0.0008462    0.0008267   -0.0043517
h    -0.8729452    3.9894144    1.5172057  0.00    0.0001814    0.0000312    0.0040203
h    -0.8604589   -0.6937489    0.0227423  0.00   -0.0025196   -0.0021136    0.0002605
h     2.7044867    1.5305613   -0.7303697  0.00    0.0038415    0.0011245   -0.0004098
h     1.5106909    3.5834827   -0.1781390  0.00    0.0025339    0.0024205   -0.0000241
h    -2.0229821    1.3893214    0.5376870  0.00   -0.0033293   -0.0006037    0.0003685
c     1.7384710   -1.0063984   -0.7222558  0.00    0.0003917    0.0012035    0.0013279
c     1.1462553   -1.7470526   -1.9504433  0.00    0.0015689   -0.0016846    0.0002782
h     1.7051081   -1.6759006    0.1672087  0.00   -0.0001249   -0.0008213    0.0022309
h     2.8136148   -0.7937011   -0.9320185  0.00    0.0022062    0.0001754   -0.0007590
c     1.0168611   -0.8237958   -3.1598203  0.00    0.0006906   -0.0009192    0.0012630
o    -0.2206899   -0.6559917   -3.7796774  0.00   -0.0078185   -0.0006735   -0.0031764
o     2.1292839   -0.1476810   -3.6586346  0.00    0.0092471   -0.0008268    0.0017525
h     1.8232649    0.4411289   -4.4284653  0.00   -0.0035249    0.0048122   -0.0042956
n     1.9295483   -2.9724817   -2.2464596  0.00   -0.0057834   -0.0010885    0.0022410
h     0.1026506   -2.0641327   -1.7132620  0.00   -0.0026582   -0.0017098    0.0006735
h     2.3756719   -2.9129957   -3.1987898  0.00    0.0013904    0.0003141   -0.0057057
h     2.7183935   -3.1232040   -1.5693868  0.00    0.0049776   -0.0003371    0.0036665
    24
 Energy =       0.0614399351
c     0.9330351    2.6147725   -0.1651884  0.00    0.0040909    0.0014391   -0.0004904
c    -0.3601974    2.5528910    0.2390804  0.00   -0.0009950    0.0013853    0.0009077
c    -0.9888508    1.3551487    0.3290255  0.00   -0.0036278   -0.0022130    0.0002904
c     1.6051483    1.4766743   -0.4757702  0.00    0.0034205    0.0027554   -0.0001397
c     0.9824356    0.2641192   -0.3775854  0.00    0.0000935   -0.0023514   -0.0003491
c    -0.3206321    0.2109299    0.0295889  0.00   -0.0034891   -0.0013246    0.0004920
o    -1.0465920    3.7213699    0.5569613  0.00   -0.0008846    0.0006809   -0.0036310
h    -0.9099130    3.9607988    1.5344938  0.00    0.0002733    0.0000806    0.0033885
h    -0.8390822   -0.7434688    0.1106079  0.00   -0.0021910   -0.0020607    0.0002895
h     2.6401110    1.5475394   -0.8112946  0.00    0.0035728    0.0011220   -0.0005642
h     1.4203945    3.5831570   -0.2470017  0.00    0.0023432    0.0023398   -0.0001355
h    -2.0308525    1.3220202    0.6389307  0.00   -0.0030961   -0.0006242    0.0004559
c     1.7311975   -1.0085773   -0.7236424  0.00    0.0005781    0.0009955    0.0011705
c     1.1640050   -1.7151059   -1.9820216  0.00    0.0013007   -0.0017203    0.0003080
h     1.6775029   -1.7006542    0.1472349  0.00   -0.0001825   -0.0007940    0.0019323
h     2.8109610   -0.7906717   -0.9005713  0.00    0.0019168    0.0001419   -0.0005664
c     1.0973883   -0.7689996   -3.1788453  0.00    0.0005047   -0.0008866    0.0012163
o    -0.1154947   -0.5524881   -3.8306255  0.00   -0.0071573   -0.0001527   -0.0031072
o     2.2438120   -0.1202728   -3.6349097  0.00    0.0081745   -0.0003360    0.0014978
h     1.9820180    0.4772205   -4.4135628  0.00   -0.0026549    0.0040316   -0.0039904
n     1.9294313   -2.9531588   -2.2722556  0.00   -0.0050095   -0.0009549    0.0018205
h     0.1055023   -2.0099665   -1.7843382  0.00   -0.0026534   -0.0014678    0.0005620
h     2.4100959   -2.8874970   -3.2065591  0.00    0.0013016    0.0003558   -0.0047299
h     2.6909922   -3.1325440   -1.5719076  0.00    0.0043705   -0.0004418    0.0033723
    24
 Energy =       0.0607630134
c     0.8651970    2.6022198   -0.1961110  0.00    0.0036318    0.0013137   -0.0006220
c    -0.4098758    2.5177395    0.2579407  0.00   -0.0009030    0.0011780    0.0007884
c    -1.0064131    1.3077767    0.3902404  0.00   -0.0031758   -0.0021282    0.0004182
c     1.5521278    1.4746034   -0.5122493  0.00    0.0029608    0.0025443   -0.0003536
c     0.9630050    0.2506214   -0.3683408  0.00    0.0000837   -0.0020954   -0.0000424
c    -0.3232474    0.1744318    0.0837812  0.00   -0.0030765   -0.0012511    0.0005612
o    -1.1111050    3.6754152    0.5826410  0.00   -0.0008848    0.0005489   -0.0029321
h    -0.9485640    3.9312877    1.5516441  0.00    0.0003361    0.0001155    0.0027642
h    -0.8155070   -0.7906581    0.1949689  0.00   -0.0018261   -0.0019236    0.0002767
h     2.5710153    1.5620037   -0.8899077  0.00    0.0031518    0.0010476   -0.0006845
h     1.3255343    3.5798622   -0.3133350  0.00    0.0020678    0.0021763   -0.0002340
h    -2.0352116    1.2562793    0.7384200  0.00   -0.0027659   -0.0006166    0.0005227
c     1.7237753   -1.0101503   -0.7266150  0.00    0.0006546    0.0007975    0.0010089
c     1.1830698   -1.6823270   -2.0139482  0.00    0.0010267   -0.0016798    0.0003472
h     1.6517300   -1.7246923    0.1244280  0.00   -0.0002220   -0.0007479    0.0016235
h     2.8069282   -0.7861267   -0.8710076  0.00    0.0016327    0.0001370   -0.0003916
c     1.1798143   -0.7148193   -3.1952933  0.00    0.0003191   -0.0008207    0.0011453
o    -0.0053061   -0.4507477   -3.8788006  0.00   -0.0063571    0.0002737   -0.0029754
o     2.3578636   -0.0933521   -3.6057481  0.00    0.0071123   -0.0000457    0.0013396
h     2.1407711    0.5140150   -4.3898210  0.00   -0.0019045    0.0033608   -0.0036235
n     1.9295512   -2.9329703   -2.2997063  0.00   -0.0039306   -0.0008183    0.0013692
h     0.1116175   -1.9538885   -1.8557379  0.00   -0.0025439   -0.0012111    0.0004637
h     2.4399991   -2.8646011   -3.2170877  0.00    0.0011119    0.0003184   -0.0035865
h     2.6656463   -3.1386855   -1.5805107  0.00    0.0035010   -0.0004734    0.0028168
    24
 Energy =       0.0602011986
c     0.7939318    2.5882484   -0.2259738  0.00    0.0030517    0.0011742   -0.0006968
c    -0.4605394    2.4819897    0.2771398  0.00   -0.0007588    0.0009660    0.0006573
c    -1.0225581    1.2610875    0.4505715  0.00   -0.0026311   -0.0019334    0.0005083
c     1.4958036    1.4716602   -0.5482134  0.00    0.0024198    0.0021963   -0.0005150
c     0.9426396    0.2376028   -0.3609466  0.00    0.0001744   -0.0017482    0.0001823
c    -0.3246909    0.1391007    0.1360377  0.00   -0.0025796   -0.0011395    0.0005843
o    -1.1766144    3.6283242    0.6093218  0.00   -0.0008471    0.0004273   -0.0022641
h    -0.9891973    3.9009370    1.5688665  0.00    0.0003683    0.0001362    0.0021576
h    -0.7895541   -0.8354317    0.2769014  0.00   -0.0014584   -0.0017024    0.0002517
h     2.4968851    1.5748744   -0.9665241  0.00    0.0025966    0.0008981   -0.0007508
h     1.2252776    3.5740066   -0.3773653  0.00    0.0017142    0.0019219   -0.0003078
h    -2.0361858    1.1917295    0.8369873  0.00   -0.0023540   -0.0005803    0.0005622
c     1.7161979   -1.0106916   -0.7314320  0.00    0.0006199    0.0005876    0.0008405
c     1.2038359   -1.6487950   -2.0464158  0.00    0.0007609   -0.0015413    0.0003647
h     1.6278821   -1.7473711    0.0987437  0.00   -0.0002346   -0.0006693    0.0012873
h     2.8014988   -0.7795648   -0.8435010  0.00    0.0013364    0.0001477   -0.0002408
c     1.2642009   -0.6617929   -3.2095592  0.00    0.0001538   -0.0007231    0.0010384
o     0.1096141   -0.3506127   -3.9235889  0.00   -0.0053614    0.0005840   -0.0027283
o     2.4715099   -0.0685165   -3.5726502  0.00    0.0059438    0.0000800    0.0012327
h     2.2995242    0.5494914   -4.3589327  0.00   -0.0012506    0.0027337   -0.0031489
n     1.9308785   -2.9116633   -2.3287117  0.00   -0.0028369   -0.0006587    0.0009393
h     0.1215142   -1.8964306   -1.9279088  0.00   -0.0022944   -0.0009480    0.0003602
h     2.4683383   -2.8427038   -3.2297180  0.00    0.0008892    0.0002468   -0.0024953
h     2.6422235   -3.1422418   -1.5932839  0.00    0.0025780   -0.0004557    0.0021810
    24
 Energy =       0.0597781933
c     0.7186816    2.5735622   -0.2545214  0.00    0.0023160    0.0009932   -0.0006833
c    -0.5128595    2.4459161    0.2964877  0.00   -0.0005545    0.0007378    0.0005002
c    -1.0376338    1.2152372    0.5093978  0.00   -0.0019694   -0.0015932    0.0005300
c     1.4360086    1.4688777   -0.5835508  0.00    0.0017907    0.0016917   -0.0005768
c     0.9212190    0.2258711   -0.3560766  0.00    0.0003294   -0.0012845    0.0002705
c    -0.3249818    0.1053591    0.1856799  0.00   -0.0019723   -0.0009583    0.0005423
o    -1.2441618    3.5800641    0.6369421  0.00   -0.0007525    0.0003233   -0.0015923
h    -1.0329835    3.8697213    1.5861362  0.00    0.0003561    0.0001339    0.0015367
h    -0.7608190   -0.8775062    0.3558748  0.00   -0.0010847   -0.0013791    0.0002309
h     2.4178917    1.5877655   -1.0402909  0.00    0.0018980    0.0006658   -0.0007164
h     1.1189274    3.5664071   -0.4382722  0.00    0.0012702    0.0015432   -0.0003336
h    -2.0340712    1.1282070    0.9338540  0.00   -0.0018335   -0.0005010    0.0005495
c     1.7088966   -1.0091989   -0.7383663  0.00    0.0004766    0.0003354    0.0006465
c     1.2266611   -1.6147030   -2.0791343  0.00    0.0005181   -0.0012563    0.0003448
h     1.6069306   -1.7671230    0.0705163  0.00   -0.0002077   -0.0005326    0.0008958
h     2.7949887   -0.7697640   -0.8187477  0.00    0.0009964    0.0001530   -0.0001224
c     1.3505741   -0.6111872   -3.2221523  0.00    0.0000378   -0.0005912    0.0008793
o     0.2287647   -0.2522726   -3.9639879  0.00   -0.0041120    0.0007388   -0.0022988
o     2.5849524   -0.0489242   -3.5381573  0.00    0.0045401    0.0000725    0.0011091
h     2.4582773    0.5799698   -4.3236706  0.00   -0.0006881    0.0020751   -0.0025039
n     1.9339854   -2.8895005   -2.3580657  0.00   -0.0019010   -0.0004632    0.0005600
h     0.1356352   -1.8378757   -2.0004475  0.00   -0.0018648   -0.0006709    0.0002410
h     2.4977741   -2.8214396   -3.2422592  0.00    0.0006804    0.0001756   -0.0015886
h     2.6197583   -3.1442266   -1.6073441  0.00    0.0017306   -0.0004091    0.0015796
    24
 Energy =       0.0595194192
c     0.6387660    2.5592524   -0.2818713  0.00    0.0013577    0.0007249   -0.0005179
c    -0.5680864    2.4100332    0.3144432  0.00   -0.0002780    0.0004766    0.0002939
c    -1.0526020    1.1705965    0.5643917  0.00   -0.0011502   -0.0010558    0.0004279
c     1.3728421    1.4677859   -0.6178805  0.00    0.0010460    0.0010213   -0.0004688
c     0.8988589    0.2166730   -0.3542371  0.00    0.0004137   -0.0007178    0.0001936
c    -0.3243131    0.0739573    0.2310601  0.00   -0.0011899   -0.0006719    0.0003982
o    -1.3157863    3.5307318    0.6633900  0.00   -0.0005493    0.0002479   -0.0008746
h    -1.0828832    3.8379519    1.6015030  0.00    0.0002718    0.0000939    0.0008557
h    -0.7290198   -0.9162998    0.4298323  0.00   -0.0006662   -0.0009235    0.0001984
h     2.3348193    1.6029749   -1.1094887  0.00    0.0010447    0.0003646   -0.0005070
h     1.0057178    3.5583144   -0.4954039  0.00    0.0007238    0.0010023   -0.0002751
h    -2.0301342    1.0656683    1.0256106  0.00   -0.0011326   -0.0003513    0.0004284
c     1.7029269   -1.0041349   -0.7468546  0.00    0.0002334    0.0000333    0.0004049
c     1.2523581   -1.5805858   -2.1106737  0.00    0.0002986   -0.0007768    0.0002743
h     1.5906484   -1.7814315    0.0414996  0.00   -0.0001330   -0.0003089    0.0004348
h     2.7883109   -0.7547214   -0.7967993  0.00    0.0005901    0.0001222   -0.0000448
c     1.4392208   -0.5650886   -3.2330505  0.00   -0.0000014   -0.0004220    0.0006324
o     0.3515637   -0.1563885   -3.9977668  0.00   -0.0025532    0.0006691   -0.0015929
o     2.6987334   -0.0390924   -3.5052796  0.00    0.0027847   -0.0000158    0.0008491
h     2.6170304    0.6004391   -4.2872323  0.00   -0.0002375    0.0012897   -0.0016000
n     1.9398570   -2.8672562   -2.3847726  0.00   -0.0011604   -0.0002275    0.0002528
h     0.1548805   -1.7789106   -2.0715405  0.00   -0.0012058   -0.0003623    0.0001141
h     2.5309569   -2.8017730   -3.2506612  0.00    0.0004974    0.0001181   -0.0009066
h     2.5977499   -3.1454593   -1.6183739  0.00    0.0009957   -0.0003305    0.0010292
    24
 Energy =       0.0594403955
c     0.5642132    2.5479446   -0.3058673  0.00    0.0000873    0.0001822   -0.0000657
c    -0.6205299    2.3792837    0.3257591  0.00    0.0000380    0.0001014    0.0000123
c    -1.0670283    1.1331289    0.6054132  0.00   -0.0001028   -0.0001706    0.0000738
c     1.3151360    1.4696456   -0.6467807  0.00    0.0001054    0.0001261   -0.0000712
c     0.8789919    0.2121085   -0.3552994  0.00    0.0001110   -0.0000770    0.0000024
c    -0.3231495    0.0494740    0.2649943  0.00   -0.0001090   -0.0001502    0.0000576
o    -1.3847528    3.4866683    0.6807669  0.00   -0.0000993    0.0001239   -0.0000763
h    -1.1361971    3.8104938    1.6087208  0.00    0.0000507    0.0000041    0.0000720
h    -0.6984083   -0.9464423    0.4875802  0.00   -0.0000956   -0.0001845    0.0000559
h     2.2599355    1.6202299   -1.1644073  0.00    0.0000507    0.0000271   -0.0000390
h     0.9001077    3.5516918   -0.5427679  0.00    0.0000622    0.0001720   -0.0000520
h    -2.0272427    1.0120694    1.0958812  0.00   -0.0001099   -0.0000573    0.0000654
c     1.7005486   -0.9949644   -0.7539435  0.00   -0.0000392   -0.0001502    0.0000613
c     1.2786959   -1.5516772   -2.1345736  0.00    0.0000423   -0.0000551    0.0000688
h     1.5830076   -1.7863756    0.0187688  0.00   -0.0000100    0.0000055   -0.0000336
h     2.7837924   -0.7346114   -0.7790520  0.00    0.0000741    0.0000117   -0.0000075
c     1.5186959   -0.5310277   -3.2399250  0.00    0.0000521   -0.0001337    0.0001638
o     0.4606080   -0.0748950   -4.0165844  0.00   -0.0004417    0.0001526   -0.0003120
o     2.7984648   -0.0437820   -3.4809391  0.00    0.0004064   -0.0000247    0.0001699
h     2.7544399    0.6048649   -4.2570126  0.00    0.0000144    0.0001544   -0.0002013
n     1.9493874   -2.8486222   -2.4016605  0.00   -0.0002986    0.0000163    0.0000250
h     0.1777934   -1.7287761   -2.1291080  0.00   -0.0001525   -0.0000118    0.0000125
h     2.5658512   -2.7873157   -3.2494745  0.00    0.0001690    0.0000368   -0.0002314
h     2.5800551   -3.1458769   -1.6206447  0.00    0.0001952   -0.0000989    0.0002493
    24
 Energy =       0.0594396868
c     0.5657154    2.5480174   -0.3041505  0.00    0.0000023    0.0000008   -0.0000016
c    -0.6201349    2.3793078    0.3251513  0.00   -0.0000008    0.0000005    0.0000004
c    -1.0674757    1.1332557    0.6028178  0.00   -0.0000014   -0.0000016    0.0000013
c     1.3168169    1.4698526   -0.6448229  0.00    0.0000014    0.0000015   -0.0000012
c     0.8797809    0.2123723   -0.3552605  0.00    0.0000010   -0.0000007   -0.0000003
c    -0.3233490    0.0497256    0.2628034  0.00   -0.0000017   -0.0000007    0.0000011
o    -1.3846093    3.4865484    0.6798006  0.00   -0.0000011   -0.0000009   -0.0000019
h    -1.1375238    3.8097290    1.6083213  0.00    0.0000008    0.0000007    0.0000022
h    -0.6992210   -0.9461116    0.4837976  0.00   -0.0000008   -0.0000012    0.0000008
h     2.2624630    1.6205484   -1.1607520  0.00    0.0000016    0.0000004   -0.0000013
h     0.9023327    3.5517146   -0.5394737  0.00    0.0000009    0.0000012   -0.0000008
h    -2.0285337    1.0121855    1.0913775  0.00   -0.0000018   -0.0000007    0.0000013
c     1.7015373   -0.9945744   -0.7536520  0.00    0.0000002    0.0000001    0.0000001
c     1.2789341   -1.5522300   -2.1336250  0.00   -0.0000003   -0.0000002    0.0000005
h     1.5847560   -1.7855090    0.0196988  0.00    0.0000000   -0.0000005    0.0000004
h     2.7846256   -0.7339616   -0.7796702  0.00    0.0000005    0.0000002    0.0000001
c     1.5165476   -0.5316277   -3.2392911  0.00    0.0000020   -0.0000027    0.0000050
o     0.4566603   -0.0738897   -4.0120036  0.00   -0.0000109    0.0000026   -0.0000080
o     2.7957591   -0.0453958   -3.4839219  0.00    0.0000098   -0.0000002    0.0000050
h     2.7498201    0.6039941   -4.2590709  0.00   -0.0000004    0.0000025   -0.0000034
n     1.9506789   -2.8485033   -2.4011037  0.00   -0.0000011   -0.0000003   -0.0000002
h     0.1783851   -1.7305704   -2.1270164  0.00   -0.0000015   -0.0000001   -0.0000001
h     2.5661944   -2.7868004   -3.2493723  0.00    0.0000008    0.0000001   -0.0000007
h     2.5822560   -3.1448409   -1.6207376  0.00    0.0000007   -0.0000008    0.0000012
    24
 Energy =       0.0594396857
c     0.5657945    2.5480269   -0.3040608  0.00    0.0000000    0.0000000   -0.0000000
c    -0.6201187    2.3793179    0.3251174  0.00   -0.0000000    0.0000000    0.0000000
c    -1.0675151    1.1332647    0.6026811  0.00   -0.0000000   -0.0000000    0.0000000
c     1.3169013    1.4698595   -0.6447140  0.00    0.0000000    0.0000000   -0.0000000
c     0.8798097    0.2123774   -0.3552504  0.00    0.0000000   -0.0000000   -0.0000000
c    -0.3233807    0.0497322    0.2626911  0.00   -0.0000000   -0.0000000    0.0000000
o    -1.3846005    3.4865609    0.6797437  0.00   -0.0000000   -0.0000000   -0.0000000
h    -1.1375934    3.8096967    1.6082992  0.00    0.0000000    0.0000000    0.0000000
h    -0.6992971   -0.9461056    0.4836001  0.00   -0.0000000   -0.0000000    0.0000000
h     2.2625946    1.6205559   -1.1605523  0.00    0.0000000    0.0000000   -0.0000000
h     0.9024565    3.5517261   -0.5393048  0.00    0.0000000    0.0000000   -0.0000000
h    -2.0286234    1.0121959    1.0911376  0.00   -0.0000000   -0.0000000    0.0000000
c     1.7015707   -0.9945716   -0.7536267  0.00    0.0000000    0.0000000   -0.0000000
c     1.2789505   -1.5522614   -2.1335784  0.00   -0.0000000    0.0000000    0.0000000
h     1.5848035   -1.7854889    0.0197430  0.00    0.0000000   -0.0000000    0.0000000
h     2.7846567   -0.7339549   -0.7796715  0.00    0.0000000    0.0000000   -0.0000000
c     1.5164466   -0.5316421   -3.2392509  0.00    0.0000000   -0.0000000    0.0000000
o     0.4564334   -0.0736580   -4.0116316  0.00   -0.0000001    0.0000000   -0.0000001
o     2.7956635   -0.0455837   -3.4841671  0.00    0.0000001    0.0000000    0.0000000
h     2.7496264    0.6038799   -4.2592453  0.00   -0.0000000    0.0000000   -0.0000000
n     1.9507712   -2.8484899   -2.4010800  0.00   -0.0000000   -0.0000000   -0.0000000
h     0.1784156   -1.7306770   -2.1269246  0.00   -0.0000000   -0.0000000    0.0000000
h     2.5662499   -2.7867459   -3.2493719  0.00    0.0000000    0.0000000   -0.0000000
h     2.5824003   -3.1447786   -1.6207388  0.00    0.0000000   -0.0000000    0.0000000
