$coord                                                                          
   -0.21614232894444      4.72956989541005     -2.69043160382405      c       
   -1.16842152546361      4.89889287505548     -0.32556519233296      c       
   -0.47230261606135      3.17731965150246      1.44975409670728      c       
    1.42477430825789      2.85731273203072     -3.29901937559190      c       
    2.13256417739035      1.12721062423324     -1.52899964576472      c       
    1.17083257728050      1.30070827875769      0.85247257242227      c       
   -2.85496398561778      6.85673552872992      0.22889305082099      o       
   -3.50231843278916      6.84850057449213      2.03261855231818      h       
    1.70558984653199     -0.06426370172418      2.29322866655879      h       
    2.15795349546124      2.74772816595600     -5.21463651488371      h       
   -0.78724238728653      6.10879808070346     -4.09418657328614      h       
   -1.23118885044924      3.29623879308083      3.34937457762778      h       
    3.94762955956036     -0.98345588284195     -2.21110162814784      c       
    2.60755342774053     -3.42627793892701     -3.08427994306669      c       
    5.18129355491942     -1.41246570379243     -0.56128590510704      h       
    5.23690962003553     -0.34234289553609     -3.74340627215079      h       
    0.94355117847827     -4.58077601650799     -1.03428171883718      c       
    1.91286928251363     -4.97999185648676      1.37528616848338      o       
   -1.50541500810725     -5.36312430995348     -1.57140594937918      o       
   -2.27911063396529     -6.10630780637529      0.01176860354628      h       
    1.25053791345451     -2.94662507794370     -5.47279850038743      n       
    4.09983475484744     -4.86746790269894     -3.43870005571638      h       
    0.50508778667365     -4.66267854752382     -6.12874207586846      h       
   -0.34575907032882     -1.83784404963462     -5.09174303795017      h       
$end                                                                            
