    24
 Energy =       3.6190493895
c     0.0448833    2.3534058   -1.3813971  0.00   -0.0473935    0.0517832   -0.0541563
c     0.1418476    2.9248573   -0.1206726  0.00   -0.0509843    0.0957344   -0.0078230
c     0.7555652    2.2402731    0.9181560  0.00   -0.0013265    0.0613786    0.0777859
c     0.5800579    1.0803682   -1.5985351  0.00   -0.0538742   -0.2406329   -0.2365508
c     1.2047783    0.3610782   -0.5608861  0.00    0.0849347   -0.0887034    0.0390858
c     1.2772621    0.9610456    0.7017654  0.00    0.0250589   -0.0339786    0.0375828
o    -0.3596449    4.1638607    0.1435223  0.00   -0.0079491   -0.0385033    0.0737692
h    -1.0078207    4.0887669    0.8629229  0.00    0.0453870   -0.0119512   -0.0603742
h     1.7275121    0.4624698    1.5506282  0.00   -0.0067039    0.0137571    0.0061053
h     0.4997167    0.6426498   -2.5929302  0.00   -7.8775881  -32.8641479   -7.7927142
h    -0.4370006    2.8749235   -2.2021886  0.00    0.0006355   -0.0084910   -0.0080922
h     0.8245662    2.6993933    1.9006814  0.00   -0.0000159    0.0002564    0.0018427
c     1.7669373   -1.0073413   -0.8964724  0.00   -0.0491232   -0.0273773   -0.0080745
c     0.8861134   -2.0194266   -1.6556448  0.00    0.1059130   -0.0069115   -0.0533005
h     2.1212937   -1.4658931    0.0371405  0.00   -0.0068558    0.0113902   -0.0099621
h     2.6645729   -0.8285312   -1.5058794  0.00   -0.0107619    0.0008376    0.0070802
c    -0.2550706   -2.4993401   -0.7313897  0.00   -0.0548080   -0.0705227    0.3342956
o    -0.1765299   -2.6781136    0.4736491  0.00   -0.0218673    0.0548924   -0.2856406
o    -1.3862936   -2.7453732   -1.4466837  0.00    0.1762080    0.2011303   -0.2957686
h    -1.5213325   -3.7253525   -1.3910885  0.00    0.0259631    0.0319373   -0.0088556
n     0.2410616   -1.4915667   -2.9017470  0.00   -0.1161698    0.0551221    0.0001300
h     1.4642165   -2.9122299   -1.9206526  0.00   -0.0130375    0.0131283   -0.0017730
h    -0.7513888   -1.7528500   -2.8797219  0.00   -0.0658335   -0.1734847    0.2886521
h     0.2327904   -0.4700704   -2.8568985  0.00    7.9201923   32.9733564    7.9567559
    24
 Energy =       1.9328417377
c     0.1310907    2.3970293   -1.3664479  0.00   -0.0148786    0.0125665   -0.0159160
c     0.1863283    2.9127036   -0.1061682  0.00   -0.0137142    0.0273095   -0.0019395
c     0.7603416    2.1992887    0.9038755  0.00    0.0005731    0.0198855    0.0217777
c     0.6409339    1.1536855   -1.6145302  0.00   -0.0234052   -0.0979116   -0.0928600
c     1.1967152    0.4064647   -0.5981601  0.00    0.0267914   -0.0253193    0.0129054
c     1.2637099    0.9491271    0.6614542  0.00    0.0079706   -0.0086323    0.0106298
o    -0.3541750    4.1569506    0.1604289  0.00    0.0107106   -0.0090612    0.0180419
h    -1.1110529    4.0658777    0.8231054  0.00    0.0005420   -0.0074236   -0.0127886
h     1.7048588    0.3935521    1.4851669  0.00   -0.0006684    0.0025315    0.0022802
h     0.5567316    0.7032153   -2.6344163  0.00   -3.9524351  -16.4901832   -3.9210081
h    -0.3333977    2.9679103   -2.1639740  0.00   -0.0005861   -0.0019193   -0.0028996
h     0.8092428    2.6258787    1.9017473  0.00    0.0005524    0.0003298    0.0014708
c     1.7629664   -0.9711075   -0.9032238  0.00   -0.0151453   -0.0066006   -0.0013733
c     0.8077815   -1.9905927   -1.5774457  0.00    0.0285080   -0.0066445   -0.0104185
h     2.1553666   -1.4274668    0.0287097  0.00   -0.0025219    0.0031455   -0.0024536
h     2.6370818   -0.8282048   -1.5739028  0.00   -0.0014595    0.0005966   -0.0002028
c    -0.3482906   -2.4392153   -0.7015089  0.00   -0.0056603   -0.0139573    0.1072600
o    -0.2450723   -2.6257292    0.6187327  0.00   -0.0053116    0.0167283   -0.0849470
o    -1.4727224   -2.8464967   -1.4203176  0.00    0.0553038    0.1604255   -0.1560788
h    -1.3837853   -3.8841056   -1.5266611  0.00    0.0198684   -0.0572470   -0.0107115
n     0.2678202   -1.5136331   -2.8740400  0.00   -0.0370189    0.0194280    0.0029115
h     1.3826420   -2.9197235   -1.7746616  0.00   -0.0030722    0.0014784   -0.0015722
h    -0.7521754   -1.7581364   -2.8899137  0.00   -0.0449811   -0.0890213    0.1505817
h     0.2751540   -0.4702682   -2.9121711  0.00    3.9700380   16.5494961    3.9873104
    24
 Energy =       1.4229649752
c     0.1914293    2.4348867   -1.3387491  0.00   -0.0096473    0.0085403   -0.0106145
c     0.2266649    2.9249590   -0.0712454  0.00   -0.0118643    0.0162133   -0.0002046
c     0.7473569    2.1780316    0.9389196  0.00    0.0003813    0.0123951    0.0153371
c     0.6739475    1.1868444   -1.5964946  0.00   -0.0161623   -0.0648843   -0.0622619
c     1.1787402    0.4073081   -0.5804791  0.00    0.0180937   -0.0171870    0.0090443
c     1.2228348    0.9227242    0.6883983  0.00    0.0058256   -0.0059249    0.0076741
o    -0.2785111    4.1852692    0.2013953  0.00    0.0616430    0.0076048   -0.0165527
h    -1.2116024    4.0717091    0.6643523  0.00   -0.0511020   -0.0164870    0.0184234
h     1.6289443    0.3395252    1.5123670  0.00    0.0001014    0.0009760    0.0022183
h     0.6034378    0.7501490   -2.6332740  0.00   -2.7832851  -11.6113376   -2.7651829
h    -0.2318589    3.0371391   -2.1370375  0.00   -0.0009240   -0.0004581   -0.0027562
h     0.7788702    2.5870029    1.9447903  0.00    0.0005347    0.0001900    0.0014095
c     1.7445816   -0.9737758   -0.8854220  0.00   -0.0098903   -0.0040870   -0.0006808
c     0.8006818   -1.9876690   -1.5905861  0.00    0.0191577   -0.0044543   -0.0060682
h     2.1172541   -1.4440382    0.0496644  0.00   -0.0015519    0.0018395   -0.0014396
h     2.6354082   -0.8297639   -1.5347222  0.00   -0.0007020    0.0003894   -0.0004507
c    -0.3683211   -2.4695935   -0.7510739  0.00   -0.0037467   -0.0104630    0.0672577
o    -0.3045256   -2.6189482    0.5955660  0.00   -0.0036743    0.0117284   -0.0525900
o    -1.4748782   -2.9057367   -1.4807154  0.00    0.0364167    0.1147653   -0.1083070
h    -1.4286370   -3.9417490   -1.5031297  0.00    0.0145093   -0.0432995   -0.0087837
n     0.3033825   -1.4978520   -2.8960100  0.00   -0.0234825    0.0137814    0.0013749
h     1.3889827   -2.9100413   -1.7850749  0.00   -0.0021011    0.0008720   -0.0013050
h    -0.7201671   -1.7336675   -2.9482061  0.00   -0.0334688   -0.0618494    0.1056614
h     0.3140783   -0.4557095   -2.9175555  0.00    2.7949391   11.6511366    2.8087971
    24
 Energy =       0.9841261113
c     0.2580047    2.4815894   -1.3246919  0.00   -0.0063117    0.0059594   -0.0087918
c     0.2343753    2.9368690   -0.0457337  0.00   -0.0076900    0.0098585   -0.0007528
c     0.6674583    2.1444901    0.9730421  0.00    0.0017989    0.0048680    0.0124344
c     0.7088521    1.2256985   -1.5879908  0.00   -0.0106374   -0.0378081   -0.0389322
c     1.1376189    0.4079507   -0.5664720  0.00    0.0111347   -0.0113738    0.0059085
c     1.1221851    0.8869765    0.7157438  0.00    0.0041732   -0.0034557    0.0070495
o    -0.2404304    4.2144871    0.2218657  0.00    0.0491037    0.0079698   -0.0160149
h    -1.1059470    4.1432073    0.7969746  0.00   -0.0420809   -0.0118735    0.0166439
h     1.4701912    0.2713051    1.5450023  0.00    0.0009989   -0.0005398    0.0032476
h     0.6671844    0.8084865   -2.6421589  0.00   -1.8131973   -7.5606745   -1.8064230
h    -0.1018119    3.1198298   -2.1282480  0.00   -0.0013822    0.0012283   -0.0036252
h     0.6578053    2.5252443    1.9910532  0.00    0.0010252    0.0000687    0.0023996
c     1.7184731   -0.9715866   -0.8654799  0.00   -0.0058284   -0.0016269    0.0002500
c     0.8104339   -1.9846591   -1.6230817  0.00    0.0133341   -0.0020369   -0.0006191
h     2.0565798   -1.4554056    0.0776320  0.00   -0.0007211    0.0007471   -0.0002358
h     2.6368127   -0.8173518   -1.4749289  0.00    0.0004765    0.0002583   -0.0009934
c    -0.3828763   -2.5133889   -0.8462295  0.00   -0.0001194   -0.0122884    0.0162293
o    -0.4442516   -2.4950731    0.5392982  0.00   -0.0005281    0.0117312   -0.0013502
o    -1.4218518   -3.0487171   -1.6168631  0.00    0.0126760    0.0995751   -0.0819110
h    -1.4354163   -4.0782142   -1.4484262  0.00    0.0121721   -0.0556717   -0.0013794
n     0.3755712   -1.4791624   -2.9421674  0.00   -0.0108654    0.0095385   -0.0011093
h     1.4231407   -2.8940598   -1.8081336  0.00   -0.0011847    0.0002490   -0.0012686
h    -0.6420846   -1.7331258   -3.0603202  0.00   -0.0263102   -0.0398132    0.0678038
h     0.3680770   -0.4383862   -2.9340086  0.00    1.8199633    7.5851106    1.8314399
    24
 Energy =       0.8699887571
c     0.2773751    2.4977952   -1.3309800  0.00   -0.0053249    0.0053028   -0.0076581
c     0.2407770    2.9460104   -0.0506039  0.00   -0.0065781    0.0084852   -0.0007099
c     0.6479239    2.1414474    0.9689323  0.00    0.0017033    0.0039471    0.0109919
c     0.7149276    1.2381217   -1.5958542  0.00   -0.0091187   -0.0326021   -0.0336328
c     1.1242390    0.4115282   -0.5743167  0.00    0.0095932   -0.0099311    0.0051564
c     1.0938546    0.8818675    0.7100244  0.00    0.0036390   -0.0030444    0.0062869
o    -0.2201606    4.2301698    0.2152632  0.00    0.0448643    0.0074049   -0.0153588
h    -1.0511422    4.1783343    0.8369915  0.00   -0.0383954   -0.0104629    0.0159223
h     1.4261138    0.2580979    1.5395891  0.00    0.0008681   -0.0006122    0.0029653
h     0.6775851    0.8260900   -2.6524062  0.00   -1.5742159   -6.5636342   -1.5686686
h    -0.0633120    3.1454417   -2.1349632  0.00   -0.0010809    0.0012487   -0.0032424
h     0.6291532    2.5157060    1.9890188  0.00    0.0009971    0.0000413    0.0021842
c     1.7097520   -0.9661628   -0.8729568  0.00   -0.0050172   -0.0013394    0.0001834
c     0.8078643   -1.9815905   -1.6337461  0.00    0.0116237   -0.0017723   -0.0006792
h     2.0484789   -1.4506211    0.0699828  0.00   -0.0007752    0.0005156   -0.0001434
h     2.6296161   -0.8091221   -1.4790851  0.00    0.0003736    0.0000928   -0.0007449
c    -0.3705239   -2.5329928   -0.8494544  0.00   -0.0010069   -0.0073708   -0.0015953
o    -0.3513313   -2.6538262    0.5410414  0.00   -0.0003013    0.0076572    0.0144337
o    -1.4305707   -3.0456037   -1.6035312  0.00    0.0119065    0.0954538   -0.0738527
h    -1.5273810   -4.0555558   -1.3558293  0.00    0.0093028   -0.0581519    0.0014145
n     0.3688497   -1.4750747   -2.9504621  0.00   -0.0093325    0.0081867   -0.0010271
h     1.4299469   -2.8837489   -1.8244670  0.00   -0.0010928    0.0001151   -0.0010573
h    -0.6493037   -1.7246041   -3.0699414  0.00   -0.0228036   -0.0344070    0.0585725
h     0.3753619   -0.4347037   -2.9465679  0.00    1.5801717    6.5848772    1.5902596
    24
 Energy =       0.7732419215
c     0.2566753    2.4905002   -1.3735558  0.00   -0.0045091    0.0045345   -0.0078033
c     0.1576628    2.9371660   -0.0950790  0.00   -0.0060432    0.0073074    0.0003552
c     0.5398681    2.1394637    0.9400403  0.00    0.0010761    0.0042212    0.0106027
c     0.7311137    1.2406997   -1.6211646  0.00   -0.0076953   -0.0286744   -0.0298464
c     1.1209875    0.4256515   -0.5860294  0.00    0.0083567   -0.0093200    0.0031302
c     1.0258567    0.8910343    0.6973345  0.00    0.0030930   -0.0024307    0.0065829
o    -0.3410696    4.2133188    0.1487070  0.00    0.0407300    0.0084321   -0.0145362
h    -1.1349951    4.1632754    0.8140253  0.00   -0.0351269   -0.0098916    0.0154132
h     1.3375051    0.2718636    1.5382998  0.00    0.0006494   -0.0004801    0.0030702
h     0.7403296    0.8192803   -2.6741890  0.00   -1.3739500   -5.7310470   -1.3704286
h    -0.0675469    3.1304762   -2.1901441  0.00   -0.0009201    0.0011528   -0.0031054
h     0.4704001    2.5106694    1.9599640  0.00    0.0006523    0.0006088    0.0031216
c     1.7467193   -0.9361105   -0.8694325  0.00   -0.0039028   -0.0013767   -0.0002638
c     0.8622162   -1.9780405   -1.6133304  0.00    0.0100793   -0.0016286   -0.0004388
h     2.1041074   -1.3998379    0.0776913  0.00   -0.0004422    0.0000088    0.0001101
h     2.6594105   -0.7625587   -1.4820534  0.00    0.0005123    0.0001867   -0.0005695
c    -0.2940445   -2.5426567   -0.8054917  0.00   -0.0008071   -0.0057597   -0.0025123
o    -0.2302111   -2.6873384    0.5814082  0.00   -0.0003907    0.0062133    0.0139679
o    -1.3701840   -3.0608658   -1.5285858  0.00    0.0104820    0.0849822   -0.0647954
h    -1.4984687   -4.0508134   -1.2329710  0.00    0.0076667   -0.0530695    0.0016085
n     0.4040933   -1.4965896   -2.9351452  0.00   -0.0080008    0.0057879   -0.0015997
h     1.5019336   -2.8696321   -1.7966291  0.00   -0.0008244   -0.0001300   -0.0008277
h    -0.6186908   -1.7371745   -3.0368766  0.00   -0.0202162   -0.0301133    0.0507487
h     0.4344250   -0.4547773   -2.9711153  0.00    1.3795307    5.7504860    1.3880157
    24
 Energy =       0.6631999485
c     0.2408085    2.4808761   -1.4228722  0.00   -0.0035248    0.0037033   -0.0075084
c     0.0813790    2.9262357   -0.1496278  0.00   -0.0053604    0.0058576    0.0013027
c     0.4390312    2.1357832    0.9002737  0.00    0.0004244    0.0042047    0.0096997
c     0.7501671    1.2413679   -1.6507088  0.00   -0.0061284   -0.0241158   -0.0253598
c     1.1199560    0.4384030   -0.6024285  0.00    0.0070116   -0.0083904    0.0013290
c     0.9625493    0.8987826    0.6764594  0.00    0.0024609   -0.0018545    0.0064708
o    -0.4541478    4.1939090    0.0691098  0.00    0.0359985    0.0092322   -0.0142204
h    -1.2021167    4.1555256    0.7831632  0.00   -0.0314083   -0.0091777    0.0151414
h     1.2533875    0.2841814    1.5280869  0.00    0.0004095   -0.0003669    0.0029973
h     0.8040887    0.8109914   -2.6972248  0.00   -1.1482956   -4.7926283   -1.1466108
h    -0.0669695    3.1125899   -2.2518041  0.00   -0.0007284    0.0010267   -0.0028526
h     0.3205940    2.5036313    1.9174667  0.00    0.0002700    0.0010548    0.0036935
c     1.7813831   -0.9083379   -0.8680283  0.00   -0.0027519   -0.0012228   -0.0006373
c     0.9100704   -1.9761591   -1.5889998  0.00    0.0084743   -0.0013658   -0.0001583
h     2.1581053   -1.3481836    0.0836797  0.00   -0.0001047   -0.0004143    0.0004264
h     2.6853427   -0.7231683   -1.4902044  0.00    0.0005708    0.0002790   -0.0003821
c    -0.2189081   -2.5512713   -0.7494755  0.00   -0.0004848   -0.0038769   -0.0031815
o    -0.1010788   -2.7157136    0.6317697  0.00   -0.0003035    0.0046372    0.0134427
o    -1.3186165   -3.0714032   -1.4311491  0.00    0.0090136    0.0739835   -0.0552393
h    -1.4881584   -4.0312702   -1.0742178  0.00    0.0054001   -0.0483217    0.0023955
n     0.4265089   -1.5212501   -2.9135758  0.00   -0.0061381    0.0025113   -0.0022507
h     1.5655670   -2.8573758   -1.7677079  0.00   -0.0005777   -0.0003011   -0.0005586
h    -0.6041776   -1.7403591   -2.9884537  0.00   -0.0178827   -0.0254355    0.0419412
h     0.4933283   -0.4807813   -2.9978529  0.00    1.1536557    4.8109815    1.1601196
    24
 Energy =       0.5874815889
c     0.2371943    2.4700681   -1.4579882  0.00   -0.0029515    0.0032089   -0.0065107
c     0.0614445    2.9165446   -0.1879943  0.00   -0.0046913    0.0049135    0.0012827
c     0.4162342    2.1306739    0.8662765  0.00    0.0002862    0.0036983    0.0083695
c     0.7592726    1.2351317   -1.6781814  0.00   -0.0052286   -0.0208880   -0.0219481
c     1.1291652    0.4402382   -0.6266036  0.00    0.0060056   -0.0073603    0.0010278
c     0.9542883    0.8990074    0.6493876  0.00    0.0021086   -0.0016140    0.0056058
o    -0.4884984    4.1805017    0.0204651  0.00    0.0323644    0.0085430   -0.0136899
h    -1.2008924    4.1563199    0.7677922  0.00   -0.0283164   -0.0082395    0.0143500
h     1.2419642    0.2868254    1.5035210  0.00    0.0003174   -0.0003119    0.0025928
h     0.8234398    0.7992109   -2.7186818  0.00   -0.9951846   -4.1542023   -0.9936562
h    -0.0699048    3.0965854   -2.2906643  0.00   -0.0005883    0.0008966   -0.0024742
h     0.2839353    2.4976381    1.8816029  0.00    0.0002003    0.0009801    0.0032333
c     1.7996353   -0.9007741   -0.8887343  0.00   -0.0023317   -0.0007341   -0.0004512
c     0.9146999   -1.9794189   -1.5746799  0.00    0.0078664   -0.0010316    0.0000653
h     2.2026898   -1.3243380    0.0601009  0.00    0.0001043   -0.0005336    0.0007743
h     2.6874137   -0.7173467   -1.5348452  0.00    0.0007960    0.0003745   -0.0005222
c    -0.1864904   -2.5445333   -0.6909968  0.00    0.0002385   -0.0023877   -0.0030116
o    -0.0114853   -2.7124707    0.6841489  0.00    0.0000348    0.0037460    0.0135910
o    -1.3206787   -3.0542851   -1.3209441  0.00    0.0069253    0.0653195   -0.0491233
h    -1.5198216   -3.9860684   -0.9154647  0.00    0.0037137   -0.0443812    0.0027741
n     0.3946820   -1.5418046   -2.8933574  0.00   -0.0037372   -0.0005600   -0.0031261
h     1.5681471   -2.8609093   -1.7593564  0.00   -0.0004812   -0.0002770   -0.0004997
h    -0.6473388   -1.7229045   -2.9265552  0.00   -0.0181916   -0.0226067    0.0360255
h     0.5089979   -0.5068881   -3.0225698  0.00    1.0007409    4.1734476    1.0053210
    24
 Energy =       0.4922254315
c     0.2332334    2.4619130   -1.4944308  0.00   -0.0021526    0.0025386   -0.0054731
c     0.0237609    2.9059732   -0.2294013  0.00   -0.0039007    0.0037082    0.0015096
c     0.3640343    2.1227014    0.8316607  0.00    0.0000423    0.0030958    0.0068691
c     0.7738849    1.2337935   -1.7032488  0.00   -0.0040719   -0.0168212   -0.0177482
c     1.1311273    0.4446549   -0.6457489  0.00    0.0047999   -0.0060537    0.0003788
c     0.9215296    0.8982058    0.6257314  0.00    0.0016283   -0.0012170    0.0047497
o    -0.5463490    4.1646960   -0.0366960  0.00    0.0283373    0.0079131   -0.0142139
h    -1.2058470    4.1655475    0.7557017  0.00   -0.0250008   -0.0071685    0.0145231
h     1.1964445    0.2869414    1.4844088  0.00    0.0001983   -0.0002352    0.0021906
h     0.8626301    0.7959361   -2.7381574  0.00   -0.8045074   -3.3595927   -0.8036438
h    -0.0638683    3.0844895   -2.3331733  0.00   -0.0004196    0.0007214   -0.0020618
h     0.2043937    2.4852978    1.8442420  0.00    0.0000778    0.0009820    0.0028799
c     1.8174088   -0.8888140   -0.8979025  0.00   -0.0016911   -0.0005138   -0.0004821
c     0.9330100   -1.9811429   -1.5611119  0.00    0.0065659   -0.0005676    0.0001976
h     2.2366532   -1.2953745    0.0515598  0.00    0.0002025   -0.0005966    0.0008330
h     2.6960029   -0.7039765   -1.5559624  0.00    0.0007050    0.0003531   -0.0004202
c    -0.1389877   -2.5528970   -0.6447937  0.00    0.0005934   -0.0011359   -0.0028643
o     0.0872716   -2.7308289    0.7213418  0.00    0.0002673    0.0026596    0.0124186
o    -1.2987277   -3.0570827   -1.2291136  0.00    0.0062388    0.0565971   -0.0420330
h    -1.5400812   -3.9440417   -0.7567116  0.00    0.0011934   -0.0407063    0.0045249
n     0.3822249   -1.5563463   -2.8728091  0.00   -0.0015199   -0.0030391   -0.0032011
h     1.5934622   -2.8557973   -1.7535285  0.00   -0.0003244   -0.0002880   -0.0003305
h    -0.6675747   -1.6950055   -2.8697279  0.00   -0.0171885   -0.0186435    0.0288064
h     0.5424568   -0.5318392   -3.0464513  0.00    0.8099267    3.3780102    0.8125906
    24
 Energy =       0.3976842919
c     0.2252073    2.4541483   -1.5282151  0.00   -0.0013844    0.0018908   -0.0044177
c    -0.0215324    2.8922965   -0.2685003  0.00   -0.0030885    0.0025671    0.0017649
c     0.3038338    2.1100855    0.7980823  0.00   -0.0001952    0.0024943    0.0053646
c     0.7882652    1.2351562   -1.7267300  0.00   -0.0029132   -0.0128889   -0.0136509
c     1.1313104    0.4497255   -0.6642952  0.00    0.0036367   -0.0047590   -0.0002700
c     0.8832732    0.8945436    0.6022516  0.00    0.0011444   -0.0008171    0.0039210
o    -0.6150905    4.1436336   -0.0907578  0.00    0.0238711    0.0070570   -0.0147725
h    -1.2142544    4.1749105    0.7453575  0.00   -0.0213493   -0.0059028    0.0147554
h     1.1444298    0.2826945    1.4644998  0.00    0.0000847   -0.0001514    0.0017866
h     0.9056840    0.7995242   -2.7566690  0.00   -0.6183277   -2.5839226   -0.6183035
h    -0.0612696    3.0739991   -2.3721604  0.00   -0.0002669    0.0005321   -0.0016417
h     0.1136336    2.4650621    1.8077241  0.00   -0.0000489    0.0009836    0.0025598
c     1.8354240   -0.8749127   -0.9068124  0.00   -0.0010766   -0.0003540   -0.0005506
c     0.9553598   -1.9814011   -1.5509647  0.00    0.0052981    0.0000120    0.0003496
h     2.2693208   -1.2646268    0.0432209  0.00    0.0002777   -0.0006123    0.0008082
h     2.7059724   -0.6868325   -1.5744196  0.00    0.0005765    0.0003111   -0.0003016
c    -0.0826676   -2.5685148   -0.6037514  0.00    0.0008181   -0.0002920   -0.0024737
o     0.1950041   -2.7543307    0.7513954  0.00    0.0004797    0.0016514    0.0108869
o    -1.2648959   -3.0707535   -1.1411718  0.00    0.0059268    0.0475611   -0.0353844
h    -1.5459856   -3.9013547   -0.5979585  0.00   -0.0013757   -0.0364199    0.0066679
n     0.3691722   -1.5642753   -2.8507713  0.00    0.0009221   -0.0050903   -0.0032317
h     1.6257627   -2.8453432   -1.7577496  0.00   -0.0000695   -0.0003580   -0.0001826
h    -0.6859598   -1.6507993   -2.8057138  0.00   -0.0166212   -0.0145900    0.0218211
h     0.5780961   -0.5556312   -3.0702131  0.00    0.6236811    2.6010981    0.6244951
    24
 Energy =       0.3199438830
c     0.1790585    2.4499572   -1.5342469  0.00   -0.0010469    0.0017262   -0.0032456
c    -0.0774143    2.8693862   -0.2710048  0.00   -0.0024121    0.0017346    0.0016300
c     0.2658573    2.0826492    0.7865902  0.00   -0.0003226    0.0020097    0.0040063
c     0.7705522    1.2470769   -1.7455193  0.00   -0.0019421   -0.0098778   -0.0102893
c     1.1323852    0.4595695   -0.6928120  0.00    0.0026251   -0.0038195   -0.0003700
c     0.8730415    0.8829858    0.5775922  0.00    0.0009143   -0.0008163    0.0029317
o    -0.7001789    4.1059794   -0.0832891  0.00    0.0196994    0.0062281   -0.0149473
h    -1.2340896    4.1533531    0.7933087  0.00   -0.0180393   -0.0045981    0.0146833
h     1.1467552    0.2658334    1.4319209  0.00    0.0000898   -0.0002089    0.0013773
h     0.8942239    0.8241751   -2.7767714  0.00   -0.4683122   -1.9580396   -0.4685727
h    -0.1230110    3.0714358   -2.3712168  0.00   -0.0002564    0.0005164   -0.0012594
h     0.0662194    2.4200126    1.7998547  0.00   -0.0000981    0.0008680    0.0020133
c     1.8595483   -0.8482664   -0.9528901  0.00   -0.0008576   -0.0002474   -0.0005665
c     0.9795298   -1.9708499   -1.5680083  0.00    0.0053807    0.0006533    0.0011075
h     2.3316633   -1.2252858   -0.0153611  0.00    0.0006780   -0.0008207    0.0012146
h     2.7057230   -0.6442845   -1.6476095  0.00    0.0010196    0.0004370   -0.0006387
c    -0.0017797   -2.5862275   -0.5758619  0.00    0.0009363    0.0001856   -0.0020039
o     0.3438443   -2.7670449    0.7646907  0.00    0.0009728    0.0006833    0.0108672
o    -1.2021027   -3.1076438   -1.0513539  0.00    0.0043440    0.0382364   -0.0297785
h    -1.4963521   -3.8808918   -0.4392054  0.00   -0.0031127   -0.0314073    0.0080109
n     0.3293165   -1.5561652   -2.8400116  0.00    0.0020098   -0.0038213   -0.0052516
h     1.6610820   -2.8178184   -1.8091177  0.00    0.0006426   -0.0007077   -0.0001482
h    -0.7243855   -1.6102504   -2.7383953  0.00   -0.0158472   -0.0108954    0.0159472
h     0.5586070   -0.5606819   -3.0956048  0.00    0.4729350    1.9719813    0.4732824
    24
 Energy =       0.2573213394
c     0.1412643    2.4536008   -1.5419689  0.00   -0.0007133    0.0013881   -0.0024007
c    -0.1372317    2.8541621   -0.2777622  0.00   -0.0018100    0.0011257    0.0016179
c     0.2084276    2.0613123    0.7743386  0.00   -0.0004053    0.0016370    0.0029596
c     0.7586591    1.2654439   -1.7601757  0.00   -0.0012170   -0.0075208   -0.0076190
c     1.1217270    0.4727995   -0.7126639  0.00    0.0018356   -0.0029271   -0.0006749
c     0.8390762    0.8753586    0.5586472  0.00    0.0006386   -0.0005837    0.0022853
o    -0.7855505    4.0775957   -0.0857856  0.00    0.0154207    0.0051791   -0.0136622
h    -1.2625749    4.1448494    0.8193611  0.00   -0.0144008   -0.0034706    0.0133642
h     1.1132281    0.2520077    1.4080977  0.00    0.0000462   -0.0001488    0.0010287
h     0.9016323    0.8581610   -2.7934546  0.00   -0.3489002   -1.4604145   -0.3500891
h    -0.1630346    3.0788005   -2.3749789  0.00   -0.0001867    0.0003683   -0.0009066
h    -0.0099725    2.3812721    1.7890438  0.00   -0.0001449    0.0007875    0.0017089
c     1.8712371   -0.8200313   -0.9801711  0.00   -0.0006096    0.0000318   -0.0009092
c     1.0043805   -1.9581580   -1.5861704  0.00    0.0068474    0.0023974    0.0030063
h     2.3654667   -1.1857657   -0.0497112  0.00    0.0007258   -0.0007942    0.0010578
h     2.7043005   -0.5996278   -1.6855721  0.00    0.0009242    0.0004060   -0.0005953
c     0.0957754   -2.6394247   -0.5641653  0.00    0.0006271   -0.0007537    0.0003974
o     0.5025975   -2.8167954    0.7595135  0.00    0.0010708   -0.0001171    0.0101846
o    -1.1016770   -3.2059622   -0.9931072  0.00    0.0021738    0.0283484   -0.0239760
h    -1.3896543   -3.9315658   -0.3274135  0.00   -0.0034074   -0.0251362    0.0079837
n     0.2727716   -1.5274210   -2.8098000  0.00    0.0077523   -0.0056291   -0.0099650
h     1.7048234   -2.7724196   -1.8875273  0.00    0.0023145   -0.0020740   -0.0004492
h    -0.7743270   -1.5020884   -2.6161507  0.00   -0.0235549   -0.0070860    0.0126104
h     0.5567490   -0.5590999   -3.1167456  0.00    0.3549729    1.4749866    0.3530422
    24
 Energy =       0.2392233878
c     0.1681121    2.4371405   -1.5563429  0.00   -0.0006376    0.0012537   -0.0021972
c    -0.1015379    2.8443006   -0.2924527  0.00   -0.0016398    0.0010207    0.0014884
c     0.2465336    2.0542090    0.7608454  0.00   -0.0003841    0.0014994    0.0027116
c     0.7787027    1.2452488   -1.7729325  0.00   -0.0010970   -0.0069322   -0.0070227
c     1.1445508    0.4563260   -0.7247290  0.00    0.0015452   -0.0025912   -0.0005285
c     0.8704293    0.8646892    0.5463885  0.00    0.0005607   -0.0005330    0.0020927
o    -0.7436907    4.0713564   -0.1022369  0.00    0.0141400    0.0046915   -0.0127212
h    -1.2017966    4.1518548    0.8105443  0.00   -0.0132419   -0.0031124    0.0124719
h     1.1442895    0.2421651    1.3964633  0.00    0.0000406   -0.0001422    0.0009298
h     0.9162514    0.8350933   -2.8030255  0.00   -0.3167160   -1.3258101   -0.3176737
h    -0.1377547    3.0603173   -2.3901776  0.00   -0.0001663    0.0003316   -0.0008260
h     0.0341373    2.3782504    1.7753636  0.00   -0.0001371    0.0007212    0.0015689
c     1.8764773   -0.8457566   -0.9924859  0.00   -0.0004889    0.0007394   -0.0009373
c     0.9791018   -1.9746024   -1.5686815  0.00    0.0075845    0.0030848    0.0030438
h     2.3786954   -1.2091407   -0.0654519  0.00    0.0007537   -0.0006710    0.0010098
h     2.7006813   -0.6453819   -1.7144341  0.00    0.0011000    0.0004303   -0.0007826
c     0.0318290   -2.5785125   -0.5280474  0.00    0.0022965   -0.0000553    0.0025051
o     0.4414265   -2.7567327    0.7941739  0.00    0.0010122   -0.0001500    0.0092862
o    -1.2066038   -3.0784221   -0.9302873  0.00   -0.0013663    0.0245193   -0.0221281
h    -1.5264935   -3.7728127   -0.2467901  0.00   -0.0040310   -0.0241961    0.0081134
n     0.2872473   -1.5619056   -2.8233623  0.00    0.0081068   -0.0041702   -0.0109085
h     1.6547041   -2.8258060   -1.8268197  0.00    0.0031671   -0.0033106   -0.0007782
h    -0.7656221   -1.5422919   -2.6703344  0.00   -0.0226576   -0.0056483    0.0108550
h     0.5684236   -0.5925825   -3.1295096  0.00    0.3222564    1.3390304    0.3204274
    24
 Energy =       0.2098093280
c     0.1803200    2.4216929   -1.5639908  0.00   -0.0005016    0.0010270   -0.0018462
c    -0.0782970    2.8300138   -0.2985219  0.00   -0.0013618    0.0008372    0.0012637
c     0.2787204    2.0405385    0.7520771  0.00   -0.0003196    0.0012010    0.0022694
c     0.7889297    1.2298225   -1.7848795  0.00   -0.0009069   -0.0058579   -0.0059684
c     1.1639156    0.4424141   -0.7399092  0.00    0.0011595   -0.0021338   -0.0003302
c     0.9001363    0.8509487    0.5329866  0.00    0.0004362   -0.0004523    0.0017526
o    -0.7188071    4.0574386   -0.1044731  0.00    0.0121895    0.0038076   -0.0116745
h    -1.1406829    4.1549740    0.8226552  0.00   -0.0114646   -0.0024807    0.0114383
h     1.1786211    0.2274274    1.3807053  0.00    0.0000315   -0.0001322    0.0007716
h     0.9200534    0.8229184   -2.8134241  0.00   -0.2636447   -1.1037563   -0.2642300
h    -0.1321505    3.0444756   -2.3955119  0.00   -0.0001378    0.0002794   -0.0007000
h     0.0736998    2.3638233    1.7680504  0.00   -0.0001146    0.0005927    0.0013110
c     1.8827759   -0.8650163   -1.0135642  0.00   -0.0003582    0.0012198   -0.0008214
c     0.9587766   -1.9868493   -1.5584512  0.00    0.0070552    0.0031389    0.0024867
h     2.3987039   -1.2255442   -0.0930892  0.00    0.0007359   -0.0005101    0.0009429
h     2.6936550   -0.6792757   -1.7544128  0.00    0.0011569    0.0003977   -0.0008865
c    -0.0127206   -2.5217706   -0.4995426  0.00    0.0030955    0.0004874    0.0033708
o     0.4016992   -2.6916595    0.8214793  0.00    0.0007413   -0.0002124    0.0077367
o    -1.2806398   -2.9685185   -0.8742478  0.00   -0.0024827    0.0207780   -0.0193582
h    -1.6330012   -3.6140595   -0.1606128  0.00   -0.0048443   -0.0222454    0.0086094
n     0.2957989   -1.5958535   -2.8361199  0.00    0.0075099   -0.0029751   -0.0101627
h     1.6113748   -2.8663610   -1.7799390  0.00    0.0032727   -0.0037371   -0.0009216
h    -0.7593260   -1.5894685   -2.7170565  0.00   -0.0194736   -0.0040040    0.0083195
h     0.5665382   -0.6251074   -3.1445298  0.00    0.2682261    1.1147304    0.2666272
    24
 Energy =       0.1790822803
c     0.1836883    2.4088473   -1.5630322  0.00   -0.0003700    0.0008165   -0.0015336
c    -0.0591771    2.8146257   -0.2940155  0.00   -0.0010821    0.0006651    0.0010337
c     0.3119731    2.0233925    0.7501565  0.00   -0.0002496    0.0008835    0.0018600
c     0.7911053    1.2185138   -1.7940395  0.00   -0.0007072   -0.0047345   -0.0049057
c     1.1801923    0.4298661   -0.7559918  0.00    0.0008031   -0.0017298   -0.0001605
c     0.9313479    0.8350669    0.5207320  0.00    0.0003170   -0.0003879    0.0014439
o    -0.6984349    4.0412823   -0.0903130  0.00    0.0101807    0.0028697   -0.0108955
h    -1.0744734    4.1562182    0.8532594  0.00   -0.0096612   -0.0017543    0.0106689
h     1.2187180    0.2088579    1.3633979  0.00    0.0000285   -0.0001417    0.0006430
h     0.9128628    0.8198576   -2.8229934  0.00   -0.2087818   -0.8740495   -0.2090388
h    -0.1391918    3.0333163   -2.3891854  0.00   -0.0001197    0.0002464   -0.0006024
h     0.1180572    2.3428996    1.7692219  0.00   -0.0000962    0.0004661    0.0010820
c     1.8877186   -0.8810875   -1.0406247  0.00   -0.0002410    0.0014327   -0.0006895
c     0.9403282   -1.9969203   -1.5548482  0.00    0.0060460    0.0029255    0.0018545
h     2.4202179   -1.2401422   -0.1291811  0.00    0.0007056   -0.0003760    0.0008844
h     2.6827410   -0.7058893   -1.8009703  0.00    0.0011427    0.0003303   -0.0009268
c    -0.0486743   -2.4687171   -0.4807348  0.00    0.0033214    0.0008008    0.0035382
o     0.3694663   -2.6263916    0.8398306  0.00    0.0004474   -0.0002583    0.0061276
o    -1.3386563   -2.8690758   -0.8315859  0.00   -0.0021208    0.0175487   -0.0168878
h    -1.7222994   -3.4553064   -0.0846394  0.00   -0.0056888   -0.0199422    0.0094155
n     0.3013103   -1.6297116   -2.8515512  0.00    0.0068241   -0.0022391   -0.0087928
h     1.5717810   -2.8992392   -1.7424450  0.00    0.0030202   -0.0036990   -0.0009363
h    -0.7545992   -1.6486179   -2.7651676  0.00   -0.0161726   -0.0025288    0.0058325
h     0.5520917   -0.6546414   -3.1596016  0.00    0.2124544    0.8828558    0.2109856
    24
 Energy =       0.1541551487
c     0.1735154    2.3992187   -1.5461642  0.00   -0.0003077    0.0007296   -0.0015508
c    -0.0413319    2.7983130   -0.2701511  0.00   -0.0009053    0.0006208    0.0008681
c     0.3558224    2.0030232    0.7612912  0.00   -0.0001861    0.0006255    0.0018136
c     0.7792256    1.2120954   -1.7970875  0.00   -0.0005628   -0.0038278   -0.0043221
c     1.1943380    0.4194901   -0.7723840  0.00    0.0005681   -0.0016442   -0.0000573
c     0.9729042    0.8177328    0.5117853  0.00    0.0002533   -0.0004069    0.0014558
o    -0.6789589    4.0225669   -0.0465381  0.00    0.0084880    0.0022501   -0.0104103
h    -1.0054648    4.1482894    0.9131991  0.00   -0.0082238   -0.0011157    0.0102358
h     1.2791535    0.1874443    1.3448075  0.00    0.0000640   -0.0002363    0.0007138
h     0.8816753    0.8262077   -2.8293038  0.00   -0.1651349   -0.6909983   -0.1652802
h    -0.1690108    3.0273526   -2.3616994  0.00   -0.0001584    0.0003153   -0.0006951
h     0.1830716    2.3157853    1.7862073  0.00   -0.0001035    0.0004024    0.0011052
c     1.8922187   -0.8924137   -1.0776736  0.00   -0.0001687    0.0014734   -0.0006586
c     0.9245703   -2.0039535   -1.5610939  0.00    0.0052990    0.0029665    0.0015402
h     2.4463483   -1.2527985   -0.1797293  0.00    0.0007526   -0.0003376    0.0009480
h     2.6667795   -0.7215767   -1.8599141  0.00    0.0011895    0.0002553   -0.0010226
c    -0.0815845   -2.4133990   -0.4762179  0.00    0.0032782    0.0008864    0.0037771
o     0.3358448   -2.5564896    0.8456423  0.00    0.0001970   -0.0002822    0.0049154
o    -1.3882591   -2.7708591   -0.8101099  0.00   -0.0014781    0.0148482   -0.0147950
h    -1.8000312   -3.2965533   -0.0344747  0.00   -0.0062893   -0.0177292    0.0100437
n     0.3110818   -1.6658625   -2.8778161  0.00    0.0084461   -0.0033614   -0.0077522
h     1.5367292   -2.9261591   -1.7116083  0.00    0.0028088   -0.0036990   -0.0009173
h    -0.7446360   -1.7449201   -2.8337813  0.00   -0.0165592   -0.0015506    0.0036981
h     0.5140924   -0.6755307   -3.1715077  0.00    0.1687334    0.6998157    0.1663468
    24
 Energy =       0.1362197544
c     0.1466058    2.3908638   -1.5123062  0.00   -0.0003572    0.0008169   -0.0020350
c    -0.0270916    2.7805810   -0.2269672  0.00   -0.0008664    0.0007551    0.0007817
c     0.4099484    1.9811867    0.7854005  0.00   -0.0000800    0.0003718    0.0022802
c     0.7509608    1.2092864   -1.7918527  0.00   -0.0005358   -0.0030924   -0.0043913
c     1.2061996    0.4123744   -0.7869886  0.00    0.0005084   -0.0019556   -0.0000266
c     1.0256788    0.8015265    0.5071375  0.00    0.0002966   -0.0005452    0.0019409
o    -0.6640551    3.9998493    0.0257389  0.00    0.0071711    0.0020878   -0.0103094
h    -0.9404378    4.1283768    1.0003791  0.00   -0.0072423   -0.0006252    0.0102153
h     1.3625085    0.1675885    1.3259124  0.00    0.0001908   -0.0004748    0.0011082
h     0.8224015    0.8384789   -2.8291789  0.00   -0.1346332   -0.5626681   -0.1349936
h    -0.2266366    3.0226625   -2.3119381  0.00   -0.0003097    0.0005573   -0.0010940
h     0.2692256    2.2854855    1.8180445  0.00   -0.0001198    0.0004012    0.0014948
c     1.8975563   -0.8970868   -1.1215711  0.00   -0.0001204    0.0012969   -0.0006996
c     0.9154202   -2.0073966   -1.5768675  0.00    0.0050055    0.0035237    0.0017432
h     2.4767595   -1.2613024   -0.2410183  0.00    0.0008636   -0.0004210    0.0011308
h     2.6482447   -0.7228735   -1.9262531  0.00    0.0013097    0.0001934   -0.0011993
c    -0.1108891   -2.3565656   -0.4889103  0.00    0.0034800    0.0010284    0.0043994
o     0.2998416   -2.4914903    0.8354613  0.00    0.0000852   -0.0002594    0.0040403
o    -1.4313162   -2.6669458   -0.8156901  0.00   -0.0014751    0.0125475   -0.0128675
h    -1.8702371   -3.1378002   -0.0207167  0.00   -0.0066590   -0.0158610    0.0102907
n     0.3318238   -1.7030578   -2.9150196  0.00    0.0148877   -0.0080258   -0.0068083
h     1.5115372   -2.9458885   -1.6863150  0.00    0.0027359   -0.0038616   -0.0008801
h    -0.7162055   -1.8832153   -2.9242336  0.00   -0.0232632   -0.0023556    0.0015168
h     0.4502504   -0.6876337   -3.1765696  0.00    0.1391276    0.5765659    0.1343626
    24
 Energy =       0.1168153283
c     0.1272486    2.3816173   -1.4869362  0.00   -0.0003277    0.0007408   -0.0018978
c    -0.0169234    2.7642351   -0.1961665  0.00   -0.0007059    0.0006748    0.0006408
c     0.4486157    1.9621347    0.8009476  0.00   -0.0000155    0.0001867    0.0020926
c     0.7309823    1.2049609   -1.7875966  0.00   -0.0004544   -0.0024340   -0.0038032
c     1.2144697    0.4049544   -0.7982568  0.00    0.0004039   -0.0017791   -0.0000085
c     1.0629475    0.7871452    0.5017812  0.00    0.0002730   -0.0005180    0.0017906
o    -0.6531321    3.9794454    0.0776673  0.00    0.0056346    0.0016029   -0.0095596
h    -0.8792272    4.1169963    1.0631706  0.00   -0.0058394   -0.0002321    0.0094709
h     1.4211832    0.1506314    1.3093234  0.00    0.0002142   -0.0004884    0.0010751
h     0.7823651    0.8489780   -2.8278862  0.00   -0.1023912   -0.4270467   -0.1025251
h    -0.2672967    3.0162734   -2.2739772  0.00   -0.0003217    0.0005632   -0.0010636
h     0.3305986    2.2596898    1.8382561  0.00   -0.0001037    0.0003303    0.0013916
c     1.9002548   -0.9029957   -1.1525496  0.00   -0.0000819    0.0010096   -0.0005932
c     0.9087449   -2.0129835   -1.5865058  0.00    0.0042052    0.0031557    0.0015534
h     2.4972957   -1.2690436   -0.2850480  0.00    0.0007503   -0.0003814    0.0010222
h     2.6332248   -0.7266903   -1.9726650  0.00    0.0011292    0.0001328   -0.0010666
c    -0.1331125   -2.3149197   -0.5003485  0.00    0.0040103    0.0012953    0.0039669
o     0.2717767   -2.4563454    0.8246028  0.00    0.0002191   -0.0001729    0.0029961
o    -1.4665246   -2.5677266   -0.8239486  0.00   -0.0015870    0.0099617   -0.0112000
h    -1.9337371   -2.9790471   -0.0135196  0.00   -0.0068183   -0.0132654    0.0100096
n     0.3472815   -1.7349635   -2.9381431  0.00    0.0145085   -0.0082740   -0.0052768
h     1.4921625   -2.9618450   -1.6640201  0.00    0.0022585   -0.0033287   -0.0007310
h    -0.6847634   -1.9829048   -2.9804996  0.00   -0.0212831   -0.0022715    0.0001565
h     0.4036591   -0.7105929   -3.1820040  0.00    0.1063229    0.4405384    0.1015594
    24
 Energy =       0.1008593781
c     0.0977595    2.3713538   -1.4547173  0.00   -0.0003614    0.0007541   -0.0018454
c    -0.0151590    2.7457343   -0.1587065  0.00   -0.0005968    0.0006409    0.0005105
c     0.4835811    1.9422582    0.8209259  0.00    0.0000763    0.0000015    0.0020202
c     0.7039264    1.2020866   -1.7785836  0.00   -0.0004437   -0.0018732   -0.0034174
c     1.2204853    0.4003667   -0.8069305  0.00    0.0003702   -0.0017199    0.0000182
c     1.0995521    0.7744121    0.4988666  0.00    0.0003100   -0.0005522    0.0017230
o    -0.6536470    3.9543883    0.1384713  0.00    0.0042477    0.0013288   -0.0088102
h    -0.8303552    4.0981923    1.1323959  0.00   -0.0045910    0.0000349    0.0086949
h     1.4831084    0.1363842    1.2935146  0.00    0.0002763   -0.0005567    0.0011174
h     0.7338350    0.8617951   -2.8218713  0.00   -0.0768375   -0.3193293   -0.0767833
h    -0.3218696    3.0077435   -2.2273748  0.00   -0.0003774    0.0006269   -0.0011053
h     0.3897807    2.2322962    1.8627446  0.00   -0.0000777    0.0002656    0.0013443
c     1.9054225   -0.9028496   -1.1827467  0.00   -0.0000630    0.0006752   -0.0004530
c     0.9107073   -2.0162748   -1.5988563  0.00    0.0035346    0.0029296    0.0015120
h     2.5209872   -1.2700524   -0.3290624  0.00    0.0006507   -0.0003833    0.0009407
h     2.6204071   -0.7193890   -2.0168325  0.00    0.0009817    0.0000965   -0.0009637
c    -0.1488337   -2.2764381   -0.5206620  0.00    0.0046978    0.0015451    0.0035673
o     0.2439417   -2.4321549    0.8059666  0.00    0.0004829   -0.0001119    0.0023361
o    -1.4916168   -2.4656379   -0.8494671  0.00   -0.0021593    0.0076978   -0.0097325
h    -1.9871898   -2.8202939   -0.0304811  0.00   -0.0067774   -0.0108207    0.0094109
n     0.3726240   -1.7654308   -2.9632955  0.00    0.0160310   -0.0096194   -0.0037148
h     1.4853910   -2.9719310   -1.6440393  0.00    0.0018494   -0.0028510   -0.0005877
h    -0.6343563   -2.0955660   -3.0400328  0.00   -0.0213731   -0.0033152   -0.0011623
h     0.3496117   -0.7339892   -3.1835482  0.00    0.0801499    0.3345359    0.0753801
    24
 Energy =       0.0859577860
c     0.0613765    2.3601142   -1.4197495  0.00   -0.0004041    0.0007866   -0.0015660
c    -0.0253909    2.7243269   -0.1192790  0.00   -0.0004636    0.0005441    0.0003564
c     0.5059658    1.9203845    0.8422809  0.00    0.0001425   -0.0001308    0.0017498
c     0.6748581    1.2012729   -1.7667542  0.00   -0.0004283   -0.0014276   -0.0028797
c     1.2237143    0.3987705   -0.8131289  0.00    0.0003330   -0.0015523    0.0000555
c     1.1279462    0.7624995    0.4976277  0.00    0.0003508   -0.0005893    0.0014388
o    -0.6705469    3.9235998    0.2010832  0.00    0.0028066    0.0011182   -0.0076759
h    -0.7978353    4.0738293    1.2006474  0.00   -0.0032556    0.0001861    0.0074951
h     1.5363059    0.1235277    1.2789361  0.00    0.0003144   -0.0005825    0.0010293
h     0.6886065    0.8790923   -2.8129408  0.00   -0.0537246   -0.2218413   -0.0533304
h    -0.3826747    2.9976018   -2.1776764  0.00   -0.0004008    0.0006372   -0.0010167
h     0.4323708    2.2013306    1.8879785  0.00   -0.0000458    0.0001858    0.0011290
c     1.9136661   -0.8962703   -1.2097200  0.00   -0.0000495    0.0003275   -0.0002296
c     0.9226543   -2.0177229   -1.6114512  0.00    0.0026871    0.0024825    0.0013687
h     2.5477382   -1.2621577   -0.3694955  0.00    0.0005179   -0.0003771    0.0008010
h     2.6113785   -0.7015223   -2.0555351  0.00    0.0008055    0.0000820   -0.0008119
c    -0.1554064   -2.2441887   -0.5465798  0.00    0.0051737    0.0016397    0.0028350
o     0.2194080   -2.4204542    0.7824030  0.00    0.0008028   -0.0000868    0.0019223
o    -1.5028567   -2.3657341   -0.8875371  0.00   -0.0025356    0.0055715   -0.0084402
h    -2.0270466   -2.6615408   -0.0645852  0.00   -0.0064497   -0.0081642    0.0084273
n     0.4071727   -1.7938739   -2.9867946  0.00    0.0164327   -0.0100903   -0.0020622
h     1.4934639   -2.9759253   -1.6256322  0.00    0.0013847   -0.0022221   -0.0004343
h    -0.5654383   -2.2065870   -3.0937900  0.00   -0.0199572   -0.0044267   -0.0020411
h     0.2986637   -0.7633688   -3.1846297  0.00    0.0559629    0.2379298    0.0518798
    24
 Energy =       0.0721187499
c     0.0092930    2.3475629   -1.3771552  0.00   -0.0005068    0.0009386   -0.0010243
c    -0.0597735    2.6955288   -0.0717596  0.00   -0.0003027    0.0003840    0.0001890
c     0.5057707    1.8917367    0.8696544  0.00    0.0001353   -0.0001288    0.0013223
c     0.6405469    1.2061304   -1.7499778  0.00   -0.0003593   -0.0011933   -0.0022216
c     1.2230190    0.4035316   -0.8161495  0.00    0.0003020   -0.0013242    0.0000666
c     1.1435557    0.7504924    0.5000272  0.00    0.0004303   -0.0006997    0.0009444
o    -0.7214812    3.8787493    0.2744144  0.00    0.0011986    0.0012007   -0.0058414
h    -0.8002933    4.0333888    1.2769874  0.00   -0.0018349    0.0001880    0.0056106
h     1.5778673    0.1107674    1.2663572  0.00    0.0003418   -0.0005920    0.0008225
h     0.6466972    0.9083042   -2.8000912  0.00   -0.0329998   -0.1343536   -0.0321386
h    -0.4601247    2.9857468   -2.1188717  0.00   -0.0004072    0.0006214   -0.0008050
h     0.4457347    2.1586449    1.9195457  0.00   -0.0000268    0.0001224    0.0007758
c     1.9297934   -0.8757043   -1.2357145  0.00    0.0000339   -0.0000560    0.0001025
c     0.9545173   -2.0140750   -1.6272723  0.00    0.0015960    0.0018828    0.0011384
h     2.5850754   -1.2356046   -0.4097052  0.00    0.0004050   -0.0004135    0.0006293
h     2.6091647   -0.6610276   -2.0914301  0.00    0.0006910    0.0001168   -0.0006785
c    -0.1448662   -2.2184366   -0.5831745  0.00    0.0051785    0.0015321    0.0018295
o     0.2036729   -2.4241759    0.7485981  0.00    0.0011674   -0.0001322    0.0018697
o    -1.4910132   -2.2675002   -0.9448171  0.00   -0.0027136    0.0035111   -0.0070746
h    -2.0446070   -2.5027877   -0.1236877  0.00   -0.0055742   -0.0052248    0.0067734
n     0.4633382   -1.8196731   -3.0130313  0.00    0.0170420   -0.0102633   -0.0002371
h     1.5300627   -2.9686494   -1.6097681  0.00    0.0009340   -0.0015343   -0.0002915
h    -0.4598426   -2.3252518   -3.1501504  0.00   -0.0182486   -0.0061302   -0.0026336
h     0.2519863   -0.8006940   -3.1871506  0.00    0.0335182    0.1515481    0.0308722
    24
 Energy =       0.0614155332
c    -0.0624092    2.3370694   -1.3299967  0.00   -0.0006474    0.0011544   -0.0002801
c    -0.1415240    2.6553073   -0.0178719  0.00   -0.0000799    0.0001308    0.0002643
c     0.4504109    1.8503990    0.9051907  0.00   -0.0002349    0.0004715    0.0009107
c     0.6068051    1.2254892   -1.7285921  0.00    0.0000730   -0.0015322   -0.0014968
c     1.2149787    0.4218144   -0.8123277  0.00    0.0002716   -0.0009506   -0.0003754
c     1.1237894    0.7379803    0.5108437  0.00    0.0005107   -0.0008047    0.0004315
o    -0.8395353    3.8102177    0.3540511  0.00   -0.0004391    0.0019437   -0.0022778
h    -0.8906794    3.9598567    1.3572140  0.00   -0.0006674    0.0000562    0.0025055
h     1.5778807    0.0960209    1.2632014  0.00    0.0002647   -0.0004481    0.0004405
h     0.6287361    0.9624640   -2.7851680  0.00   -0.0174252   -0.0693027   -0.0165891
h    -0.5509644    2.9768471   -2.0573220  0.00   -0.0003103    0.0004629   -0.0003922
h     0.3820303    2.0924987    1.9604386  0.00   -0.0001173    0.0002657    0.0005959
c     1.9614697   -0.8275236   -1.2550895  0.00    0.0005206   -0.0003860    0.0003628
c     1.0242402   -1.9975021   -1.6480111  0.00    0.0002800    0.0010903    0.0005411
h     2.6387091   -1.1722735   -0.4407738  0.00    0.0004325   -0.0005341    0.0003755
h     2.6242317   -0.5789543   -2.1148117  0.00    0.0007979    0.0002534   -0.0006510
c    -0.0971810   -2.2097174   -0.6322808  0.00    0.0033254    0.0010211    0.0006613
o     0.2196493   -2.4559147    0.7005674  0.00    0.0012418   -0.0002776    0.0021835
o    -1.4351007   -2.1987052   -1.0208113  0.00   -0.0022903    0.0016689   -0.0046402
h    -2.0136065   -2.3913142   -0.2091423  0.00   -0.0032104   -0.0023525    0.0036988
n     0.5582589   -1.8314639   -3.0433937  0.00    0.0160006   -0.0090057    0.0011625
h     1.6219012   -2.9371503   -1.6037518  0.00    0.0007204   -0.0010846   -0.0002256
h    -0.3010894   -2.4295375   -3.2093444  0.00   -0.0151701   -0.0071961   -0.0025293
h     0.2370925   -0.8389041   -3.1971404  0.00    0.0161530    0.0853558    0.0153238
    24
 Energy =       0.0567366339
c    -0.1291785    2.3324375   -1.2992056  0.00   -0.0006238    0.0010571   -0.0003439
c    -0.2442235    2.6170406    0.0185407  0.00    0.0000233    0.0000240    0.0006254
c     0.3557426    1.8101564    0.9339783  0.00   -0.0006829    0.0011603    0.0011154
c     0.5847409    1.2533027   -1.7112423  0.00    0.0005615   -0.0018441   -0.0013648
c     1.2010681    0.4482169   -0.8018559  0.00    0.0002793   -0.0006040   -0.0010969
c     1.0727976    0.7296898    0.5267512  0.00    0.0004682   -0.0006849    0.0006369
o    -0.9861044    3.7403713    0.4039739  0.00   -0.0010651    0.0023049   -0.0005211
h    -1.0494325    3.8727249    1.4083271  0.00   -0.0004457    0.0002556    0.0015965
h     1.5329036    0.0850918    1.2728471  0.00    0.0001339   -0.0002471    0.0003093
h     0.6397375    1.0228563   -2.7735241  0.00   -0.0106142   -0.0419467   -0.0106742
h    -0.6232204    2.9739762   -2.0208700  0.00   -0.0001886    0.0002756   -0.0002163
h     0.2587894    2.0248148    1.9933789  0.00   -0.0002719    0.0005191    0.0010574
c     1.9978725   -0.7659176   -1.2569261  0.00    0.0011987   -0.0003817    0.0002220
c     1.1101433   -1.9699310   -1.6648500  0.00   -0.0001926    0.0005877   -0.0001568
h     2.6868923   -1.0908931   -0.4445525  0.00    0.0005661   -0.0005470    0.0001876
h     2.6533198   -0.4818156   -2.1114732  0.00    0.0009648    0.0003327   -0.0006935
c    -0.0253080   -2.2199439   -0.6740909  0.00    0.0011116    0.0004643    0.0002822
o     0.2704043   -2.4967696    0.6573010  0.00    0.0007413   -0.0003113    0.0019371
o    -1.3553638   -2.1982027   -1.0835994  0.00   -0.0013393    0.0008886   -0.0026930
h    -1.9466492   -2.3932151   -0.2836128  0.00   -0.0017096   -0.0011952    0.0020397
n     0.6647634   -1.8199622   -3.0675257  0.00    0.0125465   -0.0066666    0.0011355
h     1.7398077   -2.8880481   -1.6080875  0.00    0.0008439   -0.0011938   -0.0002730
h    -0.1444006   -2.4748454   -3.2553989  0.00   -0.0115437   -0.0061819   -0.0020185
h     0.2729916   -0.8541311   -3.2126056  0.00    0.0092384    0.0539342    0.0089070
    24
 Energy =       0.0544786398
c    -0.2025527    2.3243315   -1.2707836  0.00   -0.0007487    0.0011812   -0.0002668
c    -0.3463396    2.5784384    0.0505107  0.00    0.0000659   -0.0000385    0.0006726
c     0.2669481    1.7735201    0.9585758  0.00   -0.0009465    0.0014991    0.0012217
c     0.5538444    1.2783114   -1.6938078  0.00    0.0008316   -0.0019614   -0.0012995
c     1.1838381    0.4758640   -0.7912835  0.00    0.0002909   -0.0003817   -0.0012762
c     1.0259742    0.7258692    0.5406893  0.00    0.0005693   -0.0007814    0.0006107
o    -1.1303992    3.6692830    0.4471164  0.00   -0.0015067    0.0026706    0.0000687
h    -1.2081856    3.7827051    1.4526796  0.00   -0.0004350    0.0004062    0.0014435
h     1.4969191    0.0821685    1.2807255  0.00    0.0001354   -0.0002401    0.0002485
h     0.6348534    1.0765333   -2.7595787  0.00   -0.0072460   -0.0285289   -0.0076768
h    -0.7064892    2.9643697   -1.9868379  0.00   -0.0001893    0.0002665   -0.0001319
h     0.1474963    1.9635402    2.0205115  0.00   -0.0003551    0.0006165    0.0011892
c     2.0306511   -0.7007166   -1.2567829  0.00    0.0017632   -0.0003722    0.0002315
c     1.1950710   -1.9370785   -1.6805760  0.00   -0.0003266    0.0003092   -0.0005305
h     2.7298192   -1.0051598   -0.4451408  0.00    0.0007062   -0.0005732    0.0001309
h     2.6780484   -0.3812328   -2.1052598  0.00    0.0011728    0.0004354   -0.0007977
c     0.0513196   -2.2315244   -0.7116947  0.00    0.0001884    0.0001210    0.0002866
o     0.3331558   -2.5265515    0.6184734  0.00    0.0003919   -0.0002903    0.0015548
o    -1.2725611   -2.2252188   -1.1396793  0.00   -0.0009686    0.0005899   -0.0019020
h    -1.8718757   -2.4379953   -0.3507937  0.00   -0.0013447   -0.0007988    0.0015614
n     0.7678729   -1.8003083   -3.0895659  0.00    0.0110970   -0.0053074    0.0011416
h     1.8577706   -2.8314529   -1.6147242  0.00    0.0010487   -0.0014221   -0.0003184
h     0.0037940   -2.5004641   -3.2963768  0.00   -0.0098273   -0.0059495   -0.0019130
h     0.3191204   -0.8602279   -3.2307190  0.00    0.0056331    0.0385501    0.0057511
    24
 Energy =       0.0533247814
c    -0.2878508    2.3069708   -1.2488729  0.00   -0.0010414    0.0015100   -0.0000479
c    -0.4520659    2.5371625    0.0743056  0.00    0.0000834   -0.0000783    0.0005128
c     0.1831140    1.7425429    0.9764256  0.00   -0.0011244    0.0016751    0.0012705
c     0.5111249    1.2957753   -1.6798311  0.00    0.0009877   -0.0019833   -0.0012799
c     1.1636510    0.5045295   -0.7828500  0.00    0.0003448   -0.0002834   -0.0011653
c     0.9845105    0.7295779    0.5508955  0.00    0.0008273   -0.0010724    0.0004133
o    -1.2788643    3.5935516    0.4789643  0.00   -0.0020643    0.0032224    0.0004607
h    -1.3669387    3.6918879    1.4851623  0.00   -0.0004539    0.0004872    0.0012794
h     1.4733286    0.0936058    1.2861724  0.00    0.0002518   -0.0003795    0.0002376
h     0.6103056    1.1166244   -2.7474469  0.00   -0.0053436   -0.0207908   -0.0058093
h    -0.8087309    2.9387264   -1.9603006  0.00   -0.0003019    0.0003975   -0.0001045
h     0.0478281    1.9132153    2.0396867  0.00   -0.0003970    0.0006382    0.0011261
c     2.0614477   -0.6318623   -1.2552668  0.00    0.0023733   -0.0003294    0.0003603
c     1.2820657   -1.9019348   -1.6896378  0.00   -0.0004154    0.0001034   -0.0006578
h     2.7717660   -0.9109784   -0.4440110  0.00    0.0009390   -0.0006460    0.0001821
h     2.6974133   -0.2784707   -2.0992276  0.00    0.0014013    0.0005749   -0.0008818
c     0.1336823   -2.2405818   -0.7406415  0.00   -0.0001836   -0.0001171    0.0003669
o     0.4052349   -2.5453356    0.5892214  0.00    0.0002229   -0.0002595    0.0012425
o    -1.1842675   -2.2599531   -1.1859817  0.00   -0.0010017    0.0004419   -0.0015871
h    -1.7889710   -2.4936426   -0.4073484  0.00   -0.0013047   -0.0006441    0.0013999
n     0.8731377   -1.7843552   -3.1054719  0.00    0.0099512   -0.0044550    0.0010340
h     1.9787758   -2.7696391   -1.6110888  0.00    0.0013796   -0.0017583   -0.0003340
h     0.1493617   -2.5213380   -3.3254580  0.00   -0.0086812   -0.0057411   -0.0019374
h     0.3790348   -0.8690751   -3.2517212  0.00    0.0035509    0.0294877    0.0039190
    24
 Energy =       0.0528018021
c    -0.3802529    2.2818937   -1.2116205  0.00   -0.0014277    0.0019064    0.0001187
c    -0.5597190    2.4841839    0.1140594  0.00    0.0000829   -0.0000952    0.0003608
c     0.1022366    1.7003943    1.0065653  0.00   -0.0013384    0.0018587    0.0014249
c     0.4610188    1.3102397   -1.6546976  0.00    0.0011495   -0.0020411   -0.0013704
c     1.1412505    0.5311009   -0.7671384  0.00    0.0004545   -0.0002559   -0.0010472
c     0.9458592    0.7268247    0.5690781  0.00    0.0011629   -0.0014191    0.0002740
o    -1.4290970    3.5015727    0.5311906  0.00   -0.0027461    0.0038787    0.0007488
h    -1.5243263    3.5815469    1.5383382  0.00   -0.0005171    0.0005759    0.0012564
h     1.4564522    0.0989896    1.2967395  0.00    0.0004154   -0.0005600    0.0002793
h     0.5736637    1.1567006   -2.7242044  0.00   -0.0040526   -0.0154456   -0.0045038
h    -0.9221108    2.9047297   -1.9154834  0.00   -0.0004707    0.0005725   -0.0001329
h    -0.0448192    1.8484691    2.0716534  0.00   -0.0004560    0.0006739    0.0011384
c     2.0902113   -0.5590851   -1.2516209  0.00    0.0030617   -0.0004209    0.0008292
c     1.3708219   -1.8582363   -1.7070727  0.00   -0.0001728   -0.0000275   -0.0006951
h     2.8087756   -0.8173729   -0.4407458  0.00    0.0010505   -0.0006683    0.0001484
h     2.7152137   -0.1658866   -2.0866859  0.00    0.0017765    0.0007801   -0.0011317
c     0.2108466   -2.2431753   -0.7895294  0.00   -0.0004929   -0.0002417    0.0004285
o     0.4611249   -2.5642238    0.5407206  0.00    0.0001296   -0.0003290    0.0014012
o    -1.0968282   -2.2837964   -1.2632094  0.00   -0.0010805    0.0004166   -0.0017092
h    -1.7128189   -2.5419831   -0.5011102  0.00   -0.0015563   -0.0006639    0.0015956
n     0.9952600   -1.7553294   -3.1334715  0.00    0.0087310   -0.0037578    0.0004448
h     2.0982755   -2.6990541   -1.6110753  0.00    0.0017276   -0.0019845   -0.0004526
h     0.3081148   -2.5201194   -3.3725936  0.00   -0.0077615   -0.0055007   -0.0020418
h     0.4689410   -0.8613798   -3.2924087  0.00    0.0023307    0.0227484    0.0026355
    24
 Energy =       0.0528306767
c    -0.4196360    2.2683057   -1.1777148  0.00   -0.0014285    0.0018839    0.0000986
c    -0.6005006    2.4535997    0.1501661  0.00    0.0000700   -0.0000830    0.0003281
c     0.0753808    1.6713235    1.0335282  0.00   -0.0013009    0.0017845    0.0014210
c     0.4371129    1.3156719   -1.6320502  0.00    0.0011073   -0.0019340   -0.0013468
c     1.1318698    0.5388385   -0.7536752  0.00    0.0004853   -0.0002383   -0.0009754
c     0.9345310    0.7166879    0.5847840  0.00    0.0011707   -0.0014130    0.0002806
o    -1.4855051    3.4524155    0.5789852  0.00   -0.0027306    0.0038007    0.0007121
h    -1.5802115    3.5206273    1.5870324  0.00   -0.0005080    0.0005643    0.0012466
h     1.4563624    0.0897863    1.3052378  0.00    0.0004323   -0.0005776    0.0002972
h     0.5510029    1.1770468   -2.7029694  0.00   -0.0036524   -0.0137738   -0.0040781
h    -0.9725304    2.8896619   -1.8743175  0.00   -0.0004878    0.0005874   -0.0001549
h    -0.0727206    1.8055959    2.1002727  0.00   -0.0004448    0.0006450    0.0011221
c     2.1000061   -0.5288930   -1.2504175  0.00    0.0030196   -0.0004582    0.0009755
c     1.4048409   -1.8343501   -1.7258975  0.00    0.0000587   -0.0000852   -0.0005872
h     2.8203322   -0.7860085   -0.4408719  0.00    0.0009631   -0.0006272    0.0001258
h     2.7214033   -0.1134778   -2.0774771  0.00    0.0018001    0.0008064   -0.0012002
c     0.2327543   -2.2392117   -0.8324139  0.00   -0.0005300   -0.0002282    0.0003594
o     0.4638083   -2.5769524    0.4973334  0.00    0.0001441   -0.0004055    0.0016686
o    -1.0671706   -2.2792194   -1.3270970  0.00   -0.0010701    0.0004458   -0.0018614
h    -1.6938012   -2.5496084   -0.5779108  0.00   -0.0016345   -0.0006881    0.0016914
n     1.0553314   -1.7292678   -3.1589803  0.00    0.0079992   -0.0033548    0.0000548
h     2.1405342   -2.6666936   -1.6205660  0.00    0.0016661   -0.0018495   -0.0004698
h     0.3800760   -2.4991010   -3.4135939  0.00   -0.0072168   -0.0051588   -0.0019715
h     0.5248229   -0.8397733   -3.3257092  0.00    0.0020881    0.0203569    0.0022632
    24
 Energy =       0.0529662009
c    -0.4680552    2.2481269   -1.1437160  0.00   -0.0015031    0.0019373    0.0001018
c    -0.6463572    2.4192499    0.1862907  0.00    0.0000459   -0.0000589    0.0002428
c     0.0491666    1.6436325    1.0603587  0.00   -0.0012439    0.0016869    0.0014399
c     0.4058655    1.3168494   -1.6094345  0.00    0.0010362   -0.0018055   -0.0013586
c     1.1209522    0.5476364   -0.7404208  0.00    0.0005471   -0.0002617   -0.0008377
c     0.9256011    0.7103196    0.6002613  0.00    0.0012486   -0.0014799    0.0002607
o    -1.5489387    3.3970034    0.6268963  0.00   -0.0028117    0.0038240    0.0006851
h    -1.6400283    3.4556503    1.6358466  0.00   -0.0004971    0.0005491    0.0012135
h     1.4632504    0.0884486    1.3134842  0.00    0.0004982   -0.0006506    0.0003437
h     0.5173782    1.1906189   -2.6816541  0.00   -0.0033160   -0.0121870   -0.0036424
h    -1.0366092    2.8637897   -1.8328885  0.00   -0.0005571    0.0006563   -0.0002081
h    -0.0968077    1.7663145    2.1287420  0.00   -0.0004239    0.0006055    0.0010843
c     2.1102979   -0.4948900   -1.2494431  0.00    0.0030420   -0.0005261    0.0011772
c     1.4427062   -1.8083655   -1.7432669  0.00    0.0002849   -0.0001237   -0.0004451
h     2.8341270   -0.7482482   -0.4419605  0.00    0.0008983   -0.0006043    0.0001051
h     2.7256155   -0.0561051   -2.0690698  0.00    0.0018551    0.0008545   -0.0012732
c     0.2582761   -2.2334432   -0.8755434  0.00   -0.0005712   -0.0002094    0.0003030
o     0.4689327   -2.5872837    0.4535477  0.00    0.0001564   -0.0004815    0.0019261
o    -1.0330227   -2.2733021   -1.3924752  0.00   -0.0010799    0.0004793   -0.0020248
h    -1.6706940   -2.5558430   -0.6571009  0.00   -0.0017284   -0.0007206    0.0017894
n     1.1218357   -1.7041430   -3.1833846  0.00    0.0073306   -0.0030560   -0.0003552
h     2.1874622   -2.6308618   -1.6255025  0.00    0.0016597   -0.0017548   -0.0004897
h     0.4588144   -2.4790833   -3.4527827  0.00   -0.0067211   -0.0048382   -0.0019234
h     0.5883248   -0.8190674   -3.3611064  0.00    0.0018505    0.0181653    0.0018857
    24
 Energy =       0.0532294445
c    -0.5243556    2.2206360   -1.1075395  0.00   -0.0016574    0.0020652    0.0000890
c    -0.6951376    2.3808299    0.2246841  0.00   -0.0000037   -0.0000095    0.0001058
c     0.0258204    1.6171145    1.0888860  0.00   -0.0011375    0.0015372    0.0015105
c     0.3675011    1.3127384   -1.5853526  0.00    0.0009039   -0.0016284   -0.0014323
c     1.1087928    0.5565815   -0.7263420  0.00    0.0006629   -0.0003332   -0.0006219
c     0.9203842    0.7072094    0.6167384  0.00    0.0014041   -0.0016211    0.0002510
o    -1.6163260    3.3353421    0.6777759  0.00   -0.0029858    0.0039362    0.0006197
h    -1.7000152    3.3869058    1.6877232  0.00   -0.0004825    0.0005279    0.0011889
h     1.4785153    0.0945841    1.3223878  0.00    0.0006314   -0.0007949    0.0004468
h     0.4721489    1.1959229   -2.6588637  0.00   -0.0030569   -0.0106477   -0.0032065
h    -1.1132556    2.8262860   -1.7887750  0.00   -0.0006989    0.0007942   -0.0003224
h    -0.1140631    1.7307504    2.1590295  0.00   -0.0003862    0.0005488    0.0010466
c     2.1203512   -0.4582495   -1.2484755  0.00    0.0031194   -0.0006240    0.0014546
c     1.4827096   -1.7802336   -1.7605159  0.00    0.0005437   -0.0001502   -0.0002294
h     2.8489701   -0.7066523   -0.4438743  0.00    0.0008488   -0.0005962    0.0000909
h     2.7275451    0.0053279   -2.0606404  0.00    0.0019444    0.0009305   -0.0013619
c     0.2844633   -2.2252532   -0.9218446  0.00   -0.0006092   -0.0001788    0.0002457
o     0.4718285   -2.5960033    0.4063045  0.00    0.0001772   -0.0005781    0.0022521
o    -0.9967802   -2.2635746   -1.4635921  0.00   -0.0011286    0.0005298   -0.0022548
h    -1.6468785   -2.5581385   -0.7438174  0.00   -0.0018639   -0.0007733    0.0019182
n     1.1948882   -1.6784044   -3.2081812  0.00    0.0067283   -0.0028462   -0.0008573
h     2.2360752   -2.5924214   -1.6269781  0.00    0.0017050   -0.0016872   -0.0005088
h     0.5437025   -2.4574802   -3.4928718  0.00   -0.0062758   -0.0045414   -0.0018997
h     0.6612093   -0.7968141   -3.4001875  0.00    0.0016173    0.0161404    0.0014756
    24
 Energy =       0.0536552173
c    -0.5879120    2.1842604   -1.0671249  0.00   -0.0019007    0.0022677   -0.0000054
c    -0.7443381    2.3383611    0.2674750  0.00   -0.0001041    0.0000863   -0.0000801
c     0.0086094    1.5927934    1.1207940  0.00   -0.0009282    0.0012911    0.0016795
c     0.3215078    1.3011696   -1.5582745  0.00    0.0006508   -0.0013603   -0.0016099
c     1.0956469    0.5645351   -0.7104196  0.00    0.0008678   -0.0004602   -0.0003089
c     0.9210544    0.7078191    0.6353586  0.00    0.0016486   -0.0018416    0.0003108
o    -1.6840632    3.2680142    0.7342834  0.00   -0.0032447    0.0041183    0.0004339
h    -1.7552278    3.3161258    1.7453623  0.00   -0.0004591    0.0004954    0.0012259
h     1.5050119    0.1095610    1.3327842  0.00    0.0008647   -0.0010372    0.0006541
h     0.4131657    1.1893125   -2.6330809  0.00   -0.0029059   -0.0091051   -0.0027910
h    -1.2024522    2.7747453   -1.7395470  0.00   -0.0009488    0.0010242   -0.0005468
h    -0.1197142    1.7012117    2.1928973  0.00   -0.0003185    0.0004634    0.0010448
c     2.1292781   -0.4205683   -1.2472666  0.00    0.0032418   -0.0007584    0.0018319
c     1.5228015   -1.7503157   -1.7787908  0.00    0.0008822   -0.0001652    0.0001173
h     2.8636431   -0.6642453   -0.4465613  0.00    0.0008025   -0.0005987    0.0000849
h     2.7267058    0.0693845   -2.0513536  0.00    0.0020678    0.0010384   -0.0014744
c     0.3078986   -2.2139924   -0.9742656  0.00   -0.0006280   -0.0001245    0.0001742
o     0.4671162   -2.6038031    0.3523742  0.00    0.0002168   -0.0007258    0.0027466
o    -0.9611727   -2.2471781   -1.5447459  0.00   -0.0012465    0.0006168   -0.0026276
h    -1.6261646   -2.5533036   -0.8433742  0.00   -0.0020778   -0.0008627    0.0021117
n     1.2744921   -1.6510983   -3.2345466  0.00    0.0062225   -0.0027243   -0.0015332
h     2.2828109   -2.5528727   -1.6256824  0.00    0.0018035   -0.0016334   -0.0005198
h     0.6336974   -2.4320313   -3.5362343  0.00   -0.0058857   -0.0042721   -0.0019021
h     0.7456988   -0.7708812   -3.4443832  0.00    0.0013791    0.0142680    0.0009835
    24
 Energy =       0.0543109821
c    -0.6592356    2.1357497   -1.0190772  0.00   -0.0022629    0.0025534   -0.0003386
c    -0.7911104    2.2918229    0.3179674  0.00   -0.0003121    0.0002727   -0.0002967
c     0.0023627    1.5730135    1.1585961  0.00   -0.0005058    0.0008698    0.0020657
c     0.2659485    1.2780060   -1.5255461  0.00    0.0001513   -0.0009256   -0.0019949
c     1.0815786    0.5697656   -0.6909119  0.00    0.0012385   -0.0006470    0.0001189
c     0.9311162    0.7136981    0.6578810  0.00    0.0020128   -0.0021610    0.0005863
o    -1.7479637    3.1958033    0.8004560  0.00   -0.0035888    0.0043515   -0.0000560
h    -1.7990647    3.2464177    1.8127408  0.00   -0.0004166    0.0004469    0.0014662
h     1.5480020    0.1370739    1.3458985  0.00    0.0012763   -0.0014361    0.0010800
h     0.3355445    1.1637190   -2.6014877  0.00   -0.0029374   -0.0074697   -0.0024698
h    -1.3062747    2.7039887   -1.6811407  0.00   -0.0013893    0.0013965   -0.0009915
h    -0.1062220    1.6826616    2.2328358  0.00   -0.0001934    0.0003302    0.0011793
c     2.1359661   -0.3840230   -1.2451776  0.00    0.0034174   -0.0009402    0.0023549
c     1.5605693   -1.7191330   -1.7999161  0.00    0.0013873   -0.0001793    0.0007027
h     2.8765419   -0.6253929   -0.4496345  0.00    0.0007451   -0.0006077    0.0000893
h     2.7227116    0.1345161   -2.0394022  0.00    0.0022326    0.0011895   -0.0016296
c     0.3241450   -2.1989840   -1.0377003  0.00   -0.0005953   -0.0000296    0.0000663
o     0.4472823   -2.6121349    0.2862083  0.00    0.0002894   -0.0009937    0.0036172
o    -0.9294281   -2.2202605   -1.6429254  0.00   -0.0015052    0.0007856   -0.0033125
h    -1.6133900   -2.5371882   -0.9644966  0.00   -0.0024593   -0.0010272    0.0024419
n     1.3614877   -1.6207763   -3.2642463  0.00    0.0059335   -0.0027020   -0.0025132
h     2.3232023   -2.5143751   -1.6228015  0.00    0.0019721   -0.0015848   -0.0005042
h     0.7279495   -2.3990960   -3.5866629  0.00   -0.0055920   -0.0040721   -0.0019468
h     0.8463747   -0.7378686   -3.4957790  0.00    0.0011016    0.0125800    0.0002851
    24
 Energy =       0.0553601923
c    -0.7399529    2.0687126   -0.9572527  0.00   -0.0028342    0.0029338   -0.0013690
c    -0.8309470    2.2418465    0.3816002  0.00   -0.0007695    0.0006625   -0.0004418
c     0.0152574    1.5632069    1.2063763  0.00    0.0003906    0.0001303    0.0030204
c     0.1966356    1.2345694   -1.4817681  0.00   -0.0009019   -0.0001851   -0.0028825
c     1.0661918    0.5684886   -0.6640287  0.00    0.0019628   -0.0008681    0.0006061
c     0.9564689    0.7282784    0.6876086  0.00    0.0025810   -0.0026210    0.0015165
o    -1.8011154    3.1214639    0.8824377  0.00   -0.0040492    0.0046048   -0.0013340
h    -1.8203578    3.1854418    1.8955643  0.00   -0.0003241    0.0003984    0.0023543
h     1.6167676    0.1850783    1.3641304  0.00    0.0020793   -0.0021222    0.0020463
h     0.2295787    1.1041214   -2.5578949  0.00   -0.0033880   -0.0056374   -0.0025365
h    -1.4292359    2.6037521   -1.6062477  0.00   -0.0022340    0.0020178   -0.0019435
h    -0.0604554    1.6862452    2.2824734  0.00    0.0000600    0.0001278    0.0017893
c     2.1385342   -0.3532723   -1.2397827  0.00    0.0037268   -0.0011520    0.0031412
c     1.5920772   -1.6878885   -1.8275336  0.00    0.0022521   -0.0003024    0.0017689
h     2.8839042   -0.5997240   -0.4504300  0.00    0.0006820   -0.0006227    0.0001188
h     2.7162717    0.1976461   -2.0190691  0.00    0.0024805    0.0014392   -0.0018949
c     0.3261114   -2.1801406   -1.1215458  0.00   -0.0004468    0.0001198   -0.0001428
o     0.4000637   -2.6249802    0.1967848  0.00    0.0004087   -0.0015811    0.0054024
o    -0.9063377   -2.1775750   -1.7709605  0.00   -0.0020898    0.0011742   -0.0047688
h    -1.6158488   -2.5045824   -1.1232497  0.00   -0.0032613   -0.0013727    0.0030940
n     1.4574269   -1.5838074   -3.3005267  0.00    0.0064198   -0.0028705   -0.0039774
h     2.3498690   -2.4812189   -1.6220321  0.00    0.0022659   -0.0015522   -0.0004061
h     0.8233581   -2.3493369   -3.6516954  0.00   -0.0056543   -0.0042074   -0.0021346
h     0.9738283   -0.6893214   -3.5572804  0.00    0.0006434    0.0114862   -0.0010263
    24
 Energy =       0.0539949114
c    -0.7130801    2.1034983   -0.9013650  0.00   -0.0024439    0.0023096   -0.0035382
c    -0.8361105    2.1960392    0.4455262  0.00   -0.0009984    0.0007738    0.0010003
c    -0.0109975    1.4673752    1.2495361  0.00    0.0005481   -0.0000398    0.0045864
c     0.2340455    1.2996725   -1.4534093  0.00   -0.0012193    0.0000895   -0.0042106
c     1.0765589    0.5779519   -0.6547556  0.00    0.0023107   -0.0010353   -0.0008883
c     0.9372287    0.6587213    0.7033388  0.00    0.0022772   -0.0023096    0.0037590
o    -1.8164097    3.0463810    0.9760000  0.00   -0.0036186    0.0039644   -0.0029612
h    -1.8568682    3.0527755    1.9921121  0.00   -0.0004604    0.0004302    0.0050452
h     1.5782465    0.0714825    1.3623927  0.00    0.0022270   -0.0020539    0.0030051
h     0.3011118    1.2393711   -2.5368782  0.00   -0.0027444   -0.0041048   -0.0048107
h    -1.3845848    2.6792201   -1.5344724  0.00   -0.0023830    0.0018073   -0.0026231
h    -0.1106663    1.5274921    2.3308418  0.00    0.0000680    0.0001922    0.0038500
c     2.1452896   -0.3257294   -1.2609163  0.00    0.0030565   -0.0008690    0.0021744
c     1.5955928   -1.6459727   -1.8759562  0.00    0.0010978   -0.0006427    0.0022009
h     2.8980025   -0.5871121   -0.4833688  0.00    0.0007469   -0.0006145    0.0001858
h     2.7131816    0.2438988   -2.0335637  0.00    0.0019425    0.0012529   -0.0017059
c     0.3339743   -2.1573547   -1.1784755  0.00   -0.0003919    0.0002194   -0.0003673
o     0.4082126   -2.6187303    0.1334615  0.00    0.0001727   -0.0012833    0.0042578
o    -0.8946756   -2.1627289   -1.8337117  0.00   -0.0014688    0.0010359   -0.0040193
h    -1.6037283   -2.5040231   -1.1938581  0.00   -0.0027160   -0.0010701    0.0023126
n     1.4452590   -1.4981247   -3.3421412  0.00    0.0158402   -0.0059390   -0.0013073
h     2.3557784   -2.4434108   -1.6977773  0.00    0.0019104   -0.0015546   -0.0002841
h     0.8875643   -2.3150439   -3.7154389  0.00   -0.0078870   -0.0093959   -0.0031059
h     0.8551679   -0.6486450   -3.5514434  0.00   -0.0058664    0.0188376   -0.0025555
    24
 Energy =       0.0529607796
c    -0.6514188    2.1615986   -0.9547625  0.00   -0.0026308    0.0024820   -0.0038064
c    -0.8039596    2.2408835    0.3901361  0.00   -0.0011754    0.0009479    0.0008499
c    -0.0163042    1.4819188    1.2046008  0.00    0.0008969   -0.0004058    0.0048007
c     0.2878737    1.3400113   -1.4941157  0.00   -0.0017273    0.0005546   -0.0043786
c     1.0903442    0.5849381   -0.6843171  0.00    0.0026007   -0.0009708   -0.0004139
c     0.9223534    0.6541875    0.6710355  0.00    0.0024881   -0.0025514    0.0039318
o    -1.7752161    3.1092397    0.9077751  0.00   -0.0037117    0.0040139   -0.0032980
h    -1.8370025    3.1067314    1.9228734  0.00   -0.0004151    0.0003680    0.0051002
h     1.5318856    0.0410289    1.3374171  0.00    0.0025210   -0.0024031    0.0033125
h     0.3833458    1.2940340   -2.5766547  0.00   -0.0027343   -0.0030017   -0.0046766
h    -1.2925079    2.7629322   -1.5963558  0.00   -0.0026901    0.0021119   -0.0029653
h    -0.1391799    1.5319594    2.2840557  0.00    0.0001763    0.0000582    0.0039048
c     2.1429953   -0.3464426   -1.2750746  0.00    0.0032980   -0.0008884    0.0027978
c     1.5692705   -1.6736358   -1.8510982  0.00    0.0021038   -0.0009147    0.0030772
h     2.8971192   -0.5971203   -0.4952691  0.00    0.0006904   -0.0005787    0.0002510
h     2.7124096    0.1939576   -2.0679696  0.00    0.0021787    0.0014924   -0.0019688
c     0.3370991   -2.1768414   -1.0952752  0.00   -0.0002286    0.0002709   -0.0005656
o     0.4619346   -2.6071630    0.2245622  0.00    0.0003764   -0.0018806    0.0061121
o    -0.9144005   -2.2090324   -1.7069590  0.00   -0.0021916    0.0013904   -0.0055159
h    -1.5979907   -2.5426040   -1.0351050  0.00   -0.0035264   -0.0014505    0.0030353
n     1.3553711   -1.5405509   -3.3113705  0.00    0.0157404   -0.0055913   -0.0028602
h     2.3381797   -2.4676745   -1.6961279  0.00    0.0021352   -0.0014938   -0.0001692
h     0.8047935   -2.3745019   -3.6562014  0.00   -0.0078589   -0.0093185   -0.0032157
h     0.7310988   -0.7108505   -3.5001222  0.00   -0.0063157    0.0177592   -0.0033392
    24
 Energy =       0.0517385571
c    -0.5828542    2.2192818   -1.0139148  0.00   -0.0026471    0.0025257   -0.0039225
c    -0.7727167    2.2870553    0.3268750  0.00   -0.0012932    0.0010894    0.0006752
c    -0.0293284    1.4982748    1.1550747  0.00    0.0011967   -0.0008000    0.0047999
c     0.3492381    1.3781747   -1.5352096  0.00   -0.0021695    0.0011006   -0.0043524
c     1.1037678    0.5894034   -0.7110839  0.00    0.0027591   -0.0010368    0.0000834
c     0.9002657    0.6499134    0.6394125  0.00    0.0025485   -0.0026445    0.0039265
o    -1.7357128    3.1747216    0.8262018  0.00   -0.0035599    0.0038227   -0.0035265
h    -1.8246911    3.1643814    1.8391429  0.00   -0.0003535    0.0002714    0.0049359
h     1.4732321    0.0119368    1.3155846  0.00    0.0026343   -0.0026456    0.0034295
h     0.4800039    1.3445172   -2.6150428  0.00   -0.0023779   -0.0016895   -0.0044261
h    -1.1877718    2.8461832   -1.6665624  0.00   -0.0028393    0.0023395   -0.0031844
h    -0.1812598    1.5399979    2.2310378  0.00    0.0002655   -0.0000955    0.0037707
c     2.1404693   -0.3709311   -1.2809097  0.00    0.0032547   -0.0009979    0.0030836
c     1.5423140   -1.6998004   -1.8243800  0.00    0.0028782   -0.0009788    0.0038108
h     2.8903499   -0.6153533   -0.4950287  0.00    0.0005741   -0.0005460    0.0002570
h     2.7169519    0.1394581   -2.0885859  0.00    0.0021992    0.0015441   -0.0020160
c     0.3441763   -2.1988553   -1.0122322  0.00    0.0000033    0.0003845   -0.0006284
o     0.5219067   -2.6023397    0.3107562  0.00    0.0006205   -0.0022041    0.0072598
o    -0.9283777   -2.2588434   -1.5780168  0.00   -0.0028281    0.0015454   -0.0064137
h    -1.5837884   -2.5885316   -0.8763519  0.00   -0.0039322   -0.0016595    0.0034367
n     1.2609153   -1.5703195   -3.2736106  0.00    0.0148973   -0.0055634   -0.0041679
h     2.3188543   -2.4920150   -1.7007392  0.00    0.0023339   -0.0014110   -0.0000600
h     0.7271993   -2.4226513   -3.5968314  0.00   -0.0071374   -0.0084487   -0.0028698
h     0.5949501   -0.7666553   -3.4299080  0.00   -0.0070271    0.0160979   -0.0039015
    24
 Energy =       0.0504191175
c    -0.5109016    2.2733574   -1.0786592  0.00   -0.0024611    0.0024177   -0.0037804
c    -0.7443828    2.3343366    0.2553598  0.00   -0.0012950    0.0011377    0.0004959
c    -0.0508603    1.5188058    1.1006604  0.00    0.0013340   -0.0011095    0.0045287
c     0.4143474    1.4107619   -1.5759856  0.00   -0.0023157    0.0015185   -0.0040938
c     1.1151386    0.5916093   -0.7344337  0.00    0.0026884   -0.0012172    0.0004224
c     0.8704710    0.6485448    0.6087292  0.00    0.0024072   -0.0025291    0.0036917
o    -1.6996847    3.2428886    0.7302287  0.00   -0.0031867    0.0034397   -0.0035525
h    -1.8212872    3.2274144    1.7394991  0.00   -0.0003044    0.0001593    0.0045629
h     1.4032499   -0.0106023    1.2973959  0.00    0.0024890   -0.0026729    0.0032636
h     0.5848733    1.3840187   -2.6508716  0.00   -0.0017263   -0.0005537   -0.0040238
h    -1.0750339    2.9234172   -1.7449811  0.00   -0.0027412    0.0024033   -0.0031660
h    -0.2367064    1.5561016    2.1711369  0.00    0.0002930   -0.0002249    0.0034349
c     2.1374117   -0.3972559   -1.2775909  0.00    0.0028494   -0.0011250    0.0028997
c     1.5163241   -1.7234330   -1.7960271  0.00    0.0032778   -0.0007861    0.0043407
h     2.8774760   -0.6386834   -0.4814962  0.00    0.0004581   -0.0005260    0.0002591
h     2.7260784    0.0834234   -2.0943058  0.00    0.0019972    0.0014046   -0.0018444
c     0.3580346   -2.2252958   -0.9298447  0.00    0.0003487    0.0005591   -0.0005721
o     0.5917220   -2.6049662    0.3917175  0.00    0.0008640   -0.0022456    0.0076066
o    -0.9332761   -2.3176515   -1.4473137  0.00   -0.0033058    0.0014993   -0.0066468
h    -1.5568155   -2.6482278   -0.7175987  0.00   -0.0039300   -0.0016947    0.0035065
n     1.1639695   -1.5862048   -3.2286513  0.00    0.0134575   -0.0056445   -0.0052609
h     2.2998219   -2.5141315   -1.7121044  0.00    0.0024902   -0.0013738    0.0000306
h     0.6552808   -2.4567929   -3.5388461  0.00   -0.0058148   -0.0069989   -0.0021358
h     0.4528428   -0.8144310   -3.3403399  0.00   -0.0078735    0.0141629   -0.0039669
    24
 Energy =       0.0491026415
c    -0.4364286    2.3235343   -1.1491482  0.00   -0.0021276    0.0022205   -0.0034317
c    -0.7193722    2.3837144    0.1749545  0.00   -0.0011872    0.0010909    0.0003279
c    -0.0818308    1.5449146    1.0407572  0.00    0.0012791   -0.0012904    0.0040861
c     0.4815353    1.4369245   -1.6161218  0.00   -0.0020760    0.0016908   -0.0036927
c     1.1232531    0.5919916   -0.7540160  0.00    0.0024044   -0.0014826    0.0004946
c     0.8316818    0.6511062    0.5789297  0.00    0.0020981   -0.0022631    0.0033194
o    -1.6666139    3.3155597    0.6186437  0.00   -0.0027052    0.0030188   -0.0034239
h    -1.8265112    3.2983613    1.6222808  0.00   -0.0003069    0.0000551    0.0041146
h     1.3205787   -0.0249972    1.2830098  0.00    0.0021425   -0.0024894    0.0028917
h     0.6948770    1.4102401   -2.6835776  0.00   -0.0009735    0.0001478   -0.0035120
h    -0.9549629    2.9937181   -1.8318600  0.00   -0.0024268    0.0023191   -0.0029382
h    -0.3063576    1.5825050    2.1033929  0.00    0.0002394   -0.0003055    0.0029991
c     2.1332626   -0.4244223   -1.2644547  0.00    0.0021667   -0.0012146    0.0022995
c     1.4917539   -1.7446906   -1.7655243  0.00    0.0032906   -0.0003897    0.0045805
h     2.8580351   -0.6648049   -0.4539428  0.00    0.0003897   -0.0005223    0.0003039
h     2.7390094    0.0271445   -2.0846146  0.00    0.0016477    0.0011253   -0.0015389
c     0.3797305   -2.2578198   -0.8479637  0.00    0.0008190    0.0007593   -0.0004115
o     0.6724656   -2.6147946    0.4679188  0.00    0.0010683   -0.0020535    0.0072157
o    -0.9271421   -2.3903296   -1.3150226  0.00   -0.0036195    0.0012753   -0.0062857
h    -1.5144295   -2.7270037   -0.5588456  0.00   -0.0036161   -0.0015997    0.0033296
n     1.0658736   -1.5896247   -3.1756041  0.00    0.0115292   -0.0054469   -0.0061645
h     2.2814211   -2.5330028   -1.7291800  0.00    0.0025701   -0.0014090    0.0000734
h     0.5874932   -2.4764768   -3.4824392  0.00   -0.0041380   -0.0053080   -0.0012295
h     0.3107717   -0.8547436   -3.2318947  0.00   -0.0084682    0.0120717   -0.0034074
    24
 Energy =       0.0478941011
c    -0.3586955    2.3709639   -1.2249039  0.00   -0.0016939    0.0019838   -0.0029903
c    -0.6969483    2.4359716    0.0855191  0.00   -0.0010048    0.0009767    0.0001861
c    -0.1225632    1.5767974    0.9744515  0.00    0.0010491   -0.0013388    0.0035818
c     0.5507103    1.4578969   -1.6552918  0.00   -0.0014949    0.0016176   -0.0032400
c     1.1276624    0.5915859   -0.7701394  0.00    0.0019691   -0.0017505    0.0003135
c     0.7828986    0.6577006    0.5490476  0.00    0.0016583   -0.0019315    0.0029201
o    -1.6347266    3.3937332    0.4914326  0.00   -0.0021762    0.0026534   -0.0032208
h    -1.8388084    3.3781309    1.4868227  0.00   -0.0003887   -0.0000202    0.0036914
h     1.2233391   -0.0318321    1.2709651  0.00    0.0016879   -0.0021441    0.0024486
h     0.8093890    1.4249712   -2.7125442  0.00   -0.0003238    0.0003674   -0.0029452
h    -0.8261505    3.0584898   -1.9262133  0.00   -0.0019600    0.0021284   -0.0025851
h    -0.3907773    1.6190003    2.0263663  0.00    0.0001060   -0.0003303    0.0025684
c     2.1272589   -0.4514279   -1.2420339  0.00    0.0013937   -0.0012213    0.0014778
c     1.4680773   -1.7640549   -1.7320241  0.00    0.0030143    0.0000706    0.0044085
h     2.8321355   -0.6909734   -0.4136669  0.00    0.0003622   -0.0005198    0.0003871
h     2.7540469   -0.0286524   -2.0609209  0.00    0.0012386    0.0007751   -0.0011955
c     0.4091311   -2.2970340   -0.7658853  0.00    0.0013906    0.0009377   -0.0001719
o     0.7635417   -2.6296548    0.5405907  0.00    0.0012144   -0.0016998    0.0062230
o    -0.9087424   -2.4806085   -1.1810905  0.00   -0.0038183    0.0008981   -0.0054646
h    -1.4548275   -2.8286411   -0.4000925  0.00   -0.0031092   -0.0014349    0.0030073
n     0.9665764   -1.5838452   -3.1131596  0.00    0.0091233   -0.0046297   -0.0067094
h     2.2627530   -2.5479583   -1.7499919  0.00    0.0025030   -0.0014540    0.0000513
h     0.5204433   -2.4834359   -3.4260318  0.00   -0.0024146   -0.0036499   -0.0004209
h     0.1723697   -0.8901194   -3.1055279  0.00   -0.0083261    0.0097160   -0.0023215
    24
 Energy =       0.0469146896
c    -0.2761385    2.4174616   -1.3037343  0.00   -0.0011521    0.0016564   -0.0024781
c    -0.6750164    2.4910824   -0.0114495  0.00   -0.0007694    0.0008089    0.0000760
c    -0.1715072    1.6133069    0.9009958  0.00    0.0006885   -0.0012391    0.0029742
c     0.6225459    1.4764005   -1.6928239  0.00   -0.0007255    0.0013529   -0.0026951
c     1.1288008    0.5919176   -0.7841436  0.00    0.0014256   -0.0018182    0.0000177
c     0.7246759    0.6677102    0.5169322  0.00    0.0010909   -0.0015411    0.0024735
o    -1.6008631    3.4766825    0.3516748  0.00   -0.0015387    0.0022405   -0.0028974
h    -1.8545159    3.4650455    1.3353912  0.00   -0.0005181   -0.0000550    0.0031929
h     1.1112019   -0.0332677    1.2573426  0.00    0.0011697   -0.0016639    0.0019847
h     0.9288327    1.4333985   -2.7366828  0.00    0.0000706    0.0002448   -0.0022858
h    -0.6866665    3.1203775   -2.0241456  0.00   -0.0013721    0.0018057   -0.0021258
h    -0.4881644    1.6629135    1.9386662  0.00   -0.0000715   -0.0002996    0.0021211
c     2.1183133   -0.4771184   -1.2132493  0.00    0.0007414   -0.0010849    0.0007154
c     1.4433949   -1.7820351   -1.6952019  0.00    0.0025822    0.0004266    0.0036950
h     2.8010203   -0.7139929   -0.3655965  0.00    0.0002973   -0.0004711    0.0004155
h     2.7678902   -0.0835049   -2.0280501  0.00    0.0008099    0.0004193   -0.0008429
c     0.4449252   -2.3420292   -0.6828283  0.00    0.0019623    0.0010583    0.0000839
o     0.8627927   -2.6446946    0.6112795  0.00    0.0013011   -0.0012357    0.0047689
o    -0.8773895   -2.5906399   -1.0454511  0.00   -0.0039318    0.0003833   -0.0043062
h    -1.3767073   -2.9545947   -0.2413394  0.00   -0.0024735   -0.0012370    0.0025693
n     0.8636550   -1.5734487   -3.0402331  0.00    0.0061654   -0.0031532   -0.0064888
h     2.2411596   -2.5587487   -1.7729154  0.00    0.0021867   -0.0013611   -0.0000184
h     0.4477314   -2.4812169   -3.3662564  0.00   -0.0009449   -0.0021007    0.0000749
h     0.0381228   -0.9240012   -2.9625035  0.00   -0.0069940    0.0068637   -0.0010243
    24
 Energy =       0.0462988449
c    -0.1870225    2.4647423   -1.3803181  0.00   -0.0005116    0.0010741   -0.0016722
c    -0.6490178    2.5482140   -0.1107323  0.00   -0.0004571    0.0005442   -0.0000130
c    -0.2226478    1.6523012    0.8216740  0.00    0.0002944   -0.0009075    0.0019615
c     0.6974572    1.4953689   -1.7272006  0.00   -0.0000856    0.0008854   -0.0017944
c     1.1283282    0.5940966   -0.7981879  0.00    0.0007790   -0.0013242   -0.0001190
c     0.6613886    0.6798004    0.4801923  0.00    0.0004431   -0.0009817    0.0016938
o    -1.5590681    3.5624141    0.2085416  0.00   -0.0007135    0.0014694   -0.0021172
h    -1.8653415    3.5555685    1.1766380  0.00   -0.0005208   -0.0000532    0.0021966
h     0.9889798   -0.0325159    1.2365646  0.00    0.0005919   -0.0010239    0.0013501
h     1.0524609    1.4421759   -2.7543651  0.00    0.0001417    0.0000709   -0.0013646
h    -0.5358110    3.1823102   -2.1171855  0.00   -0.0006809    0.0012079   -0.0014170
h    -0.5902710    1.7100902    1.8413745  0.00   -0.0001784   -0.0002111    0.0014070
c     2.1049542   -0.5013688   -1.1841545  0.00    0.0003567   -0.0007210    0.0003329
c     1.4134294   -1.7996753   -1.6563343  0.00    0.0019422    0.0005024    0.0023302
h     2.7673181   -0.7323914   -0.3190796  0.00    0.0001100   -0.0003003    0.0002471
h     2.7756772   -0.1383477   -1.9951483  0.00    0.0003802    0.0001390   -0.0004494
c     0.4822577   -2.3897151   -0.5997931  0.00    0.0021702    0.0010481    0.0002365
o     0.9622263   -2.6518232    0.6804869  0.00    0.0012445   -0.0006534    0.0028845
o    -0.8347803   -2.7190296   -0.9110516  0.00   -0.0036660   -0.0002110   -0.0027653
h    -1.2822637   -3.1009750   -0.0858799  0.00   -0.0015973   -0.0009147    0.0018021
n     0.7529524   -1.5642596   -2.9575941  0.00    0.0025194   -0.0014140   -0.0047741
h     2.2102806   -2.5672945   -1.7970843  0.00    0.0014646   -0.0009231   -0.0000830
h     0.3586521   -2.4748624   -3.2987462  0.00   -0.0000242   -0.0005614    0.0001620
h    -0.0920454   -0.9578199   -2.8069391  0.00   -0.0040026    0.0032591   -0.0000350
    24
 Energy =       0.0461282875
c    -0.1177264    2.4995196   -1.4235112  0.00   -0.0000485    0.0000632   -0.0000356
c    -0.6197691    2.5892809   -0.1713530  0.00   -0.0000083    0.0000332   -0.0000594
c    -0.2483718    1.6795564    0.7683635  0.00    0.0000637   -0.0000858    0.0000454
c     0.7517715    1.5099286   -1.7460200  0.00   -0.0000604    0.0000661   -0.0000444
c     1.1293171    0.5957216   -0.8091279  0.00    0.0000193   -0.0000053    0.0001258
c     0.6222033    0.6875786    0.4517971  0.00    0.0000452   -0.0000711    0.0000224
o    -1.5135208    3.6241207    0.1225071  0.00   -0.0000291    0.0000630   -0.0001199
h    -1.8544107    3.6200063    1.0776129  0.00    0.0000118   -0.0000175    0.0000362
h     0.9073173   -0.0340838    1.2142490  0.00    0.0000495   -0.0000934    0.0000834
h     1.1381605    1.4517658   -2.7602967  0.00   -0.0000406    0.0000431    0.0000034
h    -0.4224366    3.2282637   -2.1665719  0.00   -0.0000432    0.0000775   -0.0000831
h    -0.6485351    1.7425467    1.7741430  0.00    0.0000267   -0.0000258   -0.0000046
c     2.0905812   -0.5203602   -1.1705991  0.00    0.0000873   -0.0000390    0.0002199
c     1.3819737   -1.8136157   -1.6319440  0.00    0.0001135    0.0000462    0.0001522
h     2.7438895   -0.7469127   -0.2978782  0.00   -0.0000487    0.0000197   -0.0000501
h     2.7722042   -0.1805812   -1.9818256  0.00    0.0000363    0.0000197   -0.0000143
c     0.4980980   -2.4209206   -0.5477971  0.00    0.0005865    0.0002522    0.0000904
o     1.0127406   -2.6426785    0.7249523  0.00    0.0002739   -0.0000037    0.0001921
o    -0.8043266   -2.8178113   -0.8294879  0.00   -0.0008899   -0.0001724   -0.0002581
h    -1.2157642   -3.2098018    0.0079098  0.00   -0.0000691   -0.0000144   -0.0000008
n     0.6673347   -1.5621436   -2.8984862  0.00   -0.0004064   -0.0000330   -0.0001527
h     2.1717812   -2.5771476   -1.8156965  0.00    0.0000674   -0.0000164   -0.0000138
h     0.2730895   -2.4703687   -3.2451372  0.00   -0.0000236    0.0002119   -0.0000835
h    -0.1775073   -0.9748594   -2.7001246  0.00    0.0002868   -0.0003179   -0.0000509
    24
 Energy =       0.0461264204
c    -0.1141715    2.5029176   -1.4236940  0.00    0.0000037   -0.0000043    0.0000006
c    -0.6183229    2.5923259   -0.1723340  0.00   -0.0000004   -0.0000021    0.0000052
c    -0.2501523    1.6811452    0.7670316  0.00   -0.0000054    0.0000058   -0.0000009
c     0.7541831    1.5121848   -1.7457676  0.00    0.0000051   -0.0000043    0.0000012
c     1.1285274    0.5964880   -0.8092061  0.00   -0.0000008   -0.0000037   -0.0000107
c     0.6193852    0.6881158    0.4509452  0.00   -0.0000039    0.0000044    0.0000008
o    -1.5108272    3.6283439    0.1210939  0.00    0.0000018   -0.0000041    0.0000071
h    -1.8536075    3.6238107    1.0755065  0.00   -0.0000025    0.0000013   -0.0000003
h     0.9022075   -0.0343259    1.2132846  0.00   -0.0000037    0.0000056   -0.0000063
h     1.1423376    1.4543410   -2.7594140  0.00    0.0000040   -0.0000037   -0.0000025
h    -0.4162259    3.2329052   -2.1664544  0.00    0.0000026   -0.0000051    0.0000048
h    -0.6519196    1.7439204    1.7722072  0.00   -0.0000030    0.0000019    0.0000021
c     2.0890223   -0.5204135   -1.1701911  0.00   -0.0000090    0.0000041   -0.0000203
c     1.3798793   -1.8131241   -1.6321534  0.00    0.0000018   -0.0000032   -0.0000048
h     2.7419117   -0.7473848   -0.2971711  0.00    0.0000046   -0.0000023    0.0000056
h     2.7712169   -0.1811828   -1.9811137  0.00   -0.0000033   -0.0000017    0.0000012
c     0.4994917   -2.4240659   -0.5472088  0.00    0.0000636    0.0000183   -0.0000018
o     1.0128140   -2.6357308    0.7276834  0.00    0.0000323    0.0000017    0.0000362
o    -0.7967552   -2.8375281   -0.8310969  0.00   -0.0000961   -0.0000235   -0.0000331
h    -1.2060159   -3.2308611    0.0067367  0.00   -0.0000022   -0.0000018    0.0000029
n     0.6616167   -1.5593283   -2.8960096  0.00    0.0000461    0.0000054   -0.0000047
h     2.1695553   -2.5757537   -1.8197965  0.00   -0.0000011   -0.0000032    0.0000010
h     0.2669221   -2.4674273   -3.2428908  0.00    0.0000022   -0.0000217    0.0000086
h    -0.1829792   -0.9723683   -2.6943093  0.00   -0.0000363    0.0000360    0.0000081
    24
 Energy =       0.0461264107
c    -0.1143776    2.5027795   -1.4237146  0.00    0.0000000    0.0000000   -0.0000000
c    -0.6183027    2.5923801   -0.1722817  0.00   -0.0000000    0.0000000    0.0000000
c    -0.2499326    1.6813625    0.7671761  0.00   -0.0000000   -0.0000000    0.0000000
c     0.7539585    1.5120246   -1.7457655  0.00   -0.0000000    0.0000000   -0.0000000
c     1.1285045    0.5964937   -0.8091121  0.00    0.0000000   -0.0000000   -0.0000000
c     0.6195775    0.6883035    0.4511082  0.00   -0.0000000   -0.0000000    0.0000000
o    -1.5107830    3.6284248    0.1211251  0.00    0.0000000    0.0000000   -0.0000001
h    -1.8533488    3.6240661    1.0756150  0.00   -0.0000000   -0.0000000    0.0000001
h     0.9025585   -0.0340090    1.2135228  0.00    0.0000000   -0.0000000    0.0000000
h     1.1419407    1.4540358   -2.7594660  0.00    0.0000000    0.0000000   -0.0000000
h    -0.4165906    3.2326358   -2.1665492  0.00   -0.0000000    0.0000000   -0.0000000
h    -0.6515185    1.7442908    1.7724115  0.00   -0.0000000   -0.0000000    0.0000000
c     2.0889958   -0.5204222   -1.1700652  0.00   -0.0000000    0.0000000    0.0000000
c     1.3798584   -1.8131080   -1.6321303  0.00    0.0000000    0.0000000   -0.0000000
h     2.7418230   -0.7474439   -0.2970208  0.00    0.0000000    0.0000000    0.0000000
h     2.7712527   -0.1811599   -1.9809261  0.00    0.0000000    0.0000000   -0.0000000
c     0.4993065   -2.4240406   -0.5473176  0.00    0.0000002    0.0000001   -0.0000000
o     1.0122507   -2.6353040    0.7277680  0.00    0.0000001   -0.0000000    0.0000002
o    -0.7966347   -2.8380305   -0.8315479  0.00   -0.0000003   -0.0000000   -0.0000001
h    -1.2060562   -3.2313062    0.0062319  0.00   -0.0000000   -0.0000000    0.0000000
n     0.6617572   -1.5592878   -2.8960799  0.00    0.0000001    0.0000000   -0.0000000
h     2.1695395   -2.5757528   -1.8196805  0.00    0.0000000   -0.0000000    0.0000000
h     0.2672806   -2.4673839   -3.2431886  0.00   -0.0000000   -0.0000001   -0.0000000
h    -0.1829657   -0.9725447   -2.6944349  0.00   -0.0000000    0.0000000    0.0000000
