    24
 Energy =       0.1382302215
c     0.0448833    2.3534058   -1.3813971  0.00   -0.0492057    0.0743321   -0.0492937
c     0.1418476    2.9248573   -0.1206726  0.00   -0.0488729    0.0972177   -0.0125906
c     0.7555652    2.2402731    0.9181560  0.00   -0.0005852    0.0526453    0.0794108
c     0.5800579    1.0803682   -1.5985351  0.00   -0.0066436   -0.0260325   -0.0654175
c     1.2047783    0.3610782   -0.5608861  0.00    0.0893027   -0.0847041    0.0468725
c     1.2772621    0.9610456    0.7017654  0.00    0.0249088   -0.0317640    0.0380874
o    -0.3596449    4.1638607    0.1435223  0.00   -0.0052927   -0.0143201   -0.0391746
h    -0.7857423    4.5034896   -0.6604687  0.00    0.0397349   -0.0559857    0.0425155
h     1.7275121    0.4624698    1.5506282  0.00   -0.0074570    0.0126715    0.0060815
h     0.4997167    0.6426498   -2.5929302  0.00   -0.0015242   -0.0095433   -0.0022134
h    -0.4370006    2.8749235   -2.2021886  0.00   -0.0004097   -0.0021546   -0.0018848
h     0.8245662    2.6993933    1.9006814  0.00    0.0030016   -0.0023934    0.0036786
c     1.7669373   -1.0073413   -0.8964724  0.00   -0.0183088   -0.0201204   -0.0569575
c     0.8861134   -2.0194266   -1.6556448  0.00   -0.0167272    0.0561201    0.0042782
h     2.1212937   -1.4658931    0.0371405  0.00   -0.0063946    0.0127003   -0.0089077
h     2.6645729   -0.8285312   -1.5058794  0.00   -0.0157996   -0.0061465    0.0038459
c     1.7481012   -3.2276699   -2.0845864  0.00    0.3697850   -0.0513263   -0.1294961
o     2.9166907   -3.1880566   -2.4354089  0.00   -0.2777199   -0.0113019    0.0967099
o     1.0176544   -4.3756256   -2.0624861  0.00   -0.0462226    0.0680002    0.0283389
h     0.9406536   -4.6533408   -3.0104477  0.00   -0.0019377    0.0285592    0.0229930
n    -0.2697763   -2.5678537   -0.8742070  0.00   -0.0524987   -0.0700417   -0.0028832
h     0.4960411   -1.5757973   -2.5789902  0.00   -0.0057935   -0.0032721    0.0191692
h    -0.1377783   -2.3090138    0.1103184  0.00    0.0005709    0.0038144   -0.0354079
h    -1.1177682   -2.0693246   -1.1533357  0.00    0.0340896   -0.0169544    0.0122455
    24
 Energy =       0.0968784615
c     0.0585824    2.3182909   -1.3356800  0.00   -0.0276465    0.0421233   -0.0272604
c     0.1361644    2.8634546   -0.0770142  0.00   -0.0268546    0.0542987   -0.0079688
c     0.7441598    2.1708863    0.9375059  0.00   -0.0000383    0.0299242    0.0439570
c     0.5943706    1.0689564   -1.5726709  0.00   -0.0040562   -0.0150381   -0.0358872
c     1.1973049    0.3447918   -0.5518062  0.00    0.0495287   -0.0471121    0.0262554
c     1.2679970    0.9158315    0.7055184  0.00    0.0138887   -0.0175719    0.0211473
o    -0.3916147    4.1032480    0.2092756  0.00   -0.0022901   -0.0090637   -0.0202046
h    -0.8329542    4.4943899   -0.5865818  0.00    0.0214787   -0.0310025    0.0226254
h     1.7324513    0.3962441    1.5364664  0.00   -0.0039553    0.0067396    0.0034037
h     0.5370005    0.6629669   -2.5796900  0.00   -0.0009071   -0.0056924   -0.0018609
h    -0.4162192    2.8594523   -2.1476508  0.00   -0.0003274   -0.0011605   -0.0012430
h     0.8022852    2.6164573    1.9261752  0.00    0.0016685   -0.0011802    0.0021991
c     1.7969836   -1.0150891   -0.8582388  0.00   -0.0108981   -0.0101787   -0.0325996
c     0.9242639   -1.9976691   -1.6731998  0.00   -0.0037271    0.0334015    0.0013520
h     2.0884813   -1.5040232    0.0918714  0.00   -0.0032320    0.0066562   -0.0025285
h     2.7400868   -0.8377772   -1.4118833  0.00   -0.0066058   -0.0033888    0.0014662
c     1.7316593   -3.2343577   -2.0702198  0.00    0.2107968   -0.0250349   -0.0724842
o     2.9718646   -3.1921722   -2.4376926  0.00   -0.1563264   -0.0063661    0.0539890
o     1.0025742   -4.3954794   -2.1454218  0.00   -0.0269899    0.0381558    0.0384544
h     0.8347869   -4.5514468   -3.1312872  0.00   -0.0045512    0.0149603   -0.0082598
n    -0.2979066   -2.4526595   -0.9488240  0.00   -0.0272035   -0.0512391    0.0017826
h     0.6256369   -1.5398112   -2.6347219  0.00   -0.0041482   -0.0000989    0.0068622
h    -0.2334906   -2.1997935    0.0555343  0.00   -0.0009388    0.0030208   -0.0160301
h    -1.1079313   -1.9147503   -1.3120889  0.00    0.0133352   -0.0051526    0.0028328
    24
 Energy =       0.0886657389
c     0.0094583    2.2945283   -1.3654026  0.00   -0.0203263    0.0313759   -0.0201020
c     0.0625591    2.8319421   -0.1060867  0.00   -0.0195350    0.0399993   -0.0060874
c     0.6778375    2.1479749    0.9033273  0.00   -0.0000098    0.0227149    0.0324151
c     0.5742767    1.0653695   -1.6076890  0.00   -0.0029465   -0.0112699   -0.0265072
c     1.1877012    0.3566851   -0.5922078  0.00    0.0348929   -0.0345947    0.0191194
c     1.2351383    0.9145542    0.6660255  0.00    0.0101668   -0.0128699    0.0155965
o    -0.5022263    4.0610378    0.1843603  0.00   -0.0019324   -0.0062842   -0.0133608
h    -0.9184364    4.4762817   -0.6212379  0.00    0.0156774   -0.0225791    0.0156272
h     1.7166181    0.3996403    1.4911659  0.00   -0.0027716    0.0048624    0.0026064
h     0.5385348    0.6620961   -2.6174539  0.00   -0.0005486   -0.0047852   -0.0016635
h    -0.4734104    2.8310391   -2.1755558  0.00   -0.0002799   -0.0007743   -0.0009098
h     0.7167343    2.5883927    1.8950483  0.00    0.0011949   -0.0006972    0.0017792
c     1.8513926   -0.9706185   -0.9047526  0.00   -0.0091832   -0.0057294   -0.0243348
c     0.9620019   -2.0116721   -1.6328328  0.00   -0.0016824    0.0245174   -0.0006300
h     2.2472344   -1.4269298    0.0321016  0.00    0.0001525    0.0020392    0.0025863
h     2.7419695   -0.7511712   -1.5381272  0.00   -0.0007549   -0.0002637   -0.0015938
c     1.7770850   -3.2449629   -2.0160067  0.00    0.1548174   -0.0187698   -0.0551945
o     3.0415398   -3.1714052   -2.3855933  0.00   -0.1149844   -0.0041277    0.0393557
o     1.0866797   -4.4336301   -2.0898663  0.00   -0.0141279    0.0274505    0.0571080
h     0.7604550   -4.5057811   -3.0616328  0.00   -0.0095818    0.0114127   -0.0324912
n    -0.2127351   -2.4472408   -0.8267509  0.00   -0.0211735   -0.0453434    0.0006562
h     0.6090754   -1.5943261   -2.5997304  0.00   -0.0036789    0.0010011    0.0028895
h    -0.1187273   -2.1159659    0.1589824  0.00    0.0004748    0.0042264   -0.0060153
h    -1.0642189   -1.9758977   -1.2024096  0.00    0.0061404   -0.0015113   -0.0008491
    24
 Energy =       0.0824587636
c    -0.0067547    2.2849145   -1.3913030  0.00   -0.0146496    0.0226022   -0.0145155
c     0.0206400    2.8209958   -0.1337651  0.00   -0.0139975    0.0288153   -0.0042667
c     0.6258416    2.1428275    0.8803287  0.00    0.0001313    0.0165360    0.0234388
c     0.5729794    1.0667734   -1.6275193  0.00   -0.0022372   -0.0082103   -0.0191685
c     1.1763172    0.3676864   -0.6067179  0.00    0.0248184   -0.0250900    0.0136775
c     1.1993925    0.9209864    0.6497710  0.00    0.0073738   -0.0092962    0.0113272
o    -0.5610419    4.0491973    0.1475309  0.00   -0.0014266   -0.0045166   -0.0090416
h    -0.9597449    4.4773414   -0.6663532  0.00    0.0112490   -0.0160998    0.0107891
h     1.6774569    0.4079725    1.4787935  0.00   -0.0019672    0.0034858    0.0018841
h     0.5581963    0.6649639   -2.6380802  0.00   -0.0004223   -0.0036059   -0.0014119
h    -0.4824888    2.8189872   -2.2071705  0.00   -0.0002218   -0.0005530   -0.0007054
h     0.6447593    2.5827668    1.8726629  0.00    0.0008694   -0.0004070    0.0014605
c     1.8641125   -0.9516197   -0.8990403  0.00   -0.0065367   -0.0039518   -0.0174988
c     0.9857187   -2.0095192   -1.6163944  0.00   -0.0009419    0.0183515   -0.0010242
h     2.2595038   -1.3963483    0.0435358  0.00    0.0001643    0.0014005    0.0019433
h     2.7556127   -0.7301791   -1.5301271  0.00   -0.0005299   -0.0001521   -0.0011518
c     1.8013497   -3.2571300   -1.9471763  0.00    0.1106488   -0.0125050   -0.0406404
o     3.0948978   -3.1866498   -2.2888974  0.00   -0.0816668   -0.0036220    0.0289002
o     1.1369207   -4.4656589   -1.9920412  0.00   -0.0049891    0.0204552    0.0584030
h     0.9192081   -4.6362445   -2.9863583  0.00   -0.0117164    0.0062308   -0.0403697
n    -0.2086744   -2.3988416   -0.8208951  0.00   -0.0100265   -0.0391286   -0.0015052
h     0.6619394   -1.6150741   -2.6044838  0.00   -0.0027207    0.0010684    0.0012306
h    -0.1679909   -1.9890745    0.1446373  0.00    0.0003643    0.0060400    0.0027957
h    -1.0616138   -1.9891329   -1.2732619  0.00   -0.0015691    0.0021526   -0.0045504
    24
 Energy =       0.0823394134
c     0.0110485    2.2914943   -1.4055042  0.00   -0.0139858    0.0213319   -0.0142242
c     0.0172911    2.8313372   -0.1496084  0.00   -0.0132716    0.0269887   -0.0043159
c     0.5777530    2.1418385    0.8828599  0.00    0.0005770    0.0150490    0.0230317
c     0.5770688    1.0640877   -1.6244788  0.00   -0.0022455   -0.0077718   -0.0185992
c     1.1453162    0.3593694   -0.5876949  0.00    0.0236611   -0.0241597    0.0132337
c     1.1400496    0.9123415    0.6689573  0.00    0.0072313   -0.0090041    0.0112639
o    -0.5325131    4.0805306    0.1083168  0.00    0.0026703   -0.0115222    0.0056790
h    -0.8009918    4.5664653   -0.7398491  0.00    0.0059132   -0.0062807   -0.0041247
h     1.5902196    0.3940933    1.5109920  0.00   -0.0016620    0.0030825    0.0022083
h     0.5848389    0.6625762   -2.6352708  0.00   -0.0004696   -0.0034163   -0.0016442
h    -0.4329322    2.8328107   -2.2351312  0.00   -0.0004708   -0.0002741   -0.0012520
h     0.5793173    2.5842359    1.8743614  0.00    0.0008816   -0.0003996    0.0015944
c     1.8383191   -0.9615778   -0.8594951  0.00   -0.0063155   -0.0033202   -0.0163784
c     0.9884653   -2.0158643   -1.6174389  0.00   -0.0004979    0.0174046   -0.0015389
h     2.1960748   -1.4126572    0.0958886  0.00    0.0004752    0.0011660    0.0025785
h     2.7556108   -0.7377137   -1.4533208  0.00    0.0003321    0.0000168   -0.0016148
c     1.8272431   -3.2537488   -1.9304800  0.00    0.1052806   -0.0114457   -0.0385596
o     3.1244631   -3.1580619   -2.2630890  0.00   -0.0771359   -0.0034296    0.0273241
o     1.1922075   -4.4790457   -1.9620086  0.00   -0.0049150    0.0185983    0.0555121
h     0.9733500   -4.6618931   -2.9525971  0.00   -0.0111495    0.0059112   -0.0384799
n    -0.2295539   -2.4181843   -0.8638119  0.00   -0.0090898   -0.0388669   -0.0018837
h     0.6964974   -1.6139390   -2.6128262  0.00   -0.0026194    0.0010738    0.0005529
h    -0.2383664   -1.9913812    0.0964895  0.00    0.0001731    0.0065408    0.0047551
h    -1.0742396   -2.0371729   -1.3575853  0.00   -0.0033672    0.0027275   -0.0051184
    24
 Energy =       0.0835234635
c     0.0190655    2.2889015   -1.4188385  0.00   -0.0136914    0.0208713   -0.0139500
c     0.0191491    2.8395341   -0.1677880  0.00   -0.0129724    0.0263619   -0.0042149
c     0.5712215    2.1573540    0.8736593  0.00    0.0005642    0.0147249    0.0225698
c     0.5826987    1.0581209   -1.6241873  0.00   -0.0021986   -0.0076195   -0.0182552
c     1.1412780    0.3600913   -0.5777956  0.00    0.0228465   -0.0236941    0.0129084
c     1.1307923    0.9246752    0.6736119  0.00    0.0070896   -0.0088096    0.0110660
o    -0.5281207    4.0930862    0.0755519  0.00    0.0025743   -0.0111547    0.0056345
h    -0.7915625    4.5722508   -0.7781649  0.00    0.0057474   -0.0060812   -0.0040958
h     1.5742743    0.4124116    1.5230435  0.00   -0.0015946    0.0029820    0.0022236
h     0.5954888    0.6491860   -2.6316742  0.00   -0.0004488   -0.0033353   -0.0016583
h    -0.4177676    2.8248126   -2.2557993  0.00   -0.0004901   -0.0002312   -0.0012762
h     0.5684580    2.6083503    1.8612971  0.00    0.0008603   -0.0003667    0.0016102
c     1.8319630   -0.9670524   -0.8284643  0.00   -0.0058079   -0.0027921   -0.0161639
c     1.0054322   -2.0158389   -1.6209189  0.00    0.0004188    0.0177402   -0.0019098
h     2.1473855   -1.4243433    0.1399965  0.00    0.0008326    0.0008048    0.0033813
h     2.7741492   -0.7488889   -1.3858582  0.00    0.0011427    0.0001869   -0.0020400
c     1.8537888   -3.2598933   -1.8865284  0.00    0.1041911   -0.0095475   -0.0376882
o     3.1498873   -3.1636139   -2.2270367  0.00   -0.0753416   -0.0033245    0.0266071
o     1.2357033   -4.4962322   -1.8569579  0.00   -0.0048554    0.0158931    0.0567951
h     0.9645729   -4.6971600   -2.8319288  0.00   -0.0114734    0.0053700   -0.0402321
n    -0.2474548   -2.4081525   -0.9171675  0.00    0.0047457   -0.0519489   -0.0057465
h     0.7623237   -1.6147520   -2.6308060  0.00   -0.0025312    0.0014183   -0.0008458
h    -0.3574161   -1.8787012   -0.0032319  0.00   -0.0020588    0.0151981    0.0206532
h    -1.0787734   -2.1342052   -1.5163384  0.00   -0.0175490    0.0073539   -0.0153724
    24
 Energy =       0.0806989510
c    -0.0178445    2.2694352   -1.4556196  0.00   -0.0108194    0.0165514   -0.0113009
c    -0.0506683    2.8205359   -0.2063990  0.00   -0.0098864    0.0206054   -0.0031003
c     0.5081070    2.1559000    0.8402820  0.00    0.0004165    0.0120279    0.0180534
c     0.5788097    1.0550309   -1.6524088  0.00   -0.0016479   -0.0064844   -0.0147463
c     1.1396580    0.3746399   -0.5993210  0.00    0.0180939   -0.0191526    0.0100085
c     1.1008727    0.9396109    0.6492164  0.00    0.0057920   -0.0073125    0.0089210
o    -0.6450200    4.0570150    0.0302232  0.00    0.0018692   -0.0084139    0.0059782
h    -0.9503156    4.5166361   -0.8215461  0.00    0.0038143   -0.0036389   -0.0044446
h     1.5480182    0.4387324    1.5037744  0.00   -0.0012035    0.0023037    0.0018341
h     0.6145480    0.6435301   -2.6584284  0.00   -0.0003189   -0.0028792   -0.0015668
h    -0.4586876    2.7929126   -2.2981982  0.00   -0.0004383   -0.0001373   -0.0011186
h     0.4794982    2.6076334    1.8272420  0.00    0.0006253   -0.0000557    0.0015576
c     1.8632445   -0.9375791   -0.8340768  0.00   -0.0044669   -0.0020943   -0.0128070
c     1.0495462   -2.0150899   -1.6008195  0.00    0.0001427    0.0142145   -0.0013886
h     2.1985437   -1.3736835    0.1374146  0.00    0.0008480    0.0003444    0.0029892
h     2.7950432   -0.7084609   -1.4039119  0.00    0.0010860    0.0003336   -0.0016612
c     1.9026588   -3.2634496   -1.8248742  0.00    0.0824969   -0.0077347   -0.0303040
o     3.2138725   -3.1664942   -2.1452815  0.00   -0.0593790   -0.0028852    0.0212919
o     1.2972738   -4.5068999   -1.7807751  0.00   -0.0029628    0.0124861    0.0469806
h     1.0600398   -4.7438779   -2.7522600  0.00   -0.0098719    0.0040640   -0.0337506
n    -0.2085075   -2.3822741   -0.8978994  0.00    0.0049608   -0.0426867   -0.0047153
h     0.8155469   -1.6432294   -2.6245289  0.00   -0.0019640    0.0013804   -0.0012414
h    -0.2922622   -1.8851471    0.0342611  0.00   -0.0017524    0.0130540    0.0177139
h    -1.0354383   -2.0654864   -1.4783901  0.00   -0.0154342    0.0061102   -0.0131828
    24
 Energy =       0.0782263987
c    -0.0663818    2.2435460   -1.5100987  0.00   -0.0085104    0.0130864   -0.0090989
c    -0.1362930    2.8001400   -0.2657328  0.00   -0.0074078    0.0158974   -0.0021613
c     0.4266485    2.1592273    0.7914654  0.00    0.0002148    0.0098839    0.0143639
c     0.5679070    1.0474224   -1.6907861  0.00   -0.0011469   -0.0055633   -0.0118701
c     1.1313575    0.3919384   -0.6263889  0.00    0.0140781   -0.0153506    0.0074285
c     1.0574115    0.9614548    0.6168104  0.00    0.0047438   -0.0060677    0.0072131
o    -0.7768906    4.0190270   -0.0448622  0.00    0.0010099   -0.0056550    0.0056501
h    -1.1090687    4.4559475   -0.8990699  0.00    0.0024548   -0.0020757   -0.0041302
h     1.5070906    0.4777325    1.4802215  0.00   -0.0008246    0.0016841    0.0015968
h     0.6307938    0.6291047   -2.6929709  0.00   -0.0001865   -0.0025583   -0.0015970
h    -0.5101114    2.7492680   -2.3619633  0.00   -0.0004411    0.0000136   -0.0010455
h     0.3683391    2.6154575    1.7752017  0.00    0.0004083    0.0002537    0.0016033
c     1.8950163   -0.9011323   -0.8385117  0.00   -0.0031465   -0.0012104   -0.0099699
c     1.1003208   -2.0173678   -1.5693834  0.00   -0.0004213    0.0111785   -0.0006733
h     2.2556436   -1.3057365    0.1378500  0.00    0.0010480   -0.0002273    0.0029359
h     2.8131989   -0.6599652   -1.4249471  0.00    0.0011222    0.0005894   -0.0013598
c     1.9627370   -3.2679514   -1.7385703  0.00    0.0633344   -0.0065190   -0.0240793
o     3.2920010   -3.1695318   -2.0193041  0.00   -0.0448983   -0.0026960    0.0166894
o     1.3696886   -4.5178513   -1.6838864  0.00   -0.0005880    0.0105944    0.0419872
h     1.2000731   -4.8032521   -2.6550637  0.00   -0.0091369    0.0019863   -0.0315587
n    -0.1633034   -2.3574577   -0.8678910  0.00    0.0078448   -0.0379344   -0.0050061
h     0.8752461   -1.6862940   -2.6098815  0.00   -0.0014442    0.0014333   -0.0020362
h    -0.2025245   -1.9211791    0.0973980  0.00   -0.0013260    0.0126554    0.0185751
h    -0.9823627   -1.9626065   -1.4119599  0.00   -0.0167808    0.0066015   -0.0134569
    24
 Energy =       0.0766805426
c    -0.0760549    2.2254340   -1.5781780  0.00   -0.0072426    0.0110891   -0.0078994
c    -0.1732038    2.7954219   -0.3422126  0.00   -0.0061777    0.0133552   -0.0017086
c     0.3830159    2.1756748    0.7300255  0.00    0.0001521    0.0084911    0.0123483
c     0.5777668    1.0375626   -1.7352911  0.00   -0.0009519   -0.0048515   -0.0102782
c     1.1343622    0.4046146   -0.6554584  0.00    0.0118617   -0.0131725    0.0060794
c     1.0333668    0.9864477    0.5791336  0.00    0.0041219   -0.0052570    0.0063236
o    -0.8363100    4.0075960   -0.1455469  0.00    0.0006304   -0.0042944    0.0051410
h    -1.1736324    4.4255201   -1.0073008  0.00    0.0018747   -0.0014949   -0.0037307
h     1.4765588    0.5183604    1.4547265  0.00   -0.0005941    0.0013219    0.0015448
h     0.6606385    0.6060371   -2.7306804  0.00   -0.0001268   -0.0023340   -0.0016477
h    -0.5147172    2.7146336   -2.4423192  0.00   -0.0004678    0.0001132   -0.0010742
h     0.3026007    2.6423471    1.7073613  0.00    0.0003109    0.0003686    0.0016410
c     1.9144239   -0.8828141   -0.8377244  0.00   -0.0028206   -0.0004399   -0.0082505
c     1.1253156   -2.0259679   -1.5317337  0.00    0.0000524    0.0103475   -0.0002748
h     2.2866870   -1.2566253    0.1466957  0.00    0.0010752   -0.0004211    0.0029589
h     2.8260062   -0.6493811   -1.4370538  0.00    0.0010372    0.0006726   -0.0012327
c     1.9778021   -3.2919430   -1.6301958  0.00    0.0529021   -0.0056836   -0.0205674
o     3.3195201   -3.2176906   -1.8822254  0.00   -0.0364755   -0.0029129    0.0139526
o     1.3755049   -4.5365931   -1.5369537  0.00    0.0000040    0.0078810    0.0371166
h     1.2280047   -4.8635558   -2.4963106  0.00   -0.0080249    0.0013570   -0.0282415
n    -0.1537213   -2.3181215   -0.8393301  0.00    0.0087239   -0.0353396   -0.0038043
h     0.9207901   -1.7383087   -2.5902993  0.00   -0.0010015    0.0015981   -0.0030832
h    -0.1571229   -1.9295293    0.1465964  0.00   -0.0005640    0.0119933    0.0183999
h    -0.9510646   -1.8491788   -1.3580497  0.00   -0.0182991    0.0076128   -0.0137128
    24
 Energy =       0.0759001518
c    -0.1153121    2.1982750   -1.6345431  0.00   -0.0064767    0.0098798   -0.0071905
c    -0.2435636    2.7792854   -0.4067433  0.00   -0.0053385    0.0116606   -0.0013821
c     0.3107840    2.1840057    0.6796346  0.00    0.0000114    0.0077681    0.0111070
c     0.5670826    1.0241710   -1.7693143  0.00   -0.0007387   -0.0045608   -0.0093219
c     1.1220796    0.4167474   -0.6750587  0.00    0.0103535   -0.0117810    0.0051210
c     0.9897616    1.0088273    0.5512032  0.00    0.0037807   -0.0048195    0.0058239
o    -0.9378770    3.9785388   -0.2330275  0.00    0.0001761   -0.0030317    0.0049456
h    -1.2801034    4.3764479   -1.1024280  0.00    0.0014260   -0.0010203   -0.0035380
h     1.4311334    0.5600643    1.4380536  0.00   -0.0003987    0.0010358    0.0015754
h     0.6739687    0.5827265   -2.7583109  0.00   -0.0000603   -0.0022414   -0.0017737
h    -0.5524788    2.6683252   -2.5101436  0.00   -0.0005211    0.0002261   -0.0011498
h     0.2053536    2.6593040    1.6505867  0.00    0.0002084    0.0005344    0.0017596
c     1.9347674   -0.8541076   -0.8299610  0.00   -0.0021010   -0.0002186   -0.0070844
c     1.1760667   -2.0291562   -1.5047423  0.00   -0.0002445    0.0096424   -0.0001331
h     2.3124156   -1.1996783    0.1628333  0.00    0.0011969   -0.0005746    0.0029262
h     2.8434786   -0.6113848   -1.4296924  0.00    0.0009936    0.0006514   -0.0010573
c     2.0474635   -3.2864805   -1.5421978  0.00    0.0471254   -0.0042453   -0.0181898
o     3.3912663   -3.1988815   -1.7940528  0.00   -0.0316523   -0.0026402    0.0120750
o     1.4690076   -4.5389846   -1.3940141  0.00   -0.0002865    0.0048826    0.0343043
h     1.2854177   -4.8892119   -2.3375575  0.00   -0.0070768    0.0007684   -0.0262744
n    -0.1143662   -2.3108185   -0.8323107  0.00    0.0083867   -0.0321345   -0.0035136
h     0.9904472   -1.7772320   -2.5763448  0.00   -0.0010483    0.0014936   -0.0035648
h    -0.1066845   -1.9654293    0.1689456  0.00   -0.0002158    0.0110240    0.0176898
h    -0.8935714   -1.7954126   -1.3331391  0.00   -0.0174995    0.0077006   -0.0131543
    24
 Energy =       0.0752643369
c    -0.1182353    2.1829826   -1.6851258  0.00   -0.0057170    0.0086621   -0.0065025
c    -0.2730481    2.7716862   -0.4643767  0.00   -0.0046581    0.0102135   -0.0011252
c     0.2697058    2.1908898    0.6349750  0.00   -0.0000224    0.0069305    0.0099261
c     0.5789047    1.0161499   -1.7998751  0.00   -0.0006233   -0.0041272   -0.0083781
c     1.1221540    0.4239314   -0.6924228  0.00    0.0090519   -0.0104889    0.0043302
c     0.9631255    1.0229720    0.5266974  0.00    0.0033791   -0.0042667    0.0053215
o    -0.9833914    3.9649229   -0.3112649  0.00   -0.0000039   -0.0023282    0.0045595
h    -1.3216843    4.3502923   -1.1877941  0.00    0.0011507   -0.0007733   -0.0032284
h     1.3944014    0.5850344    1.4240009  0.00   -0.0002851    0.0008545    0.0015401
h     0.7064710    0.5675855   -2.7833196  0.00   -0.0000204   -0.0020812   -0.0017915
h    -0.5461652    2.6417558   -2.5712318  0.00   -0.0005153    0.0002535   -0.0011566
h     0.1429733    2.6722305    1.6004305  0.00    0.0001506    0.0005919    0.0017752
c     1.9480067   -0.8410116   -0.8225636  0.00   -0.0018004   -0.0001366   -0.0061957
c     1.2017264   -2.0334429   -1.4797911  0.00    0.0000831    0.0090239   -0.0001299
h     2.3253000   -1.1657226    0.1772570  0.00    0.0011492   -0.0005988    0.0027521
h     2.8568854   -0.6013280   -1.4229917  0.00    0.0008769    0.0005824   -0.0009317
c     2.0750952   -3.2898133   -1.4694666  0.00    0.0417709   -0.0026555   -0.0160377
o     3.4166028   -3.2074866   -1.7476165  0.00   -0.0272118   -0.0019374    0.0102843
o     1.5054470   -4.5391325   -1.2566575  0.00   -0.0002733    0.0032323    0.0348175
h     1.2505258   -4.9038568   -2.1788044  0.00   -0.0070181   -0.0008647   -0.0272989
n    -0.0988974   -2.2958109   -0.8218335  0.00    0.0077606   -0.0288540   -0.0029276
h     1.0324272   -1.8083569   -2.5601297  0.00   -0.0009400    0.0013915   -0.0036264
h    -0.0819229   -1.9814694    0.1884598  0.00    0.0000457    0.0099083    0.0162351
h    -0.8598706   -1.7430613   -1.3088800  0.00   -0.0163296    0.0074682   -0.0122114
    24
 Energy =       0.0734908416
c    -0.1225598    2.1564929   -1.7742456  0.00   -0.0037709    0.0054215   -0.0054283
c    -0.3449466    2.7471209   -0.5647802  0.00   -0.0029987    0.0067962   -0.0001127
c     0.1652562    2.1868053    0.5592919  0.00   -0.0002220    0.0052607    0.0075244
c     0.6092106    1.0096077   -1.8529263  0.00   -0.0001852   -0.0034217   -0.0065780
c     1.1196274    0.4394600   -0.7205611  0.00    0.0059408   -0.0079080    0.0016550
c     0.8924779    1.0382682    0.4873414  0.00    0.0023423   -0.0026922    0.0047674
o    -1.0927089    3.9234505   -0.4486837  0.00   -0.0007847   -0.0000298    0.0039841
h    -1.4185169    4.2894883   -1.3380508  0.00    0.0003972   -0.0001048   -0.0025033
h     1.2954350    0.6139989    1.4046796  0.00   -0.0000063    0.0004775    0.0017884
h     0.7895678    0.5577712   -2.8274936  0.00    0.0002525   -0.0020229   -0.0024866
h    -0.5245266    2.5995985   -2.6805338  0.00   -0.0005089    0.0002851   -0.0014516
h    -0.0157798    2.6696449    1.5162066  0.00   -0.0001500    0.0011082    0.0025078
c     1.9735503   -0.8104982   -0.8062755  0.00   -0.0007712    0.0002614   -0.0043795
c     1.2456946   -2.0365032   -1.4212205  0.00   -0.0004339    0.0056818    0.0003339
h     2.3596284   -1.0927291    0.2028803  0.00    0.0012394   -0.0008379    0.0025078
h     2.8768528   -0.5752396   -1.4161422  0.00    0.0005970    0.0005742   -0.0006330
c     2.1290695   -3.2829878   -1.3573938  0.00    0.0260849   -0.0023478   -0.0103942
o     3.4824536   -3.1901948   -1.6056324  0.00   -0.0163489   -0.0015480    0.0065746
o     1.5727347   -4.5353458   -1.1298218  0.00   -0.0002324    0.0020273    0.0232336
h     1.2861489   -4.9056850   -2.0344060  0.00   -0.0043045   -0.0008058   -0.0183185
n    -0.0549641   -2.2777236   -0.7618908  0.00    0.0082404   -0.0229508   -0.0037848
h     1.0786198   -1.8541483   -2.5094659  0.00   -0.0006473    0.0009891   -0.0032530
h    -0.0029122   -2.0330290    0.2652152  0.00    0.0006520    0.0077064    0.0150010
h    -0.7928756   -1.6576825   -1.1984157  0.00   -0.0143817    0.0080800   -0.0105547
    24
 Energy =       0.0731651063
c    -0.1103990    2.1572756   -1.7870740  0.00   -0.0036284    0.0052082   -0.0052453
c    -0.3411521    2.7477920   -0.5793016  0.00   -0.0028877    0.0065383   -0.0001095
c     0.1606197    2.1871007    0.5482171  0.00   -0.0002068    0.0050521    0.0072602
c     0.6212759    1.0102193   -1.8606136  0.00   -0.0001878   -0.0032825   -0.0063538
c     1.1228851    0.4395417   -0.7247372  0.00    0.0057064   -0.0076136    0.0015892
c     0.8875100    1.0382600    0.4814340  0.00    0.0022562   -0.0025876    0.0046107
o    -1.0889793    3.9245817   -0.4684558  0.00   -0.0007534   -0.0000236    0.0038545
h    -1.4090385    4.2905944   -1.3598983  0.00    0.0003707   -0.0000887   -0.0024316
h     1.2834406    0.6135071    1.4015821  0.00    0.0000028    0.0004509    0.0017452
h     0.8084360    0.5585412   -2.8339074  0.00    0.0002435   -0.0019487   -0.0024133
h    -0.5055056    2.6007833   -2.6961534  0.00   -0.0004977    0.0002821   -0.0014208
h    -0.0269531    2.6699502    1.5037848  0.00   -0.0001447    0.0010709    0.0024323
c     1.9755219   -0.8116816   -0.8040668  0.00   -0.0007252    0.0002376   -0.0041633
c     1.2503816   -2.0356071   -1.4253206  0.00   -0.0002466    0.0055923    0.0000430
h     2.3531305   -1.0946318    0.2079782  0.00    0.0012119   -0.0008250    0.0024215
h     2.8837098   -0.5778549   -1.4073816  0.00    0.0006023    0.0005602   -0.0006226
c     2.1340894   -3.2806364   -1.3536752  0.00    0.0220555    0.0014611   -0.0093854
o     3.4682181   -3.2032398   -1.7123768  0.00   -0.0083008    0.0009178    0.0037959
o     1.5928055   -4.5199040   -1.0154992  0.00   -0.0007264   -0.0003046    0.0335820
h     1.2048820   -4.9189387   -1.8756529  0.00   -0.0081150   -0.0048533   -0.0267097
n    -0.0561067   -2.2753163   -0.7772021  0.00    0.0078102   -0.0220219   -0.0036255
h     1.0926745   -1.8531876   -2.5149759  0.00   -0.0006069    0.0009475   -0.0031574
h    -0.0079350   -2.0412895    0.2522938  0.00    0.0006480    0.0074084    0.0144998
h    -0.7869744   -1.6459191   -1.2113224  0.00   -0.0138803    0.0078220   -0.0101961
    24
 Energy =       0.0713513728
c    -0.0699375    2.1498335   -1.8679013  0.00   -0.0017992    0.0021721   -0.0047774
c    -0.3793211    2.7312891   -0.6732295  0.00   -0.0017965    0.0038995    0.0004404
c     0.0648707    2.1741052    0.4794814  0.00   -0.0000691    0.0030078    0.0056735
c     0.6827945    1.0168764   -1.9030777  0.00   -0.0001467   -0.0020143   -0.0052484
c     1.1266584    0.4510752   -0.7421138  0.00    0.0032049   -0.0052233   -0.0004124
c     0.8119709    1.0385154    0.4510562  0.00    0.0011354   -0.0009688    0.0045154
o    -1.1501707    3.8970125   -0.6015664  0.00   -0.0007490    0.0008446    0.0036289
h    -1.4350184    4.2572638   -1.5073970  0.00   -0.0002483    0.0004353   -0.0023221
h     1.1589854    0.6131262    1.3913146  0.00    0.0002649    0.0000539    0.0024260
h     0.9313121    0.5708752   -2.8659827  0.00    0.0004297   -0.0016539   -0.0031163
h    -0.4193125    2.5907918   -2.7973512  0.00   -0.0005070    0.0003463   -0.0020668
h    -0.1857062    2.6497927    1.4249566  0.00   -0.0003784    0.0013328    0.0031994
c     1.9875310   -0.7959416   -0.7760247  0.00   -0.0000854   -0.0001825   -0.0023698
c     1.2672658   -2.0341431   -1.3713711  0.00    0.0001527    0.0027483    0.0000859
h     2.3572622   -1.0490743    0.2456907  0.00    0.0008906   -0.0007313    0.0015690
h     2.8999759   -0.5766300   -1.3780661  0.00    0.0003623    0.0003109   -0.0004189
c     2.1584407   -3.2700666   -1.2888495  0.00    0.0106284    0.0016087   -0.0043125
o     3.4827733   -3.1924997   -1.6936007  0.00   -0.0028904    0.0009436    0.0012683
o     1.6423200   -4.5036255   -0.9011244  0.00   -0.0004996   -0.0002996    0.0210208
h     1.1965017   -4.9175055   -1.7182258  0.00   -0.0049497   -0.0038289   -0.0171325
n    -0.0312561   -2.2651894   -0.7093945  0.00    0.0071711   -0.0158445   -0.0046887
h     1.0976832   -1.8700809   -2.4608088  0.00   -0.0002923    0.0004489   -0.0018056
h     0.0540093   -2.1070392    0.3306243  0.00    0.0009497    0.0050151    0.0125750
h    -0.7430954   -1.5788205   -1.0793634  0.00   -0.0107780    0.0075793   -0.0077316
    24
 Energy =       0.0700999714
c    -0.0208234    2.1575114   -1.9136339  0.00   -0.0008830    0.0008397   -0.0039969
c    -0.3904758    2.7261047   -0.7308453  0.00   -0.0012343    0.0024952    0.0003406
c     0.0004913    2.1610446    0.4367815  0.00    0.0000944    0.0015889    0.0043919
c     0.7386565    1.0302195   -1.9218948  0.00   -0.0002531   -0.0010192   -0.0041791
c     1.1291384    0.4571534   -0.7462056  0.00    0.0019145   -0.0035176   -0.0007469
c     0.7540246    1.0306172    0.4350333  0.00    0.0005350   -0.0002921    0.0038218
o    -1.1699122    3.8873148   -0.6865343  0.00   -0.0003681    0.0005478    0.0032339
h    -1.4177580    4.2520509   -1.6015168  0.00   -0.0004598    0.0006368   -0.0023170
h     1.0564028    0.5965322    1.3867741  0.00    0.0003358   -0.0001615    0.0024245
h     1.0340344    0.5933544   -2.8753901  0.00    0.0003757   -0.0011678   -0.0028120
h    -0.3279340    2.6046218   -2.8550499  0.00   -0.0004522    0.0003728   -0.0021039
h    -0.2982146    2.6265825    1.3728942  0.00   -0.0003620    0.0010935    0.0029066
c     1.9862733   -0.7921018   -0.7503443  0.00   -0.0000284   -0.0003236   -0.0011814
c     1.2661209   -2.0287470   -1.3463121  0.00   -0.0002713    0.0013395    0.0000637
h     2.3377518   -1.0359895    0.2791587  0.00    0.0005876   -0.0005248    0.0009622
h     2.9091231   -0.5836695   -1.3404857  0.00    0.0003357    0.0001723   -0.0003235
c     2.1655412   -3.2580581   -1.2854044  0.00    0.0032853    0.0042808   -0.0014061
o     3.4586652   -3.1900369   -1.7963125  0.00    0.0053814    0.0022103   -0.0025896
o     1.6896899   -4.4765373   -0.8029543  0.00   -0.0012795   -0.0023414    0.0191927
h     1.1804128   -4.9288348   -1.5594727  0.00   -0.0056414   -0.0048912   -0.0147564
n    -0.0228634   -2.2685434   -0.6709070  0.00    0.0056791   -0.0113476   -0.0047350
h     1.0815340   -1.8577606   -2.4315754  0.00   -0.0001431    0.0002138   -0.0010657
h     0.0903244   -2.1776325    0.3730965  0.00    0.0009010    0.0033045    0.0104901
h    -0.7236661   -1.5452556   -0.9812240  0.00   -0.0080495    0.0064909   -0.0056146
    24
 Energy =       0.0688448038
c     0.0682249    2.1839118   -1.9542532  0.00    0.0000667   -0.0001967   -0.0048202
c    -0.3879583    2.7285238   -0.7901601  0.00   -0.0011470    0.0019314   -0.0000998
c    -0.0841455    2.1398333    0.3929506  0.00    0.0003070   -0.0000165    0.0048476
c     0.8261993    1.0572241   -1.9282102  0.00   -0.0004894    0.0003082   -0.0047980
c     1.1291604    0.4609502   -0.7373961  0.00    0.0012320   -0.0027271   -0.0007873
c     0.6676925    1.0095815    0.4249999  0.00   -0.0002058    0.0002397    0.0045713
o    -1.1691063    3.8892725   -0.7808236  0.00    0.0001207   -0.0003093    0.0044267
h    -1.3535797    4.2701926   -1.7053976  0.00   -0.0008453    0.0014304   -0.0039806
h     0.8976497    0.5537876    1.3881833  0.00    0.0004610   -0.0007376    0.0037164
h     1.1891637    0.6379313   -2.8667903  0.00    0.0005383   -0.0008112   -0.0034743
h    -0.1694130    2.6495828   -2.9079927  0.00   -0.0004927    0.0007776   -0.0033406
h    -0.4518780    2.5863436    1.3141909  0.00   -0.0005773    0.0009763    0.0035866
c     1.9719524   -0.7969977   -0.7053840  0.00   -0.0003101   -0.0002958   -0.0000334
c     1.2534920   -2.0205422   -1.3281521  0.00   -0.0011814    0.0002303    0.0001918
h     2.2825202   -1.0434132    0.3364116  0.00    0.0005134   -0.0004608    0.0010159
h     2.9182568   -0.6011279   -1.2631334  0.00    0.0008581    0.0002094   -0.0004856
c     2.1582645   -3.2456744   -1.3045235  0.00   -0.0001142    0.0057626   -0.0005423
o     3.4076780   -3.1905365   -1.9202654  0.00    0.0086626    0.0023396   -0.0043335
o     1.7392177   -4.4415433   -0.7217327  0.00   -0.0020001   -0.0039438    0.0143840
h     1.1879130   -4.9457705   -1.4094741  0.00   -0.0049910   -0.0043801   -0.0096729
n    -0.0300582   -2.2798067   -0.6510449  0.00    0.0046949   -0.0086005   -0.0063438
h     1.0602628   -1.8235849   -2.4071668  0.00   -0.0000500    0.0000597   -0.0006607
h     0.1074950   -2.2865199    0.3940785  0.00    0.0013169    0.0014372    0.0106497
h    -0.7124668   -1.5116773   -0.8812389  0.00   -0.0063671    0.0067769   -0.0040169
    24
 Energy =       0.0678035285
c     0.1355368    2.2095462   -1.9626456  0.00    0.0002967   -0.0003541   -0.0032930
c    -0.3869362    2.7308406   -0.8175508  0.00   -0.0007496    0.0011774   -0.0001769
c    -0.1523648    2.1179741    0.3677823  0.00    0.0002412   -0.0003863    0.0032302
c     0.8894130    1.0816342   -1.9154531  0.00   -0.0003720    0.0005459   -0.0032626
c     1.1222945    0.4608240   -0.7227669  0.00    0.0007012   -0.0016206   -0.0003274
c     0.5953400    0.9862965    0.4205591  0.00   -0.0003344    0.0003130    0.0030741
o    -1.1669917    3.8918914   -0.8301630  0.00    0.0002424   -0.0005268    0.0031452
h    -1.3005755    4.2897588   -1.7556450  0.00   -0.0005978    0.0010738   -0.0029518
h     0.7681631    0.5095854    1.3845074  0.00    0.0002980   -0.0005772    0.0026268
h     1.3043741    0.6799892   -2.8390513  0.00    0.0003885   -0.0004411   -0.0023782
h    -0.0466294    2.6943996   -2.9181102  0.00   -0.0003058    0.0005766   -0.0024176
h    -0.5727920    2.5460632    1.2738419  0.00   -0.0004224    0.0005756    0.0024294
c     1.9537511   -0.8033198   -0.6703858  0.00   -0.0003664    0.0003600    0.0001710
c     1.2484659   -2.0112662   -1.3372460  0.00   -0.0010025   -0.0002202   -0.0000898
h     2.2207123   -1.0638564    0.3800283  0.00    0.0004239   -0.0002787    0.0011640
h     2.9226543   -0.6086180   -1.1890413  0.00    0.0010424    0.0002832   -0.0005341
c     2.1613363   -3.2291051   -1.3420556  0.00   -0.0001664    0.0078494   -0.0025597
o     3.3580252   -3.1882011   -2.0551126  0.00    0.0081718    0.0024989   -0.0046996
o     1.8190654   -4.3916442   -0.6485234  0.00   -0.0005377   -0.0046625    0.0154683
h     1.2197884   -4.9489710   -1.2507210  0.00   -0.0064274   -0.0058003   -0.0085996
n    -0.0395468   -2.2994769   -0.6801595  0.00    0.0015980   -0.0044820   -0.0039204
h     1.0632068   -1.7830665   -2.4116151  0.00    0.0000497    0.0000500   -0.0006434
h     0.0989072   -2.3825964    0.3592687  0.00    0.0007935    0.0003130    0.0065623
h    -0.7086608   -1.5087410   -0.8520663  0.00   -0.0029648    0.0037328   -0.0020171
    24
 Energy =       0.0670086293
c     0.2268171    2.2528855   -1.9429915  0.00    0.0006487   -0.0000886   -0.0039935
c    -0.3670726    2.7392428   -0.8172285  0.00   -0.0008414    0.0014913   -0.0007201
c    -0.2166907    2.0836054    0.3601618  0.00    0.0001762   -0.0011977    0.0041048
c     0.9670572    1.1167757   -1.8845540  0.00   -0.0002851    0.0013091   -0.0040415
c     1.1158866    0.4535046   -0.7002601  0.00    0.0008543   -0.0017401    0.0002759
c     0.5176755    0.9438181    0.4237087  0.00   -0.0007169    0.0001475    0.0037528
o    -1.1362440    3.9071993   -0.8419408  0.00    0.0003212   -0.0014711    0.0042415
h    -1.2054645    4.3373848   -1.7611033  0.00   -0.0005011    0.0018487   -0.0044684
h     0.6218185    0.4316436    1.3802557  0.00    0.0001404   -0.0010672    0.0034997
h     1.4385226    0.7421159   -2.7926504  0.00    0.0005835   -0.0002078   -0.0027166
h     0.1121237    2.7717698   -2.8920278  0.00   -0.0001790    0.0010650   -0.0033061
h    -0.6940563    2.4838954    1.2508127  0.00   -0.0006237    0.0003560    0.0027441
c     1.9289887   -0.8217109   -0.6388843  0.00   -0.0002972    0.0007906    0.0004364
c     1.2349916   -2.0036904   -1.3620538  0.00   -0.0006881   -0.0005021   -0.0000466
h     2.1486626   -1.1075815    0.4161992  0.00    0.0004333   -0.0003538    0.0015194
h     2.9211162   -0.6288032   -1.1131435  0.00    0.0012894    0.0004547   -0.0005750
c     2.1482905   -3.2196342   -1.3961312  0.00   -0.0006448    0.0049382   -0.0020062
o     3.2951945   -3.1955845   -2.1844016  0.00    0.0057151    0.0016684   -0.0035839
o     1.8744364   -4.3492165   -0.6270729  0.00    0.0008637   -0.0020013    0.0113123
h     1.2296137   -4.9327501   -1.1497317  0.00   -0.0053514   -0.0048276   -0.0061639
n    -0.0633300   -2.3169769   -0.7369483  0.00   -0.0000771   -0.0025094   -0.0025043
h     1.0665132   -1.7356279   -2.4306016  0.00    0.0000084    0.0001478   -0.0010278
h     0.0632845   -2.4609062    0.2960554  0.00    0.0004707   -0.0002425    0.0041929
h    -0.7215980   -1.5114181   -0.8677930  0.00   -0.0012991    0.0019918   -0.0009260
    24
 Energy =       0.0663694007
c     0.2887981    2.2874186   -1.9155778  0.00    0.0005069   -0.0001877   -0.0020869
c    -0.3631158    2.7393433   -0.8092803  0.00   -0.0004614    0.0007621   -0.0003168
c    -0.2763435    2.0459291    0.3506210  0.00    0.0000246   -0.0006264    0.0021261
c     1.0225914    1.1475217   -1.8553972  0.00   -0.0000664    0.0006557   -0.0020599
c     1.1083986    0.4470213   -0.6887433  0.00    0.0005593   -0.0008032    0.0000051
c     0.4522249    0.9026563    0.4156958  0.00   -0.0005403    0.0002258    0.0019450
o    -1.1283983    3.9096072   -0.8366377  0.00    0.0001526   -0.0008788    0.0023345
h    -1.1482097    4.3689227   -1.7424804  0.00   -0.0001997    0.0009235   -0.0023475
h     0.5043995    0.3590938    1.3572415  0.00   -0.0000090   -0.0004901    0.0017771
h     1.5393355    0.7992094   -2.7481186  0.00    0.0003793   -0.0001409   -0.0014224
h     0.2250149    2.8363649   -2.8506485  0.00   -0.0000248    0.0004843   -0.0016646
h    -0.8002633    2.4186495    1.2256949  0.00   -0.0004213    0.0002079    0.0014975
c     1.9117958   -0.8338097   -0.6287162  0.00   -0.0000377    0.0002835    0.0002392
c     1.2275455   -1.9958885   -1.3895218  0.00   -0.0003739   -0.0002776    0.0004665
h     2.1032717   -1.1384108    0.4255023  0.00    0.0001114   -0.0000892    0.0004191
h     2.9157914   -0.6406360   -1.0748401  0.00    0.0003211    0.0001097   -0.0001923
c     2.1456214   -3.2058323   -1.4519131  0.00   -0.0025983    0.0066569   -0.0028826
o     3.2170411   -3.2105784   -2.3431548  0.00    0.0075268    0.0022795   -0.0066874
o     1.9723217   -4.2851760   -0.5838190  0.00    0.0038184   -0.0016310    0.0152650
h     1.2798978   -4.9067058   -0.9938354  0.00   -0.0083054   -0.0073521   -0.0062726
n    -0.0724564   -2.3328853   -0.7814126  0.00   -0.0003014   -0.0004104   -0.0002565
h     1.0635042   -1.6974119   -2.4504517  0.00    0.0000564    0.0000636   -0.0004280
h     0.0491856   -2.5086116    0.2451460  0.00    0.0000178   -0.0000623    0.0006088
h    -0.7314151   -1.5258508   -0.8876777  0.00   -0.0001352    0.0002972   -0.0000666
    24
 Energy =       0.0659631729
c     0.3796194    2.3390608   -1.8560305  0.00    0.0011405    0.0003899   -0.0037116
c    -0.3420552    2.7446676   -0.7740351  0.00   -0.0006470    0.0015637   -0.0009310
c    -0.3396057    1.9952953    0.3563774  0.00   -0.0003463   -0.0017924    0.0040083
c     1.0985093    1.1893000   -1.8011245  0.00    0.0002888    0.0017451   -0.0037685
c     1.1013712    0.4339791   -0.6637164  0.00    0.0009048   -0.0015604    0.0006377
c     0.3748758    0.8427228    0.4160514  0.00   -0.0012342   -0.0002037    0.0035566
o    -1.0944757    3.9234473   -0.7969192  0.00   -0.0002015   -0.0022666    0.0044868
h    -1.0470506    4.4273716   -1.6797675  0.00    0.0001855    0.0025761   -0.0049243
h     0.3591158    0.2536489    1.3330808  0.00   -0.0003732   -0.0014389    0.0033800
h     1.6705105    0.8773095   -2.6745103  0.00    0.0008689    0.0000840   -0.0024505
h     0.3833004    2.9327298   -2.7675518  0.00    0.0002915    0.0014612   -0.0032711
h    -0.9192834    2.3310175    1.2120603  0.00   -0.0009239    0.0000131    0.0024680
c     1.8889971   -0.8566938   -0.6116291  0.00    0.0000295    0.0007591    0.0004470
c     1.2191436   -1.9873120   -1.4317028  0.00    0.0003749   -0.0006223   -0.0002185
h     2.0386346   -1.1933561    0.4404960  0.00    0.0002280   -0.0003512    0.0012501
h     2.9115443   -0.6624579   -1.0146215  0.00    0.0009731    0.0004229   -0.0003134
c     2.1317549   -3.1995005   -1.5109899  0.00   -0.0005958    0.0003856   -0.0002441
o     3.1598922   -3.2266111   -2.4440127  0.00    0.0013588    0.0004085   -0.0007327
o     2.0089144   -4.2493631   -0.6096500  0.00    0.0004325    0.0002022    0.0022792
h     1.2975349   -4.8769906   -0.9577933  0.00   -0.0012568   -0.0011984   -0.0014236
n    -0.0979181   -2.3399025   -0.8694595  0.00   -0.0013862   -0.0005632   -0.0005357
h     1.0840303   -1.6497357   -2.4860084  0.00   -0.0000651    0.0002758   -0.0011172
h    -0.0069552   -2.5378746    0.1564829  0.00    0.0000129   -0.0002591    0.0011303
h    -0.7538679   -1.5308116   -0.9773510  0.00   -0.0000597   -0.0000310   -0.0000019
    24
 Energy =       0.0657843766
c     0.3820152    2.3420334   -1.8604355  0.00    0.0004850    0.0001151   -0.0015686
c    -0.3516887    2.7398758   -0.7855210  0.00   -0.0002824    0.0006496   -0.0003653
c    -0.3577414    1.9850562    0.3384965  0.00   -0.0001468   -0.0007097    0.0016862
c     1.1042518    1.1944805   -1.8049152  0.00    0.0001216    0.0006845   -0.0015792
c     1.0994320    0.4343158   -0.6734543  0.00    0.0004108   -0.0006521    0.0002029
c     0.3607155    0.8350820    0.3990461  0.00   -0.0005285   -0.0000437    0.0014977
o    -1.1080927    3.9160248   -0.8093464  0.00   -0.0000878   -0.0009198    0.0019277
h    -1.0524889    4.4251502   -1.6865071  0.00    0.0000601    0.0010524   -0.0020750
h     0.3381358    0.2413881    1.3107162  0.00   -0.0001523   -0.0005754    0.0014109
h     1.6851778    0.8881647   -2.6729764  0.00    0.0003714    0.0000005   -0.0010458
h     0.3923947    2.9399832   -2.7669161  0.00    0.0001143    0.0005835   -0.0013619
h    -0.9473437    2.3143811    1.1883626  0.00   -0.0003995    0.0000338    0.0010688
c     1.8906834   -0.8538656   -0.6209607  0.00    0.0000506    0.0003192    0.0001737
c     1.2174338   -1.9889888   -1.4301530  0.00    0.0002877   -0.0001721   -0.0000155
h     2.0486509   -1.1843003    0.4312440  0.00    0.0000983   -0.0001692    0.0005447
h     2.9096114   -0.6603963   -1.0318252  0.00    0.0004181    0.0001769   -0.0001425
c     2.1337020   -3.1975876   -1.5148159  0.00   -0.0021744    0.0027867   -0.0007222
o     3.1046165   -3.2574470   -2.5091024  0.00    0.0036960    0.0010685   -0.0042677
o     2.0774620   -4.2063203   -0.5572919  0.00    0.0028872   -0.0000022    0.0070406
h     1.3475378   -4.8543027   -0.8286402  0.00   -0.0044175   -0.0039656   -0.0021614
n    -0.0913607   -2.3457595   -0.8525811  0.00   -0.0007540   -0.0003320   -0.0003744
h     1.0692589   -1.6547208   -2.4833825  0.00   -0.0000363    0.0001447   -0.0005331
h     0.0089962   -2.5288224    0.1749451  0.00    0.0000478   -0.0001655    0.0007008
h    -0.7548225   -1.5434839   -0.9663103  0.00   -0.0000696    0.0000918   -0.0000414
    24
 Energy =       0.0656537195
c     0.4233957    2.3670287   -1.8305389  0.00    0.0003032   -0.0000733   -0.0005676
c    -0.3527132    2.7375282   -0.7765829  0.00   -0.0001341    0.0001991   -0.0000140
c    -0.4035779    1.9538797    0.3249451  0.00   -0.0001322   -0.0001747    0.0005627
c     1.1427886    1.2176797   -1.7767165  0.00    0.0001097    0.0001491   -0.0005062
c     1.0942151    0.4294839   -0.6671045  0.00    0.0002080   -0.0002027   -0.0000955
c     0.3129626    0.8027381    0.3841284  0.00   -0.0003078    0.0000816    0.0005139
o    -1.1078400    3.9144326   -0.7995135  0.00   -0.0001030   -0.0003660    0.0007624
h    -1.0149659    4.4475589   -1.6579858  0.00    0.0000766    0.0003281   -0.0006763
h     0.2543679    0.1855211    1.2772248  0.00   -0.0001051   -0.0001194    0.0004003
h     1.7569024    0.9326766   -2.6284546  0.00    0.0002069   -0.0000453   -0.0004144
h     0.4696230    2.9880458   -2.7190886  0.00    0.0000843    0.0001202   -0.0003863
h    -1.0272792    2.2612221    1.1579108  0.00   -0.0002369    0.0000489    0.0004449
c     1.8825105   -0.8603162   -0.6172388  0.00   -0.0000303   -0.0001286   -0.0000092
c     1.2165900   -1.9854590   -1.4445983  0.00   -0.0000880    0.0000452    0.0000417
h     2.0270968   -1.1994970    0.4333993  0.00   -0.0000041    0.0000406   -0.0001518
h     2.9066853   -0.6666393   -1.0132431  0.00   -0.0000948   -0.0000436    0.0000210
c     2.1340535   -3.1921761   -1.5379952  0.00    0.0000403   -0.0003936    0.0002923
o     3.0594237   -3.2773003   -2.5684183  0.00   -0.0000609   -0.0000325    0.0003808
o     2.1266090   -4.1720564   -0.5551940  0.00   -0.0005553   -0.0000914   -0.0007337
h     1.3909347   -4.8270752   -0.7731698  0.00    0.0005580    0.0005308    0.0000477
n    -0.0944385   -2.3513821   -0.8795503  0.00    0.0002669    0.0000821    0.0001773
h     1.0742407   -1.6375751   -2.4937551  0.00    0.0000104   -0.0000381    0.0001451
h    -0.0032332   -2.5351474    0.1480255  0.00   -0.0000043    0.0000836   -0.0002723
h    -0.7618144   -1.5532308   -0.9988103  0.00   -0.0000074   -0.0000003    0.0000372
    24
 Energy =       0.0656412165
c     0.4315870    2.3723211   -1.8253524  0.00    0.0001105   -0.0000167   -0.0002175
c    -0.3518424    2.7374238   -0.7753613  0.00   -0.0000482    0.0000802   -0.0000148
c    -0.4111869    1.9475798    0.3210003  0.00   -0.0000490   -0.0000776    0.0002219
c     1.1497887    1.2221491   -1.7727577  0.00    0.0000405    0.0000657   -0.0001971
c     1.0930176    0.4279478   -0.6681199  0.00    0.0000733   -0.0000837   -0.0000200
c     0.3043895    0.7957610    0.3790860  0.00   -0.0001145    0.0000210    0.0002005
o    -1.1059579    3.9150148   -0.7971836  0.00   -0.0000361   -0.0001438    0.0002949
h    -1.0059257    4.4533168   -1.6513008  0.00    0.0000303    0.0001373   -0.0002728
h     0.2391198    0.1735938    1.2680190  0.00   -0.0000432   -0.0000564    0.0001615
h     1.7696884    0.9414420   -2.6214135  0.00    0.0000784   -0.0000129   -0.0001540
h     0.4846204    2.9983125   -2.7097809  0.00    0.0000349    0.0000570   -0.0001558
h    -1.0407699    2.2506039    1.1507648  0.00   -0.0000889    0.0000136    0.0001656
c     1.8804749   -0.8623936   -0.6195553  0.00   -0.0000076   -0.0000447    0.0000043
c     1.2140624   -1.9859026   -1.4489397  0.00   -0.0000165    0.0000233    0.0000344
h     2.0241541   -1.2029115    0.4309015  0.00   -0.0000047    0.0000080   -0.0000428
h     2.9052091   -0.6690583   -1.0144037  0.00   -0.0000278   -0.0000138    0.0000093
c     2.1314550   -3.1923022   -1.5454355  0.00   -0.0003923    0.0002568    0.0000897
o     3.0301816   -3.2940213   -2.5985823  0.00    0.0005164    0.0001001   -0.0006664
o     2.1517198   -4.1543314   -0.5441792  0.00    0.0004223    0.0001211    0.0007097
h     1.4092338   -4.8133000   -0.7287847  0.00   -0.0005520   -0.0004759   -0.0001581
n    -0.0962352   -2.3538531   -0.8832846  0.00    0.0000766    0.0000130    0.0000414
h     1.0705053   -1.6355086   -2.4972883  0.00    0.0000036   -0.0000069    0.0000379
h    -0.0053899   -2.5343825    0.1449777  0.00    0.0000013    0.0000241   -0.0000759
h    -0.7653624   -1.5575607   -1.0053506  0.00   -0.0000074    0.0000112    0.0000039
    24
 Energy =       0.0656398112
c     0.4366696    2.3749239   -1.8229666  0.00   -0.0000036    0.0000017    0.0000041
c    -0.3516559    2.7375533   -0.7760428  0.00    0.0000014   -0.0000011   -0.0000008
c    -0.4163846    1.9449440    0.3177928  0.00    0.0000016    0.0000008   -0.0000039
c     1.1543311    1.2244274   -1.7698644  0.00   -0.0000013   -0.0000002    0.0000031
c     1.0922749    0.4275346   -0.6676545  0.00   -0.0000026    0.0000008    0.0000022
c     0.2987680    0.7928851    0.3764601  0.00    0.0000037   -0.0000017   -0.0000037
o    -1.1053980    3.9153785   -0.7984989  0.00    0.0000009    0.0000024   -0.0000048
h    -1.0007076    4.4561353   -1.6502873  0.00   -0.0000009   -0.0000010    0.0000030
h     0.2292275    0.1685051    1.2633330  0.00    0.0000016    0.0000003   -0.0000024
h     1.7780952    0.9456740   -2.6161398  0.00   -0.0000024    0.0000007    0.0000029
h     0.4940180    3.0031308   -2.7053775  0.00   -0.0000013   -0.0000001    0.0000019
h    -1.0498693    2.2459925    1.1450900  0.00    0.0000030   -0.0000006   -0.0000039
c     1.8792850   -0.8630558   -0.6185093  0.00    0.0000003    0.0000041   -0.0000000
c     1.2136253   -1.9859774   -1.4493969  0.00    0.0000026   -0.0000017   -0.0000040
h     2.0213425   -1.2039579    0.4320903  0.00    0.0000009   -0.0000015    0.0000056
h     2.9047328   -0.6699406   -1.0117045  0.00    0.0000044    0.0000018   -0.0000014
c     2.1314803   -3.1919419   -1.5468124  0.00    0.0000228   -0.0000147   -0.0000070
o     3.0245850   -3.2966013   -2.6037741  0.00   -0.0000284   -0.0000039    0.0000414
o     2.1574378   -4.1508552   -0.5432431  0.00   -0.0000248   -0.0000079   -0.0000355
h     1.4140944   -4.8099088   -0.7214133  0.00    0.0000305    0.0000255    0.0000038
n    -0.0967245   -2.3551999   -0.8845771  0.00   -0.0000084   -0.0000023   -0.0000040
h     1.0702797   -1.6344250   -2.4974537  0.00   -0.0000003    0.0000011   -0.0000045
h    -0.0065128   -2.5357747    0.1437734  0.00   -0.0000000   -0.0000024    0.0000080
h    -0.7664574   -1.5595052   -1.0071481  0.00    0.0000003   -0.0000002   -0.0000002
    24
 Energy =       0.0656398071
c     0.4367828    2.3749918   -1.8228965  0.00    0.0000000    0.0000000   -0.0000000
c    -0.3516454    2.7375354   -0.7760139  0.00   -0.0000000    0.0000000   -0.0000000
c    -0.4164814    1.9448373    0.3177535  0.00   -0.0000000   -0.0000000    0.0000000
c     1.1544373    1.2244907   -1.7698224  0.00    0.0000000    0.0000000   -0.0000000
c     1.0922773    0.4275115   -0.6676797  0.00    0.0000000   -0.0000000    0.0000000
c     0.2986676    0.7927756    0.3763937  0.00   -0.0000000   -0.0000000    0.0000000
o    -1.1053859    3.9153612   -0.7984441  0.00   -0.0000000   -0.0000000    0.0000000
h    -1.0006150    4.4561846   -1.6501826  0.00    0.0000000    0.0000000   -0.0000000
h     0.2290390    0.1683215    1.2632098  0.00   -0.0000000   -0.0000000    0.0000000
h     1.7782793    0.9458028   -2.6160664  0.00    0.0000000    0.0000000   -0.0000000
h     0.4942173    3.0032698   -2.7052530  0.00    0.0000000    0.0000000   -0.0000000
h    -1.0500511    2.2458160    1.1450167  0.00   -0.0000000   -0.0000000    0.0000000
c     1.8792712   -0.8630883   -0.6185746  0.00    0.0000000   -0.0000000    0.0000000
c     1.2135824   -1.9859764   -1.4494737  0.00    0.0000000    0.0000000    0.0000000
h     2.0213373   -1.2040088    0.4320125  0.00   -0.0000000   -0.0000000    0.0000000
h     2.9047141   -0.6699884   -1.0117758  0.00    0.0000000   -0.0000000    0.0000000
c     2.1314061   -3.1919580   -1.5469307  0.00   -0.0000001    0.0000001    0.0000000
o     3.0240126   -3.2969706   -2.6043160  0.00    0.0000002    0.0000000   -0.0000003
o     2.1578605   -4.1505133   -0.5430045  0.00    0.0000002    0.0000000    0.0000003
h     1.4144284   -4.8096651   -0.7205767  0.00   -0.0000002   -0.0000002   -0.0000000
n    -0.0967548   -2.3551928   -0.8846343  0.00    0.0000000   -0.0000000   -0.0000000
h     1.0702184   -1.6343942   -2.4975148  0.00    0.0000000    0.0000000   -0.0000000
h    -0.0065519   -2.5356749    0.1437276  0.00    0.0000000   -0.0000000    0.0000000
h    -0.7665093   -1.5595267   -1.0072789  0.00   -0.0000000    0.0000000   -0.0000000
