    27
 Energy =       0.3458900903
c    -1.4235396    2.6054793   -0.0667700  0.00   -0.0462958    0.0383262    0.0026825
c    -1.3072796    1.2134697   -0.1072300  0.00   -0.0852839   -0.0325790    0.0019460
c    -0.0178900    0.6711998   -0.1697000  0.00   -0.0887793   -0.1877833   -0.0009570
c    -0.2940599    3.4190890   -0.0891300  0.00   -0.0231376    0.0690964    0.0028480
c     0.9872197    2.8590292   -0.1560400  0.00    0.0105626    0.0642230    0.0008658
c     1.1340797    1.4562096   -0.1970299  0.00    0.0532193    0.0517696    0.0022190
n     0.3879399   -0.6395298   -0.2140799  0.00    0.1425914    0.1095938   -0.0041608
c     2.2666594    0.5727398   -0.2659299  0.00    0.1500931   -0.0637423   -0.0067151
c     1.7555995   -0.7123598   -0.2706899  0.00   -0.0871971   -0.0979996    0.0095887
h    -0.2400399   -1.4313496   -0.2047299  0.00    0.0365409    0.0479347   -0.0003003
c     3.7030089    1.0223397   -0.3320099  0.00    0.0081507   -0.0141015   -0.0140186
c     4.7465686   -0.0024900    0.1378100  0.00    0.0040725    0.0851606    0.0247394
h     3.7978489    1.9290294    0.2803699  0.00   -0.0056839   -0.0082093   -0.0116065
h     3.9233889    1.3348996   -1.3618196  0.00   -0.0023389   -0.0044336    0.0159961
c     4.8964886   -1.0916697   -0.9404947  0.00    0.0341074   -0.0207389   -0.3467656
n     4.3764788   -0.6892298    1.4261196  0.00   -0.0193262   -0.1167635    0.0173561
h     5.7313184    0.4619039    0.2668599  0.00   -0.0156508   -0.0100914    0.0070480
h     3.5102190   -0.2546209    1.7604995  0.00    0.0175575   -0.0049333   -0.0420490
h     4.0970388   -1.6495395    1.1968197  0.00    0.1163383   -0.0813368   -0.3297765
h    -2.4108593    3.0588691   -0.0157800  0.00   -0.0007868    0.0002411    0.0000782
h    -2.1896094    0.5822398   -0.0890100  0.00   -0.0036126    0.0037861    0.0001233
h    -0.4052699    4.5000487   -0.0535400  0.00    0.0008796    0.0002083    0.0003395
h     1.8590495    3.5066790   -0.1715100  0.00   -0.0006363    0.0027498    0.0008009
h     2.2327294   -1.6813195   -0.3062999  0.00   -0.0159983   -0.0211995   -0.0023019
o     5.1775685   -0.8974357   -2.1114694  0.00   -0.0605748   -0.0467603    0.2824911
o     4.6751387   -2.3299593   -0.4225999  0.00   -0.1116038    0.1931664    0.3580313
h     3.9222489   -2.6988092   -0.9533687  0.00   -0.0072072    0.0444163    0.0314974
    27
 Energy =       0.3257185987
c    -1.4530667    2.5174484   -0.1094541  0.00   -0.0434179    0.0359673    0.0025101
c    -1.3098294    1.1289296   -0.1441418  0.00   -0.0799401   -0.0306531    0.0017581
c    -0.0130427    0.6119152   -0.2118294  0.00   -0.0831206   -0.1741276   -0.0013530
c    -0.3410039    3.3523740   -0.1362333  0.00   -0.0215444    0.0648502    0.0026731
c     0.9475968    2.8177248   -0.2030640  0.00    0.0102498    0.0601121    0.0008371
c     1.1176473    1.4214504   -0.2434894  0.00    0.0494686    0.0488683    0.0021409
n     0.4249333   -0.6975129   -0.2183296  0.00    0.1320721    0.1015835   -0.0030681
c     2.2674540    0.5738884   -0.3053700  0.00    0.1389314   -0.0594810   -0.0066914
c     1.7974930   -0.7244536   -0.3158543  0.00   -0.0803680   -0.0912917    0.0083949
h    -0.1746212   -1.5142775   -0.1785422  0.00    0.0330786    0.0431945   -0.0000856
c     3.6927057    1.0721335   -0.3105609  0.00    0.0082772   -0.0133253   -0.0135253
c     4.7430275    0.0766604    0.2096907  0.00    0.0051946    0.0791723    0.0230477
h     3.7328099    1.9793750    0.3112400  0.00   -0.0052751   -0.0065441   -0.0098083
h     3.9510322    1.3947002   -1.3303527  0.00   -0.0018523   -0.0041371    0.0141498
c     4.9347346   -1.0143160   -0.8539296  0.00    0.0329850   -0.0193055   -0.3265166
n     4.3374983   -0.5976781    1.4936189  0.00   -0.0159994   -0.1090079    0.0169368
h     5.7159536    0.5615489    0.3635291  0.00   -0.0140451   -0.0093302    0.0068529
h     3.4430623   -0.1840036    1.7885239  0.00    0.0144931   -0.0037725   -0.0383402
h     4.0904396   -1.5721182    1.2729456  0.00    0.1085032   -0.0778451   -0.3099523
h    -2.4490293    2.9515475   -0.0552586  0.00   -0.0009577    0.0003235    0.0000842
h    -2.1787830    0.4796445   -0.1126975  0.00   -0.0036579    0.0033287    0.0001256
h    -0.4732015    4.4312234   -0.1025809  0.00    0.0008069    0.0004320    0.0003243
h     1.8073871    3.4814712   -0.2203692  0.00   -0.0003900    0.0026675    0.0007628
h     2.3179933   -1.6760114   -0.3602090  0.00   -0.0114551   -0.0219922   -0.0027427
o     5.2118891   -0.8090392   -2.0370638  0.00   -0.0583002   -0.0440639    0.2635935
o     4.6699625   -2.2533932   -0.3543568  0.00   -0.0763077    0.2032609    0.3781515
h     4.0810020   -2.6943191   -1.0666140  0.00   -0.0374289    0.0211166   -0.0102600
    27
 Energy =       0.2816354734
c    -1.4866907    2.4213003   -0.0612123  0.00   -0.0328118    0.0274322    0.0018526
c    -1.3200954    1.0427547   -0.0910109  0.00   -0.0607769   -0.0231786    0.0011877
c    -0.0265120    0.5493771   -0.1626806  0.00   -0.0637210   -0.1322632   -0.0013692
c    -0.3926233    3.2699738   -0.0996921  0.00   -0.0161261    0.0493013    0.0020520
c     0.8947614    2.7569034   -0.1743027  0.00    0.0083545    0.0455043    0.0006628
c     1.0756680    1.3745024   -0.2072609  0.00    0.0366776    0.0378019    0.0015499
n     0.4232920   -0.7683626   -0.1769001  0.00    0.0982861    0.0770976   -0.0014034
c     2.2299939    0.5728200   -0.2861640  0.00    0.1043726   -0.0452955   -0.0048359
c     1.8079949   -0.7330302   -0.3052156  0.00   -0.0609587   -0.0676684    0.0061751
h    -0.1533442   -1.6109208   -0.1269036  0.00    0.0247846    0.0317839    0.0000738
c     3.6421879    1.1157955   -0.3475298  0.00    0.0066964   -0.0090241   -0.0104525
c     4.7440734    0.1650831    0.1623360  0.00    0.0045618    0.0601934    0.0170028
h     3.6815174    2.0391047    0.2554042  0.00   -0.0037671   -0.0045396   -0.0073881
h     3.8546229    1.4228433   -1.3875289  0.00   -0.0015569   -0.0025133    0.0094714
c     4.9720547   -0.9248874   -0.8822847  0.00    0.0243710   -0.0138630   -0.2473652
n     4.3897084   -0.4954065    1.4609476  0.00   -0.0100123   -0.0845163    0.0124680
h     5.7005457    0.7002584    0.2856447  0.00   -0.0092381   -0.0061475    0.0053967
h     3.5091500   -0.0844773    1.8143792  0.00    0.0087324   -0.0021829   -0.0277054
h     4.1609448   -1.4869174    1.2600807  0.00    0.0852845   -0.0637132   -0.2452072
h    -2.4893749    2.8391127   -0.0031523  0.00   -0.0008768    0.0003348    0.0000681
h    -2.1760045    0.3766819   -0.0535360  0.00   -0.0029799    0.0024115    0.0000930
h    -0.5414792    4.3469590   -0.0721122  0.00    0.0006369    0.0004968    0.0002510
h     1.7454466    3.4316286   -0.2072187  0.00    0.0000560    0.0020134    0.0005780
h     2.3852605   -1.6515660   -0.3977102  0.00   -0.0056411   -0.0196972   -0.0028923
o     5.2650997   -0.6958219   -2.0968136  0.00   -0.0438275   -0.0328328    0.1999055
o     4.7560914   -2.1867190   -0.3958925  0.00   -0.0574110    0.1596744    0.3011632
h     4.2397551   -2.6720769   -1.1344237  0.00   -0.0331090    0.0133900   -0.0113326
    27
 Energy =       0.2576195395
c    -1.5252643    2.3270396   -0.0191897  0.00   -0.0264769    0.0219881    0.0014436
c    -1.3304146    0.9562848   -0.0254152  0.00   -0.0487599   -0.0188667    0.0006974
c    -0.0352089    0.4895524   -0.1118853  0.00   -0.0509656   -0.1044526   -0.0024235
c    -0.4517157    3.1943669   -0.0928742  0.00   -0.0124118    0.0398085    0.0017146
c     0.8385922    2.7064393   -0.1831645  0.00    0.0072785    0.0365017    0.0006671
c     1.0397395    1.3339890   -0.1943634  0.00    0.0290759    0.0307973    0.0013295
n     0.4376600   -0.8288872   -0.0834910  0.00    0.0752619    0.0605575    0.0010962
c     2.2023842    0.5710009   -0.2867794  0.00    0.0831801   -0.0360640   -0.0037596
c     1.8231456   -0.7430216   -0.2826077  0.00   -0.0463251   -0.0527552    0.0034612
h    -0.1136596   -1.6915637    0.0188702  0.00    0.0182285    0.0226799    0.0007433
c     3.5987288    1.1539836   -0.3944662  0.00    0.0055591   -0.0061612   -0.0085545
c     4.7430062    0.2489188    0.1137570  0.00    0.0039952    0.0482287    0.0134716
h     3.6296920    2.0925492    0.1885267  0.00   -0.0027741   -0.0032120   -0.0057902
h     3.7765402    1.4433681   -1.4488497  0.00   -0.0014074   -0.0015424    0.0067402
c     5.0110557   -0.8383682   -0.9161986  0.00    0.0190348   -0.0100101   -0.1968417
n     4.4290830   -0.4002829    1.4242262  0.00   -0.0070740   -0.0673486    0.0100945
h     5.6798851    0.8279292    0.2162979  0.00   -0.0063093   -0.0041619    0.0044384
h     3.5529361   -0.0030476    1.8107965  0.00    0.0061902   -0.0015864   -0.0214463
h     4.2319501   -1.4087349    1.2449384  0.00    0.0693683   -0.0545628   -0.2007817
h    -2.5352620    2.7252791    0.0510304  0.00   -0.0010166    0.0003237    0.0000679
h    -2.1701144    0.2716399    0.0466631  0.00   -0.0030831    0.0013231    0.0001321
h    -0.6214136    4.2688779   -0.0826340  0.00    0.0005791    0.0008045    0.0002035
h     1.6756057    3.3964866   -0.2476906  0.00    0.0006895    0.0020168    0.0004338
h     2.4418967   -1.6341295   -0.3950769  0.00   -0.0028357   -0.0171644   -0.0029014
o     5.3173581   -0.5926989   -2.1497382  0.00   -0.0345522   -0.0259832    0.1590833
o     4.8473301   -2.1153143   -0.4371793  0.00   -0.0448233    0.1305744    0.2486649
h     4.3985082   -2.6367436   -1.1942552  0.00   -0.0296261    0.0082674   -0.0119841
    27
 Energy =       0.2524295746
c    -1.4944886    2.3852603   -0.0411243  0.00   -0.0258377    0.0211113    0.0013969
c    -1.3208463    1.0129044   -0.0762237  0.00   -0.0470205   -0.0187891    0.0006649
c    -0.0326889    0.5284109   -0.1468719  0.00   -0.0483265   -0.0977226   -0.0022077
c    -0.4062079    3.2366631   -0.0758798  0.00   -0.0115635    0.0387267    0.0016027
c     0.8778760    2.7303821   -0.1506712  0.00    0.0072979    0.0354814    0.0005898
c     1.0570213    1.3559849   -0.1865170  0.00    0.0282437    0.0300855    0.0012510
n     0.4091622   -0.8012275   -0.1795686  0.00    0.0701226    0.0559184    0.0010515
c     2.2081711    0.5766831   -0.2718199  0.00    0.0804413   -0.0339458   -0.0036099
c     1.8066145   -0.7309029   -0.3073710  0.00   -0.0418723   -0.0496958    0.0033172
h    -0.1653694   -1.6571419   -0.1398829  0.00    0.0153980    0.0187480    0.0007936
c     3.6177824    1.1354588   -0.3491579  0.00    0.0053120   -0.0055614   -0.0082861
c     4.7392164    0.1932388    0.1455104  0.00    0.0039143    0.0461403    0.0131651
h     3.6611792    2.0580798    0.2591948  0.00   -0.0024820   -0.0026573   -0.0052828
h     3.8135509    1.4470313   -1.3946161  0.00   -0.0014021   -0.0012313    0.0060540
c     4.9792922   -0.8946179   -0.8919681  0.00    0.0183823   -0.0091682   -0.1889977
n     4.4109308   -0.4546853    1.4515769  0.00   -0.0051989   -0.0633823    0.0097938
h     5.6919532    0.7467604    0.2502333  0.00   -0.0056642   -0.0037736    0.0043056
h     3.5530404   -0.0248943    1.8476396  0.00    0.0048464   -0.0009171   -0.0202814
h     4.1660426   -1.4517683    1.2597341  0.00    0.0660801   -0.0542882   -0.1929550
h    -2.4997496    2.7976928    0.0162121  0.00   -0.0012165    0.0002889    0.0000769
h    -2.1730710    0.3392529   -0.0456159  0.00   -0.0037246    0.0005498    0.0001467
h    -0.5591651    4.3136224   -0.0464264  0.00    0.0006288    0.0011370    0.0001954
h     1.7274664    3.4080666   -0.1838411  0.00    0.0011626    0.0023929    0.0003919
h     2.4122183   -1.6289889   -0.4245547  0.00   -0.0027972   -0.0167123   -0.0027949
o     5.2841312   -0.6450691   -2.1292063  0.00   -0.0331454   -0.0249765    0.1524643
o     4.7802329   -2.1730502   -0.4245768  0.00   -0.0430436    0.1244448    0.2390017
h     4.3477492   -2.6882337   -1.1949605  0.00   -0.0285350    0.0077963   -0.0118476
    27
 Energy =       0.2333320364
c    -1.4613365    2.4319895   -0.0307035  0.00   -0.0203329    0.0163678    0.0010794
c    -1.3072731    1.0633198   -0.0997398  0.00   -0.0364524   -0.0154039    0.0006075
c    -0.0321505    0.5626185   -0.1596471  0.00   -0.0363668   -0.0717626   -0.0003032
c    -0.3613872    3.2642201   -0.0278839  0.00   -0.0086707    0.0304195    0.0010763
c     0.9119049    2.7396751   -0.0927189  0.00    0.0058125    0.0280344    0.0002509
c     1.0651101    1.3689827   -0.1568897  0.00    0.0221382    0.0239062    0.0008262
n     0.3728132   -0.7793405   -0.2693292  0.00    0.0528822    0.0399420   -0.0007501
c     2.1988390    0.5821450   -0.2450129  0.00    0.0631423   -0.0249584   -0.0024533
c     1.7824794   -0.7157385   -0.3309657  0.00   -0.0300477   -0.0374397    0.0037669
h    -0.2233858   -1.6276860   -0.2986360  0.00    0.0094203    0.0110402    0.0001745
c     3.6202516    1.1179599   -0.3103051  0.00    0.0037932   -0.0042228   -0.0066989
c     4.7296103    0.1415167    0.1521027  0.00    0.0032220    0.0351276    0.0103227
h     3.6844608    2.0227259    0.3255735  0.00   -0.0017930   -0.0015117   -0.0036410
h     3.8194240    1.4526090   -1.3496044  0.00   -0.0011481   -0.0008087    0.0043989
c     4.9435530   -0.9412460   -0.8932771  0.00    0.0142401   -0.0067802   -0.1463527
n     4.4089473   -0.4997296    1.4575133  0.00    0.0037033   -0.0473221    0.0062661
h     5.6953377    0.6778651    0.2443869  0.00   -0.0040793   -0.0028172    0.0033812
h     3.6026726   -0.0098124    1.9052148  0.00   -0.0019129    0.0031802   -0.0131025
h     4.0820124   -1.4773735    1.2532643  0.00    0.0507830   -0.0492203   -0.1562827
h    -2.4611572    2.8583727    0.0176299  0.00   -0.0011375    0.0001928    0.0000699
h    -2.1692565    0.4007503   -0.1121273  0.00   -0.0036390   -0.0003676    0.0000902
h    -0.4976362    4.3427925    0.0234134  0.00    0.0005396    0.0012948    0.0001495
h     1.7734574    3.4030592   -0.0975180  0.00    0.0013166    0.0022836    0.0002774
h     2.3850079   -1.6103084   -0.4711554  0.00   -0.0019740   -0.0135734   -0.0022187
o     5.2539574   -0.6702636   -2.1466484  0.00   -0.0256483   -0.0188091    0.1174784
o     4.7119383   -2.2297983   -0.4553523  0.00   -0.0330399    0.1001508    0.1961342
h     4.3638500   -2.7543925   -1.2623370  0.00   -0.0247505    0.0030576   -0.0145470
    27
 Energy =       0.2168162203
c    -1.4712244    2.4050373   -0.0491514  0.00   -0.0142802    0.0115590    0.0007631
c    -1.3092961    1.0424799   -0.1265983  0.00   -0.0256865   -0.0108586    0.0004989
c    -0.0378395    0.5497129   -0.1836293  0.00   -0.0256981   -0.0506279    0.0000015
c    -0.3774853    3.2393200   -0.0355515  0.00   -0.0060459    0.0214421    0.0007154
c     0.8936853    2.7210534   -0.0966205  0.00    0.0041830    0.0197528    0.0001226
c     1.0480950    1.3574206   -0.1682062  0.00    0.0154878    0.0169778    0.0005611
n     0.3665020   -0.7958315   -0.3009402  0.00    0.0369304    0.0281353   -0.0007468
c     2.1800924    0.5876278   -0.2505570  0.00    0.0445920   -0.0175260   -0.0018186
c     1.7819675   -0.7103303   -0.3472565  0.00   -0.0211232   -0.0262826    0.0028920
h    -0.2255167   -1.6497470   -0.3417913  0.00    0.0065947    0.0076482    0.0000761
c     3.5994573    1.1335842   -0.2993412  0.00    0.0027375   -0.0029819   -0.0047463
c     4.7122238    0.1634112    0.1707930  0.00    0.0023455    0.0253352    0.0070628
h     3.6542474    2.0359297    0.3426188  0.00   -0.0012878   -0.0010134   -0.0025227
h     3.8078120    1.4715170   -1.3371339  0.00   -0.0007804   -0.0005691    0.0030624
c     4.9509910   -0.9231472   -0.8626493  0.00    0.0096515   -0.0037807   -0.1029676
n     4.3985435   -0.4525990    1.4869575  0.00    0.0036917   -0.0317377    0.0047038
h     5.6730979    0.7126267    0.2552812  0.00   -0.0027936   -0.0019153    0.0024476
h     3.5751506    0.0171291    1.9274723  0.00   -0.0018441    0.0026759   -0.0091200
h     4.1168890   -1.4532016    1.3139850  0.00    0.0372661   -0.0399564   -0.1171560
h    -2.4730568    2.8263324   -0.0031966  0.00   -0.0008189    0.0001455    0.0000523
h    -2.1663634    0.3749508   -0.1480940  0.00   -0.0026170   -0.0002968    0.0000704
h    -0.5184537    4.3167394    0.0215744  0.00    0.0003912    0.0009439    0.0001016
h     1.7526767    3.3868303   -0.0928702  0.00    0.0009939    0.0016038    0.0001927
h     2.4082294   -1.5894700   -0.4797578  0.00   -0.0004512   -0.0100992   -0.0017386
o     5.2665942   -0.6417416   -2.1343028  0.00   -0.0180079   -0.0130319    0.0827642
o     4.7624221   -2.2253097   -0.4335720  0.00   -0.0225647    0.0781841    0.1527922
h     4.5226031   -2.7854119   -1.2582153  0.00   -0.0208660   -0.0037261   -0.0180644
    27
 Energy =       0.2041236169
c    -1.4807953    2.3825970   -0.0385197  0.00   -0.0089840    0.0073336    0.0004639
c    -1.3133905    1.0252016   -0.1203345  0.00   -0.0162444   -0.0068538    0.0003185
c    -0.0458790    0.5382017   -0.1800189  0.00   -0.0162838   -0.0320641    0.0000122
c    -0.3917446    3.2177081   -0.0235231  0.00   -0.0038092    0.0135485    0.0004236
c     0.8768996    2.7037202   -0.0877310  0.00    0.0026785    0.0124789    0.0000569
c     1.0310796    1.3458450   -0.1630914  0.00    0.0097132    0.0108190    0.0003521
n     0.3556178   -0.8111918   -0.2994990  0.00    0.0232206    0.0178053   -0.0004247
c     2.1600596    0.5892860   -0.2488620  0.00    0.0282857   -0.0110938   -0.0010803
c     1.7750962   -0.7078848   -0.3504386  0.00   -0.0133588   -0.0165650    0.0018639
h    -0.2341528   -1.6693498   -0.3390118  0.00    0.0041939    0.0048156    0.0000506
c     3.5775996    1.1417245   -0.3050005  0.00    0.0017147   -0.0018660   -0.0030539
c     4.6998175    0.1784813    0.1609199  0.00    0.0016722    0.0163998    0.0041738
h     3.6337371    2.0449516    0.3370070  0.00   -0.0008239   -0.0006307   -0.0016021
h     3.7796122    1.4781831   -1.3457154  0.00   -0.0005055   -0.0003489    0.0019172
c     4.9576349   -0.9078883   -0.8669023  0.00    0.0057265   -0.0017536   -0.0647948
n     4.4047037   -0.4174398    1.4876006  0.00    0.0026249   -0.0202277    0.0028794
h     5.6551253    0.7419310    0.2317783  0.00   -0.0016185   -0.0011011    0.0015921
h     3.5916823    0.0557930    1.9447044  0.00   -0.0014372    0.0017756   -0.0056516
h     4.1296286   -1.4244618    1.3395388  0.00    0.0258152   -0.0287686   -0.0816216
h    -2.4837791    2.8003192    0.0097763  0.00   -0.0005258    0.0001016    0.0000324
h    -2.1666727    0.3539523   -0.1427434  0.00   -0.0016683   -0.0001924    0.0000449
h    -0.5357143    4.2943200    0.0366941  0.00    0.0002487    0.0006072    0.0000627
h     1.7339494    3.3710926   -0.0839976  0.00    0.0006548    0.0009921    0.0001224
h     2.4183087   -1.5734429   -0.4857816  0.00    0.0002621   -0.0067312   -0.0012096
o     5.2756915   -0.6102260   -2.1535254  0.00   -0.0113866   -0.0078706    0.0522863
o     4.8065728   -2.2229420   -0.4536941  0.00   -0.0146277    0.0580230    0.1125241
h     4.6813562   -2.8035686   -1.2903820  0.00   -0.0155374   -0.0086329   -0.0197383
    27
 Energy =       0.1951837224
c    -1.4948063    2.3524476    0.0041771  0.00   -0.0048936    0.0040311    0.0002081
c    -1.3199546    0.9996922   -0.0838349  0.00   -0.0088798   -0.0036980    0.0001291
c    -0.0546196    0.5207301   -0.1550167  0.00   -0.0089029   -0.0174518   -0.0000273
c    -0.4115920    3.1911635    0.0133208  0.00   -0.0020970    0.0073911    0.0001961
c     0.8560373    2.6841009   -0.0635672  0.00    0.0015326    0.0067524    0.0000166
c     1.0133122    1.3311565   -0.1444473  0.00    0.0051751    0.0059424    0.0002120
n     0.3473421   -0.8303629   -0.2816746  0.00    0.0123571    0.0096958   -0.0001028
c     2.1411774    0.5881016   -0.2446676  0.00    0.0153099   -0.0061392   -0.0004045
c     1.7689928   -0.7089606   -0.3497924  0.00   -0.0070914   -0.0089225    0.0010021
h    -0.2387538   -1.6933563   -0.3157863  0.00    0.0022710    0.0025657    0.0000393
c     3.5549261    1.1493718   -0.3245464  0.00    0.0009807   -0.0009030   -0.0017445
c     4.6931112    0.1958467    0.1264616  0.00    0.0011278    0.0091014    0.0016963
h     3.6172113    2.0549466    0.3146864  0.00   -0.0004148   -0.0003193   -0.0008497
h     3.7383299    1.4834428   -1.3705812  0.00   -0.0002759   -0.0001207    0.0008672
c     4.9646638   -0.8866162   -0.9026744  0.00    0.0030933   -0.0003276   -0.0344320
n     4.4280805   -0.3841643    1.4642544  0.00    0.0031394   -0.0116425    0.0010217
h     5.6412070    0.7756931    0.1780756  0.00   -0.0006068   -0.0004311    0.0008848
h     3.6477325    0.1128394    1.9554840  0.00   -0.0024620    0.0018668   -0.0019092
h     4.1290666   -1.3873916    1.3389810  0.00    0.0161428   -0.0194213   -0.0520674
h    -2.4994877    2.7645277    0.0619736  0.00   -0.0003450    0.0000850    0.0000167
h    -2.1685648    0.3232238   -0.1018248  0.00   -0.0009434   -0.0001130    0.0000197
h    -0.5604509    4.2666645    0.0781433  0.00    0.0001264    0.0003538    0.0000341
h     1.7095470    3.3553111   -0.0660707  0.00    0.0004037    0.0005383    0.0000664
h     2.4261936   -1.5609716   -0.4982949  0.00    0.0005791   -0.0039521   -0.0007120
o     5.2664052   -0.5675533   -2.2035551  0.00   -0.0064018   -0.0036083    0.0279342
o     4.8568282   -2.2144370   -0.5097785  0.00   -0.0092343    0.0391201    0.0757856
h     4.8401093   -2.8005335   -1.3501979  0.00   -0.0096902   -0.0103935   -0.0178809
    27
 Energy =       0.1923399772
c    -1.5398972    2.2590078    0.0667851  0.00   -0.0041910    0.0030425    0.0001711
c    -1.3323049    0.9113871   -0.0199870  0.00   -0.0070625   -0.0029519    0.0000683
c    -0.0574441    0.4642474   -0.1107943  0.00   -0.0067022   -0.0129481   -0.0000577
c    -0.4781140    3.1243180    0.0549836  0.00   -0.0015633    0.0059882    0.0001753
c     0.7997682    2.6488826   -0.0423945  0.00    0.0016967    0.0051829    0.0000077
c     0.9884788    1.3008817   -0.1215593  0.00    0.0039593    0.0044630    0.0001876
n     0.3753950   -0.8786821   -0.2391621  0.00    0.0082097    0.0068248    0.0000472
c     2.1318625    0.5889469   -0.2410091  0.00    0.0112378   -0.0045532   -0.0002000
c     1.7936725   -0.7175209   -0.3361317  0.00   -0.0045522   -0.0066960    0.0006206
h    -0.1890770   -1.7576262   -0.2578090  0.00    0.0012327    0.0012100    0.0000268
c     3.5284756    1.1882346   -0.3558907  0.00    0.0008823    0.0001414   -0.0014783
c     4.7031138    0.2648077    0.0666665  0.00    0.0010911    0.0065997   -0.0000492
h     3.5832019    2.0958109    0.2816026  0.00   -0.0002356   -0.0001604   -0.0006337
h     3.6765065    1.5268054   -1.4069399  0.00   -0.0001158    0.0001804    0.0000520
c     4.9777871   -0.8157478   -0.9650843  0.00    0.0023840    0.0024622   -0.0195410
n     4.4911861   -0.3068502    1.4178062  0.00    0.0030780   -0.0092945    0.0017800
h     5.6372155    0.8705622    0.0861080  0.00    0.0003688    0.0000992    0.0005922
h     3.7326396    0.1936949    1.9395570  0.00   -0.0026211    0.0016347   -0.0005243
h     4.1905614   -1.3117250    1.3153714  0.00    0.0119549   -0.0152053   -0.0395682
h    -2.5538887    2.6459863    0.1403098  0.00   -0.0007448    0.0002063    0.0000425
h    -2.1638170    0.2133399   -0.0214383  0.00   -0.0011385   -0.0003913    0.0000124
h    -0.6527724    4.1962309    0.1188511  0.00    0.0000501    0.0006212    0.0000463
h     1.6362930    3.3413759   -0.0624873  0.00    0.0007323    0.0007318    0.0000352
h     2.4741861   -1.5497119   -0.4968737  0.00    0.0010363   -0.0033927   -0.0006119
o     5.1551239   -0.4911566   -2.2985135  0.00   -0.0041722    0.0025628    0.0106417
o     4.9850295   -2.1483257   -0.5557434  0.00   -0.0075334    0.0223790    0.0615551
h     4.9988624   -2.7422613   -1.3869762  0.00   -0.0072816   -0.0087366   -0.0133979
    27
 Energy =       0.1885944038
c    -1.5585844    2.2071159    0.1495642  0.00   -0.0024488    0.0022475    0.0001022
c    -1.3380747    0.8657780    0.0222597  0.00   -0.0038026   -0.0019430    0.0000063
c    -0.0618318    0.4344778   -0.0950864  0.00   -0.0036466   -0.0065047    0.0001624
c    -0.5065056    3.0823504    0.1503047  0.00   -0.0010964    0.0036347    0.0000661
c     0.7735436    2.6225059    0.0255538  0.00    0.0009860    0.0031574   -0.0000208
c     0.9736476    1.2802393   -0.0932876  0.00    0.0019624    0.0023224    0.0000914
n     0.3797589   -0.9017021   -0.2709066  0.00    0.0046637    0.0027372   -0.0001433
c     2.1204506    0.5853934   -0.2472103  0.00    0.0061798   -0.0021570    0.0001101
c     1.7959966   -0.7198397   -0.3802325  0.00   -0.0022921   -0.0040015    0.0003631
h    -0.1767558   -1.7859006   -0.3103529  0.00    0.0004816    0.0002227   -0.0000133
c     3.5097902    1.1993218   -0.3675966  0.00    0.0003894    0.0001039   -0.0007689
c     4.6981821    0.2882653    0.0438805  0.00    0.0006280    0.0037519    0.0009779
h     3.5599195    2.1044740    0.2739361  0.00   -0.0000940   -0.0000705   -0.0003136
h     3.6482828    1.5444314   -1.4179962  0.00   -0.0000665    0.0001496   -0.0000384
c     5.0103584   -0.7606057   -1.0124474  0.00   -0.0020618    0.0004895   -0.0029894
n     4.4952118   -0.3032658    1.3863733  0.00    0.0036717   -0.0050143    0.0004612
h     5.6182737    0.9153758    0.0775850  0.00    0.0004846    0.0003207    0.0002003
h     3.7765812    0.2238175    1.9393991  0.00   -0.0031869    0.0023784    0.0008907
h     4.1504335   -1.2931135    1.2798911  0.00    0.0070007   -0.0110139   -0.0240692
h    -2.5753944    2.5817303    0.2448490  0.00   -0.0006589    0.0003529    0.0000507
h    -2.1618863    0.1592772    0.0091705  0.00   -0.0006606   -0.0003520   -0.0000004
h    -0.6911353    4.1505224    0.2458074  0.00   -0.0001249    0.0008901    0.0000677
h     1.6021473    3.3240492    0.0147457  0.00    0.0004231    0.0005361    0.0000103
h     2.4858231   -1.5355595   -0.5785876  0.00    0.0011621   -0.0025299   -0.0004608
o     5.3138770   -0.3761116   -2.3173903  0.00    0.0009890    0.0057471   -0.0060130
o     4.9661133   -2.1128884   -0.6749586  0.00   -0.0055208    0.0140622    0.0474060
h     5.0838215   -2.6652260   -1.5280201  0.00   -0.0033610   -0.0095175   -0.0161354
    27
 Energy =       0.1882100095
c    -1.5887459    2.1471894    0.1428802  0.00   -0.0027927    0.0019812    0.0001281
c    -1.3468663    0.8128179   -0.0184810  0.00   -0.0036766   -0.0024483   -0.0000460
c    -0.0626267    0.4031267   -0.1250427  0.00   -0.0034888   -0.0059875    0.0001749
c    -0.5492047    3.0372246    0.1876131  0.00   -0.0005593    0.0039743    0.0001169
c     0.7393861    2.5990570    0.0736713  0.00    0.0012109    0.0035159    0.0000339
c     0.9603018    1.2633929   -0.0796225  0.00    0.0020686    0.0022357    0.0000887
n     0.4013186   -0.9217613   -0.3315435  0.00    0.0036843    0.0018816   -0.0001953
c     2.1196680    0.5902120   -0.2308637  0.00    0.0054230   -0.0016608    0.0004085
c     1.8172937   -0.7157567   -0.4075909  0.00   -0.0018263   -0.0041027    0.0002342
h    -0.1417936   -1.8128035   -0.4075435  0.00   -0.0002343   -0.0008863   -0.0001044
c     3.5017071    1.2298240   -0.3016937  0.00    0.0007180   -0.0003539   -0.0006112
c     4.6991190    0.3153245    0.0753401  0.00    0.0001965    0.0051165    0.0001121
h     3.5295653    2.1018334    0.3886649  0.00   -0.0000398    0.0014966    0.0008449
h     3.6478990    1.6326396   -1.3321395  0.00    0.0002981    0.0008736   -0.0016699
c     5.0397311   -0.6735034   -1.0323237  0.00   -0.0018172    0.0012459   -0.0022529
n     4.4927513   -0.3454022    1.3874119  0.00    0.0040064   -0.0046513    0.0029580
h     5.6088993    0.9552710    0.1495784  0.00    0.0010197    0.0010817    0.0000868
h     3.7646499    0.1465330    1.9610905  0.00   -0.0036908    0.0026429    0.0018096
h     4.1631743   -1.3357803    1.2351470  0.00    0.0053434   -0.0115961   -0.0208800
h    -2.6125442    2.5046424    0.2301490  0.00   -0.0008127    0.0003292    0.0000582
h    -2.1603166    0.0950110   -0.0667723  0.00   -0.0011057   -0.0008848   -0.0000413
h    -0.7506417    4.1000036    0.3098272  0.00   -0.0000594    0.0013433    0.0001133
h     1.5586851    3.3121600    0.0981471  0.00    0.0009000    0.0010487    0.0000343
h     2.5236602   -1.5152645   -0.6145653  0.00    0.0011468   -0.0025319   -0.0004426
o     5.3460273   -0.2173585   -2.3151083  0.00    0.0017118    0.0061901   -0.0086510
o     5.0241680   -2.0427414   -0.7652482  0.00   -0.0049860    0.0100428    0.0439331
h     5.1667790   -2.5509787   -1.6417347  0.00   -0.0026379   -0.0098965   -0.0162408
    27
 Energy =       0.1869296509
c    -1.5756384    2.1472670    0.2634066  0.00   -0.0028087    0.0012463    0.0001106
c    -1.3414407    0.8135789    0.0924772  0.00   -0.0035804   -0.0015985    0.0000323
c    -0.0624855    0.4023691   -0.0618140  0.00   -0.0026904   -0.0044794    0.0001140
c    -0.5336498    3.0353115    0.2696863  0.00   -0.0008243    0.0033008    0.0001658
c     0.7496046    2.5957336    0.1066047  0.00    0.0017393    0.0023841   -0.0000634
c     0.9630001    1.2604502   -0.0553395  0.00    0.0015698    0.0017265    0.0001004
n     0.3901571   -0.9230773   -0.2870857  0.00    0.0013383    0.0014172    0.0000612
c     2.1147542    0.5858897   -0.2536791  0.00    0.0039570   -0.0020632    0.0003959
c     1.8031483   -0.7183404   -0.4203767  0.00    0.0000092   -0.0026951    0.0000254
h    -0.1573058   -1.8131460   -0.3415325  0.00   -0.0004440   -0.0009410   -0.0000879
c     3.4956041    1.2202004   -0.3909860  0.00    0.0016365   -0.0008087   -0.0006719
c     4.7021850    0.3187898   -0.0109902  0.00    0.0000168    0.0042515   -0.0012095
h     3.5473143    2.1196633    0.2626165  0.00    0.0004012    0.0020564    0.0014358
h     3.6125567    1.5808283   -1.4415270  0.00    0.0004163    0.0011149   -0.0025668
c     5.0221860   -0.7052079   -1.0939331  0.00   -0.0014275    0.0011975   -0.0020632
n     4.5278263   -0.2931466    1.3285935  0.00    0.0062584   -0.0022157    0.0026728
h     5.6122764    0.9628818    0.0202975  0.00    0.0014044    0.0014017    0.0001229
h     3.8464430    0.2472222    1.9186162  0.00   -0.0051221    0.0034184    0.0040066
h     4.1481169   -1.2716745    1.2213310  0.00    0.0027498   -0.0117272   -0.0159320
h    -2.5955531    2.5058982    0.3889021  0.00   -0.0013557    0.0003797    0.0001133
h    -2.1573275    0.0970330    0.0738686  0.00   -0.0012780   -0.0008095   -0.0000200
h    -0.7291988    4.0979740    0.3998500  0.00   -0.0001355    0.0010217    0.0000956
h     1.5696639    3.3083052    0.0998259  0.00    0.0011255    0.0009922   -0.0000145
h     2.4997020   -1.5169304   -0.6599761  0.00    0.0014979   -0.0021536   -0.0004066
o     5.3493940   -0.2812320   -2.3814216  0.00    0.0013797    0.0049445   -0.0070480
o     4.9640324   -2.0697007   -0.8083721  0.00   -0.0039553    0.0059338    0.0330359
h     5.1266787   -2.5920275   -1.6697956  0.00   -0.0018783   -0.0072952   -0.0124047
    27
 Energy =       0.1861946239
c    -1.5569481    2.1585934    0.3893240  0.00   -0.0026253    0.0007802    0.0001138
c    -1.3339294    0.8245943    0.2104847  0.00   -0.0032798   -0.0010455    0.0000890
c    -0.0625001    0.4081448    0.0149903  0.00   -0.0020193   -0.0033447    0.0000760
c    -0.5114177    3.0417885    0.3623598  0.00   -0.0009069    0.0027256    0.0001919
c     0.7640456    2.5969030    0.1572191  0.00    0.0019125    0.0016217   -0.0001205
c     0.9662282    1.2613145   -0.0121906  0.00    0.0012703    0.0013226    0.0000941
n     0.3761237   -0.9191372   -0.2252641  0.00    0.0000644    0.0010183    0.0001886
c     2.1077107    0.5825166   -0.2500258  0.00    0.0028855   -0.0017128    0.0002211
c     1.7850781   -0.7197508   -0.4061114  0.00    0.0008117   -0.0018147   -0.0001027
h    -0.1767434   -1.8068119   -0.2612091  0.00   -0.0005255   -0.0009146   -0.0000684
c     3.4851922    1.2113073   -0.4399551  0.00    0.0012935   -0.0004730   -0.0004659
c     4.7050261    0.3075259   -0.1079723  0.00    0.0006371    0.0033104   -0.0020047
h     3.5643990    2.1103153    0.2109991  0.00    0.0003842    0.0017041    0.0013665
h     3.5627427    1.5711881   -1.4943668  0.00    0.0003680    0.0009603   -0.0025986
c     4.9851899   -0.7144534   -1.2049938  0.00   -0.0008985    0.0015275   -0.0022240
n     4.5869880   -0.2981134    1.2407470  0.00    0.0056301   -0.0018394    0.0031220
h     5.6157173    0.9519414   -0.1144355  0.00    0.0017159    0.0012105    0.0000967
h     3.9395896    0.2520289    1.8589160  0.00   -0.0047436    0.0030269    0.0040954
h     4.1918528   -1.2714877    1.1592509  0.00    0.0018444   -0.0090827   -0.0115017
h    -2.5709815    2.5214241    0.5476552  0.00   -0.0015601    0.0003884    0.0001496
h    -2.1530642    0.1116143    0.2178095  0.00   -0.0012887   -0.0007220    0.0000006
h    -0.6981959    4.1049877    0.4992680  0.00   -0.0001737    0.0007987    0.0000832
h     1.5865594    3.3058286    0.1239421  0.00    0.0011627    0.0008821   -0.0000342
h     2.4694301   -1.5201650   -0.6706839  0.00    0.0013854   -0.0017805   -0.0003837
o     5.3116261   -0.2825466   -2.4886848  0.00    0.0009807    0.0035748   -0.0051262
o     4.8925585   -2.0810342   -0.9420391  0.00   -0.0029715    0.0031888    0.0237493
h     5.0597665   -2.5936036   -1.8057863  0.00   -0.0013535   -0.0053111   -0.0090070
    27
 Energy =       0.1862175597
c    -1.5393816    2.1868290    0.4504225  0.00   -0.0025967    0.0006274    0.0001251
c    -1.3275036    0.8493646    0.2844519  0.00   -0.0031364   -0.0010930    0.0000832
c    -0.0619033    0.4226030    0.0750203  0.00   -0.0018859   -0.0031038    0.0000710
c    -0.4887677    3.0630049    0.3972418  0.00   -0.0007191    0.0026682    0.0001852
c     0.7805451    2.6075259    0.1781315  0.00    0.0019059    0.0015977   -0.0001164
c     0.9713803    1.2688569    0.0216551  0.00    0.0013018    0.0012652    0.0000593
n     0.3648819   -0.9103743   -0.1544763  0.00   -0.0001759    0.0008440    0.0001942
c     2.1048614    0.5807501   -0.2253190  0.00    0.0025557   -0.0012276    0.0002538
c     1.7722524   -0.7216700   -0.3586321  0.00    0.0007243   -0.0017507   -0.0001534
h    -0.1937237   -1.7952039   -0.1703789  0.00   -0.0006718   -0.0011215   -0.0000667
c     3.4814183    1.2023933   -0.4439238  0.00    0.0003390   -0.0001784   -0.0004495
c     4.7072519    0.2844290   -0.1731176  0.00    0.0013877    0.0034254   -0.0022147
h     3.5853718    2.0864745    0.2247411  0.00    0.0002506    0.0019625    0.0016540
h     3.5281578    1.5850418   -1.4925700  0.00    0.0002351    0.0010723   -0.0030505
c     4.9405512   -0.7204831   -1.2985084  0.00   -0.0004950    0.0015233   -0.0025609
n     4.6406880   -0.3382494    1.1725847  0.00    0.0057558   -0.0022467    0.0039224
h     5.6208407    0.9242218   -0.2055595  0.00    0.0019932    0.0010850    0.0001508
h     4.0033696    0.1940656    1.8165259  0.00   -0.0048093    0.0030462    0.0043561
h     4.2610396   -1.3177835    1.0967129  0.00    0.0014411   -0.0083496   -0.0097360
h    -2.5486112    2.5579423    0.6195461  0.00   -0.0015239    0.0003467    0.0001483
h    -2.1508428    0.1416233    0.3128144  0.00   -0.0013560   -0.0008151    0.0000051
h    -0.6666661    4.1289531    0.5243168  0.00   -0.0001355    0.0008231    0.0000828
h     1.6076549    3.3101437    0.1241123  0.00    0.0012591    0.0009519   -0.0000466
h     2.4471808   -1.5298858   -0.6216159  0.00    0.0010061   -0.0016770   -0.0003581
o     5.2441410   -0.2671007   -2.5804337  0.00    0.0010434    0.0031940   -0.0052855
o     4.8300384   -2.0909058   -1.0641059  0.00   -0.0025884    0.0023220    0.0213811
h     4.9778193   -2.5876536   -1.9403894  0.00   -0.0011050   -0.0051916   -0.0086342
    27
 Energy =       0.1865871591
c    -1.5169808    2.2374604    0.4834662  0.00   -0.0028419    0.0008031    0.0001922
c    -1.3193176    0.8932199    0.3538532  0.00   -0.0031105   -0.0016813    0.0000484
c    -0.0599054    0.4486886    0.1442800  0.00   -0.0019703   -0.0029550    0.0001168
c    -0.4585956    3.1022266    0.3952378  0.00   -0.0004374    0.0031228    0.0001910
c     0.8041382    2.6284059    0.1765327  0.00    0.0019548    0.0021406   -0.0000889
c     0.9802629    1.2837576    0.0560524  0.00    0.0014854    0.0013305   -0.0000167
n     0.3531193   -0.8950837   -0.0474430  0.00   -0.0000525    0.0001978    0.0000996
c     2.1051717    0.5790597   -0.1810351  0.00    0.0025136   -0.0002019    0.0005055
c     1.7605898   -0.7250488   -0.2684081  0.00    0.0002631   -0.0022700   -0.0002194
h    -0.2131880   -1.7755689   -0.0306772  0.00   -0.0011021   -0.0018666   -0.0000570
c     3.4831813    1.1881037   -0.4257756  0.00   -0.0015566    0.0002105   -0.0005809
c     4.7094375    0.2459522   -0.2397152  0.00    0.0027155    0.0041959   -0.0024224
h     3.6199386    2.0460725    0.2728908  0.00    0.0001110    0.0028543    0.0025417
h     3.4961415    1.6093355   -1.4617073  0.00   -0.0000960    0.0015008   -0.0041727
c     4.8723519   -0.7339451   -1.4029445  0.00    0.0001254    0.0015054   -0.0036123
n     4.7096622   -0.4025665    1.0981534  0.00    0.0076036   -0.0022772    0.0051946
h     5.6285195    0.8760056   -0.3062808  0.00    0.0027217    0.0010179    0.0002953
h     4.0678399    0.0895985    1.7705486  0.00   -0.0057710    0.0036595    0.0055593
h     4.3748504   -1.3991747    1.0228741  0.00    0.0004754   -0.0095262   -0.0077274
h    -2.5209691    2.6228479    0.6520266  0.00   -0.0015625    0.0003822    0.0001613
h    -2.1488104    0.1939149    0.4111457  0.00   -0.0015987   -0.0011751    0.0000138
h    -0.6250415    4.1733921    0.4941548  0.00   -0.0001124    0.0012887    0.0001139
h     1.6387601    3.3203422    0.0951922  0.00    0.0015445    0.0012690   -0.0000897
h     2.4259863   -1.5485485   -0.5062768  0.00    0.0004142   -0.0020570   -0.0003639
o     5.1395911   -0.2515443   -2.6830243  0.00    0.0012762    0.0029852   -0.0064929
o     4.7372340   -2.1082994   -1.2047311  0.00   -0.0021562    0.0014720    0.0205022
h     4.8480766   -2.5836912   -2.0991425  0.00   -0.0008363   -0.0059261   -0.0096914
    27
 Energy =       0.1860196088
c    -1.5339615    2.1775967    0.5208583  0.00   -0.0030486    0.0016131    0.0003371
c    -1.3241434    0.8404220    0.3391262  0.00   -0.0029667   -0.0024016   -0.0000285
c    -0.0618574    0.4157833    0.1055185  0.00   -0.0020966   -0.0023222    0.0002668
c    -0.4847162    3.0556755    0.4586407  0.00   -0.0005896    0.0037383    0.0002914
c     0.7811361    2.6023939    0.2149116  0.00    0.0018816    0.0028752   -0.0000076
c     0.9701104    1.2638576    0.0434532  0.00    0.0013445    0.0013384   -0.0000450
n     0.3611062   -0.9162745   -0.1464143  0.00    0.0006650   -0.0011199   -0.0002130
c     2.0994820    0.5780599   -0.2302620  0.00    0.0027156    0.0007500    0.0009277
c     1.7645762   -0.7244481   -0.3745617  0.00   -0.0002047   -0.0030363   -0.0002848
h    -0.1975901   -1.8022003   -0.1623256  0.00   -0.0014202   -0.0025970   -0.0000851
c     3.4706430    1.2032418   -0.4714581  0.00   -0.0030219    0.0001766   -0.0009779
c     4.7071263    0.2892558   -0.2127142  0.00    0.0033510    0.0047976   -0.0018686
h     3.5807644    2.0913420    0.1943001  0.00    0.0000854    0.0037254    0.0032690
h     3.4993301    1.5827826   -1.5237918  0.00   -0.0004232    0.0018211   -0.0049052
c     4.9410806   -0.7112920   -1.3470802  0.00    0.0008244    0.0014733   -0.0046003
n     4.6542646   -0.3375320    1.1338143  0.00    0.0117471   -0.0001008    0.0043450
h     5.6183769    0.9336828   -0.2487365  0.00    0.0032355    0.0010303    0.0005035
h     4.0464895    0.2148455    1.7939628  0.00   -0.0076592    0.0055667    0.0076190
h     4.2410109   -1.3080718    1.0676421  0.00   -0.0021721   -0.0137406   -0.0060776
h    -2.5406376    2.5470523    0.7092621  0.00   -0.0017192    0.0006346    0.0002191
h    -2.1467528    0.1312534    0.3735347  0.00   -0.0016484   -0.0014548   -0.0000034
h    -0.6611065    4.1215190    0.5977506  0.00   -0.0002603    0.0020889    0.0002226
h     1.6067033    3.3069019    0.1528169  0.00    0.0016332    0.0014983   -0.0001233
h     2.4339226   -1.5300012   -0.6650300  0.00    0.0005326   -0.0032543   -0.0007582
o     5.2380388   -0.2498954   -2.6285936  0.00    0.0013845    0.0026065   -0.0069794
o     4.8378689   -2.0847694   -1.1227190  0.00   -0.0016408    0.0008742    0.0194928
h     4.9907791   -2.5762688   -2.0026579  0.00   -0.0005289   -0.0065809   -0.0105365
    27
 Energy =       0.1850072889
c    -1.5378496    2.1054015    0.6144121  0.00   -0.0022257    0.0021514    0.0004209
c    -1.3167752    0.7793021    0.3758294  0.00   -0.0020287   -0.0017505    0.0000158
c    -0.0566353    0.3789771    0.0938231  0.00   -0.0011002   -0.0008752    0.0002847
c    -0.5016443    2.9973035    0.5594383  0.00   -0.0013015    0.0028596    0.0003961
c     0.7623560    2.5689260    0.2670194  0.00    0.0013620    0.0021222   -0.0000175
c     0.9631489    1.2404268    0.0394383  0.00    0.0005619    0.0004408   -0.0000901
n     0.3737145   -0.9372833   -0.2227197  0.00    0.0008555   -0.0019722   -0.0003997
c     2.0920195    0.5780664   -0.2891829  0.00    0.0023434    0.0001152    0.0008289
c     1.7679462   -0.7199378   -0.4801743  0.00    0.0003443   -0.0023849   -0.0003540
h    -0.1755190   -1.8278032   -0.2604912  0.00   -0.0008881   -0.0017948   -0.0000542
c     3.4522783    1.2185543   -0.5424526  0.00   -0.0025065   -0.0002012   -0.0010676
c     4.6957843    0.3360340   -0.2250748  0.00    0.0021656    0.0029480   -0.0001718
h     3.5442867    2.1351663    0.0835190  0.00    0.0003162    0.0028727    0.0025721
h     3.4877910    1.5534655   -1.6081438  0.00   -0.0005269    0.0014250   -0.0034691
c     4.9878637   -0.6837189   -1.3260128  0.00    0.0007427   -0.0000386   -0.0025693
n     4.6095745   -0.2606716    1.1292855  0.00    0.0109529    0.0018038    0.0006956
h     5.5944279    0.9968525   -0.2465926  0.00    0.0020180    0.0005875    0.0004973
h     4.0499419    0.3486578    1.7804023  0.00   -0.0064603    0.0052493    0.0067035
h     4.1228662   -1.1969888    1.0822815  0.00   -0.0035733   -0.0119401   -0.0031469
h    -2.5434779    2.4554392    0.8420292  0.00   -0.0017119    0.0009203    0.0003115
h    -2.1295458    0.0597974    0.4032410  0.00   -0.0009321   -0.0008620    0.0000022
h    -0.6872546    4.0548907    0.7432104  0.00   -0.0005401    0.0021193    0.0002987
h     1.5754707    3.2866383    0.2110450  0.00    0.0009068    0.0009862   -0.0001226
h     2.4400061   -1.5028142   -0.8237831  0.00    0.0009418   -0.0029546   -0.0008799
o     5.3313845   -0.2422638   -2.6017742  0.00    0.0010159    0.0014425   -0.0052090
o     4.8901942   -2.0527431   -1.0847083  0.00   -0.0007824    0.0014705    0.0125415
h     5.0996909   -2.5547619   -1.9446172  0.00    0.0000508   -0.0047401   -0.0080172
    27
 Energy =       0.1842146796
c    -1.5323123    2.0322530    0.7157478  0.00   -0.0018261    0.0024911    0.0005581
c    -1.3042449    0.7197097    0.4173701  0.00   -0.0015989   -0.0013940    0.0000523
c    -0.0491618    0.3450335    0.0825662  0.00   -0.0004446   -0.0002137    0.0002490
c    -0.5079340    2.9368538    0.6669807  0.00   -0.0018566    0.0024027    0.0005691
c     0.7512884    2.5348030    0.3211800  0.00    0.0011127    0.0017063   -0.0000114
c     0.9597457    1.2188597    0.0336852  0.00    0.0001303   -0.0001833   -0.0001500
n     0.3841111   -0.9529357   -0.2995926  0.00    0.0009568   -0.0024065   -0.0005323
c     2.0844665    0.5810209   -0.3543237  0.00    0.0023353   -0.0005895    0.0006887
c     1.7676054   -0.7105740   -0.5887388  0.00    0.0007813   -0.0019476   -0.0005715
h    -0.1572470   -1.8467448   -0.3580072  0.00   -0.0005521   -0.0012787   -0.0000629
c     3.4348328    1.2342197   -0.6225658  0.00   -0.0022149   -0.0005964   -0.0011259
c     4.6833838    0.3847755   -0.2444428  0.00    0.0016183    0.0018406    0.0006815
h     3.5091431    2.1818252   -0.0440318  0.00    0.0005774    0.0026428    0.0022592
h     3.4791088    1.5170938   -1.7024188  0.00   -0.0005735    0.0012152   -0.0030168
c     5.0242999   -0.6628565   -1.3027057  0.00    0.0004736   -0.0009902   -0.0007737
n     4.5679196   -0.1719233    1.1223760  0.00    0.0084147    0.0012310   -0.0002194
h     5.5705465    1.0600557   -0.2617064  0.00    0.0011973    0.0003411    0.0004975
h     4.0433812    0.4841695    1.7545007  0.00   -0.0047085    0.0041603    0.0052215
h     4.0300005   -1.0785885    1.0972218  0.00   -0.0032842   -0.0085135   -0.0014030
h    -2.5344388    2.3617038    0.9863160  0.00   -0.0018221    0.0011183    0.0004374
h    -2.1081004   -0.0092425    0.4393057  0.00   -0.0005348   -0.0005082    0.0000046
h    -0.6994377    3.9840832    0.8986099  0.00   -0.0007583    0.0021961    0.0004157
h     1.5528435    3.2647019    0.2717267  0.00    0.0003742    0.0007587   -0.0001006
h     2.4389860   -1.4703297   -0.9825362  0.00    0.0011425   -0.0025549   -0.0008799
o     5.4306372   -0.2526770   -2.5706934  0.00    0.0013037    0.0013833   -0.0054794
o     4.9051752   -2.0248258   -1.0369720  0.00   -0.0009008    0.0012958    0.0093614
h     5.1674461   -2.5455511   -1.8696049  0.00    0.0006573   -0.0036067   -0.0066691
    27
 Energy =       0.1835493573
c    -1.5165263    1.9660853    0.8075490  0.00   -0.0016596    0.0028039    0.0007318
c    -1.2879035    0.6688341    0.4486441  0.00   -0.0013738   -0.0013953    0.0000225
c    -0.0404913    0.3178553    0.0632791  0.00   -0.0001095    0.0000171    0.0002192
c    -0.5002189    2.8795879    0.7684999  0.00   -0.0021651    0.0022989    0.0007545
c     0.7515409    2.5018918    0.3716325  0.00    0.0009080    0.0017149    0.0000730
c     0.9609610    1.2005976    0.0224788  0.00   -0.0001110   -0.0005403   -0.0002063
n     0.3898554   -0.9607100   -0.3832866  0.00    0.0012163   -0.0027297   -0.0007334
c     2.0776321    0.5860728   -0.4237888  0.00    0.0024646   -0.0010021    0.0005894
c     1.7629600   -0.6970060   -0.7003606  0.00    0.0008696   -0.0018381   -0.0007500
h    -0.1472886   -1.8551953   -0.4639680  0.00   -0.0004172   -0.0011252   -0.0000999
c     3.4210709    1.2476186   -0.7022406  0.00   -0.0023847   -0.0008529   -0.0011663
c     4.6694021    0.4301158   -0.2588387  0.00    0.0015801    0.0016636    0.0008006
h     3.4768482    2.2256443   -0.1755676  0.00    0.0007579    0.0028731    0.0021963
h     3.4809141    1.4750032   -1.7945741  0.00   -0.0005970    0.0011284   -0.0032488
c     5.0504127   -0.6534947   -1.2654138  0.00    0.0003827   -0.0012771    0.0002750
n     4.5220619   -0.0771752    1.1233339  0.00    0.0066346   -0.0000988    0.0003169
h     5.5486300    1.1151857   -0.2782397  0.00    0.0007757    0.0002455    0.0004912
h     4.0173665    0.6193301    1.7262172  0.00   -0.0036765    0.0035951    0.0044032
h     3.9493405   -0.9612272    1.1202447  0.00   -0.0028138   -0.0061122   -0.0004798
h    -2.5128812    2.2764630    1.1192981  0.00   -0.0018880    0.0012501    0.0005551
h    -2.0856867   -0.0666402    0.4629606  0.00   -0.0003292   -0.0003740   -0.0000088
h    -0.6923961    3.9148900    1.0491690  0.00   -0.0009079    0.0024101    0.0005725
h     1.5450318    3.2404054    0.3324819  0.00   -0.0000269    0.0007531   -0.0000298
h     2.4301917   -1.4346756   -1.1412893  0.00    0.0011447   -0.0023630   -0.0009612
o     5.5216345   -0.2860103   -2.5248059  0.00    0.0019115    0.0016728   -0.0065432
o     4.8976587   -2.0054391   -0.9671159  0.00   -0.0013411    0.0005377    0.0083529
h     5.2019237   -2.5530947   -1.7670520  0.00    0.0011554   -0.0032555   -0.0061267
    27
 Energy =       0.1828837106
c    -1.4924517    1.8982635    0.8962389  0.00   -0.0016280    0.0031470    0.0009612
c    -1.2674556    0.6188938    0.4752923  0.00   -0.0012858   -0.0015374   -0.0000304
c    -0.0299198    0.2922852    0.0395667  0.00    0.0001278    0.0000641    0.0001736
c    -0.4821605    2.8185433    0.8691197  0.00   -0.0024298    0.0023666    0.0009836
c     0.7599080    2.4657455    0.4216051  0.00    0.0007735    0.0019021    0.0001998
c     0.9656270    1.1821781    0.0085082  0.00   -0.0002541   -0.0008110   -0.0002555
n     0.3940856   -0.9645844   -0.4714543  0.00    0.0015025   -0.0030393   -0.0009891
c     2.0712429    0.5926693   -0.4962947  0.00    0.0026642   -0.0013424    0.0003368
c     1.7566312   -0.6801856   -0.8143944  0.00    0.0009654   -0.0018902   -0.0008859
h    -0.1408269   -1.8579439   -0.5757371  0.00   -0.0003700   -0.0011252   -0.0001507
c     3.4088706    1.2617251   -0.7801602  0.00   -0.0025527   -0.0009746   -0.0011886
c     4.6534182    0.4768770   -0.2722759  0.00    0.0016021    0.0018063    0.0006054
h     3.4445299    2.2669724   -0.3063947  0.00    0.0009196    0.0031164    0.0020554
h     3.4885678    1.4347279   -1.8813988  0.00   -0.0005967    0.0010117   -0.0035122
c     5.0658321   -0.6461029   -1.2215301  0.00    0.0003250   -0.0012701    0.0009651
n     4.4752283    0.0253513    1.1254175  0.00    0.0053952   -0.0014155    0.0012356
h     5.5270202    1.1686226   -0.2996155  0.00    0.0005252    0.0002565    0.0004654
h     3.9802154    0.7569825    1.6928337  0.00   -0.0030901    0.0033964    0.0039505
h     3.8793137   -0.8421359    1.1450095  0.00   -0.0023419   -0.0044533   -0.0000120
h    -2.4811801    2.1890462    1.2489939  0.00   -0.0019987    0.0013834    0.0007033
h    -2.0606014   -0.1215481    0.4808066  0.00   -0.0002142   -0.0003251   -0.0000274
h    -0.6715127    3.8396357    1.2004730  0.00   -0.0010490    0.0027147    0.0007803
h     1.5478270    3.2102966    0.3952520  0.00   -0.0003555    0.0008319    0.0000996
h     2.4182834   -1.3951785   -1.3000424  0.00    0.0011202   -0.0022545   -0.0011373
o     5.6001098   -0.3278652   -2.4698814  0.00    0.0025785    0.0019331   -0.0075744
o     4.8721326   -1.9849747   -0.8883223  0.00   -0.0018849   -0.0002771    0.0080601
h     5.2093094   -2.5633839   -1.6523683  0.00    0.0015523   -0.0032144   -0.0058123
    27
 Energy =       0.1821430725
c    -1.4612918    1.8213583    0.9830180  0.00   -0.0016331    0.0034108    0.0012175
c    -1.2424986    0.5633230    0.4983666  0.00   -0.0012677   -0.0016778   -0.0000829
c    -0.0170170    0.2641778    0.0114205  0.00    0.0003474    0.0000061    0.0000863
c    -0.4564680    2.7477993    0.9689358  0.00   -0.0026433    0.0024376    0.0012341
c     0.7737489    2.4228037    0.4700841  0.00    0.0007102    0.0020840    0.0003334
c     0.9726455    1.1609405   -0.0089916  0.00   -0.0003012   -0.0010327   -0.0002952
n     0.3989513   -0.9676326   -0.5644153  0.00    0.0017074   -0.0032359   -0.0012456
c     2.0647811    0.6004777   -0.5728373  0.00    0.0027962   -0.0016353   -0.0001417
c     1.7501496   -0.6607690   -0.9319286  0.00    0.0011343   -0.0019791   -0.0010024
h    -0.1343251   -1.8587596   -0.6932131  0.00   -0.0003494   -0.0011486   -0.0002035
c     3.3964583    1.2785318   -0.8575455  0.00   -0.0026446   -0.0009960   -0.0011779
c     4.6347538    0.5299273   -0.2849827  0.00    0.0015873    0.0020878    0.0002523
h     3.4083812    2.3079222   -0.4379443  0.00    0.0010102    0.0033158    0.0017822
h     3.5002885    1.3981021   -1.9640226  0.00   -0.0005790    0.0008330   -0.0036746
c     5.0727742   -0.6350577   -1.1700145  0.00    0.0002073   -0.0011721    0.0015510
n     4.4266321    0.1416479    1.1276776  0.00    0.0045089   -0.0025914    0.0023160
h     5.5039887    1.2264187   -0.3255855  0.00    0.0003568    0.0003490    0.0004275
h     3.9351330    0.9056267    1.6535370  0.00   -0.0027568    0.0034672    0.0036771
h     3.8147709   -0.7131585    1.1724584  0.00   -0.0019253   -0.0032824    0.0002306
h    -2.4406051    2.0900998    1.3775217  0.00   -0.0021166    0.0014852    0.0008748
h    -2.0311966   -0.1817772    0.4946715  0.00   -0.0001466   -0.0002968   -0.0000436
h    -0.6407495    3.7516693    1.3526048  0.00   -0.0011640    0.0029737    0.0010121
h     1.5575560    3.1718154    0.4577491  0.00   -0.0005983    0.0008933    0.0002712
h     2.4065630   -1.3517279   -1.4587955  0.00    0.0010600   -0.0020579   -0.0012900
o     5.6712851   -0.3724470   -2.4028468  0.00    0.0033536    0.0020993   -0.0085901
o     4.8312191   -1.9571094   -0.8009163  0.00   -0.0025838   -0.0009775    0.0080820
h     5.1961157   -2.5692898   -1.5247583  0.00    0.0019301   -0.0033594   -0.0056005
    27
 Energy =       0.1813201060
c    -1.4235901    1.7326029    1.0678585  0.00   -0.0016102    0.0034837    0.0014499
c    -1.2129660    0.4996471    0.5188218  0.00   -0.0012713   -0.0017258   -0.0001159
c    -0.0018409    0.2320588   -0.0199117  0.00    0.0005526   -0.0001050   -0.0000466
c    -0.4244414    2.6653273    1.0668966  0.00   -0.0027535    0.0023954    0.0014584
c     0.7916285    2.3720258    0.5161438  0.00    0.0007376    0.0021273    0.0004228
c     0.9812688    1.1360423   -0.0293693  0.00   -0.0002256   -0.0011815   -0.0003176
n     0.4051308   -0.9710630   -0.6600538  0.00    0.0017575   -0.0032242   -0.0014411
c     2.0579241    0.6093677   -0.6514653  0.00    0.0027359   -0.0017883   -0.0008002
c     1.7439575   -0.6391521   -1.0507337  0.00    0.0013277   -0.0020124   -0.0011029
h    -0.1265042   -1.8591856   -0.8136551  0.00   -0.0003264   -0.0011241   -0.0002441
c     3.3829079    1.2990042   -0.9327967  0.00   -0.0025095   -0.0008940   -0.0011004
c     4.6131811    0.5904154   -0.2977107  0.00    0.0014482    0.0023324   -0.0001851
h     3.3673068    2.3481543   -0.5659506  0.00    0.0009607    0.0032827    0.0013537
h     3.5143075    1.3687214   -2.0404928  0.00   -0.0005229    0.0005839   -0.0035246
c     5.0714809   -0.6167371   -1.1130543  0.00   -0.0000067   -0.0010365    0.0020113
n     4.3769763    0.2710813    1.1278868  0.00    0.0037784   -0.0033501    0.0032850
h     5.4791179    1.2897396   -0.3561043  0.00    0.0002406    0.0004818    0.0003626
h     3.8852030    1.0643798    1.6076010  0.00   -0.0025056    0.0035834    0.0033540
h     3.7544304   -0.5736783    1.2004940  0.00   -0.0015516   -0.0024603    0.0003289
h    -2.3915792    1.9760150    1.5047526  0.00   -0.0021895    0.0015100    0.0010430
h    -1.9967868   -0.2504184    0.5061314  0.00   -0.0001123   -0.0002612   -0.0000498
h    -0.6018901    3.6487141    1.5035553  0.00   -0.0012206    0.0030606    0.0012182
h     1.5722151    3.1244767    0.5176388  0.00   -0.0006964    0.0008581    0.0004289
h     2.3964025   -1.3050925   -1.6141158  0.00    0.0009773   -0.0017279   -0.0013093
o     5.7344062   -0.4138802   -2.3245086  0.00    0.0040363    0.0020388   -0.0091442
o     4.7777367   -1.9182795   -0.7094436  0.00   -0.0032521   -0.0013559    0.0079001
h     5.1660612   -2.5653743   -1.3891673  0.00    0.0022015   -0.0034908   -0.0052352
    27
 Energy =       0.1804933593
c    -1.3822442    1.6367113    1.1450188  0.00   -0.0014904    0.0032437    0.0015510
c    -1.1809219    0.4311786    0.5350866  0.00   -0.0012157   -0.0016172   -0.0001228
c     0.0143801    0.1977554   -0.0524070  0.00    0.0006831   -0.0002032   -0.0001849
c    -0.3891001    2.5759173    1.1562963  0.00   -0.0026439    0.0021526    0.0015496
c     0.8113117    2.3167930    0.5564753  0.00    0.0008214    0.0019370    0.0004190
c     0.9904202    1.1091265   -0.0510906  0.00   -0.0000467   -0.0011943   -0.0003218
n     0.4122175   -0.9747277   -0.7523779  0.00    0.0016137   -0.0029223   -0.0014858
c     2.0510420    0.6187918   -0.7260750  0.00    0.0023864   -0.0016632   -0.0013438
c     1.7383822   -0.6165845   -1.1630402  0.00    0.0013847   -0.0018893   -0.0011314
h    -0.1176789   -1.8593590   -0.9296629  0.00   -0.0002901   -0.0010175   -0.0002558
c     3.3688430    1.3219827   -1.0007467  0.00   -0.0021157   -0.0006794   -0.0009511
c     4.5900723    0.6542533   -0.3094765  0.00    0.0011768    0.0023863   -0.0005783
h     3.3241103    2.3852272   -0.6805447  0.00    0.0007551    0.0029037    0.0008837
h     3.5290549    1.3494670   -2.1060493  0.00   -0.0004187    0.0003271   -0.0030046
c     5.0630756   -0.5916935   -1.0542298  0.00   -0.0002788   -0.0008861    0.0022567
n     4.3289840    0.4046201    1.1255062  0.00    0.0031011   -0.0034507    0.0037834
h     5.4540802    1.3540017   -0.3881182  0.00    0.0001670    0.0005794    0.0002676
h     3.8357302    1.2231329    1.5582072  0.00   -0.0022357    0.0035062    0.0028622
h     3.6990102   -0.4313824    1.2269608  0.00   -0.0012424   -0.0019151    0.0003510
h    -2.3376060    1.8526002    1.6221617  0.00   -0.0021159    0.0014012    0.0011309
h    -1.9593989   -0.3241934    0.5140627  0.00   -0.0001014   -0.0002143   -0.0000434
h    -0.5586689    3.5367502    1.6430389  0.00   -0.0011672    0.0028553    0.0013040
h     1.5891579    3.0721003    0.5701950  0.00   -0.0006136    0.0007032    0.0004915
h     2.3883897   -1.2581440   -1.7568267  0.00    0.0008689   -0.0013287   -0.0011536
o     5.7869240   -0.4482745   -2.2389062  0.00    0.0043513    0.0017132   -0.0088579
o     4.7176395   -1.8704028   -0.6200283  0.00   -0.0035884   -0.0012975    0.0071776
h     5.1248376   -2.5507351   -1.2541825  0.00    0.0022553   -0.0034301   -0.0045929
    27
 Energy =       0.1797464554
c    -1.3387897    1.5337849    1.2146760  0.00   -0.0013022    0.0027927    0.0015374
c    -1.1471206    0.3579963    0.5468503  0.00   -0.0010944   -0.0014129   -0.0001199
c     0.0312481    0.1616372   -0.0860411  0.00    0.0007262   -0.0002556   -0.0002973
c    -0.3525531    2.4802323    1.2378486  0.00   -0.0023617    0.0017812    0.0015222
c     0.8309975    2.2582212    0.5919712  0.00    0.0009353    0.0015932    0.0003374
c     0.9994958    1.0808432   -0.0733788  0.00    0.0001681   -0.0010869   -0.0003295
n     0.4203023   -0.9782295   -0.8421300  0.00    0.0013624   -0.0024471   -0.0014168
c     2.0444073    0.6289494   -0.7955644  0.00    0.0018625   -0.0013026   -0.0016023
c     1.7336237   -0.5926024   -1.2692412  0.00    0.0012688   -0.0016470   -0.0010877
h    -0.1075384   -1.8589739   -1.0426769  0.00   -0.0002536   -0.0008750   -0.0002491
c     3.3545041    1.3474766   -1.0612481  0.00   -0.0015617   -0.0004263   -0.0007901
c     4.5663107    0.7202431   -0.3204143  0.00    0.0008209    0.0022734   -0.0008791
h     3.2800522    2.4199246   -0.7807051  0.00    0.0004803    0.0022865    0.0004812
h     3.5436764    1.3406137   -2.1616219  0.00   -0.0002858    0.0001146   -0.0022681
c     5.0488392   -0.5611601   -0.9941340  0.00   -0.0005671   -0.0006973    0.0023297
n     4.2839483    0.5405721    1.1205424  0.00    0.0024631   -0.0030005    0.0037909
h     5.4298944    1.4176912   -0.4213719  0.00    0.0001292    0.0006290    0.0001545
h     3.7917192    1.3818861    1.5067888  0.00   -0.0019497    0.0032011    0.0022453
h     3.6464734   -0.2853747    1.2519852  0.00   -0.0010354   -0.0015651    0.0003740
h    -2.2804444    1.7195895    1.7297761  0.00   -0.0019240    0.0011970    0.0011421
h    -1.9194361   -0.4033640    0.5175025  0.00   -0.0001056   -0.0001709   -0.0000302
h    -0.5138914    3.4165613    1.7720350  0.00   -0.0010316    0.0024514    0.0012846
h     1.6056795    3.0167444    0.6166031  0.00   -0.0004005    0.0004857    0.0004622
h     2.3821530   -1.2097247   -1.8897883  0.00    0.0007648   -0.0009745   -0.0009260
o     5.8305021   -0.4767554   -2.1467654  0.00    0.0043509    0.0012297   -0.0079563
o     4.6527651   -1.8149888   -0.5326407  0.00   -0.0036036   -0.0009545    0.0060805
h     5.0752258   -2.5268808   -1.1196098  0.00    0.0021446   -0.0032193   -0.0037897
    27
 Energy =       0.1791662427
c    -1.2964185    1.4234130    1.2748206  0.00   -0.0010102    0.0020511    0.0013179
c    -1.1128139    0.2795302    0.5526855  0.00   -0.0008626   -0.0010735   -0.0001000
c     0.0484826    0.1237387   -0.1206208  0.00    0.0006306   -0.0002321   -0.0003301
c    -0.3191635    2.3789546    1.3102952  0.00   -0.0018156    0.0012563    0.0012881
c     0.8472449    2.1977936    0.6228819  0.00    0.0009769    0.0010903    0.0001627
c     1.0075543    1.0519413   -0.0950313  0.00    0.0003361   -0.0007933   -0.0003152
n     0.4306328   -0.9814851   -0.9288127  0.00    0.0009716   -0.0017611   -0.0011600
c     2.0387262    0.6403393   -0.8573296  0.00    0.0011966   -0.0007309   -0.0013842
c     1.7311280   -0.5665998   -1.3676419  0.00    0.0009417   -0.0012365   -0.0009020
h    -0.0940772   -1.8582688   -1.1528031  0.00   -0.0002157   -0.0006874   -0.0002170
c     3.3404409    1.3762789   -1.1120015  0.00   -0.0008219   -0.0001745   -0.0006152
c     4.5438993    0.7869661   -0.3306302  0.00    0.0003602    0.0019007   -0.0010236
h     3.2367754    2.4533741   -0.8619585  0.00    0.0002086    0.0014124    0.0001910
h     3.5568324    1.3447044   -2.2060132  0.00   -0.0001377   -0.0000229   -0.0013085
c     5.0292127   -0.5265982   -0.9343157  0.00   -0.0007750   -0.0003844    0.0020920
n     4.2466853    0.6767666    1.1133825  0.00    0.0018160   -0.0019777    0.0030801
h     5.4089107    1.4785949   -0.4568209  0.00    0.0001353    0.0006162    0.0000254
h     3.7634152    1.5406392    1.4562441  0.00   -0.0015606    0.0025163    0.0014933
h     3.5979386   -0.1346064    1.2762141  0.00   -0.0009349   -0.0013223    0.0004208
h    -2.2239994    1.5759305    1.8243664  0.00   -0.0015393    0.0008667    0.0010046
h    -1.8773837   -0.4891897    0.5141522  0.00   -0.0001216   -0.0001373   -0.0000123
h    -0.4736014    3.2891212    1.8886178  0.00   -0.0007791    0.0017888    0.0010810
h     1.6168147    2.9613692    0.6575547  0.00   -0.0000824    0.0002409    0.0003329
h     2.3789552   -1.1580956   -2.0129773  0.00    0.0006202   -0.0006684   -0.0006644
o     5.8644030   -0.5008257   -2.0504046  0.00    0.0037942    0.0006696   -0.0062028
o     4.5838128   -1.7535327   -0.4481395  0.00   -0.0031221   -0.0004936    0.0044874
h     5.0176371   -2.4953411   -0.9864670  0.00    0.0017907   -0.0027134   -0.0027418
    27
 Energy =       0.1788290863
c    -1.2605486    1.3041510    1.3217450  0.00   -0.0006194    0.0010008    0.0008183
c    -1.0797197    0.1940108    0.5497999  0.00   -0.0005212   -0.0005980   -0.0000517
c     0.0662745    0.0833534   -0.1561650  0.00    0.0003399   -0.0001202   -0.0002157
c    -0.2963050    2.2723444    1.3716993  0.00   -0.0009560    0.0006387    0.0007890
c     0.8546040    2.1370145    0.6500635  0.00    0.0007411    0.0005140   -0.0000509
c     1.0133737    1.0230737   -0.1143029  0.00    0.0003386   -0.0003008   -0.0002183
n     0.4464453   -0.9849358   -1.0119177  0.00    0.0004188   -0.0009107   -0.0006658
c     2.0352194    0.6541058   -0.9080079  0.00    0.0005349   -0.0001067   -0.0006438
c     1.7342339   -0.5375327   -1.4558115  0.00    0.0004702   -0.0006528   -0.0005488
h    -0.0723845   -1.8583950   -1.2604638  0.00   -0.0001795   -0.0004620   -0.0001560
c     3.3273425    1.4106589   -1.1490522  0.00   -0.0000116    0.0000050   -0.0003924
c     4.5258491    0.8531471   -0.3397971  0.00   -0.0001038    0.0011375   -0.0009125
h     3.1958637    2.4881389   -0.9168627  0.00    0.0000313    0.0004430    0.0000375
h     3.5666566    1.3671564   -2.2368695  0.00    0.0000002   -0.0000632   -0.0002976
c     5.0045413   -0.4894919   -0.8772303  0.00   -0.0006775    0.0000418    0.0012780
n     4.2245569    0.8106472    1.1054011  0.00    0.0013355   -0.0006430    0.0015056
h     5.3945586    1.5341755   -0.4954534  0.00    0.0002006    0.0005098   -0.0000885
h     3.7644215    1.6993923    1.4111037  0.00   -0.0010183    0.0015575    0.0007818
h     3.5571338    0.0219950    1.3008848  0.00   -0.0009491   -0.0011609    0.0004573
h    -2.1752336    1.4192344    1.8999095  0.00   -0.0009135    0.0004140    0.0006481
h    -1.8336181   -0.5845375    0.4995734  0.00   -0.0001496   -0.0001316    0.0000023
h    -0.4483460    3.1552000    1.9898739  0.00   -0.0003962    0.0008877    0.0006371
h     1.6147341    2.9096010    0.6951853  0.00    0.0001974    0.0000998    0.0001169
h     2.3829094   -1.1005188   -2.1247771  0.00    0.0004020   -0.0004023   -0.0004128
o     5.8853206   -0.5221010   -1.9552331  0.00    0.0023340    0.0001689   -0.0033456
o     4.5123105   -1.6874323   -0.3672088  0.00   -0.0019297   -0.0001473    0.0023216
h     4.9518504   -2.4575426   -0.8568393  0.00    0.0010810   -0.0017188   -0.0013930
    27
 Energy =       0.1787448777
c    -1.2442177    1.2057839    1.3383917  0.00   -0.0001087   -0.0000003    0.0000771
c    -1.0577511    0.1232816    0.5312933  0.00   -0.0000642   -0.0001262   -0.0000440
c     0.0810116    0.0508443   -0.1890968  0.00   -0.0000749   -0.0000091    0.0000277
c    -0.2933727    2.1859970    1.4068171  0.00    0.0000489    0.0001398    0.0000769
c     0.8502569    2.0896690    0.6695411  0.00    0.0000440    0.0001153    0.0000345
c     1.0162843    1.0012331   -0.1274416  0.00    0.0000375    0.0000667   -0.0000019
n     0.4667503   -0.9862651   -1.0783147  0.00   -0.0000490   -0.0001249   -0.0000675
c     2.0367769    0.6680359   -0.9369585  0.00    0.0000748    0.0001360    0.0001102
c     1.7458344   -0.5105156   -1.5167365  0.00    0.0000102   -0.0000896   -0.0000887
h    -0.0441436   -1.8574666   -1.3493645  0.00   -0.0001034   -0.0001840   -0.0000567
c     3.3205614    1.4435695   -1.1615453  0.00    0.0001758    0.0000431    0.0000117
c     4.5173720    0.9018384   -0.3400392  0.00   -0.0000681    0.0000656   -0.0002046
h     3.1690403    2.5184976   -0.9308671  0.00    0.0000062   -0.0000238    0.0000167
h     3.5746471    1.4033433   -2.2457410  0.00    0.0000488   -0.0000076    0.0000359
c     4.9821813   -0.4612586   -0.8316886  0.00    0.0000626    0.0001267   -0.0001713
n     4.2206717    0.9087171    1.1049598  0.00    0.0004997    0.0000056   -0.0001463
h     5.3915132    1.5694017   -0.5199942  0.00    0.0001079    0.0001005   -0.0000527
h     3.7903094    1.8187542    1.3869146  0.00   -0.0002151    0.0004313    0.0001929
h     3.5326680    0.1452712    1.3244402  0.00   -0.0003763   -0.0004136    0.0001483
h    -2.1526776    1.2890762    1.9298621  0.00   -0.0000488    0.0000007    0.0000403
h    -1.8009765   -0.6642829    0.4658317  0.00   -0.0000856   -0.0001066   -0.0000177
h    -0.4501006    3.0468292    2.0526574  0.00    0.0000110    0.0000865    0.0000642
h     1.5993419    2.8719472    0.7279827  0.00    0.0000579    0.0001255   -0.0000150
h     2.3982718   -1.0476758   -2.2022819  0.00    0.0000728   -0.0001032   -0.0001031
o     5.8831143   -0.5388115   -1.8874580  0.00   -0.0000750   -0.0000219    0.0001731
o     4.4613623   -1.6351727   -0.2979459  0.00   -0.0000002   -0.0001438   -0.0000644
h     4.8973150   -2.4257290   -0.7539710  0.00    0.0000112   -0.0000889    0.0000244
    27
 Energy =       0.1787437748
c    -1.2435418    1.2035134    1.3381575  0.00   -0.0000007    0.0000003    0.0000005
c    -1.0570334    0.1222072    0.5296851  0.00   -0.0000002   -0.0000011   -0.0000005
c     0.0817981    0.0506018   -0.1905477  0.00   -0.0000003    0.0000004    0.0000003
c    -0.2925928    2.1833210    1.4082074  0.00    0.0000004    0.0000013    0.0000003
c     0.8511465    2.0878240    0.6711011  0.00   -0.0000001    0.0000014    0.0000008
c     1.0170534    1.0007157   -0.1275002  0.00   -0.0000001    0.0000001    0.0000000
n     0.4674288   -0.9850630   -1.0812665  0.00    0.0000005   -0.0000013   -0.0000011
c     2.0372803    0.6688403   -0.9377097  0.00    0.0000011    0.0000004    0.0000002
c     1.7463432   -0.5087023   -1.5191177  0.00    0.0000005   -0.0000011   -0.0000003
h    -0.0434605   -1.8557453   -1.3535003  0.00   -0.0000006   -0.0000012   -0.0000001
c     3.3207758    1.4447386   -1.1616543  0.00   -0.0000010   -0.0000001    0.0000001
c     4.5176029    0.9020618   -0.3406682  0.00   -0.0000052    0.0000009   -0.0000032
h     3.1692101    2.5195379   -0.9302770  0.00    0.0000002    0.0000002    0.0000002
h     3.5747159    1.4052612   -2.2459435  0.00    0.0000003    0.0000000   -0.0000002
c     4.9784252   -0.4630736   -0.8302023  0.00   -0.0000200    0.0000289    0.0000308
n     4.2229307    0.9128004    1.1046236  0.00    0.0000078    0.0000033    0.0000054
h     5.3929657    1.5670592   -0.5232323  0.00    0.0000054    0.0000048   -0.0000010
h     3.7954600    1.8243413    1.3849909  0.00   -0.0000058    0.0000077    0.0000045
h     3.5334383    0.1518748    1.3265414  0.00   -0.0000071   -0.0000095    0.0000019
h    -2.1521156    1.2861586    1.9294466  0.00   -0.0000002    0.0000002    0.0000001
h    -1.8003250   -0.6650246    0.4629573  0.00   -0.0000005   -0.0000007   -0.0000001
h    -0.4493492    3.0431737    2.0551920  0.00    0.0000000    0.0000011    0.0000005
h     1.6004107    2.8696658    0.7309300  0.00    0.0000004    0.0000011    0.0000001
h     2.3985599   -1.0445918   -2.2056600  0.00    0.0000011   -0.0000012   -0.0000000
o     5.8701994   -0.5450960   -1.8935988  0.00    0.0000649    0.0000097   -0.0000807
o     4.4617354   -1.6345280   -0.2872663  0.00   -0.0000541   -0.0000318    0.0000553
h     4.8929823   -2.4269594   -0.7444413  0.00    0.0000131   -0.0000141   -0.0000139
    27
 Energy =       0.1787437683
c    -1.2434224    1.2033197    1.3382443  0.00   -0.0000000    0.0000000    0.0000000
c    -1.0569713    0.1221107    0.5296307  0.00    0.0000000   -0.0000000   -0.0000000
c     0.0818247    0.0505739   -0.1906644  0.00   -0.0000000    0.0000000    0.0000000
c    -0.2924546    2.1831028    1.4083665  0.00   -0.0000000    0.0000000    0.0000000
c     0.8512469    2.0876775    0.6711924  0.00    0.0000000    0.0000000    0.0000000
c     1.0170990    1.0006633   -0.1275446  0.00    0.0000000   -0.0000000   -0.0000000
n     0.4673950   -0.9849865   -1.0815286  0.00    0.0000000   -0.0000000   -0.0000000
c     2.0372835    0.6688689   -0.9378378  0.00    0.0000000    0.0000000    0.0000000
c     1.7462991   -0.5085964   -1.5193761  0.00   -0.0000000   -0.0000000   -0.0000000
h    -0.0435244   -1.8556233   -1.3538484  0.00   -0.0000000   -0.0000000   -0.0000000
c     3.3207834    1.4447691   -1.1617496  0.00   -0.0000000    0.0000000   -0.0000000
c     4.5175865    0.9021119   -0.3407160  0.00   -0.0000000    0.0000000   -0.0000000
h     3.1691953    2.5195736   -0.9304072  0.00    0.0000000    0.0000000   -0.0000000
h     3.5747661    1.4052618   -2.2460271  0.00    0.0000000   -0.0000000   -0.0000000
c     4.9782400   -0.4631620   -0.8299954  0.00   -0.0000000    0.0000000    0.0000000
n     4.2229826    0.9131555    1.1045783  0.00    0.0000001   -0.0000000    0.0000000
h     5.3930096    1.5669746   -0.5234419  0.00    0.0000000    0.0000000   -0.0000000
h     3.7957657    1.8248492    1.3848109  0.00   -0.0000000    0.0000001    0.0000000
h     3.5333233    0.1524376    1.3266535  0.00   -0.0000001   -0.0000001    0.0000000
h    -2.1519657    1.2859068    1.9295881  0.00   -0.0000000    0.0000000    0.0000000
h    -1.8002789   -0.6650998    0.4628423  0.00   -0.0000000   -0.0000000   -0.0000000
h    -0.4491661    3.0428782    2.0554629  0.00   -0.0000000    0.0000000    0.0000000
h     1.6005255    2.8694997    0.7310728  0.00    0.0000000    0.0000000    0.0000000
h     2.3984766   -1.0444120   -2.2060117  0.00    0.0000000   -0.0000000   -0.0000000
o     5.8699721   -0.5455011   -1.8933274  0.00    0.0000000    0.0000000   -0.0000000
o     4.4614602   -1.6344354   -0.2868540  0.00   -0.0000000   -0.0000000    0.0000000
h     4.8925924   -2.4270057   -0.7438659  0.00    0.0000000   -0.0000000   -0.0000000
