$ufftopology
nxtnei12
    1     3
          2     4    20
    2     3
          1     3    21
    3     3
          2     6     7
    4     3
          1     5    22
    5     3
          4     6    23
    6     3
          3     5     8
    7     3
          3     9    10
    8     3
          6     9    11
    9     3
          7     8    24
   10     1
          7
   11     4
          8    12    13    14
   12     4
         11    15    16    17
   13     1
         11
   14     1
         11
   15     3
         12    25    26
   16     3
         12    18    19
   17     1
         12
   18     1
         16
   19     1
         16
   20     1
          1
   21     1
          2
   22     1
          4
   23     1
          5
   24     1
          9
   25     1
         15
   26     2
         15    27
   27     1
         26
nxtnei13
    1     4
          3    21     5    22
    2     4
          4    20     6     7
    3     6
          1    21     5     8     9    10
    4     4
          2    20     6    23
    5     4
          1    22     3     8
    6     6
          2     7     4    23     9    11
    7     4
          2     6     8    24
    8     7
          3     5     7    24    12    13    14
    9     4
          3    10     6    11
   10     2
          3     9
   11     5
          6     9    15    16    17
   12     7
          8    13    14    25    26    18    19
   13     3
          8    12    14
   14     3
          8    12    13
   15     4
         11    16    17    27
   16     3
         11    15    17
   17     3
         11    15    16
   18     2
         12    19
   19     2
         12    18
   20     2
          2     4
   21     2
          1     3
   22     2
          1     5
   23     2
          4     6
   24     2
          7     8
   25     2
         12    26
   26     2
         12    25
   27     1
         15
nxtnei14
    1     3
          6     7    23
    2     5
          5    22     8     9    10
    3     7
          4    20    23     9    11     8    24
    4     3
          3    21     8
    5     5
          2    20     7     9    11
    6    10
          1    21     9    10    22     7    24    12    13    14
    7     6
          1    21     5     8     6    11
    8     9
          2     7     4    23     3    10    15    16    17
    9     7
          2     6     3     5    12    13    14
   10     4
          2     6     8    24
   11     8
          3     5     7    24    25    26    18    19
   12     3
          6     9    27
   13     5
          6     9    15    16    17
   14     5
          6     9    15    16    17
   15     5
          8    13    14    18    19
   16     5
          8    13    14    25    26
   17     7
          8    13    14    25    26    18    19
   18     3
         11    15    17
   19     3
         11    15    17
   20     4
          3    21     5    22
   21     4
          4    20     6     7
   22     4
          2    20     6    23
   23     4
          1    22     3     8
   24     4
          3    10     6    11
   25     4
         11    16    17    27
   26     3
         11    16    17
   27     2
         12    25
connectivity (= bond)
                    28
     1     2   2.575789   2.000000
     1     4   2.583690   2.000000
     1    20   2.054073   1.000000
     2     3   2.550066   2.000000
     2    21   2.049710   1.000000
     3     6   2.521042   2.000000
     3     7   2.680647   1.000000
     4     5   2.577373   2.000000
     4    22   2.054553   1.000000
     5     6   2.568064   2.000000
     5    23   2.051849   1.000000
     6     8   2.539169   2.000000
     7     9   2.713000   1.000000
     7    10   1.975949   1.000000
     8     9   2.548981   2.000000
     8    11   2.878648   1.000000
     9    24   2.054486   1.000000
    11    12   2.928534   1.000000
    11    13   2.099762   1.000000
    11    14   2.103341   1.000000
    12    15   2.884435   1.000000
    12    16   2.784358   1.000000
    12    17   2.106481   1.000000
    15    25   2.627501   1.000000
    15    26   2.629942   1.000000
    16    18   1.982247   1.000000
    16    19   1.979208   1.000000
    26    27   1.912713   1.000000
angle
                    46
     1     2     3     2     118.30       1.00       4.00
     1     2    21     2     121.20       1.00       5.00
     1     4     5     2     120.34       2.00       8.00
     1     4    22     2     119.83       2.00       9.00
     2     1     4     2     120.25       1.00       2.00
     2     1    20     2     119.84       1.00       3.00
     2     3     6     2     121.89       4.00       6.00
     2     3     7     2     127.11       4.00       7.00
     3     2    21     2     120.50       4.00       5.00
     3     6     5     2     120.80       6.00      10.00
     3     6     8     2     109.51       6.00      12.00
     3     7     9     9     100.96       7.00      13.00
     3     7    10     9     129.51       7.00      14.00
     4     1    20     2     119.91       2.00       3.00
     4     5     6     2     118.42       8.00      10.00
     4     5    23     2     120.11       8.00      11.00
     5     4    22     2     119.83       8.00       9.00
     5     6     8     2     129.69      10.00      12.00
     6     3     7     2     110.99       6.00       7.00
     6     5    23     2     121.47      10.00      11.00
     6     8     9     2     107.80      12.00      15.00
     6     8    11     2     125.17      12.00      16.00
     7     9     8     2     110.74      13.00      15.00
     7     9    24     2     124.09      13.00      17.00
     8     9    24     2     125.17      15.00      17.00
     8    11    12     9     115.83      16.00      18.00
     8    11    13     9     108.32      16.00      19.00
     8    11    14     9     108.20      16.00      20.00
     9     7    10     9     129.53      13.00      14.00
     9     8    11     2     126.96      15.00      16.00
    11    12    15     9     113.38      18.00      21.00
    11    12    16     9     109.91      18.00      22.00
    11    12    17     9     107.45      18.00      23.00
    12    11    13     9     107.47      18.00      19.00
    12    11    14     9     109.50      18.00      20.00
    12    15    25     2     119.64      21.00      24.00
    12    15    26     2     121.44      21.00      25.00
    12    16    18     9     108.81      22.00      26.00
    12    16    19     9     108.97      22.00      27.00
    13    11    14     9     107.21      19.00      20.00
    15    12    16     9     112.19      21.00      22.00
    15    12    17     9     104.58      21.00      23.00
    15    26    27     9     108.90      25.00      28.00
    16    12    17     9     109.02      22.00      23.00
    18    16    19     9     106.02      26.00      27.00
    25    15    26     2     118.92      24.00      25.00
torsion
                    69
     4     1     2     3     1     3   0.19561480 120.25058999 118.29960281
     4     1     2    21     1     3 180.35354678 120.25058999 121.19792910
    20     1     2     3     1     3 179.97846991 119.83862786 118.29960281
    20     1     2    21     1     3   0.13640189 119.83862786 121.19792910
     2     1     4     5     2     3 359.92598112 120.25058999 120.34190398
     2     1     4    22     2     3 179.75971421 120.25058999 119.82758187
    20     1     4     5     2     3 180.14328237 119.91042644 120.34190398
    20     1     4    22     2     3 359.97701547 119.91042644 119.82758187
     1     2     3     6     4     3 359.92785717 118.29960281 121.89360744
     1     2     3     7     4     3 180.79776926 118.29960281 127.11347197
    21     2     3     6     4     3 179.77106641 120.50227783 121.89360744
    21     2     3     7     4     3   0.64097851 120.50227783 127.11347197
     2     3     6     5     6     3 359.82224541 121.89360744 120.79570294
     2     3     6     8     6     3 180.30899980 121.89360744 109.51100860
     7     3     6     5     6     3 179.07925409 110.98813172 120.79570294
     7     3     6     8     6     3 359.56600848 110.98813172 109.51100860
     2     3     7     9     7    22 179.01636421 127.11347197 100.95898172
     2     3     7    10     7    22 358.87530311 127.11347197 129.50946292
     6     3     7     9     7    22 359.80742450 110.98813172 100.95898172
     6     3     7    10     7    22 179.66636340 110.98813172 129.50946292
     1     4     5     6     8     3 359.82930250 120.34190398 118.41785938
     1     4     5    23     8     3 179.61289900 120.34190398 120.11094011
    22     4     5     6     8     3 179.99557393 119.83030594 118.41785938
    22     4     5    23     8     3 359.77917043 119.83030594 120.11094011
     4     5     6     3    10     3   0.29633990 118.41785938 120.79570294
     4     5     6     8    10     3 179.70009917 118.41785938 129.69111289
    23     5     6     3    10     3 180.51582608 121.47083597 120.79570294
    23     5     6     8    10     3 359.91958535 121.47083597 129.69111289
     3     6     8     9    12     3   0.91560992 109.51100860 107.79596300
     3     6     8    11    12     3 178.05177612 109.51100860 125.17003280
     5     6     8     9    12     3 181.45897988 129.69111289 107.79596300
     5     6     8    11    12     3 358.59514607 129.69111289 125.17003280
     3     7     9     8    13     2   0.75909219 100.95898172 110.73577511
     3     7     9    24    13    22 181.32185066 100.95898172 124.08879333
    10     7     9     8    13     2 180.90019783 129.53138483 110.73577511
    10     7     9    24    13    22   1.46295629 129.53138483 124.08879333
     6     8     9     7    15     3 358.94229901 107.79596300 110.73577511
     6     8     9    24    15     3 178.37213824 107.79596300 125.17281287
    11     8     9     7    15     3 181.87226714 126.96426707 110.73577511
    11     8     9    24    15     3   1.30210637 126.96426707 125.17281287
     6     8    11    12    16    22 163.78345016 125.17003280 115.82713581
     6     8    11    13    16    22  43.01462808 125.17003280 108.31669183
     6     8    11    14    16    22 287.11291280 125.17003280 108.19638551
     9     8    11    12    16    22 340.37012950 126.96426707 115.82713581
     9     8    11    13    16    22 219.60130742 126.96426707 108.31669183
     9     8    11    14    16    22 103.69959214 126.96426707 108.19638551
     8    11    12    15    18     1  78.28700842 115.82713581 113.38293251
     8    11    12    16    18     1 311.83563242 115.82713581 109.90968238
     8    11    12    17    18     1 193.33518235 115.82713581 107.44952978
    13    11    12    15    18     1 199.51008188 107.47149627 113.38293251
    13    11    12    16    18     1  73.05870587 107.47149627 109.90968238
    13    11    12    17    18     1 314.55825580 107.47149627 107.44952978
    14    11    12    15    18     1 315.64266218 109.49907598 113.38293251
    14    11    12    16    18     1 189.19128618 109.49907598 109.90968238
    14    11    12    17    18     1  70.69083611 109.49907598 107.44952978
    11    12    15    25    21    22 166.16383989 113.38293251 119.64161347
    11    12    15    26    21    22 346.68234153 113.38293251 121.43998448
    16    12    15    25    21    22 291.40308076 112.18506046 119.64161347
    16    12    15    26    21    22 111.92158240 112.18506046 121.43998448
    17    12    15    25    21    22  49.41853743 104.57913396 119.64161347
    17    12    15    26    21    22 229.93703906 104.57913396 121.43998448
    11    12    16    18    22     1 183.70362684 109.90968238 108.80773518
    11    12    16    19    22     1 298.87508735 109.90968238 108.97046413
    15    12    16    18    22     1  56.57936752 112.18506046 108.80773518
    15    12    16    19    22     1 171.75082803 112.18506046 108.97046413
    17    12    16    18    22     1 301.23210070 109.01913898 108.80773518
    17    12    16    19    22     1  56.40356122 109.01913898 108.97046413
    12    15    26    27    25     3 179.16746006 121.43998448 108.90093879
    25    15    26    27    25     3 359.68229489 118.91641453 108.90093879
inversion
                    11
     1     2     4    20    11    11    11    0.188    0.188    0.188
     2     1     3    21    11    11    11   -0.135   -0.139   -0.138
     3     2     6     7    11    11    11   -0.694   -0.739   -0.631
     4     1     5    22    11    11    11    0.144    0.143    0.143
     5     4     6    23    11    11    11    0.187    0.190    0.193
     6     3     5     8    11    11    11   -0.459   -0.418   -0.512
     7     3     9    10     9     9     9    0.109    0.138    0.139
     8     6     9    11    11    11    11    2.341    2.727    2.790
     9     7     8    24    11    11    11   -0.466   -0.526   -0.533
    15    12    25    26    10    10    11   -0.442   -0.451   -0.439
    16    12    18    19     9     9     9   58.857   58.950   57.449
nonbond
                   277
    1     6    5.105
    1     7    6.960
    1     8    7.613
    1     9    8.456
    1    10    8.023
    1    11    9.790
    1    12   12.385
    1    13    9.727
    1    14   10.198
    1    15   13.791
    1    16   12.635
    1    17   13.773
    1    18   14.586
    1    19   12.389
    1    23    6.338
    1    24   10.496
    1    25   16.372
    1    26   12.997
    1    27   14.641
    2     5    5.183
    2     8    6.559
    2     9    6.669
    2    10    5.500
    2    11    9.194
    2    12   11.451
    2    13    9.569
    2    14    9.809
    2    15   12.570
    2    16   11.453
    2    17   13.116
    2    18   13.316
    2    19   11.489
    2    22    6.333
    2    23    7.235
    2    24    8.612
    2    25   15.073
    2    26   11.672
    2    27   13.213
    3     4    5.086
    3    11    6.911
    3    12    8.988
    3    13    7.566
    3    14    7.689
    3    15   10.054
    3    16    9.033
    3    17   10.743
    3    18   10.882
    3    19    9.260
    3    20    6.271
    3    22    7.141
    3    23    6.296
    3    24    6.157
    3    25   12.537
    3    26    9.279
    3    27   10.876
    4     7    7.747
    4     8    6.867
    4     9    8.440
    4    10    9.254
    4    11    8.411
    4    12   11.201
    4    13    7.997
    4    14    8.666
    4    15   12.857
    4    16   11.771
    4    17   12.290
    4    18   13.753
    4    19   11.355
    4    21    6.346
    4    24   10.468
    4    25   15.445
    4    26   12.299
    4    27   14.053
    5     7    6.721
    5     9    6.631
    5    10    8.542
    5    11    5.850
    5    12    8.669
    5    13    5.483
    5    14    6.188
    5    15   10.399
    5    16    9.427
    5    17    9.723
    5    18   11.401
    5    19    9.097
    5    20    6.336
    5    21    7.233
    5    24    8.546
    5    25   12.965
    5    26   10.044
    5    27   11.865
    6    10    6.203
    6    12    7.302
    6    13    5.219
    6    14    5.553
    6    15    8.747
    6    16    7.793
    6    17    8.801
    6    18    9.748
    6    19    7.846
    6    20    7.159
    6    21    6.284
    6    22    6.291
    6    24    6.092
    6    25   11.314
    6    26    8.284
    6    27   10.077
    7    11    7.131
    7    12    8.434
    7    13    8.286
    7    14    8.086
    7    15    8.986
    7    16    8.146
    7    17   10.438
    7    18    9.745
    7    19    8.821
    7    20    8.676
    7    21    5.221
    7    22    9.800
    7    23    8.324
    7    25   11.238
    7    26    8.148
    7    27    9.524
    8    10    6.246
    8    15    6.271
    8    16    5.554
    8    17    6.638
    8    18    7.448
    8    19    6.020
    8    20    9.664
    8    21    8.130
    8    22    8.605
    8    23    5.265
    8    25    8.804
    8    26    6.089
    8    27    7.937
    9    12    5.773
    9    13    6.332
    9    14    5.980
    9    15    6.331
    9    16    5.735
    9    17    7.819
    9    18    7.342
    9    19    6.690
    9    20   10.403
    9    21    7.687
    9    22   10.380
    9    23    7.662
    9    25    8.625
    9    26    5.838
    9    27    7.393
   10    11    8.974
   10    12    9.972
   10    13   10.193
   10    14    9.913
   10    15   10.225
   10    16    9.431
   10    17   12.036
   10    18   10.822
   10    19   10.216
   10    20    9.462
   10    21    5.276
   10    22   11.300
   10    23   10.237
   10    24    5.125
   10    25   12.264
   10    26    9.262
   10    27   10.377
   11    18    6.400
   11    19    5.068
   11    20   11.823
   11    21   10.903
   11    22    9.739
   11    23    5.407
   11    24    5.499
   11    25    7.276
   11    26    5.466
   11    27    7.352
   12    20   14.434
   12    21   12.944
   12    22   12.584
   12    23    8.245
   12    24    5.345
   12    27    6.390
   13    15    6.568
   13    16    5.303
   13    17    4.468
   13    18    7.019
   13    19    4.877
   13    20   11.680
   13    21   11.422
   13    22    9.027
   13    23    4.546
   13    24    7.197
   13    25    8.726
   13    26    7.503
   13    27    9.358
   14    15    5.122
   14    16    6.481
   14    17    4.848
   14    18    7.986
   14    19    7.038
   14    20   12.170
   14    21   11.558
   14    22    9.816
   14    23    5.499
   14    24    6.600
   14    25    7.534
   14    26    5.087
   14    27    6.845
   15    18    5.049
   15    19    6.398
   15    20   15.831
   15    21   13.851
   15    22   14.356
   15    23   10.167
   15    24    5.235
   16    20   14.634
   16    21   12.735
   16    22   13.282
   16    23    9.338
   16    24    5.102
   16    25    5.914
   16    26    6.646
   16    27    8.069
   17    18    4.528
   17    19    4.502
   17    20   15.797
   17    21   14.730
   17    22   13.429
   17    23    8.880
   17    24    7.446
   17    25    5.053
   17    26    6.164
   17    27    7.516
   18    20   16.579
   18    21   14.499
   18    22   15.251
   18    23   11.241
   18    24    6.284
   18    25    5.308
   18    26    7.330
   18    27    8.397
   19    20   14.324
   19    21   12.879
   19    22   12.698
   19    23    8.852
   19    24    6.546
   19    25    7.609
   19    26    8.324
   19    27    9.867
   20    21    4.660
   20    22    4.630
   20    23    8.027
   20    24   12.422
   20    25   18.414
   20    26   14.967
   20    27   16.567
   21    22    8.042
   21    23    9.285
   21    24    9.428
   21    25   16.264
   21    26   12.820
   21    27   14.211
   22    23    4.629
   22    24   12.381
   22    25   16.920
   22    26   13.871
   22    27   15.629
   23    24    9.357
   23    25   12.637
   23    26   10.088
   23    27   11.929
   24    25    7.176
   24    26    4.916
   24    27    6.199
   25    27    4.547
qpartial
                    27
        -0.13574   -0.09624    0.16176   -0.13208   -0.13541    0.07122
        -0.54515    0.06260    0.05428    0.25537   -0.24524   -0.01889
         0.09141    0.16298    0.56168   -0.61259    0.12384    0.24375
         0.24677    0.12897    0.12046    0.13204    0.11085    0.21532
        -0.45334   -0.71405    0.34543
$end
