$ufftopology
nxtnei12
    1     3
          2     4    11
    2     3
          1     3     7
    3     3
          2     6    12
    4     3
          1     5    10
    5     3
          4     6    13
    6     3
          3     5     9
    7     2
          2     8
    8     1
          7
    9     1
          6
   10     1
          4
   11     1
          1
   12     1
          3
   13     4
          5    14    15    16
   14     4
         13    17    21    22
   15     1
         13
   16     1
         13
   17     3
         14    18    19
   18     1
         17
   19     2
         17    20
   20     1
         19
   21     3
         14    23    24
   22     1
         14
   23     1
         21
   24     1
         21
nxtnei13
    1     4
          3     7     5    10
    2     5
          4    11     6    12     8
    3     4
          1     7     5     9
    4     4
          2    11     6    13
    5     7
          1    10     3     9    14    15    16
    6     4
          2    12     4    13
    7     2
          1     3
    8     1
          2
    9     2
          3     5
   10     2
          1     5
   11     2
          2     4
   12     2
          2     6
   13     5
          4     6    17    21    22
   14     7
          5    15    16    18    19    23    24
   15     3
          5    14    16
   16     3
          5    14    15
   17     4
         13    21    22    20
   18     2
         14    19
   19     2
         14    18
   20     1
         17
   21     3
         13    17    22
   22     3
         13    17    21
   23     2
         14    24
   24     2
         14    23
nxtnei14
    1     4
          6    12     8    13
    2     3
          5    10     9
    3     4
          4    11     8    13
    4     6
          3     7     9    14    15    16
    5     6
          2    11    12    17    21    22
    6     6
          1     7    10    14    15    16
    7     4
          4    11     6    12
    8     2
          1     3
    9     4
          2    12     4    13
   10     4
          2    11     6    13
   11     4
          3     7     5    10
   12     4
          1     7     5     9
   13     8
          1    10     3     9    18    19    23    24
   14     3
          4     6    20
   15     5
          4     6    17    21    22
   16     5
          4     6    17    21    22
   17     5
          5    15    16    23    24
   18     4
         13    21    22    20
   19     3
         13    21    22
   20     2
         14    18
   21     5
          5    15    16    18    19
   22     7
          5    15    16    18    19    23    24
   23     3
         13    17    22
   24     3
         13    17    22
connectivity (= bond)
                    24
     1     2   2.555870   2.000000
     1     4   2.563664   2.000000
     1    11   2.049028   1.000000
     2     3   2.555905   2.000000
     2     7   2.628636   1.000000
     3     6   2.565248   2.000000
     3    12   2.050488   1.000000
     4     5   2.576648   2.000000
     4    10   2.053391   1.000000
     5     6   2.575898   2.000000
     5    13   2.865501   1.000000
     6     9   2.054525   1.000000
     7     8   1.915911   1.000000
    13    14   2.927220   1.000000
    13    15   2.104697   1.000000
    13    16   2.102139   1.000000
    14    17   2.876526   1.000000
    14    21   2.787481   1.000000
    14    22   2.104286   1.000000
    17    18   2.630255   1.000000
    17    19   2.626377   1.000000
    19    20   1.912243   1.000000
    21    23   1.981899   1.000000
    21    24   1.977859   1.000000
angle
                    38
     1     2     3     2     120.03       1.00       4.00
     1     2     7     2     119.99       1.00       5.00
     1     4     5     2     120.22       2.00       8.00
     1     4    10     2     119.20       2.00       9.00
     2     1     4     2     120.18       1.00       2.00
     2     1    11     2     119.28       1.00       3.00
     2     3     6     2     120.16       4.00       6.00
     2     3    12     2     119.31       4.00       7.00
     2     7     8     9     110.76       5.00      13.00
     3     2     7     2     119.97       4.00       5.00
     3     6     5     2     120.21       6.00      10.00
     3     6     9     2     119.28       6.00      12.00
     4     1    11     2     120.55       2.00       3.00
     4     5     6     2     119.20       8.00      10.00
     4     5    13     2     120.35       8.00      11.00
     5     4    10     2     120.58       8.00       9.00
     5     6     9     2     120.50      10.00      12.00
     5    13    14     9     113.52      11.00      14.00
     5    13    15     9     109.48      11.00      15.00
     5    13    16     9     109.89      11.00      16.00
     6     3    12     2     120.53       6.00       7.00
     6     5    13     2     120.45      10.00      11.00
    13    14    17     9     112.27      14.00      17.00
    13    14    21     9     111.39      14.00      18.00
    13    14    22     9     107.60      14.00      19.00
    14    13    15     9     109.22      14.00      15.00
    14    13    16     9     108.95      14.00      16.00
    14    17    18     2     121.32      17.00      20.00
    14    17    19     2     119.55      17.00      21.00
    14    21    23     9     110.15      18.00      23.00
    14    21    24     9     110.25      18.00      24.00
    15    13    16     9     105.46      15.00      16.00
    17    14    21     9     112.64      17.00      18.00
    17    14    22     9     104.61      17.00      19.00
    17    19    20     9     108.70      21.00      22.00
    18    17    19     2     118.96      20.00      21.00
    21    14    22     9     107.86      18.00      19.00
    23    21    24     9     107.77      23.00      24.00
torsion
                    55
     4     1     2     3     1     3 359.48489145 120.17689046 120.03348985
     4     1     2     7     1     3 179.84444107 120.17689046 119.99388788
    11     1     2     3     1     3 179.09389230 119.27662556 120.03348985
    11     1     2     7     1     3 359.45344193 119.27662556 119.99388788
     2     1     4     5     2     3   0.06890917 120.17689046 120.22087136
     2     1     4    10     2     3 179.78548934 120.17689046 119.20273083
    11     1     4     5     2     3 180.46492120 120.54531586 120.22087136
    11     1     4    10     2     3   0.18150137 120.54531586 119.20273083
     1     2     3     6     4     3   0.60250891 120.03348985 120.15509622
     1     2     3    12     4     3 181.09576129 120.03348985 119.30817168
     7     2     3     6     4     3 180.24303980 119.97164581 120.15509622
     7     2     3    12     4     3   0.73629218 119.97164581 119.30817168
     1     2     7     8     5     3 271.12988095 119.99388788 110.76156603
     3     2     7     8     5     3  91.48920655 119.97164581 110.76156603
     2     3     6     5     6     3 359.75596464 120.15509622 120.21086511
     2     3     6     9     6     3 180.43327994 120.15509622 119.28400746
    12     3     6     5     6     3 179.25659635 120.53487348 120.21086511
    12     3     6     9     6     3 359.93391164 120.53487348 119.28400746
     1     4     5     6     8     3   0.28626125 120.22087136 119.19989641
     1     4     5    13     8     3 179.64553254 120.22087136 120.34988980
    10     4     5     6     8     3 180.57361223 120.57578370 119.19989641
    10     4     5    13     8     3 359.93288352 120.57578370 120.34988980
     4     5     6     3    10     3 359.80100600 119.19989641 120.21086511
     4     5     6     9    10     3 179.11536467 119.19989641 120.50162523
    13     5     6     3    10     3 180.44237270 120.44708334 120.21086511
    13     5     6     9    10     3 359.75673136 120.44708334 120.50162523
     4     5    13    14    11    22 265.07324647 120.34988980 113.52137286
     4     5    13    15    11    22 142.73912620 120.34988980 109.48139205
     4     5    13    16    11    22  27.35516767 120.34988980 109.88816129
     6     5    13    14    11    22  84.42447174 120.44708334 113.52137286
     6     5    13    15    11    22 322.09035147 120.44708334 109.48139205
     6     5    13    16    11    22 206.70639294 120.44708334 109.88816129
     5    13    14    17    14     1 292.99161036 113.52137286 112.27408898
     5    13    14    21    14     1  60.38018000 113.52137286 111.39133928
     5    13    14    22    14     1 178.40938918 113.52137286 107.60441548
    15    13    14    17    14     1  55.46883790 109.22275205 112.27408898
    15    13    14    21    14     1 182.85740754 109.22275205 111.39133928
    15    13    14    22    14     1 300.88661672 109.22275205 107.60441548
    16    13    14    17    14     1 170.19117477 108.94965297 112.27408898
    16    13    14    21    14     1 297.57974441 108.94965297 111.39133928
    16    13    14    22    14     1  55.60895359 108.94965297 107.60441548
    13    14    17    18    17    22  90.33663181 112.27408898 121.31656252
    13    14    17    19    17    22 275.17219059 112.27408898 119.54863821
    21    14    17    18    17    22 323.61711389 112.64060797 121.31656252
    21    14    17    19    17    22 148.45267267 112.64060797 119.54863821
    22    14    17    18    17    22 206.73122553 104.61314271 121.31656252
    22    14    17    19    17    22  31.56678432 104.61314271 119.54863821
    13    14    21    23    18     1 290.41419148 111.39133928 110.15038423
    13    14    21    24    18     1  49.22720535 111.39133928 110.25121824
    17    14    21    23    18     1  57.60381310 112.64060797 110.15038423
    17    14    21    24    18     1 176.41682697 112.64060797 110.25121824
    22    14    21    23    18     1 172.54095462 107.86321447 110.15038423
    22    14    21    24    18     1 291.35396849 107.86321447 110.25121824
    14    17    19    20    21     3 180.41321907 119.54863821 108.70049349
    18    17    19    20    21     3   5.13446011 118.96143126 108.70049349
inversion
                     8
     1     2     4    11    11    11    11    0.341    0.338    0.342
     2     1     3     7    10    11    11   -0.311   -0.311   -0.311
     3     2     6    12    11    11    11   -0.430   -0.426   -0.432
     4     1     5    10    11    11    11    0.247    0.245    0.248
     5     4     6    13    11    11    11    0.553    0.559    0.560
     6     3     5     9    11    11    11   -0.591   -0.585   -0.593
    17    14    18    19    10    10    11   -4.205   -4.130   -4.106
    21    14    23    24     9     9     9   55.289   55.343   54.135
nonbond
                   214
    1     6    5.124
    1     8    5.383
    1     9    7.178
    1    12    6.278
    1    13    7.087
    1    14    8.687
    1    15    8.435
    1    16    7.517
    1    17    9.720
    1    18    9.241
    1    19   11.870
    1    20   12.707
    1    21    8.328
    1    22   10.558
    1    23    7.049
    1    24    8.253
    2     5    5.145
    2     9    6.291
    2    10    6.288
    2    13    8.011
    2    14    9.557
    2    15    8.940
    2    16    8.949
    2    17    9.882
    2    18    9.014
    2    19   11.797
    2    20   12.303
    2    21    9.623
    2    22   11.533
    2    23    8.207
    2    24    9.985
    3     4    5.124
    3     8    5.416
    3    10    7.177
    3    11    6.277
    3    13    7.089
    3    14    8.563
    3    15    7.567
    3    16    8.494
    3    17    8.341
    3    18    7.532
    3    19    9.905
    3    20   10.248
    3    21    9.269
    3    22   10.489
    3    23    8.059
    3    24    9.998
    4     7    6.841
    4     8    7.686
    4     9    6.319
    4    12    7.174
    4    14    6.453
    4    15    6.294
    4    16    4.988
    4    17    7.961
    4    18    8.080
    4    19   10.084
    4    20   11.201
    4    21    6.285
    4    22    8.180
    4    23    5.452
    4    24    6.064
    5     7    7.774
    5     8    8.639
    5    11    6.321
    5    12    6.323
    5    17    5.930
    5    18    6.388
    5    19    7.768
    5    20    8.883
    5    21    5.726
    5    22    6.605
    5    23    5.234
    5    24    6.081
    6     7    6.842
    6     8    7.710
    6    10    6.319
    6    11    7.173
    6    14    6.284
    6    15    5.065
    6    16    6.368
    6    17    6.195
    6    18    6.045
    6    19    7.663
    6    20    8.296
    6    21    7.492
    6    22    8.089
    6    23    6.712
    6    24    8.291
    7     9    8.482
    7    10    8.478
    7    11    4.897
    7    12    4.897
    7    13   10.639
    7    14   12.102
    7    15   11.518
    7    16   11.527
    7    17   12.249
    7    18   11.063
    7    19   14.139
    7    20   14.451
    7    21   11.985
    7    22   14.112
    7    23   10.405
    7    24   12.338
    8     9    9.282
    8    10    9.242
    8    11    5.596
    8    12    5.656
    8    13   11.459
    8    14   13.257
    8    15   12.147
    8    16   12.190
    8    17   13.531
    8    18   12.563
    8    19   15.275
    8    20   15.651
    8    21   13.327
    8    22   15.184
    8    23   11.882
    8    24   13.532
    9    10    8.035
    9    11    9.227
    9    12    4.612
    9    13    5.119
    9    14    6.329
    9    15    4.747
    9    16    7.026
    9    17    5.541
    9    18    5.620
    9    19    6.376
    9    20    6.813
    9    21    8.110
    9    22    7.880
    9    23    7.616
    9    24    9.168
   10    11    4.607
   10    12    9.227
   10    13    5.118
   10    14    6.635
   10    15    6.911
   10    16    4.586
   10    17    8.718
   10    18    9.146
   10    19   10.882
   10    20   12.204
   10    21    5.984
   10    22    8.053
   10    23    5.512
   10    24    5.133
   11    12    7.951
   11    13    8.736
   11    14   10.234
   11    15   10.213
   11    16    8.828
   11    17   11.475
   11    18   10.932
   11    19   13.731
   11    20   14.601
   11    21    9.459
   11    22   12.035
   11    23    8.140
   11    24    9.099
   12    13    8.740
   12    14   10.043
   12    15    8.911
   12    16   10.297
   12    17    9.321
   12    18    8.246
   12    19   10.566
   12    20   10.574
   12    21   10.917
   12    22   11.925
   12    23    9.676
   12    24   11.830
   13    18    6.412
   13    19    6.272
   13    20    7.838
   13    23    5.286
   13    24    4.988
   14    20    6.349
   15    17    5.218
   15    18    7.097
   15    19    5.781
   15    20    7.339
   15    21    6.518
   15    22    4.690
   15    23    7.174
   15    24    6.918
   16    17    6.600
   16    18    8.284
   16    19    7.971
   16    20    9.677
   16    21    5.226
   16    22    4.637
   16    23    6.085
   16    24    4.665
   17    23    5.116
   17    24    6.426
   18    20    4.543
   18    21    5.534
   18    22    6.338
   18    23    4.993
   18    24    7.422
   19    21    7.026
   19    22    4.853
   19    23    7.702
   19    24    8.574
   20    21    8.335
   20    22    6.667
   20    23    8.704
   20    24   10.052
   22    23    5.639
   22    24    4.659
qpartial
                    24
        -0.05107    0.23433   -0.09028   -0.08398    0.05572   -0.10378
        -0.68825    0.35133    0.13932    0.05040    0.15582    0.14275
        -0.22719   -0.01665    0.15139    0.11198    0.59719   -0.44303
        -0.67266    0.36477   -0.61198    0.14469    0.24477    0.24441
$end
