$ufftopology
nxtnei12
    1     3
          2     4    11
    2     3
          1     3     7
    3     3
          2     6    12
    4     3
          1     5    10
    5     3
          4     6    13
    6     3
          3     5     9
    7     2
          2     8
    8     1
          7
    9     1
          6
   10     1
          4
   11     1
          1
   12     1
          3
   13     4
          5    14    15    16
   14     4
         13    17    21    22
   15     1
         13
   16     1
         13
   17     3
         14    18    19
   18     1
         17
   19     2
         17    20
   20     1
         19
   21     3
         14    23    24
   22     1
         14
   23     1
         21
   24     1
         21
nxtnei13
    1     4
          3     7     5    10
    2     5
          4    11     6    12     8
    3     4
          1     7     5     9
    4     4
          2    11     6    13
    5     7
          1    10     3     9    14    15    16
    6     4
          2    12     4    13
    7     2
          1     3
    8     1
          2
    9     2
          3     5
   10     2
          1     5
   11     2
          2     4
   12     2
          2     6
   13     5
          4     6    17    21    22
   14     7
          5    15    16    18    19    23    24
   15     3
          5    14    16
   16     3
          5    14    15
   17     4
         13    21    22    20
   18     2
         14    19
   19     2
         14    18
   20     1
         17
   21     3
         13    17    22
   22     3
         13    17    21
   23     2
         14    24
   24     2
         14    23
nxtnei14
    1     4
          6    12     8    13
    2     3
          5    10     9
    3     4
          4    11     8    13
    4     6
          3     7     9    14    15    16
    5     6
          2    11    12    17    21    22
    6     6
          1     7    10    14    15    16
    7     4
          4    11     6    12
    8     2
          1     3
    9     4
          2    12     4    13
   10     4
          2    11     6    13
   11     4
          3     7     5    10
   12     4
          1     7     5     9
   13     8
          1    10     3     9    18    19    23    24
   14     3
          4     6    20
   15     5
          4     6    17    21    22
   16     5
          4     6    17    21    22
   17     5
          5    15    16    23    24
   18     4
         13    21    22    20
   19     3
         13    21    22
   20     2
         14    18
   21     5
          5    15    16    18    19
   22     7
          5    15    16    18    19    23    24
   23     3
         13    17    22
   24     3
         13    17    22
connectivity (= bond)
                    24
     1     2   2.555189   2.000000
     1     4   2.563202   2.000000
     1    11   2.048418   1.000000
     2     3   2.555423   2.000000
     2     7   2.629740   1.000000
     3     6   2.565182   2.000000
     3    12   2.050459   1.000000
     4     5   2.578058   2.000000
     4    10   2.052843   1.000000
     5     6   2.576586   2.000000
     5    13   2.870986   1.000000
     6     9   2.052578   1.000000
     7     8   1.915788   1.000000
    13    14   2.937312   1.000000
    13    15   2.103010   1.000000
    13    16   2.103159   1.000000
    14    17   2.876050   1.000000
    14    21   2.795434   1.000000
    14    22   2.108243   1.000000
    17    18   2.625217   1.000000
    17    19   2.627832   1.000000
    19    20   1.905610   1.000000
    21    23   1.974305   1.000000
    21    24   1.978550   1.000000
angle
                    38
     1     2     3     2     120.01       1.00       4.00
     1     2     7     2     120.00       1.00       5.00
     1     4     5     2     120.29       2.00       8.00
     1     4    10     2     119.03       2.00       9.00
     2     1     4     2     120.19       1.00       2.00
     2     1    11     2     119.27       1.00       3.00
     2     3     6     2     120.17       4.00       6.00
     2     3    12     2     119.31       4.00       7.00
     2     7     8     9     110.80       5.00      13.00
     3     2     7     2     120.00       4.00       5.00
     3     6     5     2     120.28       6.00      10.00
     3     6     9     2     119.05       6.00      12.00
     4     1    11     2     120.54       2.00       3.00
     4     5     6     2     119.06       8.00      10.00
     4     5    13     2     120.52       8.00      11.00
     5     4    10     2     120.68       8.00       9.00
     5     6     9     2     120.67      10.00      12.00
     5    13    14     9     114.11      11.00      14.00
     5    13    15     9     108.94      11.00      15.00
     5    13    16     9     110.00      11.00      16.00
     6     3    12     2     120.51       6.00       7.00
     6     5    13     2     120.42      10.00      11.00
    13    14    17     9     112.89      14.00      17.00
    13    14    21     9     112.02      14.00      18.00
    13    14    22     9     107.05      14.00      19.00
    14    13    15     9     109.40      14.00      15.00
    14    13    16     9     108.70      14.00      16.00
    14    17    18     2     121.40      17.00      20.00
    14    17    19     2     119.65      17.00      21.00
    14    21    23     9     113.03      18.00      23.00
    14    21    24     9     110.25      18.00      24.00
    15    13    16     9     105.31      15.00      16.00
    17    14    21     9     111.61      17.00      18.00
    17    14    22     9     103.76      17.00      19.00
    17    19    20     9     109.23      21.00      22.00
    18    17    19     2     118.82      20.00      21.00
    21    14    22     9     109.00      18.00      19.00
    23    21    24     9     106.98      23.00      24.00
torsion
                    55
     4     1     2     3     1     3 359.55859927 120.19228175 120.00571590
     4     1     2     7     1     3 179.68165837 120.19228175 119.99885609
    11     1     2     3     1     3 179.34189776 119.26559060 120.00571590
    11     1     2     7     1     3 359.46495687 119.26559060 119.99885609
     2     1     4     5     2     3   0.37885895 120.19228175 120.29208549
     2     1     4    10     2     3 180.43990289 120.19228175 119.02706231
    11     1     4     5     2     3 180.59835436 120.54176888 120.29208549
    11     1     4    10     2     3   0.65939831 120.54176888 119.02706231
     1     2     3     6     4     3   0.57365646 120.00571590 120.17206455
     1     2     3    12     4     3 180.91951980 120.00571590 119.31225995
     7     2     3     6     4     3 180.45060175 119.99531357 120.17206455
     7     2     3    12     4     3   0.79646509 119.99531357 119.31225995
     1     2     7     8     5     3 271.84066900 119.99885609 110.79631938
     3     2     7     8     5     3  91.96371520 119.99531357 110.79631938
     2     3     6     5     6     3 359.35592752 120.17206455 120.27638090
     2     3     6     9     6     3 179.94663548 120.17206455 119.05367543
    12     3     6     5     6     3 179.00586230 120.51476207 120.27638090
    12     3     6     9     6     3 359.59657026 120.51476207 119.05367543
     1     4     5     6     8     3 359.55769683 120.29208549 119.05735601
     1     4     5    13     8     3 180.29771413 120.29208549 120.51759343
    10     4     5     6     8     3 179.49563308 120.68082365 119.05735601
    10     4     5    13     8     3   0.23565039 120.68082365 120.51759343
     4     5     6     3    10     3   0.57422106 119.05735601 120.27638090
     4     5     6     9    10     3 179.97388350 119.05735601 120.66727108
    13     5     6     3    10     3 179.83493834 120.42087725 120.27638090
    13     5     6     9    10     3 359.23460078 120.42087725 120.66727108
     4     5    13    14    11    22 260.32076389 120.51759343 114.10851270
     4     5    13    15    11    22 137.74734752 120.51759343 108.94224232
     4     5    13    16    11    22  22.78174672 120.51759343 110.00095592
     6     5    13    14    11    22  81.07091212 120.42087725 114.10851270
     6     5    13    15    11    22 318.49749576 120.42087725 108.94224232
     6     5    13    16    11    22 203.53189495 120.42087725 110.00095592
     5    13    14    17    14     1 297.71761447 114.10851270 112.89023007
     5    13    14    21    14     1  64.73093331 114.10851270 112.02067320
     5    13    14    22    14     1 184.16072154 114.10851270 107.05452111
    15    13    14    17    14     1  60.03897815 109.40312354 112.89023007
    15    13    14    21    14     1 187.05229700 109.40312354 112.02067320
    15    13    14    22    14     1 306.48208523 109.40312354 107.05452111
    16    13    14    17    14     1 174.54927000 108.70227328 112.89023007
    16    13    14    21    14     1 301.56258885 108.70227328 112.02067320
    16    13    14    22    14     1  60.99237708 108.70227328 107.05452111
    13    14    17    18    17    22  89.17721273 112.89023007 121.39687602
    13    14    17    19    17    22 273.44503428 112.89023007 119.64943878
    21    14    17    18    17    22 321.94700731 111.61057058 121.39687602
    21    14    17    19    17    22 146.21482886 111.61057058 119.64943878
    22    14    17    18    17    22 204.72006873 103.76378423 121.39687602
    22    14    17    19    17    22  28.98789028 103.76378423 119.64943878
    13    14    21    23    18     1 357.90831863 112.02067320 113.02961137
    13    14    21    24    18     1 117.57871886 112.02067320 110.24527167
    17    14    21    23    18     1 125.60749525 111.61057058 113.02961137
    17    14    21    24    18     1 245.27789548 111.61057058 110.24527167
    22    14    21    23    18     1 239.62570784 108.99693450 113.02961137
    22    14    21    24    18     1 359.29610807 108.99693450 110.24527167
    14    17    19    20    21     3  77.19483251 119.64943878 109.22816491
    18    17    19    20    21     3 261.35253136 118.81908012 109.22816491
inversion
                     8
     1     2     4    11    11    11    11    0.189    0.187    0.190
     2     1     3     7    10    11    11   -0.107   -0.107   -0.107
     3     2     6    12    11    11    11   -0.302   -0.299   -0.303
     4     1     5    10    11    11    11   -0.053   -0.053   -0.054
     5     4     6    13    11    11    11   -0.638   -0.647   -0.646
     6     3     5     9    11    11    11   -0.516   -0.510   -0.518
    17    14    18    19    10    10    11   -3.708   -3.642   -3.613
    21    14    23    24     9     9     9   54.608   53.096   51.668
nonbond
                   214
    1     6    5.123
    1     8    5.375
    1     9    7.175
    1    12    6.277
    1    13    7.096
    1    14    8.788
    1    15    8.395
    1    16    7.511
    1    17    9.718
    1    18    9.205
    1    19   11.835
    1    20   11.556
    1    21    8.615
    1    22   10.672
    1    23    7.235
    1    24   10.327
    2     5    5.149
    2     9    6.286
    2    10    6.285
    2    13    8.020
    2    14    9.612
    2    15    8.921
    2    16    8.957
    2    17    9.828
    2    18    8.944
    2    19   11.690
    2    20   11.234
    2    21    9.858
    2    22   11.572
    2    23    8.855
    2    24   11.742
    3     4    5.122
    3     8    5.424
    3    10    7.175
    3    11    6.275
    3    13    7.096
    3    14    8.564
    3    15    7.573
    3    16    8.514
    3    17    8.239
    3    18    7.435
    3    19    9.743
    3    20    9.110
    3    21    9.422
    3    22   10.445
    3    23    8.896
    3    24   11.367
    4     7    6.841
    4     8    7.680
    4     9    6.319
    4    12    7.172
    4    14    6.563
    4    15    6.251
    4    16    4.975
    4    17    7.983
    4    18    8.063
    4    19   10.095
    4    20    9.886
    4    21    6.555
    4    22    8.309
    4    23    5.203
    4    24    8.175
    5     7    7.778
    5     8    8.644
    5    11    6.323
    5    12    6.324
    5    17    5.896
    5    18    6.337
    5    19    7.733
    5    20    7.357
    5    21    5.864
    5    22    6.620
    5    23    5.264
    5    24    7.609
    6     7    6.843
    6     8    7.714
    6    10    6.319
    6    11    7.171
    6    14    6.259
    6    15    5.087
    6    16    6.392
    6    17    6.090
    6    18    5.956
    6    19    7.523
    6    20    6.855
    6    21    7.590
    6    22    8.013
    6    23    7.348
    6    24    9.460
    7     9    8.477
    7    10    8.475
    7    11    4.896
    7    12    4.899
    7    13   10.649
    7    14   12.162
    7    15   11.498
    7    16   11.536
    7    17   12.192
    7    18   10.993
    7    19   14.014
    7    20   13.546
    7    21   12.237
    7    22   14.157
    7    23   11.171
    7    24   14.115
    8     9    9.279
    8    10    9.224
    8    11    5.580
    8    12    5.669
    8    13   11.464
    8    14   13.307
    8    15   12.105
    8    16   12.209
    8    17   13.464
    8    18   12.488
    8    19   15.135
    8    20   14.470
    8    21   13.574
    8    22   15.211
    8    23   12.440
    8    24   15.424
    9    10    8.038
    9    11    9.223
    9    12    4.603
    9    13    5.127
    9    14    6.251
    9    15    4.811
    9    16    7.063
    9    17    5.394
    9    18    5.524
    9    19    6.177
    9    20    5.224
    9    21    8.131
    9    22    7.721
    9    23    8.355
    9    24    9.897
   10    11    4.600
   10    12    9.225
   10    13    5.132
   10    14    6.798
   10    15    6.854
   10    16    4.552
   10    17    8.799
   10    18    9.172
   10    19   10.966
   10    20   10.915
   10    21    6.307
   10    22    8.272
   10    23    4.606
   10    24    7.555
   11    12    7.950
   11    13    8.745
   11    14   10.360
   11    15   10.161
   11    16    8.812
   11    17   11.496
   11    18   10.913
   11    19   13.721
   11    20   13.526
   11    21    9.786
   11    22   12.196
   11    23    8.160
   11    24   11.335
   12    13    8.744
   12    14   10.017
   12    15    8.929
   12    16   10.322
   12    17    9.187
   12    18    8.130
   12    19   10.350
   12    20    9.600
   12    21   11.038
   12    22   11.836
   12    23   10.708
   12    24   12.998
   13    18    6.417
   13    19    6.331
   13    20    6.083
   13    23    4.757
   13    24    6.044
   14    20    5.420
   15    17    5.321
   15    18    7.204
   15    19    5.928
   15    20    5.121
   15    21    6.542
   15    22    4.620
   15    23    6.812
   15    24    7.657
   16    17    6.624
   16    18    8.256
   16    19    8.068
   16    20    7.884
   16    21    5.196
   16    22    4.694
   16    23    4.739
   16    24    6.009
   17    23    6.125
   17    24    5.946
   18    20    5.496
   18    21    5.515
   18    22    6.330
   18    23    6.644
   18    24    7.060
   19    21    6.995
   19    22    4.807
   19    23    8.529
   19    24    7.865
   20    21    7.991
   20    22    5.533
   20    23    9.248
   20    24    9.020
   22    23    5.388
   22    24    4.169
qpartial
                    24
        -0.03784    0.23907   -0.08503   -0.06251    0.02921   -0.12553
        -0.68512    0.35125    0.12714    0.05141    0.15660    0.14386
        -0.27177   -0.02498    0.12757    0.13198    0.61038   -0.41130
        -0.68451    0.34344   -0.58468    0.17375    0.24918    0.23844
$end
