$ufftopology
nxtnei12
    1     3
          2     4    20
    2     3
          1     3    21
    3     3
          2     6     7
    4     3
          1     5    22
    5     3
          4     6    23
    6     3
          3     5     8
    7     3
          3     9    10
    8     3
          6     9    11
    9     3
          7     8    24
   10     1
          7
   11     4
          8    12    13    14
   12     4
         11    15    16    17
   13     1
         11
   14     1
         11
   15     3
         12    25    26
   16     3
         12    18    19
   17     1
         12
   18     1
         16
   19     1
         16
   20     1
          1
   21     1
          2
   22     1
          4
   23     1
          5
   24     1
          9
   25     1
         15
   26     2
         15    27
   27     1
         26
nxtnei13
    1     4
          3    21     5    22
    2     4
          4    20     6     7
    3     6
          1    21     5     8     9    10
    4     4
          2    20     6    23
    5     4
          1    22     3     8
    6     6
          2     7     4    23     9    11
    7     4
          2     6     8    24
    8     7
          3     5     7    24    12    13    14
    9     4
          3    10     6    11
   10     2
          3     9
   11     5
          6     9    15    16    17
   12     7
          8    13    14    25    26    18    19
   13     3
          8    12    14
   14     3
          8    12    13
   15     4
         11    16    17    27
   16     3
         11    15    17
   17     3
         11    15    16
   18     2
         12    19
   19     2
         12    18
   20     2
          2     4
   21     2
          1     3
   22     2
          1     5
   23     2
          4     6
   24     2
          7     8
   25     2
         12    26
   26     2
         12    25
   27     1
         15
nxtnei14
    1     3
          6     7    23
    2     5
          5    22     8     9    10
    3     7
          4    20    23     9    11     8    24
    4     3
          3    21     8
    5     5
          2    20     7     9    11
    6    10
          1    21     9    10    22     7    24    12    13    14
    7     6
          1    21     5     8     6    11
    8     9
          2     7     4    23     3    10    15    16    17
    9     7
          2     6     3     5    12    13    14
   10     4
          2     6     8    24
   11     8
          3     5     7    24    25    26    18    19
   12     3
          6     9    27
   13     5
          6     9    15    16    17
   14     5
          6     9    15    16    17
   15     5
          8    13    14    18    19
   16     5
          8    13    14    25    26
   17     7
          8    13    14    25    26    18    19
   18     3
         11    15    17
   19     3
         11    15    17
   20     4
          3    21     5    22
   21     4
          4    20     6     7
   22     4
          2    20     6    23
   23     4
          1    22     3     8
   24     4
          3    10     6    11
   25     4
         11    16    17    27
   26     3
         11    16    17
   27     2
         12    25
connectivity (= bond)
                    28
     1     2   2.575621   2.000000
     1     4   2.583637   2.000000
     1    20   2.054475   1.000000
     2     3   2.550226   2.000000
     2    21   2.049808   1.000000
     3     6   2.522548   2.000000
     3     7   2.683816   1.000000
     4     5   2.577458   2.000000
     4    22   2.055207   1.000000
     5     6   2.568648   2.000000
     5    23   2.050727   1.000000
     6     8   2.540957   2.000000
     7     9   2.707683   1.000000
     7    10   1.976303   1.000000
     8     9   2.541440   2.000000
     8    11   2.861597   1.000000
     9    24   2.055907   1.000000
    11    12   2.927147   1.000000
    11    13   2.104310   1.000000
    11    14   2.101348   1.000000
    12    15   2.867143   1.000000
    12    16   2.795129   1.000000
    12    17   2.109170   1.000000
    15    25   2.630987   1.000000
    15    26   2.627511   1.000000
    16    18   1.978793   1.000000
    16    19   1.975558   1.000000
    26    27   1.912091   1.000000
angle
                    46
     1     2     3     2     118.31       1.00       4.00
     1     2    21     2     121.20       1.00       5.00
     1     4     5     2     120.37       2.00       8.00
     1     4    22     2     119.84       2.00       9.00
     2     1     4     2     120.25       1.00       2.00
     2     1    20     2     119.84       1.00       3.00
     2     3     6     2     121.89       4.00       6.00
     2     3     7     2     127.08       4.00       7.00
     3     2    21     2     120.50       4.00       5.00
     3     6     5     2     120.77       6.00      10.00
     3     6     8     2     109.05       6.00      12.00
     3     7     9     9     101.06       7.00      13.00
     3     7    10     9     129.35       7.00      14.00
     4     1    20     2     119.91       2.00       3.00
     4     5     6     2     118.41       8.00      10.00
     4     5    23     2     119.87       8.00      11.00
     5     4    22     2     119.80       8.00       9.00
     5     6     8     2     130.18      10.00      12.00
     6     3     7     2     111.03       6.00       7.00
     6     5    23     2     121.72      10.00      11.00
     6     8     9     2     108.29      12.00      15.00
     6     8    11     2     127.52      12.00      16.00
     7     9     8     2     110.58      13.00      15.00
     7     9    24     2     124.37      13.00      17.00
     8     9    24     2     125.05      15.00      17.00
     8    11    12     9     112.01      16.00      18.00
     8    11    13     9     108.00      16.00      19.00
     8    11    14     9     111.64      16.00      20.00
     9     7    10     9     129.60      13.00      14.00
     9     8    11     2     124.18      15.00      16.00
    11    12    15     9     110.81      18.00      21.00
    11    12    16     9     111.52      18.00      22.00
    11    12    17     9     108.89      18.00      23.00
    12    11    13     9     109.53      18.00      19.00
    12    11    14     9     109.57      18.00      20.00
    12    15    25     2     120.83      21.00      24.00
    12    15    26     2     119.83      21.00      25.00
    12    16    18     9     109.62      22.00      26.00
    12    16    19     9     112.86      22.00      27.00
    13    11    14     9     105.89      19.00      20.00
    15    12    16     9     110.46      21.00      22.00
    15    12    17     9     104.73      21.00      23.00
    15    26    27     9     108.81      25.00      28.00
    16    12    17     9     110.22      22.00      23.00
    18    16    19     9     106.61      26.00      27.00
    25    15    26     2     119.32      24.00      25.00
torsion
                    69
     4     1     2     3     1     3 359.98812620 120.25351172 118.30524048
     4     1     2    21     1     3 179.98234987 120.25351172 121.19707302
    20     1     2     3     1     3 180.01335394 119.84142329 118.30524048
    20     1     2    21     1     3   0.00757761 119.84142329 121.19707302
     2     1     4     5     2     3   0.00426744 120.25351172 120.36606691
     2     1     4    22     2     3 180.02966466 120.25351172 119.83661198
    20     1     4     5     2     3 179.97902360 119.90506018 120.36606691
    20     1     4    22     2     3   0.00442082 119.90506018 119.83661198
     1     2     3     6     4     3 359.96937320 118.30524048 121.89139381
     1     2     3     7     4     3 180.06587911 118.30524048 127.08173852
    21     2     3     6     4     3 179.97510757 120.49768624 121.89139381
    21     2     3     7     4     3   0.07161348 120.49768624 127.08173852
     2     3     6     5     6     3   0.08117811 121.89139381 120.77357984
     2     3     6     8     6     3 180.08803744 121.89139381 109.04595521
     7     3     6     5     6     3 179.99869572 111.02680869 120.77357984
     7     3     6     8     6     3   0.00555505 111.02680869 109.04595521
     2     3     7     9     7    22 179.89965247 127.08173852 101.05785581
     2     3     7    10     7    22 359.98715755 127.08173852 129.34573919
     6     3     7     9     7    22 359.98743619 111.02680869 101.05785581
     6     3     7    10     7    22 180.07494128 111.02680869 129.34573919
     1     4     5     6     8     3   0.04398839 120.36606691 118.41015388
     1     4     5    23     8     3 179.98303284 120.36606691 119.87089907
    22     4     5     6     8     3 180.01860116 119.79731626 118.41015388
    22     4     5    23     8     3 359.95764561 119.79731626 119.87089907
     4     5     6     3    10     3 359.91381313 118.41015388 120.77357984
     4     5     6     8    10     3 179.90532662 118.41015388 130.18046451
    23     5     6     3    10     3 179.97595192 121.71891798 120.77357984
    23     5     6     8    10     3 359.96746541 121.71891798 130.18046451
     3     6     8     9    12     3   0.00475828 109.04595521 108.29405938
     3     6     8    11    12     3 179.30082527 109.04595521 127.51947801
     5     6     8     9    12     3 180.01247213 130.18046451 108.29405938
     5     6     8    11    12     3 359.30853913 130.18046451 127.51947801
     3     7     9     8    13     2   0.01546299 101.05785581 110.57531855
     3     7     9    24    13    22 179.97669226 101.05785581 124.37006949
    10     7     9     8    13     2 179.92764216 129.59633919 110.57531855
    10     7     9    24    13    22 359.88887143 129.59633919 124.37006949
     6     8     9     7    15     3 359.98679154 108.29405938 110.57531855
     6     8     9    24    15     3 180.02588450 108.29405938 125.05459957
    11     8     9     7    15     3 180.66170171 124.18252615 110.57531855
    11     8     9    24    15     3   0.70079466 124.18252615 125.05459957
     6     8    11    12    16    22 253.36808999 127.51947801 112.00519540
     6     8    11    13    16    22 132.68034994 127.51947801 107.99825093
     6     8    11    14    16    22  16.66143862 127.51947801 111.64049443
     9     8    11    12    16    22  72.56016180 124.18252615 112.00519540
     9     8    11    13    16    22 311.87242175 124.18252615 107.99825093
     9     8    11    14    16    22 195.85351044 124.18252615 111.64049443
     8    11    12    15    18     1 191.48462847 112.00519540 110.81032636
     8    11    12    16    18     1  67.99672961 112.00519540 111.51530439
     8    11    12    17    18     1 306.16077663 112.00519540 108.88614687
    13    11    12    15    18     1 311.28162305 109.52692090 110.81032636
    13    11    12    16    18     1 187.79372419 109.52692090 111.51530439
    13    11    12    17    18     1  65.95777121 109.52692090 108.88614687
    14    11    12    15    18     1  67.02925729 109.56558270 110.81032636
    14    11    12    16    18     1 303.54135843 109.56558270 111.51530439
    14    11    12    17    18     1 181.70540545 109.56558270 108.88614687
    11    12    15    25    21    22 305.79192985 110.81032636 120.82703084
    11    12    15    26    21    22 123.96099946 110.81032636 119.83287097
    16    12    15    25    21    22  69.88561195 110.45851129 120.82703084
    16    12    15    26    21    22 248.05468156 110.45851129 119.83287097
    17    12    15    25    21    22 188.53647393 104.72880204 120.82703084
    17    12    15    26    21    22   6.70554354 104.72880204 119.83287097
    11    12    16    18    22     1 236.44231688 111.51530439 109.61584705
    11    12    16    19    22     1 355.10693050 111.51530439 112.86053439
    15    12    16    18    22     1 112.75492608 110.45851129 109.61584705
    15    12    16    19    22     1 231.41953970 110.45851129 112.86053439
    17    12    16    18    22     1 357.50453846 110.21850852 109.61584705
    17    12    16    19    22     1 116.16915209 110.21850852 112.86053439
    12    15    26    27    25     3 179.14093153 119.83287097 108.81441679
    25    15    26    27    25     3 357.33777439 119.31510448 108.81441679
inversion
                    11
     1     2     4    20    11    11    11   -0.022   -0.022   -0.022
     2     1     3    21    11    11    11    0.005    0.005    0.005
     3     2     6     7    11    11    11   -0.077   -0.082   -0.070
     4     1     5    22    11    11    11   -0.022   -0.022   -0.022
     5     4     6    23    11    11    11    0.053    0.054    0.055
     6     3     5     8    11    11    11   -0.006   -0.006   -0.007
     7     3     9    10     9     9     9   -0.068   -0.086   -0.086
     8     6     9    11    11    11    11    0.558    0.668    0.641
     9     7     8    24    11    11    11    0.032    0.036    0.037
    15    12    25    26    10    10    11    1.588    1.572    1.564
    16    12    18    19     9     9     9   53.952   55.743   52.635
nonbond
                   277
    1     6    5.106
    1     7    6.963
    1     8    7.613
    1     9    8.460
    1    10    8.021
    1    11    9.851
    1    12   11.488
    1    13   11.262
    1    14    9.705
    1    15   14.073
    1    16   10.788
    1    17   12.102
    1    18   11.130
    1    19    9.041
    1    23    6.334
    1    24   10.503
    1    25   14.688
    1    26   16.219
    1    27   17.742
    2     5    5.184
    2     8    6.553
    2     9    6.670
    2    10    5.498
    2    11    9.215
    2    12   10.813
    2    13   10.420
    2    14    9.608
    2    15   13.541
    2    16   10.511
    2    17   11.009
    2    18   10.619
    2    19    9.064
    2    22    6.333
    2    23    7.235
    2    24    8.617
    2    25   14.556
    2    26   15.413
    2    27   17.068
    3     4    5.087
    3    11    6.909
    3    12    8.542
    3    13    8.025
    3    14    7.628
    3    15   11.256
    3    16    8.655
    3    17    8.632
    3    18    8.850
    3    19    7.472
    3    20    6.271
    3    22    7.142
    3    23    6.299
    3    24    6.162
    3    25   12.438
    3    26   13.022
    3    27   14.694
    4     7    7.751
    4     8    6.873
    4     9    8.447
    4    10    9.254
    4    11    8.505
    4    12   10.167
    4    13   10.056
    4    14    7.907
    4    15   12.511
    4    16    9.338
    4    17   11.184
    4    18   10.046
    4    19    7.459
    4    21    6.346
    4    24   10.476
    4    25   12.773
    4    26   14.857
    4    27   16.221
    5     7    6.726
    5     9    6.641
    5    10    8.545
    5    11    5.949
    5    12    7.719
    5    13    7.553
    5    14    5.369
    5    15   10.002
    5    16    7.210
    5    17    8.852
    5    18    8.169
    5    19    5.458
    5    20    6.337
    5    21    7.234
    5    24    8.555
    5    25   10.314
    5    26   12.355
    5    27   13.701
    6    10    6.207
    6    12    6.699
    6    13    6.256
    6    14    5.216
    6    15    9.269
    6    16    6.806
    6    17    7.308
    6    18    7.469
    6    19    5.504
    6    20    7.160
    6    21    6.286
    6    22    6.292
    6    24    6.099
    6    25   10.158
    6    26   11.309
    6    27   12.850
    7    11    7.075
    7    12    8.442
    7    13    7.723
    7    14    8.410
    7    15   11.090
    7    16    9.130
    7    17    7.916
    7    18    9.058
    7    19    8.481
    7    20    8.679
    7    21    5.222
    7    22    9.804
    7    23    8.334
    7    25   12.694
    7    26   12.395
    7    27   14.161
    8    10    6.233
    8    15    7.303
    8    16    5.820
    8    17    5.167
    8    18    6.558
    8    19    5.227
    8    20    9.664
    8    21    8.121
    8    22    8.615
    8    23    5.290
    8    25    8.537
    8    26    9.109
    8    27   10.696
    9    12    6.114
    9    13    5.216
    9    14    6.464
    9    15    8.581
    9    16    7.399
    9    17    5.553
    9    18    7.586
    9    19    7.153
    9    20   10.406
    9    21    7.685
    9    22   10.389
    9    23    7.681
    9    25   10.271
    9    26    9.810
    9    27   11.540
   10    11    8.907
   10    12   10.102
   10    13    9.373
   10    14   10.340
   10    15   12.709
   10    16   10.815
   10    17    9.294
   10    18   10.515
   10    19   10.269
   10    20    9.460
   10    21    5.271
   10    22   11.300
   10    23   10.245
   10    24    5.131
   10    25   14.462
   10    26   13.773
   10    27   15.577
   11    18    6.087
   11    19    4.727
   11    20   11.888
   11    21   10.907
   11    22    9.853
   11    23    5.552
   11    24    5.374
   11    25    5.743
   11    26    6.844
   11    27    8.210
   12    20   13.480
   12    21   12.409
   12    22   11.424
   12    23    7.209
   12    24    6.230
   12    27    6.346
   13    15    5.071
   13    16    6.526
   13    17    4.826
   13    18    7.793
   13    19    6.788
   13    20   13.297
   13    21   11.971
   13    22   11.437
   13    23    7.194
   13    24    5.208
   13    25    5.985
   13    26    6.669
   13    27    7.870
   14    15    5.346
   14    16    5.164
   14    17    5.866
   14    18    6.902
   14    19    4.706
   14    20   11.654
   14    21   11.488
   14    22    8.894
   14    23    4.324
   14    24    7.343
   14    25    5.328
   14    26    7.791
   14    27    8.831
   15    18    5.871
   15    19    6.121
   15    20   16.058
   15    21   15.185
   15    22   13.545
   15    23    9.066
   15    24    8.310
   16    20   12.620
   16    21   12.171
   16    22   10.344
   16    23    6.621
   16    24    8.022
   16    25    5.904
   16    26    6.561
   16    27    7.970
   17    18    4.191
   17    19    5.369
   17    20   14.093
   17    21   12.346
   17    22   12.663
   17    23    8.748
   17    24    5.135
   17    25    6.400
   17    26    4.723
   17    27    6.593
   18    20   12.884
   18    21   12.061
   18    22   11.174
   18    23    7.970
   18    24    8.084
   18    25    7.540
   18    26    7.185
   18    27    8.747
   19    20   10.823
   19    21   10.840
   19    22    8.387
   19    23    4.900
   19    24    8.252
   19    25    6.909
   19    26    8.302
   19    27    9.663
   20    21    4.660
   20    22    4.630
   20    23    8.022
   20    24   12.429
   20    25   16.604
   20    26   18.225
   20    27   19.741
   21    22    8.043
   21    23    9.285
   21    24    9.432
   21    25   16.369
   21    26   16.890
   21    27   18.611
   22    23    4.620
   22    24   12.390
   22    25   13.471
   22    26   16.009
   22    27   17.238
   23    24    9.375
   23    25    8.929
   23    26   11.587
   23    27   12.726
   24    25   10.272
   24    26    9.017
   24    27   10.749
   25    27    4.559
qpartial
                    27
        -0.13563   -0.09897    0.17211   -0.12886   -0.13562    0.09173
        -0.52830   -0.00338   -0.02036    0.25659   -0.28598   -0.02543
         0.12934    0.17592    0.58395   -0.58797    0.17931    0.24664
         0.23989    0.13420    0.12206    0.14142    0.10977    0.14466
        -0.43767   -0.68335    0.34394
$end
