    24
 Energy =       0.2064191973
c     1.6703672    2.6182922    0.2614132  0.00    0.0451926    0.0678599    0.0348322
c     0.3248649    2.9356558    0.1418766  0.00   -0.0082662    0.1018533    0.0388405
c    -0.5827484    1.9945952   -0.3219261  0.00   -0.0874245    0.0437942   -0.0027311
c     2.1038063    1.3347474   -0.0833024  0.00    0.0668457   -0.0107409    0.0072589
c     1.2047783    0.3610782   -0.5608861  0.00    0.0117852   -0.1010521   -0.0391797
c    -0.1441045    0.7159142   -0.6796715  0.00   -0.0274322   -0.0725883   -0.0869659
o    -0.1504797    4.1703171    0.4675790  0.00   -0.0614231   -0.0488734    0.0183231
h    -0.7850651    4.0755150    1.1967033  0.00    0.0569049   -0.0069543   -0.0484456
h    -0.8895274    0.0262790   -1.0546636  0.00    0.0193769   -0.0002311   -0.0559299
h     3.1621727    1.0964802    0.0165124  0.00    0.0026642   -0.0003458   -0.0002896
h     2.3926004    3.3457758    0.6178375  0.00    0.0096603   -0.0073874   -0.0004052
h    -1.6336796    2.2563998   -0.4108671  0.00   -0.0028268   -0.0008204    0.0026854
c     1.7669373   -1.0073413   -0.8964724  0.00   -0.0331478    0.0283062   -0.0033919
c     0.8861134   -2.0194266   -1.6556448  0.00    0.0474689   -0.0486738    0.0834376
h     2.1212937   -1.4658931    0.0371405  0.00   -0.0011144    0.0106179   -0.0089364
h     2.6645729   -0.8285312   -1.5058794  0.00   -0.0114762    0.0072589    0.0120822
c     0.2877588   -1.3395944   -2.9073099  0.00   -0.1339136    0.3272547   -0.0801233
o    -0.0664180   -0.1744118   -2.9918994  0.00    0.0806851   -0.2435903    0.1347735
o     0.1608327   -2.2305444   -3.9280651  0.00    0.2021776   -0.2173846    0.1973622
h    -0.8152750   -2.3380565   -4.0597500  0.00    0.0315582   -0.0012529    0.0277788
n     1.5974427   -3.2508470   -2.1301054  0.00   -0.0580359   -0.0678837   -0.1116186
h     0.0358579   -2.3311629   -1.0380560  0.00    0.0157596   -0.0085213   -0.0170763
h     1.2905400   -4.0382287   -1.5473940  0.00    0.0021516    0.0274859   -0.0197864
h     1.2573657   -3.4835548   -3.0659095  0.00   -0.1671699    0.2218692   -0.0824947
    24
 Energy =       0.1642694099
c     1.6328171    2.5908417    0.2507431  0.00    0.0322097    0.0482544    0.0251365
c     0.2988447    2.9027552    0.1115443  0.00   -0.0040754    0.0637073    0.0287262
c    -0.6027619    1.9439267   -0.2985582  0.00   -0.0630157    0.0299256   -0.0014029
c     2.0712279    1.3117923   -0.0498834  0.00    0.0485475   -0.0087233    0.0048264
c     1.1851503    0.3369900   -0.5081823  0.00    0.0084642   -0.0730712   -0.0288943
c    -0.1603627    0.6670497   -0.6200452  0.00   -0.0202675   -0.0534247   -0.0627420
o    -0.1479853    4.1901004    0.3088259  0.00   -0.0363015   -0.0240969    0.0007069
h    -0.7606709    4.2258764    1.0880121  0.00    0.0312220   -0.0039095   -0.0225691
h    -0.8827499   -0.0431954   -1.0117731  0.00    0.0149863   -0.0025783   -0.0432717
h     3.1314716    1.0846916    0.0507107  0.00    0.0019966   -0.0003165   -0.0002161
h     2.3481749    3.3460737    0.5632475  0.00    0.0075990   -0.0040980    0.0000426
h    -1.6497209    2.2078894   -0.4173968  0.00   -0.0024217   -0.0001083    0.0021073
c     1.7518994   -1.0275397   -0.8426677  0.00   -0.0250385    0.0220302   -0.0028131
c     0.8921791   -1.9915260   -1.6817577  0.00    0.0329213   -0.0348220    0.0586045
h     2.0262159   -1.5236721    0.1062933  0.00   -0.0001030    0.0063237   -0.0030361
h     2.6974947   -0.8622581   -1.3926861  0.00   -0.0057641    0.0058788    0.0075871
c     0.3371906   -1.3086115   -2.9437778  0.00   -0.0975681    0.2374021   -0.0592055
o    -0.0223362   -0.0928599   -3.0179313  0.00    0.0580217   -0.1738569    0.0998983
o     0.1690467   -2.1996136   -3.9732552  0.00    0.1650440   -0.1666491    0.1473438
h    -0.8181487   -2.3769501   -4.0153762  0.00    0.0116674   -0.0024904    0.0209543
n     1.6450666   -3.1959855   -2.1250675  0.00   -0.0409175   -0.0462611   -0.0829444
h     0.0126241   -2.3217615   -1.1042085  0.00    0.0097512   -0.0061008   -0.0118095
h     1.3980599   -3.9893091   -1.5096713  0.00    0.0015387    0.0168103   -0.0121377
h     1.3072804   -3.4512472   -3.0658787  0.00   -0.1284969    0.1701745   -0.0648914
    24
 Energy =       0.1527284250
c     1.5959822    2.5803720    0.2938478  0.00    0.0285215    0.0429129    0.0221783
c     0.2589481    2.8725412    0.1697178  0.00   -0.0024759    0.0540157    0.0246644
c    -0.6236483    1.9138294   -0.2728089  0.00   -0.0559450    0.0261845   -0.0014788
c     2.0541993    1.3193555   -0.0387086  0.00    0.0433034   -0.0081479    0.0042752
c     1.1849738    0.3441274   -0.5172146  0.00    0.0069335   -0.0645777   -0.0255031
c    -0.1630712    0.6547064   -0.6248715  0.00   -0.0180457   -0.0482406   -0.0559331
o    -0.2153531    4.1397736    0.4460398  0.00   -0.0312431   -0.0168713   -0.0014693
h    -0.8089565    4.1121329    1.2467653  0.00    0.0253188   -0.0036510   -0.0166474
h    -0.8740984   -0.0574029   -1.0341801  0.00    0.0132956   -0.0026577   -0.0386489
h     3.1180677    1.1067394    0.0552618  0.00    0.0019195   -0.0003705   -0.0001854
h     2.2956440    3.3383260    0.6347840  0.00    0.0069379   -0.0031174    0.0002333
h    -1.6753639    2.1636501   -0.3800463  0.00   -0.0023263    0.0000867    0.0018813
c     1.7778884   -0.9984668   -0.8971303  0.00   -0.0229040    0.0188738   -0.0029224
c     0.9112845   -1.9657537   -1.7225443  0.00    0.0289726   -0.0306989    0.0519801
h     2.0990904   -1.5078389    0.0321629  0.00    0.0003224    0.0048545   -0.0016809
h     2.6993665   -0.7977816   -1.4802093  0.00   -0.0039812    0.0053519    0.0058421
c     0.3539739   -1.2924973   -2.9863509  0.00   -0.0867248    0.2105612   -0.0525083
o    -0.0062935   -0.0620620   -3.0601281  0.00    0.0514434   -0.1538741    0.0889789
o     0.1878237   -2.1796476   -4.0232818  0.00    0.1510541   -0.1484236    0.1311395
h    -0.7925262   -2.4103420   -4.0299488  0.00    0.0068737   -0.0028090    0.0187642
n     1.6725075   -3.1662777   -2.1529134  0.00   -0.0362435   -0.0408096   -0.0736291
h     0.0357796   -2.2941622   -1.1355711  0.00    0.0085912   -0.0053942   -0.0104436
h     1.4362149   -3.9568669   -1.5273191  0.00    0.0013600    0.0147632   -0.0106505
h     1.3375739   -3.4329971   -3.0940924  0.00   -0.1149580    0.1520391   -0.0582366
    24
 Energy =       0.1421726079
c     1.5060947    2.5709338    0.3504701  0.00    0.0247598    0.0375110    0.0191368
c     0.1650767    2.8285043    0.2250278  0.00   -0.0012798    0.0453337    0.0207735
c    -0.6844018    1.8607358   -0.2544255  0.00   -0.0487157    0.0223923   -0.0014616
c     2.0002783    1.3339377   -0.0054875  0.00    0.0378867   -0.0072854    0.0037231
c     1.1638903    0.3495255   -0.5124630  0.00    0.0057277   -0.0557013   -0.0216534
c    -0.1892281    0.6246712   -0.6304585  0.00   -0.0161246   -0.0422702   -0.0480040
o    -0.3498295    4.0695386    0.5588418  0.00   -0.0261205   -0.0107961   -0.0030927
h    -0.9176619    3.9873269    1.3801445  0.00    0.0199691   -0.0035842   -0.0114026
h    -0.8745136   -0.0965877   -1.0711793  0.00    0.0109074   -0.0031393   -0.0339147
h     3.0688809    1.1482070    0.0942507  0.00    0.0020836   -0.0004002   -0.0001145
h     2.1788352    3.3392896    0.7222480  0.00    0.0064408   -0.0019532    0.0005239
h    -1.7414229    2.0858766   -0.3649535  0.00   -0.0023484    0.0002176    0.0015920
c     1.8033798   -0.9633324   -0.9247151  0.00   -0.0196772    0.0153465   -0.0024096
c     0.9691075   -1.9349781   -1.7760401  0.00    0.0244867   -0.0257172    0.0445151
h     2.1378247   -1.4877674   -0.0076414  0.00    0.0002821    0.0039002   -0.0012782
h     2.7205565   -0.7197715   -1.5020620  0.00   -0.0026533    0.0047844    0.0044655
c     0.4198957   -1.2642343   -3.0406899  0.00   -0.0747646    0.1813190   -0.0455751
o     0.0491685   -0.0205097   -3.1068536  0.00    0.0443058   -0.1322233    0.0767827
o     0.2564571   -2.1456964   -4.0870413  0.00    0.1375545   -0.1283217    0.1134496
h    -0.7088920   -2.4457854   -4.0498700  0.00    0.0002242   -0.0038359    0.0167307
n     1.7721294   -3.1059036   -2.2018073  0.00   -0.0297024   -0.0334725   -0.0650496
h     0.0915762   -2.2933571   -1.2058743  0.00    0.0067479   -0.0047307   -0.0087458
h     1.5949681   -3.8975283   -1.5528307  0.00    0.0009740    0.0100709   -0.0072308
h     1.4278375   -3.3996376   -3.1353303  0.00   -0.1009639    0.1325558   -0.0517601
    24
 Energy =       0.1361731990
c     1.5851983    2.5619057    0.3342374  0.00    0.0228920    0.0344755    0.0176339
c     0.2479497    2.8427859    0.2358199  0.00   -0.0012314    0.0413595    0.0188721
c    -0.6255357    1.8918847   -0.2284312  0.00   -0.0448985    0.0203972   -0.0014431
c     2.0522550    1.3194304   -0.0354232  0.00    0.0350267   -0.0065818    0.0035685
c     1.1898286    0.3522082   -0.5277290  0.00    0.0053915   -0.0508744   -0.0195929
c    -0.1587199    0.6507360   -0.6143204  0.00   -0.0149441   -0.0384918   -0.0435886
o    -0.2362293    4.0930863    0.5842054  0.00   -0.0237432   -0.0092936   -0.0032343
h    -0.7831086    4.0237079    1.4227012  0.00    0.0178173   -0.0031503   -0.0097117
h    -0.8675731   -0.0589987   -1.0329814  0.00    0.0094734   -0.0031895   -0.0308553
h     3.1195449    1.1151060    0.0415698  0.00    0.0023608   -0.0004251   -0.0000531
h     2.2766981    3.3188183    0.6955080  0.00    0.0060914   -0.0015615    0.0005897
h    -1.6811626    2.1340645   -0.3165669  0.00   -0.0025618    0.0002532    0.0013923
c     1.7911364   -0.9738520   -0.9603116  0.00   -0.0177095    0.0142308   -0.0015519
c     0.9045115   -1.9362118   -1.7735121  0.00    0.0215610   -0.0227724    0.0397776
h     2.1516271   -1.5006443   -0.0536717  0.00    0.0004552    0.0035890   -0.0007338
h     2.6899915   -0.7492159   -1.5747913  0.00   -0.0015730    0.0044184    0.0035033
c     0.3466272   -1.2719013   -3.0387779  0.00   -0.0682925    0.1649840   -0.0417500
o    -0.0123901   -0.0169123   -3.1090814  0.00    0.0404099   -0.1204609    0.0695340
o     0.1720460   -2.1471287   -4.0890095  0.00    0.1281245   -0.1167155    0.1033645
h    -0.7807786   -2.4844227   -4.0189303  0.00   -0.0019184   -0.0040941    0.0155683
n     1.6685304   -3.1396777   -2.1854924  0.00   -0.0253333   -0.0299267   -0.0607404
h     0.0299777   -2.2544969   -1.1729747  0.00    0.0050666   -0.0045131   -0.0073718
h     1.4362149   -3.9293424   -1.5479742  0.00    0.0004675    0.0070873   -0.0050776
h     1.3433681   -3.4174722   -3.1328029  0.00   -0.0929322    0.1212557   -0.0480996
    24
 Energy =       0.1262735145
c     1.6610979    2.5429929    0.3281886  0.00    0.0189883    0.0283244    0.0145275
c     0.3290312    2.8441501    0.2675565  0.00   -0.0011238    0.0334839    0.0149959
c    -0.5664928    1.9140030   -0.1851206  0.00   -0.0370506    0.0166512   -0.0013764
c     2.1015814    1.3020425   -0.0676947  0.00    0.0290775   -0.0054307    0.0031399
c     1.2145509    0.3561069   -0.5474841  0.00    0.0046466   -0.0414884   -0.0157015
c    -0.1282151    0.6742984   -0.5921343  0.00   -0.0123223   -0.0313777   -0.0355778
o    -0.1246899    4.0975816    0.6504098  0.00   -0.0185571   -0.0066416   -0.0047104
h    -0.6243555    4.0315909    1.5226638  0.00    0.0131466   -0.0024241   -0.0052794
h    -0.8601242   -0.0218550   -0.9897319  0.00    0.0074354   -0.0029278   -0.0251911
h     3.1675755    1.0815941   -0.0212339  0.00    0.0025446   -0.0004760    0.0000059
h     2.3696191    3.2871160    0.6826825  0.00    0.0051381   -0.0010700    0.0005900
h    -1.6208603    2.1714442   -0.2427003  0.00   -0.0026920    0.0003404    0.0010717
c     1.7781081   -0.9765247   -1.0166258  0.00   -0.0140878    0.0117540   -0.0007644
c     0.8370166   -1.9240953   -1.7905670  0.00    0.0167195   -0.0179978    0.0314387
h     2.1726289   -1.5138284   -0.1289675  0.00    0.0007886    0.0028033    0.0001453
h     2.6514533   -0.7632568   -1.6730131  0.00   -0.0002931    0.0035680    0.0020712
c     0.2681251   -1.2669343   -3.0545290  0.00   -0.0563888    0.1337411   -0.0338820
o    -0.0831983    0.0060385   -3.1236391  0.00    0.0326420   -0.0977259    0.0566335
o     0.0747642   -2.1309082   -4.1129856  0.00    0.1191528   -0.0915566    0.0823474
h    -0.8393356   -2.5632845   -3.9688076  0.00   -0.0136791   -0.0083775    0.0155507
n     1.5646751   -3.1553566   -2.1857313  0.00   -0.0195094   -0.0245130   -0.0505803
h    -0.0304978   -2.2034233   -1.1577148  0.00    0.0030713   -0.0038226   -0.0053112
h     1.2942761   -3.9362781   -1.5494530  0.00    0.0001204    0.0047234   -0.0034066
h     1.2532739   -3.4297566   -3.1421077  0.00   -0.0777679    0.1004402   -0.0407367
    24
 Energy =       0.1132122152
c     1.6576524    2.5085147    0.3724395  0.00    0.0131704    0.0201372    0.0100376
c     0.3296429    2.8078481    0.3247963  0.00   -0.0005618    0.0230184    0.0100695
c    -0.5614216    1.8917642   -0.1496384  0.00   -0.0259684    0.0116626   -0.0010411
c     2.0988163    1.2831114   -0.0521863  0.00    0.0204381   -0.0040147    0.0022008
c     1.2152597    0.3507935   -0.5486197  0.00    0.0031192   -0.0292069   -0.0107562
c    -0.1246120    0.6671949   -0.5846435  0.00   -0.0086175   -0.0226546   -0.0254364
o    -0.1230042    4.0491081    0.7527683  0.00   -0.0108411   -0.0029193   -0.0082398
h    -0.5523643    3.9664959    1.6667638  0.00    0.0067978   -0.0022797    0.0017585
h    -0.8562534   -0.0183249   -0.9999156  0.00    0.0054742   -0.0024179   -0.0188981
h     3.1647119    1.0636579   -0.0129557  0.00    0.0018099   -0.0003673    0.0000029
h     2.3623322    3.2467647    0.7449144  0.00    0.0036382   -0.0005428    0.0004968
h    -1.6153411    2.1502050   -0.1992672  0.00   -0.0019131    0.0003087    0.0007614
c     1.7800083   -0.9720597   -1.0488671  0.00   -0.0098261    0.0079182   -0.0007076
c     0.8318224   -1.9088504   -1.8263695  0.00    0.0114259   -0.0123937    0.0217526
h     2.1835430   -1.5254419   -0.1744005  0.00    0.0006263    0.0017875    0.0002431
h     2.6461256   -0.7484434   -1.7119525  0.00   -0.0001461    0.0024786    0.0013328
c     0.2755724   -1.2561631   -3.0940752  0.00   -0.0406605    0.0912128   -0.0227561
o    -0.0285857    0.0499692   -3.1762660  0.00    0.0235503   -0.0656384    0.0409926
o     0.0554776   -2.1093207   -4.1586422  0.00    0.1118626   -0.0591530    0.0572942
h    -0.9321494   -2.4045314   -4.1046918  0.00   -0.0334303   -0.0148105    0.0140488
n     1.5583352   -3.1461161   -2.1943261  0.00   -0.0132264   -0.0165934   -0.0352862
h    -0.0417047   -2.1746886   -1.1938899  0.00    0.0020454   -0.0026449   -0.0036553
h     1.2593485   -3.9246045   -1.5654693  0.00   -0.0001839    0.0028475   -0.0018894
h     1.2767954   -3.4234256   -3.1642461  0.00   -0.0585831    0.0742656   -0.0323254
    24
 Energy =       0.1043997729
c     1.5947348    2.4729869    0.4513085  0.00    0.0094274    0.0148594    0.0070954
c     0.2674844    2.7578890    0.3879825  0.00    0.0000371    0.0161606    0.0071052
c    -0.6013512    1.8489298   -0.1315058  0.00   -0.0186643    0.0078872   -0.0008304
c     2.0574278    1.2687066    0.0017228  0.00    0.0147831   -0.0027208    0.0016207
c     1.1963268    0.3430471   -0.5356287  0.00    0.0019416   -0.0209430   -0.0072844
c    -0.1444023    0.6449604   -0.5920057  0.00   -0.0066364   -0.0166285   -0.0178203
o    -0.2067004    3.9802498    0.8501734  0.00   -0.0063082   -0.0001390   -0.0084487
h    -0.5818391    3.8773561    1.7882728  0.00    0.0035019   -0.0022728    0.0043132
h    -0.8595843   -0.0345663   -1.0463370  0.00    0.0033419   -0.0024744   -0.0145946
h     3.1246635    1.0605069    0.0561850  0.00    0.0014896   -0.0001995    0.0000534
h     2.2816970    3.2095527    0.8590250  0.00    0.0029962    0.0002237    0.0006421
h    -1.6562763    2.0986086   -0.1954540  0.00   -0.0015073    0.0001992    0.0004949
c     1.7885355   -0.9608616   -1.0577276  0.00   -0.0067174    0.0052745   -0.0001494
c     0.8670796   -1.8889386   -1.8768974  0.00    0.0079699   -0.0089986    0.0149290
h     2.1788337   -1.5321386   -0.1881808  0.00    0.0004594    0.0011582    0.0004164
h     2.6662466   -0.7134623   -1.6980794  0.00    0.0003657    0.0018804    0.0005406
c     0.3435619   -1.2265623   -3.1511346  0.00   -0.0293476    0.0608772   -0.0154101
o     0.1023093    0.1078202   -3.2430020  0.00    0.0171041   -0.0424540    0.0289759
o     0.0969870   -2.0652946   -4.2234448  0.00    0.0964151   -0.0405051    0.0412129
h    -0.9209413   -2.2457783   -4.2446669  0.00   -0.0385453   -0.0145006    0.0106271
n     1.6154584   -3.1162355   -2.2263996  0.00   -0.0090571   -0.0115241   -0.0244159
h    -0.0240019   -2.1655855   -1.2717261  0.00    0.0009104   -0.0018960   -0.0022315
h     1.3105676   -3.8992480   -1.6049270  0.00   -0.0001922    0.0019299   -0.0012579
h     1.3631902   -3.3984853   -3.2062929  0.00   -0.0437675    0.0548061   -0.0255836
    24
 Energy =       0.0999613443
c     1.5310349    2.4443423    0.5176097  0.00    0.0079249    0.0120915    0.0057281
c     0.2052336    2.7209505    0.4229285  0.00    0.0002643    0.0129830    0.0057048
c    -0.6410866    1.8182134   -0.1399015  0.00   -0.0152532    0.0057860   -0.0008497
c     2.0145292    1.2539668    0.0590045  0.00    0.0121822   -0.0018110    0.0014784
c     1.1763006    0.3340348   -0.5190157  0.00    0.0014933   -0.0168628   -0.0055373
c    -0.1637026    0.6283704   -0.6109354  0.00   -0.0060949   -0.0133827   -0.0138337
o    -0.2901969    3.9304477    0.8981636  0.00   -0.0048334    0.0004571   -0.0065497
h    -0.6584410    3.8144357    1.8371957  0.00    0.0026645   -0.0018379    0.0035575
h    -0.8607074   -0.0453994   -1.1019901  0.00    0.0020010   -0.0024831   -0.0122816
h     3.0813485    1.0520216    0.1406651  0.00    0.0016049   -0.0000798    0.0001415
h     2.2002651    3.1782451    0.9588561  0.00    0.0028545    0.0006605    0.0007817
h    -1.6953333    2.0629377   -0.2299013  0.00   -0.0015727    0.0001049    0.0002913
c     1.7933437   -0.9580149   -1.0439554  0.00   -0.0051139    0.0042674    0.0004867
c     0.9034290   -1.8752298   -1.9099976  0.00    0.0061786   -0.0077394    0.0114234
h     2.1567609   -1.5431527   -0.1713927  0.00    0.0004869    0.0008289    0.0007969
h     2.6911088   -0.6964072   -1.6513818  0.00    0.0009599    0.0016640   -0.0000336
c     0.4200722   -1.1966871   -3.1907053  0.00   -0.0233151    0.0436861   -0.0118029
o     0.2610624    0.1585916   -3.2949988  0.00    0.0135153   -0.0284898    0.0220684
o     0.1468318   -2.0223846   -4.2676504  0.00    0.0829533   -0.0320279    0.0329091
h    -0.8780326   -2.1246177   -4.3319284  0.00   -0.0364624   -0.0127104    0.0083709
n     1.6702186   -3.0937583   -2.2466749  0.00   -0.0065349   -0.0084946   -0.0187044
h    -0.0073504   -2.1635252   -1.3385577  0.00    0.0000270   -0.0016338   -0.0013240
h     1.3483812   -3.8858255   -1.6443998  0.00   -0.0004166    0.0011257   -0.0005796
h     1.4549378   -3.3680980   -3.2397767  0.00   -0.0355135    0.0438979   -0.0222420
    24
 Energy =       0.0982026170
c     1.4856535    2.4246916    0.5598311  0.00    0.0072872    0.0104710    0.0050088
c     0.1632945    2.7016861    0.4316254  0.00    0.0002409    0.0113321    0.0049564
c    -0.6661424    1.8058027   -0.1647431  0.00   -0.0135213    0.0046737   -0.0008914
c     1.9820900    1.2400318    0.1035771  0.00    0.0108670   -0.0013198    0.0014345
c     1.1608797    0.3263279   -0.5058675  0.00    0.0014302   -0.0146554   -0.0045728
c    -0.1756809    0.6222770   -0.6351843  0.00   -0.0060265   -0.0115028   -0.0117628
o    -0.3456254    3.9057587    0.9069584  0.00   -0.0040826    0.0005256   -0.0056643
h    -0.7258564    3.7837085    1.8402776  0.00    0.0022082   -0.0015672    0.0032024
h    -0.8584992   -0.0453912   -1.1539453  0.00    0.0013260   -0.0023655   -0.0109841
h     3.0464171    1.0373601    0.2135491  0.00    0.0018041   -0.0000429    0.0002101
h     2.1418015    3.1545957    1.0267731  0.00    0.0027851    0.0008084    0.0008334
h    -1.7175754    2.0517964   -0.2820203  0.00   -0.0017469    0.0000739    0.0001559
c     1.7927884   -0.9623719   -1.0224545  0.00   -0.0042598    0.0038163    0.0008187
c     0.9277902   -1.8687735   -1.9248521  0.00    0.0051902   -0.0071810    0.0095988
h     2.1279339   -1.5565866   -0.1442897  0.00    0.0005556    0.0005924    0.0011092
h     2.7093949   -0.6971176   -1.6003562  0.00    0.0013183    0.0015534   -0.0003394
c     0.4793031   -1.1756519   -3.2095154  0.00   -0.0200018    0.0318327   -0.0095794
o     0.4198156    0.1933405   -3.3318688  0.00    0.0115781   -0.0177313    0.0181469
o     0.1711359   -1.9922092   -4.2846721  0.00    0.0724825   -0.0283715    0.0282240
h    -0.8538145   -2.0538804   -4.3541792  0.00   -0.0324363   -0.0111532    0.0071157
n     1.7055915   -3.0820124   -2.2535715  0.00   -0.0050148   -0.0065194   -0.0155709
h     0.0015961   -2.1641373   -1.3813619  0.00   -0.0004118   -0.0015042   -0.0008719
h     1.3637491   -3.8832048   -1.6737846  0.00   -0.0006836    0.0004211    0.0000116
h     1.5239669   -3.3425828   -3.2586656  0.00   -0.0308879    0.0378137   -0.0205894
    24
 Energy =       0.0985282542
c     1.4953168    2.4241481    0.5576040  0.00    0.0067980    0.0094350    0.0045443
c     0.1779757    2.7127871    0.4093996  0.00    0.0001704    0.0102802    0.0044931
c    -0.6485312    1.8275061   -0.2051120  0.00   -0.0123733    0.0041181   -0.0008680
c     1.9891269    1.2378109    0.1046781  0.00    0.0099544   -0.0011415    0.0013450
c     1.1703944    0.3334665   -0.5203595  0.00    0.0015352   -0.0132429   -0.0040201
c    -0.1605430    0.6429432   -0.6733604  0.00   -0.0058674   -0.0103432   -0.0108072
o    -0.3284754    3.9188125    0.8825216  0.00   -0.0036763    0.0004955   -0.0051784
h    -0.7179678    3.7979848    1.8120649  0.00    0.0019595   -0.0014253    0.0029586
h    -0.8417164   -0.0162370   -1.2038650  0.00    0.0011916   -0.0022505   -0.0102010
h     3.0499709    1.0259406    0.2302083  0.00    0.0018001   -0.0000522    0.0002174
h     2.1497032    3.1468421    1.0378135  0.00    0.0026200    0.0007810    0.0007930
h    -1.6958285    2.0831178   -0.3382173  0.00   -0.0017610    0.0000732    0.0001039
c     1.8014723   -0.9572101   -1.0341047  0.00   -0.0037426    0.0034426    0.0008051
c     0.9275735   -1.8752422   -1.9161954  0.00    0.0045766   -0.0055301    0.0092094
h     2.1532744   -1.5427706   -0.1565541  0.00    0.0005458    0.0004642    0.0011490
h     2.7073648   -0.6905280   -1.6284190  0.00    0.0012995    0.0014913   -0.0004048
c     0.4541612   -1.1956872   -3.1963979  0.00   -0.0180444    0.0181217   -0.0046570
o     0.5492569    0.1764027   -3.3823663  0.00    0.0130837    0.0017130    0.0179794
o     0.0265336   -2.0299089   -4.2234330  0.00    0.0686126   -0.0335036    0.0199289
h    -1.0031142   -2.0825747   -4.2044074  0.00   -0.0357549   -0.0103386    0.0059845
n     1.7087689   -3.0817102   -2.2572096  0.00    0.0015608    0.0028583   -0.0117530
h     0.0128516   -2.1752055   -1.3554172  0.00   -0.0006452   -0.0013281   -0.0006903
h     1.4449149   -3.8628836   -1.6038756  0.00   -0.0031374   -0.0061826    0.0064840
h     1.4375238   -3.3943470   -3.2337358  0.00   -0.0307055    0.0320645   -0.0274158
    24
 Energy =       0.0994908128
c     1.4260816    2.4281111    0.5766399  0.00    0.0064706    0.0086928    0.0042547
c     0.1092456    2.7015260    0.3996578  0.00    0.0001236    0.0093870    0.0040673
c    -0.6927329    1.8080113   -0.2346602  0.00   -0.0115815    0.0036994   -0.0008675
c     1.9435734    1.2487239    0.1336663  0.00    0.0093718   -0.0010114    0.0013233
c     1.1497316    0.3360534   -0.5101743  0.00    0.0014352   -0.0121585   -0.0034901
c    -0.1807751    0.6301563   -0.6935732  0.00   -0.0057990   -0.0094852   -0.0099087
o    -0.4218756    3.9007402    0.8639494  0.00   -0.0034293    0.0008247   -0.0046068
h    -0.8230997    3.7759756    1.7879020  0.00    0.0016906   -0.0012566    0.0028076
h    -0.8425616   -0.0374781   -1.2378141  0.00    0.0008863   -0.0021871   -0.0094816
h     3.0038846    1.0489536    0.2830249  0.00    0.0019966   -0.0000818    0.0002644
h     2.0610660    3.1578358    1.0721892  0.00    0.0025980    0.0009120    0.0008629
h    -1.7399504    2.0517028   -0.3901925  0.00   -0.0019193    0.0001161    0.0000327
c     1.8077144   -0.9476544   -1.0078042  0.00   -0.0031792    0.0032409    0.0011871
c     0.9710533   -1.8692058   -1.9223401  0.00    0.0035882   -0.0047219    0.0083476
h     2.1374253   -1.5340567   -0.1220849  0.00    0.0005991    0.0004150    0.0013506
h     2.7296472   -0.6706091   -1.5731034  0.00    0.0016736    0.0014095   -0.0006846
c     0.5115200   -1.1809117   -3.2014704  0.00   -0.0176674    0.0128913   -0.0034792
o     0.6855766    0.1835720   -3.4064855  0.00    0.0122508    0.0056810    0.0156845
o     0.0610623   -2.0065979   -4.2257572  0.00    0.0783763   -0.0294480    0.0152751
h    -0.9599587   -2.1606650   -4.1104709  0.00   -0.0482181   -0.0105538    0.0078201
n     1.7883599   -3.0514977   -2.2666367  0.00    0.0037128    0.0051083   -0.0087776
h     0.0514346   -2.1968661   -1.3842584  0.00   -0.0011609   -0.0013356   -0.0003392
h     1.5023729   -3.8612259   -1.6572779  0.00   -0.0037700   -0.0073601    0.0075327
h     1.5812120   -3.3311361   -3.2716654  0.00   -0.0280488    0.0272220   -0.0291753
    24
 Energy =       0.0966211783
c     1.4794998    2.4106347    0.5880018  0.00    0.0060750    0.0081458    0.0040265
c     0.1608853    2.6937060    0.4425851  0.00   -0.0000266    0.0085927    0.0036227
c    -0.6584835    1.8141742   -0.1878794  0.00   -0.0109104    0.0035789   -0.0007801
c     1.9820033    1.2362223    0.1151576  0.00    0.0089169   -0.0011663    0.0012106
c     1.1701904    0.3378382   -0.5257468  0.00    0.0015139   -0.0113038   -0.0030479
c    -0.1624781    0.6407900   -0.6738003  0.00   -0.0056825   -0.0087947   -0.0091028
o    -0.3538779    3.8891155    0.9353662  0.00   -0.0031507    0.0013244   -0.0046395
h    -0.7277092    3.7561801    1.8700487  0.00    0.0012125   -0.0011576    0.0032782
h    -0.8393771   -0.0154727   -1.2130387  0.00    0.0008342   -0.0021943   -0.0089571
h     3.0443347    1.0288241    0.2387819  0.00    0.0021855   -0.0001917    0.0002681
h     2.1280650    3.1295362    1.0816978  0.00    0.0024641    0.0009404    0.0008627
h    -1.7075820    2.0653196   -0.3180665  0.00   -0.0020954    0.0002254    0.0000003
c     1.8101156   -0.9418643   -1.0578195  0.00   -0.0027589    0.0031087    0.0012802
c     0.9383165   -1.8622958   -1.9418933  0.00    0.0026630   -0.0028243    0.0080495
h     2.1725357   -1.5314924   -0.1863079  0.00    0.0007760    0.0001863    0.0018093
h     2.7112735   -0.6629544   -1.6552431  0.00    0.0020948    0.0013199   -0.0010739
c     0.4797246   -1.1890974   -3.2328830  0.00   -0.0172584    0.0014955   -0.0022622
o     0.5268235    0.1956697   -3.4042246  0.00    0.0116793    0.0159914    0.0133418
o     0.0568037   -2.0172749   -4.2666692  0.00    0.0887571   -0.0260747    0.0112688
h    -0.9886562   -2.0604765   -4.2455901  0.00   -0.0615399   -0.0100489    0.0088024
n     1.7186370   -3.0775077   -2.2579826  0.00    0.0069172    0.0089108   -0.0062876
h     0.0158384   -2.1528328   -1.3866900  0.00   -0.0018067   -0.0013168    0.0001446
h     1.4523234   -3.8459496   -1.5853904  0.00   -0.0048939   -0.0101629    0.0100359
h     1.4508011   -3.4173346   -3.2311539  0.00   -0.0259662    0.0214159   -0.0318505
    24
 Energy =       0.0919006555
c     1.5331886    2.3840392    0.6039975  0.00    0.0050150    0.0066368    0.0033437
c     0.2129453    2.6751707    0.4999076  0.00   -0.0002917    0.0067409    0.0026684
c    -0.6261949    1.8108012   -0.1226236  0.00   -0.0089887    0.0030803   -0.0006074
c     2.0183472    1.2181068    0.0945078  0.00    0.0075223   -0.0013149    0.0009221
c     1.1859729    0.3355172   -0.5398911  0.00    0.0018455   -0.0091578   -0.0022869
c    -0.1489442    0.6445563   -0.6405367  0.00   -0.0049704   -0.0069442   -0.0070492
o    -0.2828372    3.8643132    1.0274735  0.00   -0.0022706    0.0019536   -0.0049887
h    -0.6122557    3.7232233    1.9784413  0.00    0.0002284   -0.0010213    0.0043528
h    -0.8449575   -0.0020059   -1.1659023  0.00    0.0005205   -0.0020520   -0.0072734
h     3.0827887    1.0042122    0.1852796  0.00    0.0022639   -0.0003297    0.0002400
h     2.1971390    3.0913008    1.0934264  0.00    0.0020497    0.0008642    0.0007711
h    -1.6778310    2.0675228   -0.2184391  0.00   -0.0022320    0.0003768   -0.0000428
c     1.8031893   -0.9403843   -1.1085075  0.00   -0.0017512    0.0022478    0.0008966
c     0.9012622   -1.8483037   -1.9763641  0.00    0.0014549   -0.0006768    0.0067528
h     2.1854862   -1.5412088   -0.2530669  0.00    0.0007459   -0.0000070    0.0017306
h     2.6900453   -0.6617494   -1.7262367  0.00    0.0018557    0.0009698   -0.0010601
c     0.4533625   -1.1782481   -3.2763678  0.00   -0.0124135   -0.0082174   -0.0016486
o     0.3800080    0.2133552   -3.4050696  0.00    0.0084849    0.0222416    0.0098476
o     0.0564879   -1.9956639   -4.3282439  0.00    0.0837860   -0.0201424    0.0077738
h    -0.9861102   -1.9377283   -4.4043432  0.00   -0.0633687   -0.0075010    0.0069565
n     1.6446956   -3.0931966   -2.2647940  0.00    0.0086851    0.0106409   -0.0032732
h    -0.0268564   -2.1049554   -1.4141959  0.00   -0.0020013   -0.0010197    0.0004647
h     1.4015689   -3.8193681   -1.5377698  0.00   -0.0050414   -0.0107412    0.0106645
h     1.3195069   -3.4858491   -3.1994219  0.00   -0.0211283    0.0133727   -0.0291549
    24
 Energy =       0.0876163983
c     1.5721221    2.3771705    0.5932543  0.00    0.0037832    0.0049573    0.0025354
c     0.2550292    2.6831039    0.5076870  0.00   -0.0002599    0.0049521    0.0019038
c    -0.6007522    1.8304383   -0.1053427  0.00   -0.0067367    0.0022567   -0.0004813
c     2.0375196    1.2087531    0.0737651  0.00    0.0056993   -0.0009582    0.0007335
c     1.1875881    0.3374072   -0.5506561  0.00    0.0014650   -0.0066827   -0.0016886
c    -0.1440499    0.6607197   -0.6303722  0.00   -0.0037271   -0.0051687   -0.0052004
o    -0.2201410    3.8763006    1.0449296  0.00   -0.0014900    0.0017191   -0.0042213
h    -0.5208625    3.7418535    2.0061424  0.00   -0.0001323   -0.0007770    0.0039308
h    -0.8558922    0.0210674   -1.1413366  0.00    0.0003190   -0.0018038   -0.0055725
h     3.0999859    0.9822548    0.1515345  0.00    0.0018212   -0.0002567    0.0002035
h     2.2494542    3.0756055    1.0762096  0.00    0.0015865    0.0007339    0.0006365
h    -1.6506032    2.0981877   -0.1854774  0.00   -0.0018140    0.0003049   -0.0000611
c     1.7797586   -0.9514338   -1.1173541  0.00   -0.0012358    0.0014675    0.0005713
c     0.8615555   -1.8484091   -1.9801925  0.00    0.0004878    0.0020372    0.0062770
h     2.1506810   -1.5547476   -0.2589740  0.00    0.0005465   -0.0001287    0.0012805
h     2.6722709   -0.6935731   -1.7351152  0.00    0.0015277    0.0007850   -0.0008844
c     0.4579484   -1.1894464   -3.3039074  0.00   -0.0082466   -0.0079937   -0.0022763
o     0.3040580    0.1960068   -3.4140586  0.00    0.0059375    0.0201779    0.0080468
o     0.1126708   -2.0031717   -4.3776772  0.00    0.0751437   -0.0164835    0.0047657
h    -0.9061560   -1.8620841   -4.5630963  0.00   -0.0612683   -0.0040436    0.0038474
n     1.5671666   -3.1264429   -2.2165128  0.00    0.0103178    0.0107976   -0.0016048
h    -0.0844839   -2.0622596   -1.4299202  0.00   -0.0025004   -0.0007688    0.0009682
h     1.3397621   -3.8000274   -1.4354123  0.00   -0.0048306   -0.0109785    0.0111350
h     1.1953774   -3.5738159   -3.1068570  0.00   -0.0163936    0.0058547   -0.0248447
    24
 Energy =       0.0856115949
c     1.6224906    2.3547772    0.5871155  0.00    0.0032863    0.0042801    0.0022490
c     0.3138326    2.6947691    0.5053100  0.00   -0.0002942    0.0040100    0.0015164
c    -0.5662793    1.8611400   -0.0982301  0.00   -0.0058611    0.0020071   -0.0003579
c     2.0547778    1.1710935    0.0738841  0.00    0.0050132   -0.0008919    0.0006059
c     1.1796622    0.3185187   -0.5410188  0.00    0.0008248   -0.0050269   -0.0016830
c    -0.1430583    0.6761928   -0.6160597  0.00   -0.0032616   -0.0044350   -0.0043436
o    -0.1274933    3.9036200    1.0373676  0.00   -0.0014190    0.0021051   -0.0032622
h    -0.4197894    3.7851955    2.0029521  0.00   -0.0002053   -0.0005994    0.0034041
h    -0.8746081    0.0515057   -1.1168445  0.00    0.0000539   -0.0017254   -0.0047923
h     3.1107974    0.9160149    0.1514012  0.00    0.0018965   -0.0003271    0.0001821
h     2.3196411    3.0383380    1.0631201  0.00    0.0014792    0.0008178    0.0006639
h    -1.6092259    2.1555953   -0.1751952  0.00   -0.0018330    0.0003620   -0.0000680
c     1.7300801   -0.9992688   -1.0856890  0.00   -0.0011692    0.0011632    0.0002488
c     0.8027405   -1.8476608   -1.9898691  0.00   -0.0003139    0.0032629    0.0067158
h     2.0345621   -1.6215741   -0.2124392  0.00    0.0011584   -0.0017245    0.0026878
h     2.6613215   -0.7874270   -1.6661181  0.00    0.0033764    0.0013727   -0.0016544
c     0.4885681   -1.1615819   -3.3281614  0.00   -0.0058004   -0.0031773   -0.0017501
o     0.3097563    0.2212770   -3.4078172  0.00    0.0047598    0.0169862    0.0071446
o     0.2136549   -1.9445461   -4.4473284  0.00    0.0646628   -0.0143395   -0.0000771
h    -0.7760366   -1.7616846   -4.7152596  0.00   -0.0558617   -0.0027820    0.0014198
n     1.4520136   -3.1607028   -2.1964089  0.00    0.0112155    0.0084069   -0.0002055
h    -0.1762410   -2.0186596   -1.4816435  0.00   -0.0040845   -0.0012034    0.0015551
h     1.2222161   -3.7956947   -1.3854332  0.00   -0.0043397   -0.0098937    0.0102619
h     1.0366243   -3.6257801   -3.0563749  0.00   -0.0132833    0.0013520   -0.0204612
    24
 Energy =       0.0826388480
c     1.6963998    2.3753782    0.5184869  0.00    0.0036376    0.0040530    0.0022948
c     0.3881939    2.7249510    0.4787185  0.00    0.0000328    0.0038345    0.0014024
c    -0.5212871    1.8867190   -0.0744666  0.00   -0.0058610    0.0013013   -0.0007425
c     2.0997428    1.1798671    0.0096869  0.00    0.0052392   -0.0003557    0.0009635
c     1.1949634    0.3237616   -0.5570978  0.00    0.0008975   -0.0047905   -0.0014513
c    -0.1277471    0.6880801   -0.5837932  0.00   -0.0037623   -0.0040116   -0.0037313
o    -0.0224270    3.9485912    1.0022117  0.00   -0.0005146    0.0026214   -0.0046091
h    -0.2704280    3.8550944    1.9838881  0.00   -0.0007573   -0.0005021    0.0050709
h    -0.8841721    0.0563242   -1.0385732  0.00   -0.0010564   -0.0021576   -0.0045649
h     3.1563322    0.9176402    0.0523983  0.00    0.0022893   -0.0003007    0.0003699
h     2.4167516    3.0617072    0.9560143  0.00    0.0020545    0.0012586    0.0009892
h    -1.5646272    2.1877563   -0.1171442  0.00   -0.0021799    0.0003644   -0.0002916
c     1.7144196   -1.0076586   -1.0985561  0.00   -0.0009485    0.0009577    0.0008126
c     0.7540306   -1.8673744   -1.9580482  0.00   -0.0000329    0.0017388    0.0055745
h     2.0400146   -1.6169992   -0.2239038  0.00    0.0008732   -0.0015442    0.0026937
h     2.6294395   -0.8154688   -1.7106597  0.00    0.0034848    0.0011651   -0.0017141
c     0.3903987   -1.2044374   -3.2972189  0.00   -0.0046614   -0.0039150   -0.0019729
o     0.1510032    0.1686692   -3.3831380  0.00    0.0033338    0.0162791    0.0050036
o     0.1187902   -2.0029785   -4.4056439  0.00    0.0617064   -0.0145185    0.0016350
h    -0.8349120   -1.7543987   -4.7388005  0.00   -0.0538502    0.0000226   -0.0005957
n     1.3956632   -3.1850145   -2.1590578  0.00    0.0095526    0.0072876   -0.0002651
h    -0.2076489   -2.0261412   -1.4136483  0.00   -0.0042203   -0.0011935    0.0016493
h     1.1786233   -3.8076266   -1.3365983  0.00   -0.0039017   -0.0085120    0.0088972
h     0.9684904   -3.6629847   -3.0037965  0.00   -0.0113553    0.0009174   -0.0174180
    24
 Energy =       0.0804776541
c     1.6562168    2.3948407    0.5238045  0.00    0.0041733    0.0040559    0.0023773
c     0.3346232    2.6970673    0.5182251  0.00   -0.0006143    0.0036054    0.0013986
c    -0.5560643    1.8344940   -0.0284690  0.00   -0.0065221    0.0019273   -0.0004711
c     2.0924107    1.2237796   -0.0152497  0.00    0.0059148   -0.0010357    0.0006873
c     1.2070581    0.3441201   -0.5765173  0.00    0.0009067   -0.0042504   -0.0017099
c    -0.1296895    0.6588029   -0.5662085  0.00   -0.0045148   -0.0038529   -0.0035481
o    -0.1092099    3.8975251    1.0695551  0.00   -0.0011151    0.0040205   -0.0050551
h    -0.3264826    3.7816784    2.0566554  0.00   -0.0009349   -0.0007579    0.0058840
h    -0.8729389    0.0049171   -1.0120913  0.00   -0.0014394   -0.0021108   -0.0043810
h     3.1597718    1.0005150   -0.0021630  0.00    0.0033954   -0.0006947    0.0002874
h     2.3608887    3.1001832    0.9569013  0.00    0.0022318    0.0013136    0.0010277
h    -1.6113462    2.0977054   -0.0427355  0.00   -0.0032072    0.0007555   -0.0002294
c     1.7688469   -0.9524188   -1.1618503  0.00   -0.0011271    0.0010376    0.0004933
c     0.8075312   -1.8654494   -1.9661798  0.00   -0.0002167    0.0027096    0.0069265
h     2.1828102   -1.5494310   -0.3115255  0.00    0.0023835   -0.0039304    0.0053760
h     2.6357805   -0.7024102   -1.8269757  0.00    0.0066359    0.0022363   -0.0036374
c     0.3261161   -1.2272376   -3.2856699  0.00   -0.0051918    0.0005070   -0.0022235
o     0.0583077    0.1402454   -3.3749153  0.00    0.0024530    0.0154345    0.0037890
o    -0.0146766   -2.0476283   -4.3610243  0.00    0.0564840   -0.0145211   -0.0030669
h    -0.9545233   -1.7577474   -4.6959165  0.00   -0.0511994    0.0009064   -0.0007729
n     1.5146519   -3.1470225   -2.1989314  0.00    0.0122292    0.0050545   -0.0001378
h    -0.1142775   -2.0742114   -1.3657982  0.00   -0.0069441   -0.0020691    0.0030488
h     1.3373764   -3.7937532   -1.3849573  0.00   -0.0038903   -0.0092735    0.0094609
h     1.1068260   -3.6351070   -3.0467033  0.00   -0.0098903   -0.0010675   -0.0155238
    24
 Energy =       0.0759663734
c     1.6220316    2.4099517    0.5192824  0.00    0.0040768    0.0027273    0.0017312
c     0.2905214    2.6624077    0.5644957  0.00   -0.0013667    0.0024298    0.0011111
c    -0.5858382    1.7749715    0.0371307  0.00   -0.0056818    0.0019606   -0.0001553
c     2.0828769    1.2656312   -0.0540160  0.00    0.0053385   -0.0014548    0.0002592
c     1.2120658    0.3619234   -0.5969258  0.00    0.0015351   -0.0029019   -0.0014151
c    -0.1347659    0.6239868   -0.5319449  0.00   -0.0045424   -0.0023669   -0.0023054
o    -0.1784455    3.8379427    1.1480148  0.00   -0.0013306    0.0044209   -0.0055514
h    -0.3431668    3.7047375    2.1434050  0.00   -0.0010669   -0.0010788    0.0063558
h    -0.8688920   -0.0542327   -0.9549724  0.00   -0.0017295   -0.0014494   -0.0029239
h     3.1582345    1.0830272   -0.0827160  0.00    0.0039776   -0.0009179    0.0001215
h     2.3145996    3.1348087    0.9382553  0.00    0.0019493    0.0009419    0.0007713
h    -1.6507080    1.9979932    0.0651738  0.00   -0.0038597    0.0009859   -0.0001037
c     1.8044757   -0.9006562   -1.2243638  0.00   -0.0005621    0.0008827    0.0001241
c     0.8501012   -1.8612490   -1.9797797  0.00    0.0002235    0.0025872    0.0056092
h     2.2930293   -1.4806701   -0.4011962  0.00    0.0028282   -0.0044677    0.0057012
h     2.6218214   -0.6044021   -1.9322865  0.00    0.0068926    0.0023679   -0.0039475
c     0.2618707   -1.2518659   -3.2712337  0.00   -0.0051068    0.0040198   -0.0022772
o    -0.0448796    0.1056859   -3.3598415  0.00    0.0003330    0.0105764    0.0014584
o    -0.1339186   -2.0919391   -4.3118924  0.00    0.0499957   -0.0176082   -0.0003199
h    -1.0035783   -1.7042948   -4.7254975  0.00   -0.0471210    0.0077998   -0.0049027
n     1.6142600   -3.1040979   -2.2450175  0.00    0.0114215    0.0024459   -0.0007374
h    -0.0276596   -2.1144953   -1.3315125  0.00   -0.0071185   -0.0022037    0.0033226
h     1.4961295   -3.7622391   -1.4308688  0.00   -0.0029893   -0.0081548    0.0081957
h     1.2098421   -3.6094679   -3.0804326  0.00   -0.0060962   -0.0015418   -0.0101218
    24
 Energy =       0.0721969213
c     1.5743050    2.4098966    0.5396412  0.00    0.0027743    0.0016800    0.0011056
c     0.2378521    2.6177699    0.6168705  0.00   -0.0012624    0.0012357    0.0005995
c    -0.6189310    1.7138049    0.0885403  0.00   -0.0038526    0.0018066    0.0002032
c     2.0596563    1.2939269   -0.0663551  0.00    0.0036857   -0.0014867   -0.0001311
c     1.2086190    0.3735833   -0.6094165  0.00    0.0011569   -0.0016489   -0.0009977
c    -0.1429930    0.5906454   -0.5134945  0.00   -0.0029974   -0.0015976   -0.0014788
o    -0.2563045    3.7654225    1.2338263  0.00   -0.0013862    0.0038244   -0.0034510
h    -0.3933496    3.6089857    2.2288261  0.00   -0.0007601   -0.0007628    0.0043919
h    -0.8626396   -0.1026384   -0.9346004  0.00   -0.0011737   -0.0007902   -0.0016371
h     3.1387644    1.1473601   -0.1206727  0.00    0.0030805   -0.0008218   -0.0000205
h     2.2507784    3.1483959    0.9593382  0.00    0.0012453    0.0006079    0.0004877
h    -1.6888377    1.9014918    0.1426984  0.00   -0.0029924    0.0008981    0.0000325
c     1.8296168   -0.8548741   -1.2745182  0.00   -0.0005324    0.0002262   -0.0002971
c     0.8922361   -1.8483134   -2.0053314  0.00   -0.0001879    0.0026765    0.0030975
h     2.3722461   -1.4208558   -0.4781534  0.00    0.0022068   -0.0035697    0.0041916
h     2.6053998   -0.5165205   -2.0070799  0.00    0.0051983    0.0017965   -0.0031142
c     0.2428853   -1.2576829   -3.2717870  0.00   -0.0036861    0.0052041   -0.0010962
o    -0.0463255    0.1009980   -3.3714394  0.00   -0.0000834    0.0057765    0.0013981
o    -0.2146628   -2.1107210   -4.2754527  0.00    0.0386254   -0.0192664    0.0023769
h    -0.9961672   -1.6450455   -4.7667744  0.00   -0.0371910    0.0115039   -0.0073411
n     1.6964828   -3.0567589   -2.3009634  0.00    0.0091662    0.0028967   -0.0017324
h     0.0474238   -2.1376551   -1.3325471  0.00   -0.0050352   -0.0014951    0.0023531
h     1.6548827   -3.7083670   -1.4747379  0.00   -0.0019659   -0.0074103    0.0079416
h     1.2690696   -3.5893911   -3.1051571  0.00   -0.0040328   -0.0012835   -0.0068819
    24
 Energy =       0.0697164631
c     1.5190930    2.3941509    0.5907147  0.00    0.0016581    0.0016095    0.0010146
c     0.1788953    2.5639871    0.6757342  0.00   -0.0007202    0.0007240    0.0003067
c    -0.6538857    1.6548414    0.1194271  0.00   -0.0027764    0.0016225    0.0004101
c     2.0322790    1.3102307   -0.0491234  0.00    0.0027123   -0.0013329   -0.0003227
c     1.2057183    0.3838655   -0.6180477  0.00    0.0003292   -0.0010216   -0.0008172
c    -0.1499365    0.5642731   -0.5186359  0.00   -0.0017443   -0.0018151   -0.0013811
o    -0.3436931    3.6788789    1.3287257  0.00   -0.0013669    0.0038117   -0.0020183
h    -0.4796331    3.4874654    2.3171667  0.00   -0.0005673   -0.0004885    0.0034739
h    -0.8513394   -0.1332473   -0.9623257  0.00   -0.0008493   -0.0007978   -0.0012201
h     3.1140140    1.1944443   -0.1097565  0.00    0.0022117   -0.0006537   -0.0000952
h     2.1759531    3.1377016    1.0317971  0.00    0.0008801    0.0007122    0.0004834
h    -1.7274554    1.8128342    0.1798495  0.00   -0.0021070    0.0007325    0.0001109
c     1.8582713   -0.8050835   -1.3237956  0.00   -0.0009072   -0.0005362   -0.0006653
c     0.9408946   -1.8272622   -2.0384386  0.00   -0.0008192    0.0031284    0.0020159
h     2.4523849   -1.3581050   -0.5567345  0.00    0.0020257   -0.0031792    0.0033559
h     2.5917742   -0.4200370   -2.0756143  0.00    0.0043555    0.0016760   -0.0029456
c     0.2435947   -1.2514686   -3.2821810  0.00   -0.0015406    0.0049834    0.0008179
o     0.0173888    0.1171747   -3.4166516  0.00    0.0000994    0.0067266    0.0023016
o    -0.3016383   -2.1186606   -4.2307787  0.00    0.0261847   -0.0215084   -0.0000642
h    -1.0061472   -1.6037601   -4.7754496  0.00   -0.0268677    0.0115286   -0.0066881
n     1.7791091   -3.0020621   -2.3672276  0.00    0.0080584    0.0035561   -0.0024696
h     0.1252819   -2.1516161   -1.3476787  0.00   -0.0037828   -0.0011060    0.0018262
h     1.8136358   -3.6431369   -1.5325947  0.00   -0.0010773   -0.0070590    0.0080697
h     1.3254478   -3.5619506   -3.1371209  0.00   -0.0033887   -0.0013131   -0.0054995
    24
 Energy =       0.0677517307
c     1.4568075    2.3614194    0.6645852  0.00    0.0008000    0.0017705    0.0011066
c     0.1133208    2.4957746    0.7460201  0.00   -0.0000834    0.0004880    0.0001650
c    -0.6933130    1.5896405    0.1476591  0.00   -0.0020507    0.0012075    0.0004157
c     1.9995694    1.3147751   -0.0116637  0.00    0.0020619   -0.0009700   -0.0003376
c     1.1996941    0.3902698   -0.6203556  0.00   -0.0002925   -0.0007604   -0.0007030
c    -0.1597337    0.5372067   -0.5290926  0.00   -0.0008526   -0.0021487   -0.0014900
o    -0.4394848    3.5720686    1.4380272  0.00   -0.0011790    0.0039207   -0.0012137
h    -0.5811223    3.3384230    2.4163474  0.00   -0.0004859   -0.0003939    0.0031699
h    -0.8413218   -0.1578543   -1.0064109  0.00   -0.0007246   -0.0010077   -0.0010859
h     3.0834819    1.2277316   -0.0693127  0.00    0.0014690   -0.0004195   -0.0001035
h     2.0923393    3.1036485    1.1383063  0.00    0.0007250    0.0009770    0.0006150
h    -1.7700708    1.7199439    0.2054762  0.00   -0.0013625    0.0005095    0.0001290
c     1.8846080   -0.7535709   -1.3687983  0.00   -0.0010438   -0.0012546   -0.0008728
c     0.9914356   -1.7969512   -2.0821124  0.00   -0.0011844    0.0030442    0.0010884
h     2.5222859   -1.2964099   -0.6318367  0.00    0.0015871   -0.0025150    0.0022798
h     2.5790158   -0.3197483   -2.1297933  0.00    0.0032414    0.0014314   -0.0025684
c     0.2586555   -1.2261688   -3.3034557  0.00   -0.0001616    0.0031036    0.0013831
o     0.1012930    0.1485708   -3.4765783  0.00    0.0002881    0.0072207    0.0023584
o    -0.3654538   -2.0952073   -4.1996120  0.00    0.0165943   -0.0208328    0.0006901
h    -0.9859907   -1.5470822   -4.8032309  0.00   -0.0181042    0.0111135   -0.0065658
n     1.8597665   -2.9364425   -2.4484548  0.00    0.0065229    0.0037611   -0.0031627
h     0.2008858   -2.1589228   -1.3825530  0.00   -0.0025906   -0.0007580    0.0013515
h     1.9723889   -3.5637788   -1.6108747  0.00   -0.0001686   -0.0062619    0.0076218
h     1.3809502   -3.5238783   -3.1810261  0.00   -0.0030053   -0.0012251   -0.0042710
    24
 Energy =       0.0664083480
c     1.3943643    2.3172108    0.7481508  0.00    0.0003453    0.0018302    0.0011909
c     0.0481669    2.4228172    0.8144252  0.00    0.0004301    0.0004695    0.0001756
c    -0.7321919    1.5286569    0.1649245  0.00   -0.0015776    0.0005511    0.0001707
c     1.9662213    1.3099175    0.0376149  0.00    0.0016145   -0.0004016   -0.0001330
c     1.1931227    0.3959271   -0.6200128  0.00   -0.0006837   -0.0007064   -0.0006541
c    -0.1695139    0.5165322   -0.5480290  0.00   -0.0004341   -0.0022288   -0.0015941
o    -0.5344139    3.4581006    1.5431187  0.00   -0.0007614    0.0036379   -0.0009121
h    -0.6877744    3.1796699    2.5077656  0.00   -0.0004582   -0.0004249    0.0029921
h    -0.8312313   -0.1690977   -1.0655763  0.00   -0.0007136   -0.0012112   -0.0010990
h     3.0518431    1.2463078   -0.0077321  0.00    0.0009166   -0.0001514   -0.0000370
h     2.0085693    3.0510211    1.2619557  0.00    0.0007268    0.0012043    0.0007767
h    -1.8115102    1.6365261    0.2111570  0.00   -0.0008203    0.0002463    0.0000695
c     1.9092896   -0.7005055   -1.4083897  0.00   -0.0009222   -0.0015319   -0.0008446
c     1.0417933   -1.7616214   -2.1267214  0.00   -0.0011573    0.0025151    0.0005400
h     2.5848479   -1.2327200   -0.6997759  0.00    0.0011218   -0.0017782    0.0013320
h     2.5672795   -0.2198062   -2.1721643  0.00    0.0021315    0.0011550   -0.0020169
c     0.2799373   -1.1941418   -3.3281519  0.00    0.0008237    0.0009937    0.0017435
o     0.1981122    0.1807484   -3.5514139  0.00    0.0006549    0.0079081    0.0020281
o    -0.4233131   -2.0595566   -4.1660335  0.00    0.0079681   -0.0178579    0.0005587
h    -0.9664741   -1.4994251   -4.8237429  0.00   -0.0101914    0.0088599   -0.0052523
n     1.9368913   -2.8659572   -2.5284640  0.00    0.0045184    0.0031483   -0.0031170
h     0.2735933   -2.1596835   -1.4230125  0.00   -0.0016147   -0.0005062    0.0009287
h     2.1217343   -3.4770874   -1.6932743  0.00    0.0004554   -0.0047803    0.0060215
h     1.4406638   -3.4803762   -3.2253581  0.00   -0.0023727   -0.0009403   -0.0028682
    24
 Energy =       0.0656138923
c     1.3343135    2.2652829    0.8347172  0.00    0.0002587    0.0017166    0.0012076
c    -0.0139084    2.3512414    0.8761929  0.00    0.0006956    0.0005479    0.0002797
c    -0.7688252    1.4785486    0.1696260  0.00   -0.0013150   -0.0001033   -0.0001925
c     1.9336381    1.2977779    0.0930534  0.00    0.0013345    0.0001558    0.0001693
c     1.1863458    0.4034942   -0.6196529  0.00   -0.0008460   -0.0007538   -0.0006825
c    -0.1786593    0.5070527   -0.5758005  0.00   -0.0003853   -0.0020284   -0.0015884
o    -0.6246904    3.3449521    1.6379721  0.00   -0.0002840    0.0030872   -0.0009307
h    -0.7951413    3.0209168    2.5852832  0.00   -0.0004615   -0.0005337    0.0028067
h    -0.8211467   -0.1618689   -1.1377035  0.00   -0.0007614   -0.0013075   -0.0011251
h     3.0204782    1.2503894    0.0678513  0.00    0.0006142    0.0000717    0.0000656
h     1.9280326    2.9830630    1.3936626  0.00    0.0008021    0.0013106    0.0009119
h    -1.8499763    1.5711450    0.1967793  0.00   -0.0005310    0.0000205   -0.0000307
c     1.9317681   -0.6452460   -1.4438739  0.00   -0.0006715   -0.0014227   -0.0007045
c     1.0906433   -1.7238544   -2.1678330  0.00   -0.0008408    0.0015425    0.0002059
h     2.6413002   -1.1647539   -0.7607717  0.00    0.0007805   -0.0011799    0.0007065
h     2.5556494   -0.1217275   -2.2068913  0.00    0.0012848    0.0008969   -0.0014267
c     0.3057277   -1.1639922   -3.3553774  0.00    0.0011066   -0.0005102    0.0018182
o     0.2937103    0.2021262   -3.6389037  0.00    0.0009261    0.0073773    0.0013353
o    -0.4685855   -2.0242135   -4.1313239  0.00    0.0018870   -0.0124749   -0.0002328
h    -0.9537319   -1.4728855   -4.8342244  0.00   -0.0042904    0.0053182   -0.0030687
n     2.0100015   -2.7962680   -2.5951252  0.00    0.0025230    0.0022695   -0.0021988
h     0.3411436   -2.1521313   -1.4624931  0.00   -0.0008746   -0.0003043    0.0005152
h     2.2556097   -3.3878466   -1.7635548  0.00    0.0006533   -0.0030232    0.0038066
h     1.5063103   -3.4377451   -3.2603488  0.00   -0.0016050   -0.0006729   -0.0016471
    24
 Energy =       0.0651903978
c     1.3055466    2.2009086    0.9309512  0.00    0.0012854    0.0021633    0.0018278
c    -0.0425271    2.3023746    0.9283707  0.00    0.0011952    0.0012232    0.0011084
c    -0.7826645    1.4840252    0.1424018  0.00   -0.0019506   -0.0015580   -0.0014697
c     1.9191361    1.2706009    0.1548202  0.00    0.0019266    0.0015511    0.0013083
c     1.1863520    0.4272864   -0.6343358  0.00   -0.0014212   -0.0011936   -0.0008348
c    -0.1781830    0.5510823   -0.6390104  0.00   -0.0015509   -0.0023415   -0.0021906
o    -0.6679417    3.2576590    1.7256170  0.00    0.0009222    0.0035867   -0.0027326
h    -0.8777278    2.8793095    2.6457348  0.00   -0.0008524   -0.0014858    0.0044090
h    -0.8092889   -0.0729397   -1.2646486  0.00   -0.0019417   -0.0022968   -0.0020504
h     3.0059179    1.2125057    0.1642046  0.00    0.0009037    0.0004743    0.0004103
h     1.8879252    2.8773973    1.5524157  0.00    0.0017137    0.0021157    0.0017675
h    -1.8632340    1.5900539    0.1346220  0.00   -0.0009127   -0.0004093   -0.0004358
c     1.9459903   -0.5727029   -1.5047491  0.00   -0.0019791   -0.0009847   -0.0009556
c     1.1208092   -1.6904858   -2.1902046  0.00   -0.0005033   -0.0002477    0.0004875
h     2.7160704   -1.0610076   -0.8622927  0.00    0.0021511   -0.0017674    0.0017796
h     2.5072647   -0.0105902   -2.2898820  0.00    0.0016950    0.0016247   -0.0021144
c     0.3094618   -1.1780933   -3.3813577  0.00    0.0012313   -0.0010461    0.0019412
o     0.3367230    0.1662864   -3.7549707  0.00    0.0011552    0.0075595    0.0003016
o    -0.5172945   -2.0578184   -4.0762737  0.00   -0.0014324   -0.0091228   -0.0009106
h    -0.9802868   -1.5450887   -4.8193498  0.00   -0.0017399    0.0029282   -0.0020279
n     2.0552408   -2.7528868   -2.6059220  0.00    0.0013129    0.0032036   -0.0008344
h     0.3904078   -2.1163793   -1.4637966  0.00   -0.0003678   -0.0002685    0.0003593
h     2.3438609   -3.3046272   -1.7618711  0.00    0.0007546   -0.0020871    0.0027321
h     1.5484491   -3.4334127   -3.2292137  0.00   -0.0015948   -0.0016209   -0.0018760
    24
 Energy =       0.0648754554
c     1.3159148    2.1772628    0.9624152  0.00    0.0017418    0.0015119    0.0013881
c    -0.0289141    2.3142434    0.9292041  0.00    0.0007147    0.0010577    0.0011010
c    -0.7688427    1.5437273    0.0970377  0.00   -0.0018538   -0.0015537   -0.0014695
c     1.9259245    1.2577230    0.1716351  0.00    0.0018645    0.0015558    0.0012629
c     1.1921703    0.4591207   -0.6614849  0.00   -0.0006784   -0.0012849   -0.0002609
c    -0.1676849    0.6233281   -0.7004749  0.00   -0.0020717   -0.0013704   -0.0015624
o    -0.6505119    3.2582870    1.7415553  0.00    0.0009014    0.0027499   -0.0027858
h    -0.8965120    2.8540168    2.6410277  0.00   -0.0007008   -0.0014695    0.0036782
h    -0.7970855    0.0404585   -1.3656186  0.00   -0.0021537   -0.0017425   -0.0015523
h     3.0106503    1.1731264    0.2049937  0.00    0.0011133    0.0004032    0.0003745
h     1.8989628    2.8176528    1.6197384  0.00    0.0016127    0.0016874    0.0014653
h    -1.8459647    1.6792398    0.0643129  0.00   -0.0012251   -0.0003881   -0.0004743
c     1.9440881   -0.5232409   -1.5571513  0.00   -0.0022419    0.0010741    0.0000830
c     1.1203734   -1.6871104   -2.1709146  0.00   -0.0004684   -0.0009616    0.0011164
h     2.7677557   -0.9710995   -0.9507551  0.00    0.0029402   -0.0014911    0.0027473
h     2.4433306    0.0462533   -2.3786814  0.00    0.0020485    0.0020927   -0.0025859
c     0.2875901   -1.2474248   -3.3782053  0.00    0.0014044   -0.0012682    0.0009968
o     0.3028829    0.0729107   -3.8307313  0.00    0.0007297    0.0075510   -0.0008371
o    -0.5467251   -2.1679088   -4.0079202  0.00   -0.0016178   -0.0079899   -0.0001872
h    -1.0181046   -1.7038419   -4.7775453  0.00   -0.0019398    0.0025431   -0.0027855
n     2.0574482   -2.7642600   -2.5429896  0.00    0.0012022    0.0030604   -0.0018051
h     0.4029421   -2.0791041   -1.4116632  0.00   -0.0005949   -0.0007470    0.0011909
h     2.3619337   -3.2679303   -1.6744137  0.00    0.0009716   -0.0023131    0.0032399
h     1.5483854   -3.4819727   -3.1221110  0.00   -0.0016987   -0.0027070   -0.0023378
    24
 Energy =       0.0644274623
c     1.3238652    2.1051699    1.0405654  0.00    0.0031346    0.0023383    0.0027824
c    -0.0141062    2.2931370    0.9669641  0.00    0.0012679    0.0016643    0.0023276
c    -0.7496834    1.6035753    0.0590994  0.00   -0.0032677   -0.0026518   -0.0030370
c     1.9305195    1.2137924    0.2149376  0.00    0.0032512    0.0030268    0.0029489
c     1.1990912    0.4933242   -0.6929192  0.00   -0.0016194   -0.0029459   -0.0005850
c    -0.1512648    0.7138601   -0.7750045  0.00   -0.0034013   -0.0019288   -0.0030200
o    -0.6319780    3.2085321    1.8146680  0.00    0.0021015    0.0049584   -0.0043195
h    -0.9290457    2.7570998    2.6774325  0.00   -0.0015392   -0.0030171    0.0058768
h    -0.7736239    0.1992116   -1.5038302  0.00   -0.0037968   -0.0027637   -0.0032565
h     3.0105894    1.0906253    0.2811980  0.00    0.0019721    0.0008318    0.0009175
h     1.9047855    2.6834586    1.7579667  0.00    0.0029498    0.0027574    0.0030320
h    -1.8199879    1.7810834   -0.0055603  0.00   -0.0021084   -0.0006236   -0.0010054
c     1.9398306   -0.4518535   -1.6372987  0.00   -0.0037807    0.0014412   -0.0005057
c     1.1238394   -1.6615184   -2.1749117  0.00   -0.0005528   -0.0015332    0.0018187
h     2.8296361   -0.8564119   -1.0926561  0.00    0.0050345   -0.0024007    0.0037764
h     2.3545306    0.1370921   -2.4934496  0.00    0.0027525    0.0031180   -0.0040772
c     0.2591831   -1.3002048   -3.3871916  0.00    0.0016582   -0.0013655    0.0006247
o     0.2523586   -0.0089569   -3.9182624  0.00    0.0005139    0.0077739   -0.0016127
o    -0.5802548   -2.2628448   -3.9434067  0.00   -0.0020558   -0.0077939    0.0001891
h    -1.0696512   -1.8509415   -4.7314868  0.00   -0.0021651    0.0022174   -0.0033261
n     2.0694115   -2.7439431   -2.5092484  0.00    0.0010669    0.0032361   -0.0021000
h     0.4256641   -2.0237741   -1.3827896  0.00   -0.0007141   -0.0008216    0.0015236
h     2.3956146   -3.1987200   -1.6216299  0.00    0.0011212   -0.0023217    0.0034755
h     1.5606839   -3.4973356   -3.0419265  0.00   -0.0018230   -0.0031960   -0.0024478
    24
 Energy =       0.0637086869
c     1.3190494    2.0654361    1.0689216  0.00    0.0025106    0.0014500    0.0018708
c    -0.0103328    2.2938621    0.9649282  0.00    0.0007031    0.0011835    0.0016560
c    -0.7358216    1.6621557    0.0104789  0.00   -0.0024775   -0.0019452   -0.0022901
c     1.9265197    1.1904231    0.2271484  0.00    0.0024411    0.0024080    0.0023159
c     1.2034170    0.5277841   -0.7282579  0.00   -0.0012630   -0.0026415   -0.0004632
c    -0.1358335    0.7908047   -0.8407691  0.00   -0.0025879   -0.0010143   -0.0019795
o    -0.6287422    3.1922997    1.8293985  0.00    0.0016137    0.0034671   -0.0033894
h    -0.9661887    2.7165348    2.6625203  0.00   -0.0011708   -0.0022891    0.0042914
h    -0.7459720    0.3238872   -1.6090440  0.00   -0.0028288   -0.0017352   -0.0020913
h     3.0001703    1.0351916    0.3197142  0.00    0.0016936    0.0006593    0.0007499
h     1.8929560    2.5986110    1.8240768  0.00    0.0022164    0.0019215    0.0021848
h    -1.7982178    1.8721362   -0.0775873  0.00   -0.0016777   -0.0004259   -0.0007610
c     1.9360769   -0.3987837   -1.6947156  0.00   -0.0027882    0.0021260    0.0002958
c     1.1369494   -1.6512946   -2.1578459  0.00   -0.0002089   -0.0017677    0.0018528
h     2.8722168   -0.7557758   -1.1986574  0.00    0.0044171   -0.0018579    0.0031360
h     2.2793240    0.1909073   -2.5801722  0.00    0.0022783    0.0028238   -0.0034232
c     0.2348058   -1.3689305   -3.3641325  0.00    0.0018808   -0.0014864    0.0010063
o     0.2124839   -0.1160795   -3.9813171  0.00    0.0005249    0.0083824   -0.0025561
o    -0.6167537   -2.3673102   -3.8333083  0.00   -0.0026640   -0.0082371    0.0004349
h    -1.1272755   -2.0096946   -4.6344045  0.00   -0.0022771    0.0018661   -0.0035409
n     2.0984740   -2.7281597   -2.4628918  0.00    0.0010260    0.0036238   -0.0020198
h     0.4637435   -1.9912273   -1.3346003  0.00   -0.0007033   -0.0008576    0.0013858
h     2.4551864   -3.1322279   -1.5624177  0.00    0.0013338   -0.0022269    0.0037098
h     1.5937721   -3.5170925   -2.9458054  0.00   -0.0019921   -0.0034269   -0.0023757
    24
 Energy =       0.0629047842
c     1.3022292    1.9874285    1.1268130  0.00    0.0038354    0.0017119    0.0031231
c    -0.0135865    2.2716415    0.9810325  0.00    0.0008701    0.0015383    0.0026453
c    -0.7208661    1.7236185   -0.0397569  0.00   -0.0038104   -0.0025666   -0.0039536
c     1.9135292    1.1395909    0.2598383  0.00    0.0036883    0.0034607    0.0043670
c     1.2069596    0.5628040   -0.7646828  0.00   -0.0022867   -0.0041612   -0.0018780
c    -0.1160249    0.8818266   -0.9171870  0.00   -0.0036479   -0.0012119   -0.0031578
o    -0.6355159    3.1422629    1.8713463  0.00    0.0030514    0.0053800   -0.0046741
h    -1.0284821    2.6312568    2.6600061  0.00   -0.0023325   -0.0038452    0.0061491
h    -0.7064019    0.4826403   -1.7401455  0.00   -0.0039298   -0.0020820   -0.0036015
h     2.9764821    0.9384525    0.3891891  0.00    0.0027570    0.0009818    0.0016049
h     1.8627546    2.4543072    1.9365554  0.00    0.0034288    0.0025554    0.0037921
h    -1.7712192    1.9776516   -0.1592400  0.00   -0.0024845   -0.0004471   -0.0013091
c     1.9330956   -0.3353173   -1.7608237  0.00   -0.0032640    0.0022834    0.0001129
c     1.1589415   -1.6281769   -2.1539350  0.00   -0.0001236   -0.0019528    0.0021358
h     2.9159112   -0.6417540   -1.3229400  0.00    0.0055577   -0.0023635    0.0027966
h     2.1970986    0.2590955   -2.6705770  0.00    0.0022648    0.0033798   -0.0040150
c     0.2121142   -1.4205434   -3.3417316  0.00    0.0020941   -0.0016090    0.0014147
o     0.1712355   -0.2111321   -4.0411233  0.00    0.0006052    0.0094395   -0.0035959
o    -0.6517447   -2.4479465   -3.7193413  0.00   -0.0033884   -0.0093916    0.0008238
h    -1.1883243   -2.1427628   -4.5254210  0.00   -0.0026588    0.0016962   -0.0040238
n     2.1421375   -2.6890501   -2.4453597  0.00    0.0012089    0.0041328   -0.0020843
h     0.5180718   -1.9554242   -1.2996974  0.00   -0.0008817   -0.0009178    0.0014868
h     2.5359133   -3.0468401   -1.5404074  0.00    0.0016899   -0.0023047    0.0041652
h     1.6456990   -3.5101721   -2.8811515  0.00   -0.0022434   -0.0037064   -0.0023240
    24
 Energy =       0.0618924668
c     1.2761091    1.9357135    1.1482000  0.00    0.0032664    0.0011464    0.0024702
c    -0.0252190    2.2644064    0.9703346  0.00    0.0004998    0.0012140    0.0020994
c    -0.7111511    1.7788560   -0.0943188  0.00   -0.0032155   -0.0019953   -0.0033663
c     1.8937287    1.1057908    0.2687416  0.00    0.0031027    0.0028325    0.0038704
c     1.2081139    0.5958382   -0.8027169  0.00   -0.0020956   -0.0034560   -0.0020364
c    -0.0989681    0.9567616   -0.9847595  0.00   -0.0029758   -0.0008350   -0.0024545
o    -0.6534200    3.1162633    1.8738760  0.00    0.0026721    0.0043652   -0.0039352
h    -1.0898860    2.5862932    2.6253305  0.00   -0.0020809   -0.0032705    0.0050364
h    -0.6682057    0.6063595   -1.8431991  0.00   -0.0031198   -0.0013802   -0.0027556
h     2.9443823    0.8656973    0.4268521  0.00    0.0025258    0.0007770    0.0015214
h     1.8201083    2.3519238    1.9948154  0.00    0.0028737    0.0019762    0.0031826
h    -1.7493899    2.0668941   -0.2373369  0.00   -0.0020912   -0.0002956   -0.0011065
c     1.9320662   -0.2881126   -1.8101256  0.00   -0.0021520    0.0022673    0.0005856
c     1.1904593   -1.6176944   -2.1364765  0.00    0.0001488   -0.0015910    0.0016810
h     2.9465876   -0.5421730   -1.4159386  0.00    0.0048564   -0.0018932    0.0020750
h     2.1295390    0.2963182   -2.7419663  0.00    0.0017658    0.0031012   -0.0034186
c     0.1890452   -1.4783083   -3.2890965  0.00    0.0021062   -0.0009665    0.0018729
o     0.1283297   -0.3194175   -4.0686504  0.00    0.0007779    0.0096723   -0.0043565
o    -0.6920005   -2.5243768   -3.5645496  0.00   -0.0041953   -0.0102635    0.0011134
h    -1.2600653   -2.2697718   -4.3666678  0.00   -0.0028964    0.0013596   -0.0041617
n     2.1992663   -2.6515935   -2.4371127  0.00    0.0016725    0.0043392   -0.0022575
h     0.5944679   -1.9426494   -1.2486347  0.00   -0.0012593   -0.0011885    0.0017473
h     2.6417675   -2.9674838   -1.5387289  0.00    0.0021619   -0.0023456    0.0046050
h     1.7143420   -3.5020777   -2.8266117  0.00   -0.0023483   -0.0035701   -0.0020118
    24
 Energy =       0.0608743160
c     1.2347855    1.8712170    1.1776149  0.00    0.0036398    0.0009184    0.0028119
c    -0.0486882    2.2471450    0.9629050  0.00    0.0003596    0.0012412    0.0022929
c    -0.7052841    1.8285629   -0.1485011  0.00   -0.0035591   -0.0019016   -0.0039776
c     1.8633718    1.0612460    0.2873334  0.00    0.0034177    0.0027388    0.0046751
c     1.2075340    0.6234808   -0.8339766  0.00   -0.0023154   -0.0033238   -0.0030486
c    -0.0809867    1.0280270   -1.0500825  0.00   -0.0032321   -0.0007715   -0.0027402
o    -0.6880584    3.0781403    1.8779314  0.00    0.0033086    0.0047875   -0.0041436
h    -1.1716574    2.5297323    2.5867096  0.00   -0.0026851   -0.0037666    0.0053718
h    -0.6234004    0.7291759   -1.9455812  0.00   -0.0032055   -0.0011777   -0.0031490
h     2.8984934    0.7790826    0.4776300  0.00    0.0029233    0.0006530    0.0019361
h     1.7556533    2.2326620    2.0635877  0.00    0.0031593    0.0019046    0.0037322
h    -1.7290325    2.1523167   -0.3186085  0.00   -0.0023039   -0.0001805   -0.0013061
c     1.9361440   -0.2452874   -1.8487074  0.00   -0.0015407    0.0020212    0.0004659
c     1.2306110   -1.6042335   -2.1248700  0.00    0.0001011   -0.0008222    0.0012810
h     2.9726595   -0.4521492   -1.4877028  0.00    0.0043790   -0.0017009    0.0013677
h     2.0799536    0.3286925   -2.7960276  0.00    0.0013526    0.0028282   -0.0029081
c     0.1767994   -1.5170938   -3.2348084  0.00    0.0019261   -0.0003059    0.0021018
o     0.0967277   -0.4068005   -4.0804851  0.00    0.0009153    0.0093604   -0.0047605
o    -0.7200927   -2.5705176   -3.4162847  0.00   -0.0046169   -0.0104883    0.0013816
h    -1.3187783   -2.3568673   -4.2079147  0.00   -0.0030043    0.0010527   -0.0040800
n     2.2631872   -2.6060852   -2.4532733  0.00    0.0022429    0.0038795   -0.0026115
h     0.6832612   -1.9365495   -1.2080596  0.00   -0.0016019   -0.0013877    0.0021055
h     2.7542936   -2.8913734   -1.5698244  0.00    0.0025468   -0.0023656    0.0048034
h     1.7925111   -3.4790664   -2.8077445  0.00   -0.0022073   -0.0031932   -0.0016016
    24
 Energy =       0.0599113715
c     1.1925192    1.8231909    1.1916550  0.00    0.0034281    0.0006513    0.0026270
c    -0.0739422    2.2367558    0.9466622  0.00    0.0002061    0.0011241    0.0020881
c    -0.7017512    1.8693940   -0.1986395  0.00   -0.0033245   -0.0015950   -0.0038198
c     1.8325086    1.0271163    0.2970705  0.00    0.0031769    0.0022871    0.0045087
c     1.2064621    0.6450481   -0.8601241  0.00   -0.0020626   -0.0027088   -0.0031780
c    -0.0650499    1.0838195   -1.1045849  0.00   -0.0030327   -0.0006141   -0.0025386
o    -0.7251078    3.0530032    1.8664996  0.00    0.0032471    0.0044094   -0.0037812
h    -1.2459251    2.4942051    2.5395332  0.00   -0.0027069   -0.0035680    0.0049065
h    -0.5823294    0.8235115   -2.0266367  0.00   -0.0028697   -0.0008758   -0.0029122
h     2.8525658    0.7109138    0.5130985  0.00    0.0028078    0.0004591    0.0019134
h     1.6903840    2.1423601    2.1062040  0.00    0.0029215    0.0016129    0.0035525
h    -1.7120614    2.2212650   -0.3911413  0.00   -0.0021710   -0.0000797   -0.0012595
c     1.9424266   -0.2151289   -1.8747867  0.00   -0.0009467    0.0017453    0.0004184
c     1.2702574   -1.5967421   -2.1103905  0.00    0.0000892   -0.0001657    0.0008990
h     2.9921362   -0.3821555   -1.5343892  0.00    0.0036998   -0.0013712    0.0009514
h     2.0472791    0.3442750   -2.8351979  0.00    0.0010059    0.0024442   -0.0023967
c     0.1690431   -1.5504557   -3.1752260  0.00    0.0017470    0.0003552    0.0021147
o     0.0674420   -0.4845431   -4.0735112  0.00    0.0009421    0.0086240   -0.0048550
o    -0.7401081   -2.6044217   -3.2720894  0.00   -0.0047154   -0.0102290    0.0016323
h    -1.3678704   -2.4239827   -4.0491616  0.00   -0.0030430    0.0007972   -0.0039018
n     2.3200644   -2.5682095   -2.4742986  0.00    0.0025414    0.0033400   -0.0030086
h     0.7717742   -1.9376828   -1.1686217  0.00   -0.0017783   -0.0015319    0.0024324
h     2.8565205   -2.8295441   -1.6099307  0.00    0.0028346   -0.0023082    0.0048598
h     1.8627697   -3.4585351   -2.8007334  0.00   -0.0019966   -0.0028023   -0.0012527
    24
 Energy =       0.0589824448
c     1.1454085    1.7779882    1.2018307  0.00    0.0033564    0.0004199    0.0025789
c    -0.1025184    2.2277353    0.9262997  0.00    0.0000741    0.0010661    0.0019735
c    -0.6984168    1.9079962   -0.2498475  0.00   -0.0032150   -0.0013430   -0.0038195
c     1.7984399    0.9937267    0.3062961  0.00    0.0030433    0.0018931    0.0044730
c     1.2055214    0.6632051   -0.8830900  0.00   -0.0017963   -0.0022050   -0.0033110
c    -0.0477432    1.1349591   -1.1566029  0.00   -0.0029889   -0.0004570   -0.0024738
o    -0.7672676    3.0313573    1.8474636  0.00    0.0032970    0.0042017   -0.0035316
h    -1.3234963    2.4653140    2.4850164  0.00   -0.0028368   -0.0034877    0.0046116
h    -0.5379787    0.9099721   -2.1026548  0.00   -0.0026610   -0.0006423   -0.0028307
h     2.8021002    0.6448989    0.5476149  0.00    0.0027757    0.0002628    0.0019364
h     1.6176468    2.0577297    2.1422991  0.00    0.0027836    0.0013822    0.0035155
h    -1.6942529    2.2868476   -0.4651816  0.00   -0.0021417    0.0000272   -0.0012739
c     1.9515362   -0.1906244   -1.8939555  0.00   -0.0005134    0.0014918    0.0003207
c     1.3111202   -1.5908472   -2.0950170  0.00    0.0000689    0.0003608    0.0006116
h     3.0098143   -0.3220819   -1.5668882  0.00    0.0031312   -0.0010977    0.0006591
h     2.0260649    0.3525787   -2.8659750  0.00    0.0007351    0.0021011   -0.0019881
c     0.1664912   -1.5790987   -3.1132548  0.00    0.0016359    0.0009156    0.0020782
o     0.0412474   -0.5553192   -4.0559355  0.00    0.0009176    0.0078839   -0.0049171
o    -0.7516770   -2.6293441   -3.1306649  0.00   -0.0047062   -0.0098924    0.0019214
h    -1.4074500   -2.4776430   -3.8904085  0.00   -0.0030950    0.0005875   -0.0037332
n     2.3730068   -2.5334035   -2.4982019  0.00    0.0026770    0.0028646   -0.0034069
h     0.8615411   -1.9403083   -1.1315866  0.00   -0.0018439   -0.0016274    0.0027125
h     2.9522818   -2.7740274   -1.6556742  0.00    0.0030993   -0.0022293    0.0048690
h     1.9285876   -3.4381541   -2.8006219  0.00   -0.0017969   -0.0024766   -0.0009757
    24
 Energy =       0.0580961971
c     1.0956056    1.7369766    1.2072044  0.00    0.0032355    0.0002153    0.0025155
c    -0.1326755    2.2207605    0.9019556  0.00   -0.0000337    0.0010077    0.0018420
c    -0.6946224    1.9444367   -0.3014580  0.00   -0.0030631   -0.0010919   -0.0037611
c     1.7626589    0.9624983    0.3135376  0.00    0.0028609    0.0014985    0.0043324
c     1.2049285    0.6785746   -0.9038370  0.00   -0.0014755   -0.0017445   -0.0032987
c    -0.0291462    1.1815305   -1.2060217  0.00   -0.0029180   -0.0002955   -0.0024000
o    -0.8120952    3.0138547    1.8214909  0.00    0.0032612    0.0039387   -0.0032159
h    -1.4008612    2.4433125    2.4246200  0.00   -0.0028952   -0.0033324    0.0042530
h    -0.4912527    0.9882345   -2.1731903  0.00   -0.0024364   -0.0004387   -0.0027252
h     2.7490203    0.5831646    0.5789328  0.00    0.0026857    0.0000764    0.0019068
h     1.5404799    1.9806959    2.1705040  0.00    0.0026059    0.0011574    0.0034296
h    -1.6752311    2.3486690   -0.5392303  0.00   -0.0020898    0.0001285   -0.0012723
c     1.9625902   -0.1709244   -1.9080848  0.00   -0.0001856    0.0012398    0.0002170
c     1.3518741   -1.5865344   -2.0784866  0.00    0.0000632    0.0007355    0.0004022
h     3.0261952   -0.2704697   -1.5890505  0.00    0.0026128   -0.0008550    0.0004639
h     2.0133851    0.3548020   -2.8908461  0.00    0.0005196    0.0017738   -0.0016490
c     0.1675068   -1.6049927   -3.0491783  0.00    0.0015536    0.0013614    0.0019582
o     0.0155970   -0.6208172   -4.0287767  0.00    0.0008204    0.0070389   -0.0048590
o    -0.7558209   -2.6488719   -2.9916647  0.00   -0.0045265   -0.0093441    0.0021919
h    -1.4387917   -2.5224699   -3.7316554  0.00   -0.0031219    0.0004100   -0.0035359
n     2.4208485   -2.5023689   -2.5224229  0.00    0.0026287    0.0024564   -0.0037240
h     0.9507870   -1.9431994   -1.0962563  0.00   -0.0018002   -0.0016547    0.0028958
h     3.0405664   -2.7239218   -1.7038002  0.00    0.0033028   -0.0021018    0.0047847
h     1.9884607   -3.4194827   -2.8030258  0.00   -0.0016044   -0.0021796   -0.0007517
    24
 Energy =       0.0572663568
c     1.0437451    1.6996508    1.2083781  0.00    0.0030659    0.0000374    0.0024349
c    -0.1637597    2.2157169    0.8740866  0.00   -0.0001188    0.0009456    0.0016954
c    -0.6899223    1.9792888   -0.3535739  0.00   -0.0028714   -0.0008462   -0.0036456
c     1.7255797    0.9332249    0.3189646  0.00    0.0026377    0.0011208    0.0041019
c     1.2047523    0.6916225   -0.9228761  0.00   -0.0011290   -0.0013483   -0.0031672
c    -0.0090808    1.2244136   -1.2534137  0.00   -0.0028098   -0.0001372   -0.0023146
o    -0.8586784    3.0001101    1.7894665  0.00    0.0031427    0.0036271   -0.0028466
h    -1.4774045    2.4272194    2.3590679  0.00   -0.0028809   -0.0031106    0.0038412
h    -0.4420760    1.0598087   -2.2393195  0.00   -0.0021958   -0.0002626   -0.0025957
h     2.6937915    0.5252314    0.6074721  0.00    0.0025458   -0.0000913    0.0018343
h     1.4597100    1.9102292    2.1919021  0.00    0.0023938    0.0009418    0.0032980
h    -1.6544881    2.4076464   -0.6134785  0.00   -0.0020122    0.0002221   -0.0012540
c     1.9751722   -0.1550994   -1.9183484  0.00    0.0000558    0.0009957    0.0001145
c     1.3920889   -1.5835283   -2.0608995  0.00    0.0000723    0.0009781    0.0002632
h     3.0417900   -0.2258208   -1.6034352  0.00    0.0021478   -0.0006474    0.0003378
h     2.0073946    0.3523387   -2.9112006  0.00    0.0003514    0.0014679   -0.0013695
c     0.1712671   -1.6290009   -2.9833204  0.00    0.0014858    0.0016768    0.0017717
o    -0.0103419   -0.6817702   -3.9931533  0.00    0.0006636    0.0061385   -0.0046903
o    -0.7533339   -2.6648496   -2.8548551  0.00   -0.0042000   -0.0086217    0.0024203
h    -1.4628011   -2.5609284   -3.5729023  0.00   -0.0031206    0.0002601   -0.0033116
n     2.4636251   -2.4749926   -2.5459738  0.00    0.0024325    0.0021168   -0.0039415
h     1.0388873   -1.9458022   -1.0624299  0.00   -0.0016743   -0.0016178    0.0029792
h     3.1216776   -2.6782714   -1.7530218  0.00    0.0034458   -0.0019335    0.0046171
h     2.0424128   -3.4029803   -2.8058763  0.00   -0.0014283   -0.0019120   -0.0005728
    24
 Energy =       0.0565067463
c     0.9901897    1.6656228    1.2058380  0.00    0.0028458   -0.0001119    0.0023329
c    -0.1954215    2.2124183    0.8431010  0.00   -0.0001813    0.0008768    0.0015349
c    -0.6841295    2.0128058   -0.4061475  0.00   -0.0026402   -0.0006110   -0.0034712
c     1.6874272    0.9057630    0.3227679  0.00    0.0023800    0.0007729    0.0037930
c     1.2049637    0.7026780   -0.9404989  0.00   -0.0007819   -0.0010246   -0.0029392
c     0.0124640    1.2641239   -1.2990679  0.00   -0.0026549    0.0000096   -0.0022136
o    -0.9064941    2.9897145    1.7520962  0.00    0.0029463    0.0032744   -0.0024376
h    -1.5528314    2.4161686    2.2889437  0.00   -0.0027935   -0.0028315    0.0033880
h    -0.3905305    1.1256150   -2.3016564  0.00   -0.0019394   -0.0001134   -0.0024411
h     2.6366938    0.4707979    0.6336021  0.00    0.0023601   -0.0002335    0.0017249
h     1.3758444    1.8455976    2.2072992  0.00    0.0021511    0.0007388    0.0031209
h    -1.6318149    2.4642050   -0.6879113  0.00   -0.0019045    0.0003041   -0.0012167
c     1.9889608   -0.1424512   -1.9254867  0.00    0.0002254    0.0007656    0.0000161
c     1.4315662   -1.5816295   -2.0424156  0.00    0.0000898    0.0011146    0.0001838
h     3.0568845   -0.1869629   -1.6117629  0.00    0.0017346   -0.0004748    0.0002595
h     2.0067539    0.3462681   -2.9278474  0.00    0.0002231    0.0011851   -0.0011369
c     0.1772194   -1.6516026   -2.9158952  0.00    0.0014154    0.0018545    0.0015389
o    -0.0369417   -0.7385330   -3.9498496  0.00    0.0004634    0.0052231   -0.0044203
o    -0.7448421   -2.6784465   -2.7200982  0.00   -0.0037486   -0.0077573    0.0025848
h    -1.4801493   -2.5945663   -3.4141491  0.00   -0.0030844    0.0001351   -0.0030585
n     2.5015992   -2.4510242   -2.5685130  0.00    0.0021270    0.0018345   -0.0040536
h     1.1255992   -1.9479926   -1.0300525  0.00   -0.0014907   -0.0015246    0.0029661
h     3.1961530   -2.6363169   -1.8029190  0.00    0.0035288   -0.0017330    0.0043754
h     2.0908435   -3.3887955   -2.8081171  0.00   -0.0012714   -0.0016737   -0.0004306
    24
 Energy =       0.0558302124
c     0.9350999    1.6345526    1.1999909  0.00    0.0025725   -0.0002296    0.0022023
c    -0.2275146    2.2106472    0.8093379  0.00   -0.0002212    0.0007982    0.0013606
c    -0.6772012    2.0450916   -0.4590962  0.00   -0.0023687   -0.0003918   -0.0032334
c     1.6482879    0.8799847    0.3251563  0.00    0.0020927    0.0004652    0.0034137
c     1.2054904    0.7119991   -0.9568674  0.00   -0.0004560   -0.0007727   -0.0026335
c     0.0354267    1.3009978   -1.3431394  0.00   -0.0024447    0.0001364   -0.0020906
o    -0.9552909    2.9822540    1.7099227  0.00    0.0026758    0.0028859   -0.0020015
h    -1.6270939    2.4093834    2.2146601  0.00   -0.0026321   -0.0025027    0.0029031
h    -0.3367446    1.1862661   -2.3605823  0.00   -0.0016670    0.0000070   -0.0022580
h     2.5778528    0.4196208    0.6576843  0.00    0.0021307   -0.0003447    0.0015817
h     1.2891314    1.7861975    2.2173346  0.00    0.0018799    0.0005511    0.0028953
h    -1.6071610    2.5185395   -0.7624717  0.00   -0.0017615    0.0003701   -0.0011568
c     2.0037191   -0.1324267   -1.9299623  0.00    0.0003341    0.0005544   -0.0000760
c     1.4702505   -1.5806792   -2.0231982  0.00    0.0001076    0.0011662    0.0001513
h     3.0716486   -0.1529374   -1.6151915  0.00    0.0013685   -0.0003344    0.0002121
h     2.0104908    0.3374546   -2.9412567  0.00    0.0001276    0.0009242   -0.0009375
c     0.1850334   -1.6730702   -2.8470613  0.00    0.0013275    0.0018933    0.0012807
o    -0.0642327   -0.7913216   -3.8994960  0.00    0.0002380    0.0043218   -0.0040551
o    -0.7308158   -2.6904226   -2.5872946  0.00   -0.0031935   -0.0067746    0.0026633
h    -1.4912962   -2.6244011   -3.2553960  0.00   -0.0030003    0.0000337   -0.0027703
n     2.5351187   -2.4301454   -2.5899864  0.00    0.0017442    0.0015941   -0.0040530
h     1.2108941   -1.9498399   -0.9991470  0.00   -0.0012681   -0.0013821    0.0028573
h     3.2645767   -2.5973821   -1.8534841  0.00    0.0035459   -0.0015066    0.0040615
h     2.1343373   -3.3769055   -2.8091958  0.00   -0.0011320   -0.0014622   -0.0003172
    24
 Energy =       0.0552489270
c     0.8784948    1.6061203    1.1911733  0.00    0.0022412   -0.0003114    0.0020316
c    -0.2600228    2.2101723    0.7730725  0.00   -0.0002380    0.0007061    0.0011707
c    -0.6691732    2.0761797   -0.5123301  0.00   -0.0020537   -0.0001948   -0.0029227
c     1.6081503    0.8557626    0.3263368  0.00    0.0017776    0.0002062    0.0029669
c     1.2062425    0.7198055   -0.9720637  0.00   -0.0001707   -0.0005858   -0.0022646
c     0.0597162    1.3352822   -1.3857047  0.00   -0.0021697    0.0002347   -0.0019348
o    -1.0049927    2.9773166    1.6633587  0.00    0.0023335    0.0024630   -0.0015500
h    -1.7003016    2.4061574    2.1364778  0.00   -0.0023928   -0.0021291    0.0023928
h    -0.2808544    1.2422110   -2.4163342  0.00   -0.0013778    0.0000945   -0.0020381
h     2.5172742    0.3714750    0.6800572  0.00    0.0018567   -0.0004197    0.0014043
h     1.1996296    1.7314824    2.2225164  0.00    0.0015811    0.0003813    0.0026134
h    -1.5805557    2.5707344   -0.8370929  0.00   -0.0015765    0.0004140   -0.0010685
c     2.0192712   -0.1245662   -1.9320578  0.00    0.0003889    0.0003660   -0.0001587
c     1.5081689   -1.5805417   -2.0033949  0.00    0.0001181    0.0011450    0.0001521
h     3.0861822   -0.1229362   -1.6144942  0.00    0.0010434   -0.0002227    0.0001823
h     2.0178988    0.3266175   -2.9516962  0.00    0.0000589    0.0006836   -0.0007582
c     0.1945447   -1.6935708   -2.7769529  0.00    0.0012101    0.0017967    0.0010151
o    -0.0920127   -0.8403347   -3.8426524  0.00    0.0000083    0.0034523   -0.0035943
o    -0.7115974   -2.7012812   -2.4563640  0.00   -0.0025565   -0.0056888    0.0026306
h    -1.4965322   -2.6511346   -3.0966429  0.00   -0.0028472   -0.0000444   -0.0024364
n     2.5645469   -2.4120038   -2.6104566  0.00    0.0013089    0.0013796   -0.0039233
h     1.2948570   -1.9514928   -0.9697783  0.00   -0.0010203   -0.0011962    0.0026473
h     3.3274971   -2.5608084   -1.9049103  0.00    0.0034806   -0.0012578    0.0036677
h     2.1735757   -3.3671893   -2.8088069  0.00   -0.0010042   -0.0012722   -0.0002255
    24
 Energy =       0.0547751724
c     0.8203301    1.5800402    1.1796340  0.00    0.0018454   -0.0003518    0.0018026
c    -0.2929635    2.2108069    0.7345058  0.00   -0.0002311    0.0005960    0.0009611
c    -0.6600816    2.1061207   -0.5657703  0.00   -0.0016893   -0.0000284   -0.0025228
c     1.5669433    0.8329647    0.3264820  0.00    0.0014333    0.0000050    0.0024499
c     1.2071263    0.7262929   -0.9861293  0.00    0.0000559   -0.0004512   -0.0018401
c     0.0852508    1.3672042   -1.4267970  0.00   -0.0018195    0.0002953   -0.0017277
o    -1.0555648    2.9745684    1.6126906  0.00    0.0019192    0.0020028   -0.0010962
h    -1.7726029    2.4059382    2.0545054  0.00   -0.0020672   -0.0017128    0.0018607
h    -0.2229745    1.2938465   -2.4690550  0.00   -0.0010717    0.0001436   -0.0017666
h     2.4548724    0.3261209    0.7010025  0.00    0.0015346   -0.0004514    0.0011886
h     1.1073023    1.6809592    2.2232087  0.00    0.0012537    0.0002320    0.0022596
h    -1.5520127    2.6208930   -0.9117146  0.00   -0.0013408    0.0004276   -0.0009434
c     2.0354641   -0.1185014   -1.9319423  0.00    0.0003935    0.0002045   -0.0002248
c     1.5453570   -1.5811198   -1.9831098  0.00    0.0001155    0.0010522    0.0001709
h     3.1005218   -0.0963015   -1.6101908  0.00    0.0007528   -0.0001357    0.0001592
h     2.0284466    0.3143349   -2.9593211  0.00    0.0000124    0.0004626   -0.0005877
c     0.2056750   -1.7132553   -2.7056792  0.00    0.0010520    0.0015691    0.0007553
o    -0.1199680   -0.8858391   -3.7798212  0.00   -0.0001998    0.0026217   -0.0030286
o    -0.6874447   -2.7114078   -2.3272358  0.00   -0.0018622   -0.0045061    0.0024542
h    -1.4960312   -2.6753243   -2.9378898  0.00   -0.0025918   -0.0000974   -0.0020414
n     2.5901882   -2.3962823   -2.6299752  0.00    0.0008423    0.0011752   -0.0036305
h     1.3775828   -1.9531235   -0.9420055  0.00   -0.0007578   -0.0009708    0.0023221
h     3.3853414   -2.5259587   -1.9574430  0.00    0.0032985   -0.0009878    0.0031750
h     2.2092491   -3.3595196   -2.8066894  0.00   -0.0008780   -0.0010941   -0.0001495
    24
 Energy =       0.0544220931
c     0.7605881    1.5561113    1.1654949  0.00    0.0013761   -0.0003422    0.0014827
c    -0.3262645    2.2125096    0.6937367  0.00   -0.0001995    0.0004615    0.0007231
c    -0.6498595    2.1350905   -0.6193742  0.00   -0.0012648    0.0000951   -0.0020029
c     1.5245709    0.8114576    0.3256858  0.00    0.0010533   -0.0001268    0.0018487
c     1.2080528    0.7316358   -0.9991074  0.00    0.0002045   -0.0003497   -0.0013573
c     0.1120074    1.3970375   -1.4664397  0.00   -0.0013812    0.0003076   -0.0014354
o    -1.1068327    2.9739025    1.5580563  0.00    0.0014293    0.0014939   -0.0006586
h    -1.8440348    2.4085132    1.9686732  0.00   -0.0016373   -0.0012516    0.0013064
h    -0.1631543    1.3416154   -2.5188316  0.00   -0.0007487    0.0001483   -0.0014162
h     2.3904807    0.2832728    0.7206957  0.00    0.0011561   -0.0004289    0.0009241
h     1.0121288    1.6342390    2.2195887  0.00    0.0008951    0.0001069    0.0018033
h    -1.5213948    2.6692945   -0.9863013  0.00   -0.0010419    0.0003990   -0.0007675
c     2.0521124   -0.1139935   -1.9297257  0.00    0.0003483    0.0000754   -0.0002588
c     1.5817658   -1.5824000   -1.9623618  0.00    0.0000973    0.0008745    0.0001887
h     3.1146197   -0.0725694   -1.6026652  0.00    0.0004899   -0.0000701    0.0001328
h     2.0416790    0.3009881   -2.9642456  0.00   -0.0000149    0.0002635   -0.0004163
c     0.2183310   -1.7323485   -2.6332870  0.00    0.0008372    0.0012100    0.0005077
o    -0.1478222   -0.9282226   -3.7113840  0.00   -0.0003508    0.0018224   -0.0023333
o    -0.6585793   -2.7212360   -2.1998520  0.00   -0.0011402   -0.0032183    0.0020853
h    -1.4899045   -2.6975631   -2.7791367  0.00   -0.0021796   -0.0001211   -0.0015624
n     2.6121881   -2.3828131   -2.6484626  0.00    0.0003689    0.0009626   -0.0031078
h     1.4590593   -1.9549056   -0.9158180  0.00   -0.0004901   -0.0007066    0.0018539
h     3.4383126   -2.4922655   -2.0112685  0.00    0.0029296   -0.0006949    0.0025454
h     2.2419573   -3.3538932   -2.8024101  0.00   -0.0007364   -0.0009105   -0.0000855
    24
 Energy =       0.0542043673
c     0.6993634    1.5343270    1.1486649  0.00    0.0008122   -0.0002661    0.0010021
c    -0.3595898    2.2155797    0.6506764  0.00   -0.0001395    0.0002899    0.0004348
c    -0.6381547    2.1635768   -0.6732019  0.00   -0.0007542    0.0001518   -0.0012909
c     1.4809118    0.7911137    0.3238955  0.00    0.0006174   -0.0001694    0.0011188
c     1.2089352    0.7359727   -1.0110961  0.00    0.0002469   -0.0002486   -0.0007881
c     0.1401203    1.4251916   -1.5046996  0.00   -0.0008299    0.0002525   -0.0009850
o    -1.1582205    2.9757392    1.4993421  0.00    0.0008441    0.0009016   -0.0002651
h    -1.9143160    2.4144052    1.8786102  0.00   -0.0010554   -0.0007280    0.0007177
h    -0.1012612    1.3861247   -2.5657411  0.00   -0.0004056    0.0001032   -0.0009270
h     2.3237843    0.2425456    0.7391412  0.00    0.0006986   -0.0003287    0.0005833
h     0.9141896    1.5911646    2.2115439  0.00    0.0004959    0.0000128    0.0011727
h    -1.4881527    2.7166591   -1.0609092  0.00   -0.0006534    0.0003046   -0.0005110
c     2.0689133   -0.1110353   -1.9255006  0.00    0.0002464   -0.0000120   -0.0002280
c     1.6171223   -1.5845517   -1.9409981  0.00    0.0000636    0.0005733    0.0001773
h     3.1282896   -0.0515824   -1.5922774  0.00    0.0002438   -0.0000235    0.0000917
h     2.0570938    0.2866072   -2.9666035  0.00   -0.0000225    0.0000934   -0.0002337
c     0.2322690   -1.7512766   -2.5596484  0.00    0.0005305    0.0006995    0.0002711
o    -0.1755683   -0.9679945   -3.6373550  0.00   -0.0003845    0.0010167   -0.0014438
o    -0.6251931   -2.7315480   -2.0742018  0.00   -0.0004293   -0.0017768    0.0014251
h    -1.4782090   -2.7187721   -2.6203835  0.00   -0.0014997   -0.0001046   -0.0009557
n     2.6303560   -2.3717927   -2.6655404  0.00   -0.0000648    0.0007079   -0.0022055
h     1.5390133   -1.9570237   -0.8910318  0.00   -0.0002269   -0.0003962    0.0011795
h     3.4862262   -2.4593018   -2.0664420  0.00    0.0022103   -0.0003721    0.0016926
h     2.2720849   -3.3506710   -2.7949836  0.00   -0.0005441   -0.0006811   -0.0000331
    24
 Energy =       0.0541387519
c     0.6489311    1.5189922    1.1323016  0.00    0.0000932   -0.0000519    0.0001378
c    -0.3856070    2.2203405    0.6134356  0.00   -0.0000263    0.0000397    0.0000378
c    -0.6263913    2.1874271   -0.7172577  0.00   -0.0000877    0.0000486   -0.0001561
c     1.4443171    0.7755391    0.3212971  0.00    0.0000696   -0.0000446    0.0001132
c     1.2095083    0.7386657   -1.0201872  0.00    0.0000749   -0.0000565   -0.0000532
c     0.1645214    1.4472508   -1.5346934  0.00   -0.0000968    0.0000524   -0.0001418
o    -1.1983580    2.9810496    1.4477716  0.00    0.0000842    0.0001070   -0.0000012
h    -1.9691651    2.4242497    1.8012366  0.00   -0.0001403   -0.0000757    0.0000637
h    -0.0488498    1.4203141   -2.6014114  0.00   -0.0000361    0.0000058   -0.0001160
h     2.2672133    0.2107963    0.7527525  0.00    0.0000866   -0.0000605    0.0000709
h     0.8329279    1.5598327    2.2006942  0.00    0.0000427   -0.0000143    0.0001438
h    -1.4574869    2.7558531   -1.1216124  0.00   -0.0000901    0.0000587   -0.0000721
c     2.0820401   -0.1104601   -1.9204865  0.00    0.0000443   -0.0000223   -0.0000365
c     1.6440256   -1.5876216   -1.9226699  0.00    0.0000109    0.0000448    0.0000540
h     3.1385216   -0.0374107   -1.5819080  0.00    0.0000060    0.0000008    0.0000114
h     2.0706604    0.2733531   -2.9665566  0.00   -0.0000028   -0.0000107   -0.0000209
c     0.2439656   -1.7673092   -2.4985097  0.00    0.0000371   -0.0000047    0.0000392
o    -0.1987379   -0.9982969   -3.5716467  0.00   -0.0001022    0.0000937   -0.0001640
o    -0.5944321   -2.7422594   -1.9744578  0.00    0.0000953   -0.0000793    0.0001776
h    -1.4639556   -2.7370535   -2.4922822  0.00   -0.0002078   -0.0000107   -0.0001132
n     2.6408789   -2.3660271   -2.6771100  0.00   -0.0001766    0.0002300   -0.0003994
h     1.6014894   -1.9592675   -0.8715816  0.00   -0.0000071   -0.0000196    0.0001185
h     3.5198112   -2.4331008   -2.1120264  0.00    0.0004784   -0.0000278    0.0003162
h     2.2941792   -3.3514000   -2.7838318  0.00   -0.0001493   -0.0002032   -0.0000096
    24
 Energy =       0.0541383122
c     0.6499333    1.5201775    1.1323081  0.00    0.0000001   -0.0000002    0.0000005
c    -0.3850901    2.2208924    0.6139289  0.00   -0.0000000    0.0000001    0.0000002
c    -0.6268194    2.1870785   -0.7164117  0.00   -0.0000001    0.0000001   -0.0000007
c     1.4448517    0.7764308    0.3211856  0.00    0.0000000   -0.0000001    0.0000005
c     1.2091020    0.7386678   -1.0199801  0.00    0.0000000   -0.0000001   -0.0000006
c     0.1636557    1.4466743   -1.5339956  0.00   -0.0000001    0.0000002   -0.0000005
o    -1.1973391    2.9819160    1.4483909  0.00    0.0000003    0.0000003    0.0000002
h    -1.9677806    2.4252333    1.8025503  0.00   -0.0000005   -0.0000003    0.0000001
h    -0.0503952    1.4192190   -2.6004526  0.00   -0.0000001   -0.0000000   -0.0000005
h     2.2681804    0.2122530    0.7522847  0.00    0.0000002   -0.0000002    0.0000003
h     0.8347186    1.5617915    2.2004053  0.00    0.0000000   -0.0000001    0.0000007
h    -1.4582656    2.7550499   -1.1203931  0.00   -0.0000001    0.0000001   -0.0000002
c     2.0813324   -0.1105612   -1.9204409  0.00   -0.0000000   -0.0000000   -0.0000002
c     1.6431813   -1.5877303   -1.9226084  0.00    0.0000001    0.0000016    0.0000002
h     3.1378845   -0.0376140   -1.5820786  0.00    0.0000000    0.0000000    0.0000000
h     2.0699288    0.2733982   -2.9664412  0.00   -0.0000000   -0.0000001   -0.0000000
c     0.2439744   -1.7676777   -2.5000686  0.00    0.0000029    0.0000036   -0.0000011
o    -0.1983362   -0.9972684   -3.5722191  0.00    0.0000003    0.0000016   -0.0000017
o    -0.5938029   -2.7445646   -1.9788447  0.00   -0.0000036   -0.0000050    0.0000032
h    -1.4626558   -2.7393302   -2.4975214  0.00   -0.0000012   -0.0000004    0.0000000
n     2.6407595   -2.3666132   -2.6754360  0.00    0.0000004    0.0000001   -0.0000013
h     1.5993160   -1.9589814   -0.8715497  0.00    0.0000002   -0.0000002    0.0000010
h     3.5190306   -2.4328670   -2.1098570  0.00    0.0000011   -0.0000004    0.0000002
h     2.2946433   -3.3521172   -2.7814954  0.00   -0.0000000   -0.0000007   -0.0000002
    24
 Energy =       0.0541383121
c     0.6499753    1.5202202    1.1323107  0.00    0.0000000   -0.0000000    0.0000000
c    -0.3850753    2.2209051    0.6139463  0.00   -0.0000000    0.0000000    0.0000000
c    -0.6268441    2.1870549   -0.7163857  0.00   -0.0000000    0.0000000   -0.0000000
c     1.4448810    0.7764664    0.3211825  0.00    0.0000000   -0.0000000    0.0000000
c     1.2090927    0.7386681   -1.0199749  0.00    0.0000000   -0.0000000   -0.0000000
c     0.1636196    1.4466453   -1.5339757  0.00   -0.0000000    0.0000000   -0.0000000
o    -1.1973108    2.9819365    1.4484141  0.00    0.0000000    0.0000000   -0.0000000
h    -1.9677346    2.4252517    1.8026080  0.00   -0.0000000   -0.0000000    0.0000000
h    -0.0504600    1.4191652   -2.6004257  0.00   -0.0000000    0.0000000   -0.0000000
h     2.2682323    0.2123135    0.7522703  0.00    0.0000000   -0.0000000    0.0000000
h     0.8347930    1.5618642    2.2004005  0.00    0.0000000   -0.0000000    0.0000000
h    -1.4583112    2.7550036   -1.1203555  0.00   -0.0000000    0.0000000   -0.0000000
c     2.0813141   -0.1105642   -1.9204410  0.00    0.0000000    0.0000000   -0.0000000
c     1.6431554   -1.5877318   -1.9226075  0.00   -0.0000000    0.0000000    0.0000000
h     3.1378682   -0.0376222   -1.5820834  0.00    0.0000000    0.0000000    0.0000000
h     2.0699109    0.2733992   -2.9664398  0.00   -0.0000000   -0.0000000   -0.0000000
c     0.2439767   -1.7676838   -2.5001320  0.00    0.0000000    0.0000000   -0.0000000
o    -0.1983025   -0.9972542   -3.5722795  0.00   -0.0000000    0.0000000   -0.0000000
o    -0.5938026   -2.7445985   -1.9789750  0.00   -0.0000000   -0.0000000    0.0000000
h    -1.4626299   -2.7393679   -2.4976938  0.00   -0.0000000   -0.0000000   -0.0000000
n     2.6407653   -2.3666314   -2.6753740  0.00    0.0000000   -0.0000000   -0.0000000
h     1.5992372   -1.9589678   -0.8715465  0.00    0.0000000   -0.0000000    0.0000000
h     3.5190077   -2.4328795   -2.1097508  0.00    0.0000000   -0.0000000    0.0000000
h     2.2946492   -3.3521354   -2.7814317  0.00    0.0000000   -0.0000000    0.0000000
