    27
 Energy =       2.6807567929
c    -1.4235396    2.6054793   -0.0667700  0.00   -0.0467876    0.0386252    0.0024834
c    -1.3072796    1.2134697   -0.1072300  0.00   -0.0854090   -0.0328304    0.0018052
c    -0.0178900    0.6711998   -0.1697000  0.00   -0.0885815   -0.1880459   -0.0008465
c    -0.2940599    3.4190890   -0.0891300  0.00    0.1031945    0.0663048    0.0965310
c     0.9872197    2.8590292   -0.1560400  0.00    3.0735659    3.6501693   10.5065407
c     1.1340797    1.4562096   -0.1970299  0.00    0.0981047    0.1192321    0.0333072
n     0.3879399   -0.6395298   -0.2140799  0.00    0.1424221    0.1102048   -0.0034242
c     2.2666594    0.5727398   -0.2659299  0.00    0.1531369   -0.0813000   -0.0282759
c     1.7555995   -0.7123598   -0.2706899  0.00   -0.1009778   -0.0976294    0.0040686
h    -0.2400399   -1.4313496   -0.2047299  0.00    0.0368500    0.0478438   -0.0005136
c     3.7030089    1.0223397   -0.3320099  0.00   -0.0400088    0.0308936    0.0211421
c     4.0547688    2.2615794    0.5049969  0.00   -0.0106574   -0.0578378    0.0882743
h     3.9407589    1.2278196   -1.3843196  0.00   -0.0024852   -0.0080321    0.0136924
h     4.3455988    0.1801669   -0.0411573  0.00   -0.0116767    0.0046544   -0.0078255
c     2.9727892    3.3351790    0.2854279  0.00   -0.1082356   -0.2047062   -0.0512738
n     5.3813085    2.8752092    0.1415580  0.00    0.0551297    0.1053750    0.0096679
h     4.0661188    2.0288794    1.5763396  0.00    0.0140267    0.0205147   -0.0205277
h     5.1879785    3.8105889   -0.2309739  0.00   -0.0307450   -0.0411828    0.0296634
h     5.8882183    3.0583491    1.0146997  0.00   -0.0238135   -0.0063015   -0.0260688
h    -2.4108593    3.0588691   -0.0157800  0.00   -0.0005049    0.0001689    0.0001624
h    -2.1896094    0.5822398   -0.0890100  0.00   -0.0036491    0.0036960    0.0001321
h    -0.4052699    4.5000487   -0.0535400  0.00    0.0012323   -0.0031256    0.0019488
h     1.8590495    3.5066790   -0.1715100  0.00   -0.4228419    0.3521346    1.6437477
h     2.2327294   -1.6813195   -0.3062999  0.00   -0.0406192   -0.0111730    0.0023866
o     2.7320592    3.8947389   -0.7713858  0.00   -0.0657647   -0.1067954   -0.2388247
o     2.2961393    3.5939090    1.4368496  0.00   -0.2312455   -0.2001551   -0.3251857
h     1.3544696    3.3499890    1.2409596  0.00   -2.3636596   -3.5107021  -11.7527874
    27
 Energy =       2.5629850278
c    -1.4274785    2.5629867   -0.0144286  0.00   -0.0444722    0.0368044    0.0023517
c    -1.2976766    1.1735860   -0.0639681  0.00   -0.0812612   -0.0313684    0.0017556
c    -0.0047778    0.6453304   -0.1246298  0.00   -0.0846334   -0.1763006   -0.0003646
c    -0.3066321    3.3868040   -0.0330564  0.00    0.0981869    0.0630568    0.0917532
c     0.9784974    2.8386901   -0.1007893  0.00    2.9242946    3.4774947    9.9994447
c     1.1346291    1.4435145   -0.1496348  0.00    0.0929749    0.1142783    0.0314616
n     0.4163770   -0.6631498   -0.2276227  0.00    0.1356725    0.1029419   -0.0036647
c     2.2737290    0.5863069   -0.2530312  0.00    0.1427896   -0.0763300   -0.0258457
c     1.7884377   -0.7053841   -0.2879830  0.00   -0.0964566   -0.0913472    0.0042771
h    -0.1960301   -1.4697794   -0.2427061  0.00    0.0345706    0.0447277   -0.0006160
c     3.6898771    1.0778990   -0.3981818  0.00   -0.0383209    0.0308047    0.0224593
c     4.0569508    2.2900240    0.4734767  0.00   -0.0110558   -0.0560382    0.0831169
h     3.8400485    1.3491021   -1.4581015  0.00   -0.0015358   -0.0061407    0.0075283
h     4.3836356    0.2419179   -0.1999104  0.00   -0.0073567    0.0006546   -0.0065641
c     2.9666470    3.3727643    0.3345353  0.00   -0.1000504   -0.1918404   -0.0469865
n     5.3664429    2.9148549    0.0714649  0.00    0.0527987    0.0994251    0.0068702
h     4.1143502    2.0182916    1.5365422  0.00    0.0134893    0.0190287   -0.0177690
h     5.1592786    3.8569223   -0.2819162  0.00   -0.0289571   -0.0385617    0.0278273
h     5.9159440    3.0763717    0.9253431  0.00   -0.0215092   -0.0057904   -0.0229451
h    -2.4193359    3.0067045    0.0343091  0.00   -0.0005393    0.0001842    0.0001572
h    -2.1736539    0.5331501   -0.0622411  0.00   -0.0036257    0.0033786    0.0001223
h    -0.4278012    4.4668570    0.0037175  0.00    0.0011671   -0.0029189    0.0018632
h     1.8297011    3.4658382   -0.1254721  0.00   -0.4060402    0.3251497    1.5586059
h     2.2893563   -1.6593342   -0.3909103  0.00   -0.0374005   -0.0130574    0.0020948
o     2.6753346    3.9130760   -0.7099758  0.00   -0.0605008   -0.0978361   -0.2290593
o     2.2874734    3.5662598    1.5056694  0.00   -0.2216781   -0.1889567   -0.3069105
h     1.3446221    3.3296384    1.3030164  0.00   -2.2505504   -3.3414427  -11.1809637
    27
 Energy =       2.2844806610
c    -1.4295980    2.5014935    0.0321383  0.00   -0.0376609    0.0314620    0.0019987
c    -1.2804797    1.1189434   -0.0316834  0.00   -0.0691075   -0.0268656    0.0015453
c     0.0131416    0.6105702   -0.0873474  0.00   -0.0725600   -0.1459474    0.0011703
c    -0.3221231    3.3376223    0.0250953  0.00    0.0844078    0.0534780    0.0783927
c     0.9657184    2.8062865   -0.0348779  0.00    2.5150697    3.0042913    8.6146434
c     1.1310340    1.4248030   -0.1003070  0.00    0.0790646    0.0992972    0.0264919
n     0.4490117   -0.6963123   -0.2659411  0.00    0.1152260    0.0845296   -0.0044612
c     2.2758065    0.6111683   -0.2411035  0.00    0.1188073   -0.0631775   -0.0202687
c     1.8313099   -0.6868897   -0.3203689  0.00   -0.0826582   -0.0753885    0.0048215
h    -0.1424334   -1.5243863   -0.3195128  0.00    0.0284662    0.0362788   -0.0009927
c     3.6642004    1.1530977   -0.4643010  0.00   -0.0320144    0.0271624    0.0207038
c     4.0534735    2.3335125    0.4441748  0.00   -0.0107810   -0.0497045    0.0686121
h     3.7264797    1.4878876   -1.5217154  0.00   -0.0009550   -0.0035025    0.0010539
h     4.4033040    0.3311042   -0.3586635  0.00   -0.0024206   -0.0029869   -0.0052381
c     2.9580464    3.4277774    0.4237609  0.00   -0.0811859   -0.1542537   -0.0371217
n     5.3401668    2.9606474   -0.0114305  0.00    0.0442531    0.0829882    0.0004553
h     4.1707694    2.0092548    1.4932120  0.00    0.0121318    0.0152716   -0.0121003
h     5.1262228    3.9159632   -0.3369179  0.00   -0.0244113   -0.0317712    0.0229952
h     5.9554763    3.0825134    0.8106331  0.00   -0.0148949   -0.0045857   -0.0150881
h    -2.4277771    2.9317257    0.0739567  0.00   -0.0005926    0.0002053    0.0001409
h    -2.1468028    0.4655089   -0.0561186  0.00   -0.0034539    0.0025633    0.0000651
h    -0.4564985    4.4165264    0.0635069  0.00    0.0010000   -0.0023940    0.0015974
h     1.7998455    3.4120104   -0.0701306  0.00   -0.3604386    0.2483262    1.3232439
h     2.3770831   -1.6078906   -0.4988870  0.00   -0.0297270   -0.0148052    0.0011697
o     2.6159289    3.9648794   -0.5841139  0.00   -0.0436912   -0.0731031   -0.1956456
o     2.2718954    3.5304851    1.6140084  0.00   -0.1940602   -0.1610143   -0.2582757
h     1.3347445    3.3009400    1.3864494  0.00   -1.9378133   -2.8763539   -9.6199092
    27
 Energy =       2.0695949730
c    -1.4322557    2.4651081    0.0405227  0.00   -0.0319914    0.0270265    0.0017345
c    -1.2710460    1.0895548   -0.0521266  0.00   -0.0587143   -0.0233084    0.0013582
c     0.0211436    0.5935019   -0.1010604  0.00   -0.0614652   -0.1199368    0.0030633
c    -0.3333312    3.3072213    0.0610285  0.00    0.0728101    0.0455710    0.0670431
c     0.9549777    2.7867697    0.0107390  0.00    2.1636956    2.5889500    7.4232337
c     1.1250398    1.4153328   -0.0814402  0.00    0.0674915    0.0859535    0.0224954
n     0.4614076   -0.7068086   -0.3628143  0.00    0.0975400    0.0684125   -0.0059197
c     2.2719048    0.6304198   -0.2414440  0.00    0.1014015   -0.0523093   -0.0168122
c     1.8525099   -0.6674325   -0.3702163  0.00   -0.0695063   -0.0628424    0.0053933
h    -0.1205824   -1.5427581   -0.4782659  0.00    0.0225021    0.0281237   -0.0016205
c     3.6490544    1.1956307   -0.4796050  0.00   -0.0271850    0.0227993    0.0176057
c     4.0479364    2.3517014    0.4562299  0.00   -0.0090512   -0.0426138    0.0577644
h     3.6853509    1.5638126   -1.5282627  0.00   -0.0007510   -0.0026999    0.0000521
h     4.4009702    0.3799197   -0.4116068  0.00   -0.0015415   -0.0031374   -0.0044437
c     2.9588774    3.4540114    0.5026260  0.00   -0.0681732   -0.1287557   -0.0310852
n     5.3290341    2.9730588   -0.0093912  0.00    0.0369696    0.0698434   -0.0007699
h     4.1820924    1.9883094    1.4931556  0.00    0.0105984    0.0126669   -0.0094571
h     5.1255415    3.9409794   -0.3136725  0.00   -0.0209592   -0.0264308    0.0193972
h     5.9689338    3.0632321    0.8013402  0.00   -0.0117603   -0.0038926   -0.0117410
h    -2.4343501    2.8869378    0.0738895  0.00   -0.0006056    0.0001584    0.0001231
h    -2.1310256    0.4294103   -0.1149360  0.00   -0.0035139    0.0016094   -0.0000288
h    -0.4756408    4.3850152    0.1107689  0.00    0.0008913   -0.0019282    0.0013558
h     1.7955467    3.3987084   -0.0258033  0.00   -0.3134201    0.2049072    1.1309021
h     2.4306059   -1.5612147   -0.5854131  0.00   -0.0248041   -0.0139868    0.0007825
o     2.5998604    4.0069602   -0.4765519  0.00   -0.0342047   -0.0590345   -0.1660927
o     2.2654098    3.5036051    1.6980134  0.00   -0.1677584   -0.1383915   -0.2197349
h     1.3299807    3.2882557    1.4478119  0.00   -1.6684949   -2.4767536   -8.2845985
    27
 Energy =       1.7865238772
c    -1.4369794    2.4112558    0.0649389  0.00   -0.0240205    0.0204214    0.0012788
c    -1.2538551    1.0445500   -0.0318202  0.00   -0.0443731   -0.0176016    0.0007442
c     0.0371296    0.5706986   -0.0893830  0.00   -0.0462225   -0.0900093    0.0013069
c    -0.3539123    3.2667966    0.0904955  0.00    0.0562908    0.0339959    0.0515273
c     0.9383456    2.7663723    0.0437137  0.00    1.6889169    2.0282818    5.8197188
c     1.1170212    1.4067527   -0.0751353  0.00    0.0501592    0.0663410    0.0170758
n     0.4874378   -0.7362996   -0.3384299  0.00    0.0680143    0.0520270   -0.0026934
c     2.2658708    0.6644716   -0.2772466  0.00    0.0759885   -0.0391646   -0.0109939
c     1.8862643   -0.6358543   -0.4291132  0.00   -0.0485612   -0.0454924    0.0029660
h    -0.0768309   -1.5963294   -0.4134286  0.00    0.0159163    0.0195112   -0.0021400
c     3.6197043    1.2683330   -0.5608376  0.00   -0.0204461    0.0164738    0.0136489
c     4.0418797    2.3742091    0.4266599  0.00   -0.0062316   -0.0325690    0.0429296
h     3.5983263    1.6991635   -1.5895435  0.00   -0.0005139   -0.0007144   -0.0032632
h     4.3923248    0.4648355   -0.5703600  0.00    0.0011308   -0.0046324   -0.0033695
c     2.9650424    3.4844425    0.5797253  0.00   -0.0501289   -0.0920147   -0.0229920
n     5.3160945    2.9916596   -0.0446499  0.00    0.0263359    0.0508039   -0.0028230
h     4.1973773    1.9420290    1.4394531  0.00    0.0087366    0.0084138   -0.0045855
h     5.1291514    3.9805071   -0.3065107  0.00   -0.0164578   -0.0178457    0.0144846
h     5.9853590    3.0298932    0.7520095  0.00   -0.0069171   -0.0030669   -0.0062407
h    -2.4456254    2.8170444    0.1011500  0.00   -0.0006191    0.0001298    0.0000549
h    -2.1018888    0.3692343   -0.0925803  0.00   -0.0028003    0.0010929   -0.0005062
h    -0.5119030    4.3424092    0.1477717  0.00    0.0006390   -0.0013697    0.0013090
h     1.7913027    3.3893820    0.0069599  0.00   -0.2487012    0.1455830    0.8674293
h     2.5036523   -1.4879447   -0.7075427  0.00   -0.0160621   -0.0126608   -0.0007128
o     2.5764316    4.0637127   -0.3563105  0.00   -0.0217667   -0.0394497   -0.1247535
o     2.2679290    3.4482433    1.7862371  0.00   -0.1296734   -0.1082341   -0.1626675
h     1.3222967    3.2796743    1.5072931  0.00   -1.3086326   -1.9382504   -6.4867329
    27
 Energy =       1.6927049816
c    -1.4439987    2.3581658    0.1100737  0.00   -0.0216653    0.0183815    0.0011471
c    -1.2391464    0.9958472    0.0223369  0.00   -0.0399783   -0.0159182    0.0005940
c     0.0562587    0.5436054   -0.0475402  0.00   -0.0413702   -0.0803936    0.0009757
c    -0.3757568    3.2302898    0.1212351  0.00    0.0504990    0.0305929    0.0462360
c     0.9238564    2.7518159    0.0671938  0.00    1.5210146    1.8265606    5.2450394
c     1.1190107    1.3966386   -0.0551994  0.00    0.0447550    0.0597568    0.0154319
n     0.5236368   -0.7634243   -0.2787748  0.00    0.0585619    0.0464322   -0.0017135
c     2.2729386    0.6808875   -0.2840875  0.00    0.0675864   -0.0353699   -0.0092337
c     1.9188245   -0.6254299   -0.4270747  0.00   -0.0417064   -0.0401109    0.0023370
h    -0.0238721   -1.6389861   -0.3216871  0.00    0.0135745    0.0164091   -0.0018885
c     3.6021890    1.3151237   -0.6206250  0.00   -0.0175167    0.0153528    0.0123219
c     4.0491758    2.4106501    0.3677574  0.00   -0.0065363   -0.0306893    0.0380559
h     3.5269115    1.7635013   -1.6405104  0.00   -0.0005523   -0.0000666   -0.0044009
h     4.3898558    0.5270187   -0.6772081  0.00    0.0021315   -0.0048737   -0.0030371
c     2.9583323    3.4940011    0.6121583  0.00   -0.0454725   -0.0809240   -0.0225015
n     5.2867486    3.0585152   -0.1592869  0.00    0.0247356    0.0441153   -0.0071829
h     4.2665125    1.9562233    1.3626153  0.00    0.0083448    0.0065011   -0.0020843
h     5.0758582    4.0573142   -0.3725449  0.00   -0.0154924   -0.0135535    0.0121701
h     6.0109710    3.0678489    0.5932563  0.00   -0.0030544   -0.0031766   -0.0020704
h    -2.4589318    2.7474172    0.1550882  0.00   -0.0007559    0.0001710    0.0000553
h    -2.0760182    0.3051648   -0.0201814  0.00   -0.0027985    0.0007677   -0.0004706
h    -0.5512927    4.3034249    0.1772199  0.00    0.0005479   -0.0010655    0.0011776
h     1.7730183    3.3977290    0.0302946  0.00   -0.2246030    0.1297972    0.7776506
h     2.5508889   -1.4567892   -0.7344785  0.00   -0.0137435   -0.0117337   -0.0008856
o     2.5377663    4.1059956   -0.2894495  0.00   -0.0192778   -0.0328138   -0.1133357
o     2.2743232    3.3636692    1.8310054  0.00   -0.1123465   -0.0982460   -0.1363270
h     1.3098860    3.2730245    1.5419287  0.00   -1.1848811   -1.7459031   -5.8480608
    27
 Energy =       1.5433657397
c    -1.4358611    2.4225703    0.1350531  0.00   -0.0178410    0.0145051    0.0013027
c    -1.2519084    1.0584810    0.0631846  0.00   -0.0325520   -0.0135510    0.0006557
c     0.0300954    0.5870537   -0.0219741  0.00   -0.0330863   -0.0648104    0.0007322
c    -0.3557198    3.2796532    0.1230534  0.00    0.0409509    0.0251042    0.0379258
c     0.9360148    2.7788307    0.0701994  0.00    1.2572780    1.5171094    4.3477326
c     1.0988392    1.4206216   -0.0521057  0.00    0.0360762    0.0482983    0.0127987
n     0.4685063   -0.7371226   -0.2302135  0.00    0.0469431    0.0368843   -0.0007627
c     2.2331384    0.6906960   -0.2964825  0.00    0.0549299   -0.0284687   -0.0073049
c     1.8649769   -0.6100587   -0.4227962  0.00   -0.0326203   -0.0323599    0.0013081
h    -0.0942976   -1.6071542   -0.2441667  0.00    0.0109031    0.0123767   -0.0013189
c     3.5649925    1.2985166   -0.6681885  0.00   -0.0146860    0.0125258    0.0089500
c     4.0715005    2.3569996    0.3323005  0.00   -0.0053637   -0.0240698    0.0312851
h     3.4618607    1.7763249   -1.6728770  0.00   -0.0011926    0.0004955   -0.0047300
h     4.3337864    0.4963941   -0.7741187  0.00    0.0028787   -0.0044547   -0.0032227
c     3.0134315    3.4535833    0.6455558  0.00   -0.0378307   -0.0633588   -0.0172246
n     5.3004971    2.9842124   -0.2340845  0.00    0.0151934    0.0311458   -0.0133979
h     4.3140457    1.8734423    1.3082968  0.00    0.0076490    0.0052595   -0.0012093
h     5.1277027    4.0083295   -0.3751506  0.00   -0.0148992   -0.0046715    0.0090353
h     6.0815656    2.9090958    0.4648053  0.00    0.0055520   -0.0028942    0.0043864
h    -2.4449835    2.8249368    0.1929702  0.00   -0.0009265   -0.0003700    0.0004901
h    -2.0978026    0.3772356    0.0476949  0.00   -0.0024340   -0.0001632   -0.0000774
h    -0.5145964    4.3553788    0.1764949  0.00    0.0001461   -0.0010078    0.0013646
h     1.8193750    3.3805558    0.0407253  0.00   -0.1830523    0.0999334    0.6324569
h     2.4898353   -1.4421493   -0.7430414  0.00   -0.0107102   -0.0093613   -0.0011815
o     2.5985644    4.0857223   -0.2335840  0.00   -0.0150246   -0.0257283   -0.0916589
o     2.3166828    3.2907402    1.8640827  0.00   -0.0802527   -0.0840258   -0.1039816
h     1.3277044    3.3063529    1.5678819  0.00   -0.9960284   -1.4443426   -4.8443537
    27
 Energy =       1.4380832213
c    -1.4217119    2.5019178    0.0781740  0.00   -0.0157623    0.0125664    0.0011893
c    -1.2701130    1.1341581    0.0228352  0.00   -0.0282247   -0.0119380    0.0006236
c    -0.0018352    0.6311249   -0.0461284  0.00   -0.0283717   -0.0552769    0.0007503
c    -0.3209792    3.3316101    0.0662098  0.00    0.0348531    0.0221002    0.0324908
c     0.9565605    2.7967147    0.0333986  0.00    1.0869013    1.3139409    3.7592222
c     1.0837507    1.4358636   -0.0712483  0.00    0.0309640    0.0414270    0.0112768
n     0.4021891   -0.7089699   -0.2316879  0.00    0.0398099    0.0312276   -0.0007186
c     2.2011369    0.6794843   -0.2872374  0.00    0.0467430   -0.0244625   -0.0060251
c     1.8084065   -0.6140020   -0.3996804  0.00   -0.0272093   -0.0279247    0.0011178
h    -0.1860125   -1.5642663   -0.2449994  0.00    0.0088658    0.0100308   -0.0011569
c     3.5593075    1.2459198   -0.6299618  0.00   -0.0119443    0.0110454    0.0080311
c     4.0636709    2.3049176    0.3700287  0.00   -0.0071181   -0.0233717    0.0262841
h     3.4985874    1.7126163   -1.6437238  0.00   -0.0010372    0.0008895   -0.0049000
h     4.3101302    0.4228398   -0.7006489  0.00    0.0032061   -0.0044184   -0.0027893
c     3.0389964    3.4553452    0.6157341  0.00   -0.0325231   -0.0523878   -0.0209968
n     5.3435273    2.8623393   -0.1555962  0.00    0.0162220    0.0253311   -0.0144947
h     4.2392060    1.8306341    1.3672029  0.00    0.0067193    0.0030689    0.0010189
h     5.2345071    3.8951349   -0.3101046  0.00   -0.0125279   -0.0005698    0.0068439
h     6.0967397    2.7503427    0.5696120  0.00    0.0066718   -0.0027510    0.0051438
h    -2.4213701    2.9299207    0.1213155  0.00   -0.0012529   -0.0001037    0.0004414
h    -2.1320020    0.4730601    0.0072918  0.00   -0.0023569   -0.0003664   -0.0000681
h    -0.4520526    4.4123672    0.1042438  0.00    0.0000208   -0.0003269    0.0011839
h     1.8546990    3.3649540    0.0041453  0.00   -0.1574892    0.0816095    0.5448683
h     2.4277708   -1.4626743   -0.6876535  0.00   -0.0086356   -0.0085062   -0.0011829
o     2.6519630    4.0610411   -0.2808530  0.00   -0.0131159   -0.0200332   -0.0785410
o     2.3396334    3.4123345    1.8430769  0.00   -0.0651546   -0.0711695   -0.0779027
h     1.3532404    3.3245141    1.5497704  0.00   -0.8682535   -1.2496304   -4.1917102
    27
 Energy =       1.3525953742
c    -1.4065192    2.5795133    0.0196722  0.00   -0.0140619    0.0109775    0.0010811
c    -1.2867949    1.2090099   -0.0228043  0.00   -0.0246974   -0.0105650    0.0005940
c    -0.0323177    0.6756886   -0.0756931  0.00   -0.0245450   -0.0474930    0.0007634
c    -0.2862813    3.3820626    0.0113759  0.00    0.0298920    0.0196244    0.0280336
c     0.9764737    2.8148942   -0.0025612  0.00    0.9452249    1.1447468    3.2705683
c     1.0694604    1.4524127   -0.0933906  0.00    0.0266124    0.0357100    0.0098465
n     0.3386366   -0.6780802   -0.2405663  0.00    0.0338892    0.0266059   -0.0006733
c     2.1703803    0.6707623   -0.2807598  0.00    0.0400297   -0.0212536   -0.0050276
c     1.7528194   -0.6146399   -0.3826947  0.00   -0.0227816   -0.0242738    0.0009689
h    -0.2728727   -1.5186604   -0.2555914  0.00    0.0072177    0.0081567   -0.0010204
c     3.5531671    1.1974267   -0.5913252  0.00   -0.0096825    0.0098263    0.0072773
c     4.0567938    2.2543877    0.4111648  0.00   -0.0081167   -0.0222144    0.0222593
h     3.5340596    1.6547793   -1.6112755  0.00   -0.0008840    0.0011946   -0.0050116
h     4.2842794    0.3545965   -0.6305986  0.00    0.0034136   -0.0043536   -0.0023928
c     3.0672260    3.4497193    0.5978748  0.00   -0.0283963   -0.0444120   -0.0213551
n     5.3781472    2.7490163   -0.0727968  0.00    0.0160512    0.0203567   -0.0150989
h     4.1713985    1.7895227    1.4231781  0.00    0.0058047    0.0015128    0.0025503
h     5.3312523    3.7888285   -0.2218118  0.00   -0.0102833    0.0026358    0.0051451
h     6.1059676    2.5915895    0.6707809  0.00    0.0077601   -0.0026556    0.0059665
h    -2.3961696    3.0319666    0.0487060  0.00   -0.0015068    0.0001090    0.0003954
h    -2.1638549    0.5680755   -0.0406278  0.00   -0.0023052   -0.0005222   -0.0000604
h    -0.3902304    4.4665644    0.0374571  0.00   -0.0000620    0.0001840    0.0010289
h     1.8918957    3.3528677   -0.0289974  0.00   -0.1362777    0.0677851    0.4720967
h     2.3647551   -1.4790648   -0.6399236  0.00   -0.0069500   -0.0077932   -0.0011624
o     2.7092915    4.0326178   -0.3170983  0.00   -0.0113744   -0.0157362   -0.0682225
o     2.3587147    3.4990356    1.8202292  0.00   -0.0554565   -0.0598792   -0.0611550
h     1.3782680    3.3443503    1.5315929  0.00   -0.7585143   -1.0882739   -3.6473952
    27
 Energy =       1.2905885687
c    -1.3921103    2.6465200   -0.0279069  0.00   -0.0127791    0.0098223    0.0009884
c    -1.2998377    1.2743200   -0.0607449  0.00   -0.0221122   -0.0095256    0.0005598
c    -0.0576260    0.7154838   -0.1002883  0.00   -0.0217646   -0.0418972    0.0007473
c    -0.2557922    3.4255609   -0.0319776  0.00    0.0263353    0.0177625    0.0247973
c     0.9936769    2.8315817   -0.0308362  0.00    0.8408032    1.0194985    2.9102756
c     1.0577308    1.4682884   -0.1115609  0.00    0.0234612    0.0315397    0.0087440
n     0.2849340   -0.6486810   -0.2486947  0.00    0.0296884    0.0232776   -0.0006284
c     2.1438471    0.6653252   -0.2764917  0.00    0.0352827   -0.0189101   -0.0043605
c     1.7042210   -0.6123778   -0.3709449  0.00   -0.0197055   -0.0216406    0.0008538
h    -0.3454812   -1.4764133   -0.2651331  0.00    0.0060873    0.0068778   -0.0009152
c     3.5451221    1.1583783   -0.5623493  0.00   -0.0081682    0.0088842    0.0066509
c     4.0519251    2.2120605    0.4421962  0.00   -0.0082236   -0.0206972    0.0194232
h     3.5578743    1.6085163   -1.5856075  0.00   -0.0007558    0.0013167   -0.0048830
h     4.2578991    0.2994145   -0.5794075  0.00    0.0034045   -0.0042017   -0.0020956
c     3.0934134    3.4393453    0.5888811  0.00   -0.0253445   -0.0389563   -0.0200484
n     5.4004815    2.6586226   -0.0106662  0.00    0.0133782    0.0151877   -0.0161993
h     4.1223657    1.7556159    1.4626555  0.00    0.0050138    0.0007110    0.0031513
h     5.4110709    3.7068933   -0.1161767  0.00   -0.0084437    0.0065201    0.0039055
h     6.1151611    2.4328364    0.7303330  0.00    0.0098047   -0.0029748    0.0078451
h    -2.3725634    3.1194638   -0.0103014  0.00   -0.0016327    0.0002403    0.0003569
h    -2.1894740    0.6509833   -0.0810744  0.00   -0.0022433   -0.0006083   -0.0000555
h    -0.3366289    4.5124435   -0.0145009  0.00   -0.0001020    0.0004850    0.0009128
h     1.9243055    3.3451688   -0.0533573  0.00   -0.1209039    0.0586483    0.4186448
h     2.3073516   -1.4897234   -0.6051438  0.00   -0.0058436   -0.0071846   -0.0011096
o     2.7591976    4.0083151   -0.3386285  0.00   -0.0099348   -0.0130869   -0.0606336
o     2.3769556    3.5481117    1.8029920  0.00   -0.0495709   -0.0522800   -0.0520113
h     1.3999267    3.3631887    1.5182502  0.00   -0.6757307   -0.9688082   -3.2449164
    27
 Energy =       1.2005191402
c    -1.3685952    2.7077830   -0.0726963  0.00   -0.0106751    0.0080197    0.0008257
c    -1.3059603    1.3350946   -0.0949863  0.00   -0.0180784   -0.0078536    0.0004844
c    -0.0782611    0.7495174   -0.1189310  0.00   -0.0174536   -0.0335757    0.0006558
c    -0.2157484    3.4604713   -0.0708368  0.00    0.0212831    0.0147495    0.0200666
c     1.0183436    2.8384751   -0.0526084  0.00    0.6900909    0.8379297    2.3903755
c     1.0499990    1.4763453   -0.1230580  0.00    0.0188948    0.0253034    0.0070873
n     0.2333248   -0.6253520   -0.2510676  0.00    0.0236464    0.0183893   -0.0005653
c     2.1182146    0.6543347   -0.2671959  0.00    0.0283584   -0.0152425   -0.0034857
c     1.6574510   -0.6146562   -0.3553038  0.00   -0.0154146   -0.0175877    0.0006813
h    -0.4161626   -1.4398899   -0.2690852  0.00    0.0045542    0.0052043   -0.0007534
c     3.5340104    1.1160586   -0.5323678  0.00   -0.0063377    0.0072782    0.0055994
c     4.0466610    2.1638534    0.4757798  0.00   -0.0081718   -0.0168050    0.0168955
h     3.5751203    1.5586448   -1.5574438  0.00   -0.0005625    0.0012720   -0.0042750
h     4.2281628    0.2423026   -0.5299255  0.00    0.0030650   -0.0036811   -0.0016450
c     3.1277879    3.4268711    0.5919085  0.00   -0.0207903   -0.0308551   -0.0172104
n     5.4218289    2.5519571    0.0550958  0.00    0.0029646   -0.0100391   -0.0276199
h     4.0729301    1.7088098    1.4991918  0.00    0.0038907   -0.0000517    0.0033744
h     5.4287925    3.5805467   -0.2354451  0.00   -0.0088866    0.0315079   -0.0047419
h     6.0811988    2.4629806    0.8890861  0.00    0.0211949   -0.0068684    0.0262924
h    -2.3383921    3.2027206   -0.0686293  0.00   -0.0016741    0.0003932    0.0002755
h    -2.2085513    0.7309707   -0.1192094  0.00   -0.0020494   -0.0006354   -0.0000598
h    -0.2715201    4.5492801   -0.0626795  0.00   -0.0001235    0.0007781    0.0007187
h     1.9644651    3.3311397   -0.0701046  0.00   -0.0987144    0.0455250    0.3407207
h     2.2525271   -1.5026035   -0.5688208  0.00   -0.0044632   -0.0060000   -0.0009449
o     2.8144861    3.9816301   -0.3455359  0.00   -0.0078343   -0.0098166   -0.0488384
o     2.4054192    3.5953322    1.7967015  0.00   -0.0403415   -0.0410275   -0.0400448
h     1.4304140    3.3766249    1.5216829  0.00   -0.5563721   -0.7963111   -2.6638687
    27
 Energy =       1.1312414094
c    -1.3349302    2.8212208   -0.1261323  0.00   -0.0097997    0.0070308    0.0007159
c    -1.3218278    1.4473810   -0.1364392  0.00   -0.0157130   -0.0069594    0.0004494
c    -0.1173471    0.8174643   -0.1413706  0.00   -0.0143818   -0.0274718    0.0006850
c    -0.1552432    3.5311898   -0.1160626  0.00    0.0171872    0.0133254    0.0163527
c     1.0540351    2.8636794   -0.0771342  0.00    0.5742435    0.6985359    1.9897154
c     1.0345989    1.5018548   -0.1366046  0.00    0.0155622    0.0205002    0.0058341
n     0.1428993   -0.5714476   -0.2550021  0.00    0.0187238    0.0142760   -0.0005218
c     2.0733802    0.6428864   -0.2569694  0.00    0.0234985   -0.0126862   -0.0027563
c     1.5708457   -0.6099981   -0.3381796  0.00   -0.0116407   -0.0151632    0.0005203
h    -0.5376545   -1.3621406   -0.2749599  0.00    0.0028546    0.0033186   -0.0006438
c     3.5112607    1.0483808   -0.5016568  0.00   -0.0045867    0.0062944    0.0047100
c     4.0484339    2.0825032    0.5082902  0.00   -0.0077030   -0.0150535    0.0141584
h     3.5866057    1.4823478   -1.5282407  0.00   -0.0003506    0.0014184   -0.0039802
h     4.1715770    0.1487737   -0.4813320  0.00    0.0031622   -0.0037912   -0.0012880
c     3.1814391    3.3844141    0.6008986  0.00   -0.0156652   -0.0247273   -0.0146578
n     5.4454089    2.4073144    0.1095320  0.00    0.0048977   -0.0094847   -0.0232898
h     4.0362309    1.6326999    1.5342742  0.00    0.0031594   -0.0005936    0.0033179
h     5.4952812    3.4217935   -0.2161660  0.00   -0.0071682    0.0281167   -0.0046391
h     6.0806477    2.3280188    0.9588244  0.00    0.0176825   -0.0059187    0.0219926
h    -2.2864530    3.3514832   -0.1379064  0.00   -0.0022164    0.0007812    0.0002199
h    -2.2456634    0.8757376   -0.1658849  0.00   -0.0023668   -0.0009496   -0.0000654
h    -0.1704515    4.6219715   -0.1172594  0.00   -0.0001565    0.0015569    0.0005830
h     2.0240770    3.3173192   -0.0843038  0.00   -0.0821533    0.0354718    0.2800749
h     2.1421338   -1.5188472   -0.5298836  0.00   -0.0031384   -0.0055341   -0.0009038
o     2.9018071    3.9389444   -0.3435460  0.00   -0.0056574   -0.0065514   -0.0402652
o     2.4541886    3.6066797    1.7955222  0.00   -0.0339217   -0.0331567   -0.0318479
h     1.4726659    3.4076175    1.5212077  0.00   -0.4643525   -0.6625849   -2.2144705
    27
 Energy =       0.9827587053
c    -1.3214021    2.8057443   -0.2062323  0.00   -0.0043570    0.0034480    0.0004034
c    -1.3110528    1.4358925   -0.1978991  0.00   -0.0071300   -0.0028294    0.0002376
c    -0.1122005    0.8051917   -0.1784968  0.00   -0.0067331   -0.0114234    0.0002439
c    -0.1423909    3.5086118   -0.1909549  0.00    0.0100339    0.0057339    0.0092056
c     1.0590039    2.8400659   -0.1352346  0.00    0.3331391    0.4048631    1.1645473
c     1.0342394    1.4853189   -0.1682471  0.00    0.0066733    0.0098509    0.0031695
n     0.1456169   -0.5895440   -0.2532087  0.00    0.0081442    0.0059185   -0.0002589
c     2.0708789    0.6379044   -0.2460331  0.00    0.0103137   -0.0055990   -0.0013910
c     1.5795965   -0.6165245   -0.3090497  0.00   -0.0052168   -0.0066041    0.0001775
h    -0.5343286   -1.3828261   -0.2680026  0.00    0.0010734    0.0015906   -0.0003104
c     3.5137754    1.0483888   -0.4508615  0.00   -0.0018141    0.0025575    0.0020359
c     4.0113139    2.1109184    0.5549323  0.00   -0.0067615   -0.0076379    0.0070701
h     3.6253128    1.4558853   -1.4835236  0.00   -0.0002730    0.0007565   -0.0027429
h     4.1750006    0.1533577   -0.3818284  0.00    0.0021526   -0.0026067   -0.0005956
c     3.1731141    3.4400313    0.5731943  0.00   -0.0090333   -0.0112142   -0.0098092
n     5.4348806    2.3771597    0.2305789  0.00    0.0050919   -0.0087479   -0.0160259
h     3.9270683    1.6881807    1.5902520  0.00    0.0013152   -0.0014656    0.0041722
h     5.5329682    3.3578339   -0.1613195  0.00   -0.0040225    0.0182143   -0.0036792
h     6.0101895    2.3467584    1.1175775  0.00    0.0113708   -0.0045368    0.0144924
h    -2.2694375    3.3397177   -0.2365595  0.00   -0.0010508    0.0007092    0.0000574
h    -2.2347979    0.8665314   -0.2283345  0.00   -0.0011178   -0.0001803   -0.0000723
h    -0.1516664    4.5989017   -0.2078541  0.00    0.0000902    0.0009257    0.0002454
h     2.0274846    3.3121599   -0.1404672  0.00   -0.0488232    0.0151632    0.1501863
h     2.1685765   -1.5210454   -0.4593453  0.00   -0.0010393   -0.0033103   -0.0006017
o     2.8997814    3.9496278   -0.3888088  0.00   -0.0017833   -0.0011141   -0.0189866
o     2.4559499    3.7572065    1.7537616  0.00    0.0000572   -0.0038813   -0.0048150
h     1.4904717    3.4077939    1.5354801  0.00   -0.2902998   -0.3985805   -1.2969557
    27
 Energy =       0.8791000363
c    -1.3139925    2.7935041   -0.2429684  0.00   -0.0013932    0.0010788    0.0001254
c    -1.3017822    1.4257583   -0.2445220  0.00   -0.0023077   -0.0009283    0.0001126
c    -0.1048423    0.7979210   -0.2226767  0.00   -0.0022753   -0.0036355    0.0001410
c    -0.1370865    3.4962763   -0.2145545  0.00    0.0051409    0.0016210    0.0045269
c     1.0614875    2.8297820   -0.1649624  0.00    0.1709061    0.2100095    0.6116672
c     1.0366079    1.4790086   -0.2024699  0.00    0.0022068    0.0039740    0.0015911
n     0.1541542   -0.5981823   -0.2907627  0.00    0.0024739    0.0019442   -0.0001211
c     2.0729925    0.6401375   -0.2670290  0.00    0.0030429   -0.0018465   -0.0004075
c     1.5907313   -0.6149759   -0.3311252  0.00   -0.0016720   -0.0020009    0.0001053
h    -0.5227834   -1.3949433   -0.3117851  0.00    0.0002854    0.0004925   -0.0001022
c     3.5177100    1.0573525   -0.4408725  0.00   -0.0007598    0.0006720    0.0004663
c     3.9870263    2.1071398    0.5915543  0.00   -0.0047927   -0.0009009    0.0029618
h     3.6519115    1.4757832   -1.4646569  0.00   -0.0000415    0.0003156   -0.0012123
h     4.1777315    0.1643105   -0.3643546  0.00    0.0007293   -0.0008783   -0.0001927
c     3.1729593    3.4479004    0.5924382  0.00   -0.0026973   -0.0033975   -0.0036223
n     5.4244836    2.3470362    0.3408368  0.00   -0.0064979   -0.0246368   -0.0222471
h     3.8496526    1.6730308    1.6150689  0.00    0.0000967   -0.0013104    0.0027134
h     5.5354660    3.2563307   -0.2060580  0.00   -0.0024663    0.0260395   -0.0125801
h     5.9201371    2.4876134    1.2763306  0.00    0.0168272   -0.0008270    0.0314402
h    -2.2618948    3.3262747   -0.2724113  0.00   -0.0003248    0.0002621    0.0000064
h    -2.2237430    0.8549661   -0.2805806  0.00   -0.0003799   -0.0000425   -0.0000254
h    -0.1469379    4.5861528   -0.2194363  0.00    0.0000671    0.0003765    0.0000731
h     2.0353399    3.3086832   -0.1500056  0.00   -0.0233462    0.0044168    0.0655813
h     2.1911659   -1.5134797   -0.4629870  0.00   -0.0002063   -0.0012489   -0.0002368
o     2.9087249    3.9541455   -0.3687671  0.00   -0.0000987    0.0001122   -0.0058143
o     2.4704640    3.8003860    1.7708248  0.00   -0.0002475   -0.0013636   -0.0017187
h     1.5122627    3.4313301    1.5994474  0.00   -0.1522692   -0.2082976   -0.6732315
    27
 Energy =       0.8350154643
c    -1.3454020    2.6880262   -0.2216600  0.00   -0.0016766    0.0015176    0.0000709
c    -1.2855594    1.3211789   -0.2596434  0.00   -0.0021049   -0.0013862    0.0000438
c    -0.0670860    0.7348847   -0.2607571  0.00   -0.0014015   -0.0024492    0.0001710
c    -0.1929695    3.4305958   -0.1810275  0.00    0.0029336    0.0021561    0.0029275
c     1.0277579    2.8048656   -0.1617758  0.00    0.1097520    0.1340145    0.3910397
c     1.0498030    1.4552352   -0.2291686  0.00    0.0016668    0.0021804    0.0011406
n     0.2401856   -0.6513234   -0.3552243  0.00    0.0008721    0.0001022   -0.0001103
c     2.1149059    0.6550618   -0.3082593  0.00    0.0019846   -0.0010783    0.0000577
c     1.6777459   -0.6155797   -0.3949043  0.00   -0.0002941   -0.0019816    0.0000330
h    -0.4084699   -1.4719176   -0.3913699  0.00   -0.0006222   -0.0007836   -0.0001051
c     3.5465869    1.1263930   -0.4598489  0.00    0.0002184    0.0001605   -0.0003338
c     3.9663953    2.1682224    0.6029474  0.00   -0.0037457   -0.0001523    0.0022457
h     3.6769649    1.5726232   -1.4721402  0.00    0.0002668    0.0003719   -0.0010383
h     4.2360924    0.2545736   -0.3957340  0.00    0.0007724   -0.0011375   -0.0002476
c     3.1199094    3.4876092    0.6130533  0.00   -0.0008075   -0.0008825   -0.0018452
n     5.4011113    2.4476618    0.3941335  0.00   -0.0036872   -0.0143301   -0.0151034
h     3.8167605    1.7106397    1.6134736  0.00   -0.0003245   -0.0008517    0.0018823
h     5.5036374    3.3305499   -0.1829404  0.00   -0.0016381    0.0153733   -0.0070146
h     5.8555041    2.6463665    1.3316243  0.00    0.0114934   -0.0005001    0.0200602
h    -2.3119044    3.1885479   -0.2296310  0.00   -0.0009837    0.0007145   -0.0000051
h    -2.1876608    0.7190378   -0.3029166  0.00   -0.0008180   -0.0004750   -0.0000451
h    -0.2405639    4.5200978   -0.1543578  0.00   -0.0000699    0.0014756    0.0000629
h     1.9854892    3.3185018   -0.1316366  0.00   -0.0155091    0.0025291    0.0392928
h     2.3114725   -1.4899987   -0.5359814  0.00    0.0003985   -0.0014399   -0.0002408
o     2.8383701    3.9980551   -0.3383177  0.00    0.0010355    0.0009807   -0.0033231
o     2.4377513    3.8356045    1.8030661  0.00    0.0011740   -0.0004329   -0.0008621
h     1.4911186    3.4337297    1.6725121  0.00   -0.0988850   -0.1336954   -0.4287537
    27
 Energy =       0.7896440700
c    -1.3462768    2.6625591   -0.2427169  0.00   -0.0006222    0.0008868    0.0000208
c    -1.2748015    1.2990490   -0.3362146  0.00   -0.0005085   -0.0015391   -0.0000174
c    -0.0524181    0.7239785   -0.3519007  0.00   -0.0005791   -0.0014908    0.0000701
c    -0.2009283    3.4124133   -0.1625506  0.00    0.0022090    0.0013543    0.0018408
c     1.0219326    2.7969624   -0.1691722  0.00    0.0504098    0.0627514    0.1827665
c     1.0565923    1.4519533   -0.2826300  0.00    0.0005609    0.0006370    0.0007660
n     0.2671076   -0.6566110   -0.4792423  0.00    0.0000624   -0.0003600   -0.0000588
c     2.1290224    0.6638967   -0.3621070  0.00   -0.0002267   -0.0002292    0.0001270
c     1.7047611   -0.6069213   -0.4903418  0.00   -0.0002404   -0.0009876    0.0000199
h    -0.3737509   -1.4812435   -0.5501230  0.00   -0.0007506   -0.0009799   -0.0000623
c     3.5621537    1.1487858   -0.4531274  0.00    0.0003325   -0.0005984   -0.0006134
c     3.9388691    2.1559029    0.6598923  0.00   -0.0032475    0.0016827    0.0009053
h     3.7212055    1.6290452   -1.4457104  0.00    0.0003362    0.0004842   -0.0012560
h     4.2543641    0.2798512   -0.3944911  0.00    0.0001317   -0.0003455   -0.0001005
c     3.0969238    3.4744087    0.6716628  0.00    0.0030171   -0.0009344   -0.0017045
n     5.3790002    2.4403424    0.5290355  0.00   -0.0032888   -0.0156202   -0.0141551
h     3.7462200    1.6682179    1.6484930  0.00   -0.0005038   -0.0009836    0.0018091
h     5.5040136    3.2493601   -0.1420074  0.00   -0.0017204    0.0122928   -0.0085644
h     5.7456932    2.7725393    1.4684005  0.00    0.0094908    0.0033703    0.0219937
h    -2.3163672    3.1545859   -0.2338009  0.00   -0.0002843    0.0004126   -0.0000069
h    -2.1709379    0.6910473   -0.4057634  0.00   -0.0003871   -0.0004751   -0.0000269
h    -0.2573506    4.4992289   -0.0864496  0.00    0.0000034    0.0016019    0.0000475
h     1.9750217    3.3151307   -0.0928659  0.00   -0.0071216    0.0001793    0.0167842
h     2.3496183   -1.4718303   -0.6327705  0.00    0.0001298   -0.0003855   -0.0000520
o     2.8311428    4.0066925   -0.2670393  0.00    0.0002884    0.0015587   -0.0006386
o     2.4580348    3.8649007    1.8708472  0.00   -0.0005845    0.0007056    0.0002540
h     1.5091006    3.4749971    1.7962093  0.00   -0.0469062   -0.0629881   -0.2001480
    27
 Energy =       0.7694436276
c    -1.3537950    2.6289368   -0.2704086  0.00   -0.0007060    0.0008214    0.0000320
c    -1.2644697    1.2707388   -0.4160514  0.00   -0.0003910   -0.0018416   -0.0001064
c    -0.0349513    0.7114047   -0.4382628  0.00   -0.0006328   -0.0013996   -0.0000237
c    -0.2187182    3.3889934   -0.1463524  0.00    0.0020602    0.0015130    0.0015312
c     1.0103187    2.7893879   -0.1673585  0.00    0.0280965    0.0354283    0.1007295
c     1.0640235    1.4495404   -0.3264606  0.00    0.0004263    0.0001122    0.0004421
n     0.3027338   -0.6613710   -0.6002062  0.00   -0.0001700   -0.0006509   -0.0000799
c     2.1474203    0.6755764   -0.4049202  0.00   -0.0002945    0.0002564    0.0001862
c     1.7398326   -0.5955754   -0.5789910  0.00   -0.0001829   -0.0010832   -0.0000405
h    -0.3272328   -1.4906525   -0.7088762  0.00   -0.0010463   -0.0013875   -0.0001292
c     3.5790737    1.1751555   -0.4404214  0.00    0.0006684   -0.0007100   -0.0005681
c     3.9160954    2.1523119    0.7124433  0.00   -0.0025124    0.0012073    0.0008450
h     3.7607896    1.6854021   -1.4139607  0.00    0.0003694    0.0004988   -0.0012669
h     4.2771600    0.3106993   -0.3877066  0.00    0.0000606   -0.0002407   -0.0001041
c     3.0623531    3.4607515    0.7342266  0.00    0.0037875   -0.0009265   -0.0014491
n     5.3551873    2.4539210    0.6348361  0.00   -0.0009046   -0.0078533   -0.0086212
h     3.6995120    1.6368398    1.6810485  0.00   -0.0005190   -0.0007226    0.0014684
h     5.4984351    3.2299926   -0.0637775  0.00   -0.0012435    0.0061160   -0.0043359
h     5.6677008    2.8407879    1.5662195  0.00    0.0054868    0.0021179    0.0125828
h    -2.3299770    3.1082656   -0.2522254  0.00   -0.0002044    0.0003389    0.0000052
h    -2.1522563    0.6546030   -0.5171861  0.00   -0.0005283   -0.0006845   -0.0000679
h    -0.2891372    4.4710148   -0.0254512  0.00    0.0000791    0.0017726    0.0001098
h     1.9551303    3.3137995   -0.0474533  0.00   -0.0047594   -0.0000436    0.0104943
h     2.3973051   -1.4497800   -0.7278066  0.00    0.0000983   -0.0003306   -0.0000480
o     2.8131391    4.0191014   -0.1899433  0.00    0.0002108    0.0020099   -0.0005115
o     2.4676279    3.8809819    1.9444062  0.00   -0.0005078    0.0011090    0.0006890
h     1.5146452    3.5084151    1.9141553  0.00   -0.0267412   -0.0354273   -0.1117633
    27
 Energy =       0.7571571608
c    -1.3563785    2.6135942   -0.3249537  0.00   -0.0009009    0.0003796   -0.0000210
c    -1.2546911    1.2618376   -0.5147735  0.00   -0.0004713   -0.0017793   -0.0001665
c    -0.0210287    0.7114325   -0.5292438  0.00   -0.0007927   -0.0012984   -0.0000983
c    -0.2293061    3.3762294   -0.1502354  0.00    0.0022102    0.0014639    0.0013890
c     1.0031063    2.7860755   -0.1693609  0.00    0.0159887    0.0207135    0.0564132
c     1.0705053    1.4521092   -0.3686900  0.00    0.0003629   -0.0000329    0.0002301
n     0.3285885   -0.6545660   -0.7191848  0.00   -0.0006465   -0.0004975   -0.0000778
c     2.1609455    0.6853882   -0.4368645  0.00   -0.0002134    0.0005527    0.0001867
c     1.7643968   -0.5823822   -0.6561669  0.00    0.0000585   -0.0009718   -0.0000522
h    -0.2937374   -1.4836764   -0.8676293  0.00   -0.0012393   -0.0016060   -0.0002014
c     3.5930571    1.1886235   -0.4136846  0.00    0.0009270   -0.0006914   -0.0004049
c     3.8936792    2.1358314    0.7744143  0.00   -0.0021452    0.0008540    0.0007528
h     3.8023644    1.7244754   -1.3677766  0.00    0.0003711    0.0005457   -0.0013034
h     4.2917325    0.3246854   -0.3624229  0.00    0.0000508   -0.0001299   -0.0000516
c     3.0279000    3.4334521    0.8038730  0.00    0.0050317   -0.0018541   -0.0014668
n     5.3308070    2.4516022    0.7472686  0.00    0.0003910   -0.0047170   -0.0058629
h     3.6546649    1.5948195    1.7230152  0.00   -0.0005208   -0.0006075    0.0012753
h     5.4940112    3.2022588    0.0285765  0.00   -0.0008817    0.0033287   -0.0026589
h     5.5927662    2.8826181    1.6720409  0.00    0.0032950    0.0018926    0.0083574
h    -2.3361917    3.0852601   -0.3096368  0.00   -0.0001424    0.0001521   -0.0000033
h    -2.1361474    0.6434677   -0.6533152  0.00   -0.0007478   -0.0008356   -0.0001192
h    -0.3094820    4.4523292    0.0089793  0.00    0.0002081    0.0015591    0.0001447
h     1.9413343    3.3094237   -0.0014333  0.00   -0.0038909   -0.0004346    0.0075006
h     2.4300975   -1.4297555   -0.8067429  0.00    0.0000487   -0.0002216   -0.0000342
o     2.8077428    4.0217088   -0.1058238  0.00    0.0002052    0.0030777   -0.0006822
o     2.4828986    3.8902321    2.0234955  0.00   -0.0002057    0.0019305    0.0013174
h     1.5243109    3.5421682    2.0397910  0.00   -0.0163503   -0.0207724   -0.0643627
    27
 Energy =       0.7493611610
c    -1.3579564    2.5991701   -0.4061174  0.00   -0.0013003   -0.0001294   -0.0001298
c    -1.2410599    1.2541965   -0.6306114  0.00   -0.0008234   -0.0015592   -0.0002261
c    -0.0034030    0.7120831   -0.6221308  0.00   -0.0008893   -0.0012118   -0.0001598
c    -0.2418888    3.3635835   -0.1746390  0.00    0.0022478    0.0014652    0.0012647
c     0.9942697    2.7823774   -0.1747412  0.00    0.0095665    0.0124958    0.0320948
c     1.0781942    1.4543656   -0.4073162  0.00    0.0004852   -0.0000059    0.0001328
n     0.3601510   -0.6469827   -0.8328042  0.00   -0.0013035   -0.0002699   -0.0000999
c     2.1760253    0.6941158   -0.4560642  0.00    0.0001326    0.0007917    0.0002471
c     1.7929308   -0.5695603   -0.7192741  0.00    0.0005382   -0.0008229   -0.0000232
h    -0.2524367   -1.4752177   -1.0221861  0.00   -0.0014308   -0.0018000   -0.0003002
c     3.6070898    1.1993559   -0.3741175  0.00    0.0012262   -0.0006769   -0.0002427
c     3.8709277    2.1206094    0.8431891  0.00   -0.0017525    0.0003179    0.0007388
h     3.8442277    1.7566898   -1.3091723  0.00    0.0003787    0.0005425   -0.0012670
h     4.3065179    0.3362485   -0.3208991  0.00    0.0000781   -0.0000557   -0.0000204
c     2.9812681    3.3989170    0.8808469  0.00    0.0057909   -0.0028479   -0.0013241
n     5.3023551    2.4604571    0.8563439  0.00    0.0009967   -0.0024371   -0.0039911
h     3.6197191    1.5546418    1.7732050  0.00   -0.0005629   -0.0004749    0.0010139
h     5.4749541    3.2027992    0.1332259  0.00   -0.0005193    0.0015648   -0.0012971
h     5.5231102    2.9147662    1.7786600  0.00    0.0019887    0.0014697    0.0051831
h    -2.3414459    3.0635055   -0.4065568  0.00   -0.0002866    0.0000161   -0.0000284
h    -2.1139974    0.6342493   -0.8120683  0.00   -0.0011000   -0.0009898   -0.0002014
h    -0.3343175    4.4333612    0.0152595  0.00    0.0003270    0.0012733    0.0001710
h     1.9235911    3.3028825    0.0454255  0.00   -0.0038747   -0.0010519    0.0057558
h     2.4676476   -1.4101096   -0.8677957  0.00    0.0000495   -0.0001783   -0.0000309
o     2.8003292    4.0201526   -0.0129497  0.00    0.0007770    0.0046025   -0.0010847
o     2.4915113    3.8932701    2.1092908  0.00    0.0003654    0.0027517    0.0019437
h     1.5296317    3.5693148    2.1775127  0.00   -0.0111052   -0.0127795   -0.0381188
    27
 Energy =       0.7451012587
c    -1.3556452    2.5845317   -0.5035887  0.00   -0.0017462   -0.0004929   -0.0002581
c    -1.2216896    1.2448617   -0.7481338  0.00   -0.0012874   -0.0012721   -0.0002765
c     0.0189777    0.7102248   -0.7055938  0.00   -0.0008717   -0.0011925   -0.0002034
c    -0.2534360    3.3513525   -0.2181757  0.00    0.0020005    0.0015245    0.0010870
c     0.9859425    2.7780522   -0.1858804  0.00    0.0068779    0.0084971    0.0209497
c     1.0880454    1.4546985   -0.4394456  0.00    0.0006793    0.0000349    0.0001156
n     0.3979494   -0.6429900   -0.9253006  0.00   -0.0019344   -0.0000633   -0.0001454
c     2.1928416    0.7005848   -0.4611345  0.00    0.0005131    0.0008232    0.0003182
c     1.8256896   -0.5601011   -0.7593704  0.00    0.0011081   -0.0006717    0.0000500
h    -0.2028822   -1.4710566   -1.1502613  0.00   -0.0015480   -0.0018974   -0.0003832
c     3.6204704    1.2090581   -0.3259709  0.00    0.0014798   -0.0006942   -0.0001652
c     3.8480039    2.1127269    0.9120850  0.00   -0.0014856   -0.0000813    0.0006844
h     3.8827980    1.7815253   -1.2449813  0.00    0.0003923    0.0005132   -0.0012346
h     4.3218895    0.3480595   -0.2662156  0.00    0.0001328   -0.0000222   -0.0000091
c     2.9279882    3.3670374    0.9533382  0.00    0.0052269   -0.0029534   -0.0002689
n     5.2713202    2.4828582    0.9557887  0.00    0.0013518   -0.0015175   -0.0031044
h     3.5927595    1.5261145    1.8275631  0.00   -0.0006015   -0.0004056    0.0008313
h     5.4428372    3.2301741    0.2382496  0.00   -0.0002272    0.0009790   -0.0007647
h     5.4597526    2.9439360    1.8809858  0.00    0.0014309    0.0012605    0.0037411
h    -2.3421217    3.0423007   -0.5296531  0.00   -0.0005939   -0.0000053   -0.0000653
h    -2.0839551    0.6229172   -0.9708214  0.00   -0.0014274   -0.0010790   -0.0002854
h    -0.3598969    4.4160548   -0.0095746  0.00    0.0003733    0.0010473    0.0001779
h     1.9038656    3.2958002    0.0837982  0.00   -0.0041904   -0.0016430    0.0043825
h     2.5100529   -1.3942336   -0.9000328  0.00    0.0001141   -0.0001799   -0.0000295
o     2.7882654    4.0157009    0.0731623  0.00    0.0019247    0.0055777   -0.0014343
o     2.4793782    3.8894373    2.1859694  0.00    0.0006964    0.0027813    0.0018574
h     1.5187449    3.5796164    2.2967098  0.00   -0.0083885   -0.0088676   -0.0255671
    27
 Energy =       0.7432348805
c    -1.3433705    2.5748237   -0.6150993  0.00   -0.0023428   -0.0007809   -0.0004265
c    -1.1935322    1.2385987   -0.8686472  0.00   -0.0019008   -0.0010722   -0.0003607
c     0.0479289    0.7092783   -0.7852556  0.00   -0.0009437   -0.0013220   -0.0002701
c    -0.2561468    3.3435225   -0.2795354  0.00    0.0017675    0.0017550    0.0009965
c     0.9843993    2.7756756   -0.2066586  0.00    0.0060808    0.0067421    0.0164355
c     1.1032025    1.4555677   -0.4711107  0.00    0.0008653    0.0000533    0.0001150
n     0.4411953   -0.6400591   -1.0032244  0.00   -0.0027643    0.0001336   -0.0002386
c     2.2125450    0.7060530   -0.4581747  0.00    0.0008051    0.0006955    0.0003719
c     1.8619445   -0.5529123   -0.7828461  0.00    0.0018496   -0.0005738    0.0001787
h    -0.1473311   -1.4682981   -1.2588156  0.00   -0.0017565   -0.0021038   -0.0004924
c     3.6340820    1.2181033   -0.2682130  0.00    0.0019116   -0.0008404   -0.0002210
c     3.8190690    2.1094389    0.9865803  0.00   -0.0016533   -0.0001132    0.0006640
h     3.9242932    1.8015788   -1.1720581  0.00    0.0004807    0.0005759   -0.0014632
h     4.3371496    0.3594245   -0.1952906  0.00    0.0002625   -0.0000280    0.0000046
c     2.8766097    3.3461554    1.0186817  0.00    0.0047415   -0.0023046    0.0018637
n     5.2351330    2.5016316    1.0693531  0.00    0.0019600   -0.0013036   -0.0030531
h     3.5508421    1.5080515    1.8885191  0.00   -0.0006640   -0.0003957    0.0008879
h     5.4128585    3.2566773    0.3615952  0.00   -0.0000474    0.0008856   -0.0006833
h     5.3910178    2.9611942    2.0013064  0.00    0.0012935    0.0013696    0.0036548
h    -2.3310249    3.0280038   -0.6727541  0.00   -0.0010275    0.0000422   -0.0001242
h    -2.0442654    0.6150128   -1.1295745  0.00   -0.0018266   -0.0012121   -0.0003975
h    -0.3759745    4.4047635   -0.0613563  0.00    0.0003984    0.0009693    0.0001881
h     1.8888232    3.2914889    0.1099175  0.00   -0.0048647   -0.0021792    0.0030942
h     2.5551118   -1.3824954   -0.9073735  0.00    0.0002828   -0.0002343   -0.0000246
o     2.7750526    4.0128126    0.1469275  0.00    0.0032637    0.0060688   -0.0018243
o     2.4284203    3.8771149    2.2478600  0.00    0.0004667    0.0021921    0.0014151
h     1.4699134    3.5680362    2.3687622  0.00   -0.0066381   -0.0070192   -0.0202902
    27
 Energy =       0.7405918034
c    -1.3558789    2.5738653   -0.6065948  0.00   -0.0016209   -0.0001378   -0.0002334
c    -1.1970885    1.2462485   -0.8986817  0.00   -0.0011207   -0.0012845   -0.0003849
c     0.0458372    0.7201943   -0.8223565  0.00   -0.0007005   -0.0007125   -0.0001602
c    -0.2759580    3.3377576   -0.2408846  0.00    0.0013535    0.0015683    0.0008076
c     0.9660847    2.7736431   -0.1770931  0.00    0.0038611    0.0051408    0.0110060
c     1.0948461    1.4617520   -0.4799763  0.00    0.0005888    0.0000547    0.0000723
n     0.4470245   -0.6201193   -1.0803159  0.00   -0.0013019   -0.0006100   -0.0002688
c     2.2088255    0.7164612   -0.4855418  0.00    0.0006440    0.0009675    0.0003927
c     1.8653733   -0.5334399   -0.8510797  0.00    0.0008688   -0.0008733   -0.0000456
h    -0.1355383   -1.4430560   -1.3641244  0.00   -0.0013847   -0.0018449   -0.0004787
c     3.6303454    1.2260517   -0.2826533  0.00    0.0011807   -0.0006677   -0.0002246
c     3.8196670    2.0873063    0.9924246  0.00   -0.0005935   -0.0000966    0.0011294
h     3.9176516    1.8319946   -1.1721973  0.00    0.0003828    0.0005179   -0.0011526
h     4.3353243    0.3671066   -0.2327971  0.00    0.0002836   -0.0002552    0.0000274
c     2.8545413    3.3029527    1.0639528  0.00    0.0042601   -0.0047951   -0.0054977
n     5.2294037    2.5012744    1.0683086  0.00    0.0014260   -0.0012660   -0.0016391
h     3.5726722    1.4592242    1.8820566  0.00   -0.0006169   -0.0005844    0.0010385
h     5.3869774    3.2711210    0.3717030  0.00    0.0001115    0.0009820   -0.0007852
h     5.3827671    2.9516630    2.0042425  0.00    0.0007352    0.0008734    0.0023141
h    -2.3449866    3.0238352   -0.6582068  0.00   -0.0006195    0.0000859   -0.0001014
h    -2.0420908    0.6267027   -1.1846851  0.00   -0.0012797   -0.0010423   -0.0003667
h    -0.4027955    4.3916409    0.0072500  0.00    0.0002605    0.0010860    0.0002149
h     1.8685969    3.2798362    0.1573473  0.00   -0.0041801   -0.0015878    0.0027136
h     2.5630141   -1.3552239   -1.0017750  0.00    0.0003136   -0.0005475   -0.0001100
o     2.7622437    3.9944418    0.2123779  0.00    0.0025382    0.0056292   -0.0006081
o     2.5038087    3.8639221    2.3153000  0.00    0.0049388    0.0059565    0.0047225
h     1.5572783    3.5620861    2.5275153  0.00   -0.0103290   -0.0065568   -0.0123819
    27
 Energy =       0.7385012776
c    -1.3742585    2.5473192   -0.6184762  0.00   -0.0005963   -0.0000172   -0.0000785
c    -1.2026454    1.2238248   -0.9190949  0.00   -0.0004063   -0.0004934   -0.0001423
c     0.0429687    0.7059447   -0.8362927  0.00   -0.0002323   -0.0002167   -0.0000434
c    -0.3041454    3.3158248   -0.2387090  0.00    0.0005405    0.0005979    0.0003435
c     0.9407095    2.7600881   -0.1699774  0.00    0.0015224    0.0019460    0.0044172
c     1.0831940    1.4516655   -0.4808082  0.00    0.0002501    0.0000450    0.0000608
n     0.4560079   -0.6283752   -1.1030642  0.00   -0.0004307   -0.0002935   -0.0001034
c     2.2037909    0.7141201   -0.4854560  0.00    0.0002708    0.0004335    0.0001861
c     1.8712594   -0.5340130   -0.8640248  0.00    0.0002929   -0.0003139   -0.0000218
h    -0.1180914   -1.4525716   -1.3970437  0.00   -0.0005149   -0.0006768   -0.0001721
c     3.6239601    1.2297693   -0.2809125  0.00    0.0003567   -0.0001515   -0.0000734
c     3.8177015    2.0899730    0.9942426  0.00    0.0002352   -0.0000238    0.0018062
h     3.9056259    1.8389748   -1.1690573  0.00    0.0001269    0.0001732   -0.0003738
h     4.3335697    0.3746957   -0.2363743  0.00    0.0001093   -0.0001014    0.0000167
c     2.8242912    3.2794375    1.0818870  0.00    0.0018871   -0.0095234   -0.0191333
n     5.2187571    2.5348167    1.0497808  0.00    0.0010497   -0.0007082   -0.0001353
h     3.5991874    1.4541672    1.8847978  0.00   -0.0003447   -0.0004732    0.0005853
h     5.3488386    3.3053013    0.3484563  0.00    0.0001606    0.0007829   -0.0006696
h     5.3706700    2.9966073    1.9793783  0.00    0.0003065    0.0003433    0.0008336
h    -2.3659398    2.9902332   -0.6746644  0.00   -0.0002288    0.0000414   -0.0000299
h    -2.0399041    0.6010388   -1.2170567  0.00   -0.0004809   -0.0003884   -0.0001311
h    -0.4411029    4.3661128    0.0162944  0.00    0.0001027    0.0004037    0.0000895
h     1.8407392    3.2643517    0.1731736  0.00   -0.0029344   -0.0009756    0.0026416
h     2.5758127   -1.3481435   -1.0218207  0.00    0.0001244   -0.0002496   -0.0000537
o     2.7417100    3.9683491    0.2287820  0.00    0.0022346    0.0036889    0.0012027
o     2.6110504    3.9237201    2.3332874  0.00    0.0150238    0.0131295    0.0095589
h     1.6941895    3.6460102    2.6862685  0.00   -0.0184251   -0.0069783   -0.0005803
    27
 Energy =       0.7380174464
c    -1.3531804    2.5753131   -0.7154734  0.00   -0.0012996   -0.0004981   -0.0003744
c    -1.1776378    1.2570265   -1.0360989  0.00   -0.0010561   -0.0005857   -0.0003232
c     0.0622763    0.7310605   -0.9195420  0.00   -0.0003951   -0.0005851   -0.0001909
c    -0.2927971    3.3306185   -0.2825832  0.00    0.0008137    0.0009798    0.0004581
c     0.9466059    2.7670190   -0.1809378  0.00    0.0015800    0.0014945    0.0028309
c     1.0936367    1.4642421   -0.5128346  0.00    0.0006249    0.0001158    0.0001075
n     0.4778799   -0.5999392   -1.1981428  0.00   -0.0015056   -0.0000206   -0.0002539
c     2.2108122    0.7211047   -0.4931195  0.00    0.0004256    0.0005494    0.0002805
c     1.8851037   -0.5175831   -0.9080988  0.00    0.0009415   -0.0003617    0.0001051
h    -0.0899953   -1.4152978   -1.5283151  0.00   -0.0010015   -0.0012646   -0.0004559
c     3.6270652    1.2256686   -0.2328384  0.00    0.0008296   -0.0003887    0.0000276
c     3.7869378    2.0593751    1.0655351  0.00   -0.0004246    0.0001915    0.0011831
h     3.9389524    1.8515659   -1.0997624  0.00    0.0003153    0.0004921   -0.0008918
h     4.3313546    0.3664792   -0.1842906  0.00    0.0001521   -0.0000621    0.0000653
c     2.7906824    3.2462720    1.1521506  0.00    0.0020900   -0.0060984   -0.0097849
n     5.1862900    2.5030380    1.1674205  0.00    0.0015074   -0.0007128   -0.0003015
h     3.5455041    1.4050262    1.9367089  0.00   -0.0004133   -0.0005975    0.0008571
h     5.3348486    3.2865003    0.4841424  0.00    0.0002971    0.0009742   -0.0008536
h     5.3122215    2.9486501    2.1090573  0.00    0.0003504    0.0005726    0.0013010
h    -2.3405570    3.0243592   -0.7977025  0.00   -0.0005833   -0.0000163   -0.0001193
h    -2.0074141    0.6445497   -1.3758098  0.00   -0.0010975   -0.0007415   -0.0003755
h    -0.4335324    4.3761739   -0.0107982  0.00    0.0002221    0.0004298    0.0001394
h     1.8376795    3.2576972    0.2061282  0.00   -0.0033978   -0.0012300    0.0008770
h     2.5911330   -1.3316300   -1.0590824  0.00    0.0001187   -0.0001629   -0.0000326
o     2.7414704    3.9505667    0.3075701  0.00    0.0030332    0.0038153    0.0004490
o     2.5788757    3.8870975    2.4020311  0.00    0.0091880    0.0079467    0.0057044
h     1.6737304    3.6042889    2.7682016  0.00   -0.0113153   -0.0042358   -0.0004282
    27
 Energy =       0.7376402760
c    -1.3376755    2.5859444   -0.8021436  0.00   -0.0004376   -0.0002436   -0.0001376
c    -1.1522715    1.2725187   -1.1353965  0.00   -0.0004260   -0.0000439   -0.0000824
c     0.0825735    0.7434884   -0.9867782  0.00   -0.0000532   -0.0001803   -0.0000493
c    -0.2920376    3.3335256   -0.3255303  0.00    0.0001551    0.0002624    0.0000580
c     0.9427270    2.7670246   -0.1929626  0.00    0.0003099   -0.0000770   -0.0003761
c     1.1001601    1.4693650   -0.5377941  0.00    0.0002694    0.0000636    0.0000402
n     0.5065735   -0.5832023   -1.2716832  0.00   -0.0006420    0.0000982   -0.0000753
c     2.2160834    0.7252411   -0.4944599  0.00    0.0002072    0.0001133    0.0000850
c     1.9034307   -0.5064318   -0.9373666  0.00    0.0004366   -0.0000237    0.0000760
h    -0.0504429   -1.3929366   -1.6306477  0.00   -0.0002863   -0.0003370   -0.0001242
c     3.6244830    1.2251333   -0.1893926  0.00    0.0003027   -0.0000826    0.0000118
c     3.7534320    2.0410729    1.1234706  0.00   -0.0001430    0.0001421    0.0000566
h     3.9580054    1.8627217   -1.0386183  0.00    0.0000720    0.0000984   -0.0002107
h     4.3274661    0.3653448   -0.1359416  0.00    0.0000290    0.0000214   -0.0000003
c     2.7498990    3.2219650    1.2080444  0.00    0.0005713   -0.0002149    0.0009207
n     5.1477952    2.4880565    1.2605377  0.00    0.0002164    0.0000472   -0.0002009
h     3.4982649    1.3733588    1.9789754  0.00   -0.0000329   -0.0000170    0.0000897
h     5.3065833    3.2801506    0.5907732  0.00    0.0000411    0.0000140   -0.0000366
h     5.2506310    2.9243428    2.2085449  0.00    0.0000162    0.0001240    0.0002292
h    -2.3214069    3.0371245   -0.9091632  0.00   -0.0002552   -0.0000069   -0.0000447
h    -1.9704244    0.6662147   -1.5099677  0.00   -0.0003878   -0.0002103   -0.0001164
h    -0.4411061    4.3747628   -0.0433052  0.00    0.0000588    0.0000301    0.0000224
h     1.8230495    3.2482638    0.2291863  0.00   -0.0006097   -0.0000374   -0.0002131
h     2.6139480   -1.3177090   -1.0808682  0.00    0.0000202    0.0000013    0.0000008
o     2.7255443    3.9276976    0.3630975  0.00    0.0006157    0.0004787    0.0001745
o     2.5792912    3.8892454    2.4452440  0.00    0.0021097    0.0004233   -0.0009739
h     1.7133701    3.5969594    2.8776607  0.00   -0.0021576   -0.0004433    0.0008765
    27
 Energy =       0.7376329543
c    -1.3366011    2.5864921   -0.8045942  0.00   -0.0000017   -0.0000010    0.0000006
c    -1.1503839    1.2736123   -1.1394911  0.00   -0.0000017   -0.0000022    0.0000000
c     0.0837646    0.7441464   -0.9890828  0.00    0.0000020    0.0000030    0.0000012
c    -0.2923117    3.3332695   -0.3251452  0.00    0.0000033    0.0000031    0.0000010
c     0.9418991    2.7664816   -0.1913287  0.00    0.0000025    0.0000023    0.0000001
c     1.1000655    1.4692335   -0.5372690  0.00    0.0000041    0.0000036    0.0000007
n     0.5087139   -0.5817133   -1.2764621  0.00   -0.0000023   -0.0000037   -0.0000010
c     2.2159731    0.7252521   -0.4940427  0.00    0.0000008    0.0000047    0.0000012
c     1.9045685   -0.5054686   -0.9399103  0.00    0.0000008   -0.0000016   -0.0000015
h    -0.0472245   -1.3907423   -1.6379065  0.00   -0.0000033   -0.0000050   -0.0000014
c     3.6236454    1.2246645   -0.1866637  0.00    0.0000010    0.0000015   -0.0000012
c     3.7505033    2.0406918    1.1260170  0.00   -0.0000055   -0.0000024   -0.0000023
h     3.9588324    1.8619864   -1.0351590  0.00   -0.0000000    0.0000011   -0.0000017
h     4.3261741    0.3645793   -0.1317741  0.00    0.0000015   -0.0000001   -0.0000001
c     2.7486207    3.2233831    1.2076624  0.00   -0.0000084   -0.0000079    0.0000034
n     5.1451045    2.4852642    1.2665023  0.00    0.0000085   -0.0000037    0.0000017
h     3.4921549    1.3734765    1.9808570  0.00   -0.0000009   -0.0000028    0.0000043
h     5.3064279    3.2778050    0.5978797  0.00    0.0000012    0.0000052   -0.0000044
h     5.2467202    2.9203599    2.2150119  0.00    0.0000011    0.0000014    0.0000024
h    -2.3197572    3.0380581   -0.9132253  0.00   -0.0000021   -0.0000008    0.0000004
h    -1.9672672    0.6681694   -1.5170811  0.00   -0.0000046   -0.0000038   -0.0000007
h    -0.4417637    4.3743817   -0.0427186  0.00   -0.0000002   -0.0000002    0.0000005
h     1.8219776    3.2478197    0.2294448  0.00   -0.0000012   -0.0000003   -0.0000034
h     2.6155541   -1.3161524   -1.0844084  0.00    0.0000002   -0.0000010   -0.0000010
o     2.7246631    3.9269234    0.3611967  0.00    0.0000010    0.0000047   -0.0000022
o     2.5783697    3.8934747    2.4434719  0.00    0.0001119    0.0000282   -0.0000236
h     1.7195228    3.5937941    2.8817344  0.00   -0.0001078   -0.0000222    0.0000270
    27
 Energy =       0.7376329357
c    -1.3366070    2.5865190   -0.8047384  0.00   -0.0000000   -0.0000000    0.0000000
c    -1.1503888    1.2736304   -1.1395948  0.00   -0.0000000    0.0000000    0.0000000
c     0.0837322    0.7441361   -0.9890667  0.00    0.0000000   -0.0000000    0.0000000
c    -0.2923440    3.3332793   -0.3252174  0.00   -0.0000000    0.0000000    0.0000000
c     0.9418435    2.7664681   -0.1912979  0.00    0.0000000   -0.0000000    0.0000000
c     1.1000137    1.4692119   -0.5372005  0.00    0.0000000   -0.0000000    0.0000000
n     0.5086912   -0.5817194   -1.2764352  0.00   -0.0000000   -0.0000000   -0.0000000
c     2.2159219    0.7252303   -0.4939410  0.00    0.0000000   -0.0000000   -0.0000000
c     1.9045300   -0.5054845   -0.9398242  0.00    0.0000000    0.0000000   -0.0000000
h    -0.0472342   -1.3907409   -1.6379058  0.00    0.0000000   -0.0000000   -0.0000000
c     3.6236013    1.2246529   -0.1866023  0.00   -0.0000000   -0.0000000   -0.0000000
c     3.7505007    2.0407618    1.1260218  0.00   -0.0000000   -0.0000000    0.0000000
h     3.9587824    1.8619169   -1.0351413  0.00    0.0000000    0.0000000   -0.0000000
h     4.3261210    0.3645642   -0.1316715  0.00    0.0000000    0.0000000   -0.0000000
c     2.7485791    3.2234157    1.2076680  0.00   -0.0000000   -0.0000000    0.0000000
n     5.1450878    2.4853874    1.2664173  0.00    0.0000000   -0.0000000   -0.0000000
h     3.4922228    1.3735777    1.9809003  0.00   -0.0000000   -0.0000000    0.0000000
h     5.3063528    3.2778926    0.5977441  0.00    0.0000000    0.0000000   -0.0000000
h     5.2467335    2.9205415    2.2148949  0.00    0.0000000    0.0000000    0.0000000
h    -2.3197376    3.0381120   -0.9134738  0.00   -0.0000000   -0.0000000    0.0000000
h    -1.9672453    0.6682083   -1.5172613  0.00   -0.0000000   -0.0000000    0.0000000
h    -0.4417880    4.3744062   -0.0428400  0.00   -0.0000000    0.0000000    0.0000000
h     1.8219147    3.2478175    0.2294662  0.00    0.0000000    0.0000000   -0.0000000
h     2.6155242   -1.3161584   -1.0843292  0.00    0.0000000    0.0000000   -0.0000000
o     2.7245886    3.9269312    0.3611899  0.00   -0.0000000   -0.0000000    0.0000000
o     2.5783832    3.8935509    2.4434577  0.00    0.0000010    0.0000003   -0.0000004
h     1.7201665    3.5931338    2.8822969  0.00   -0.0000009   -0.0000003    0.0000003
    27
 Energy =       0.7376329357
c    -1.3366070    2.5865192   -0.8047391  0.00   -0.0000000   -0.0000000    0.0000000
c    -1.1503888    1.2736305   -1.1395952  0.00   -0.0000000   -0.0000000    0.0000000
c     0.0837320    0.7441361   -0.9890667  0.00    0.0000000   -0.0000000    0.0000000
c    -0.2923441    3.3332794   -0.3252179  0.00   -0.0000000   -0.0000000    0.0000000
c     0.9418433    2.7664681   -0.1912980  0.00    0.0000000   -0.0000000    0.0000000
c     1.1000135    1.4692118   -0.5372003  0.00    0.0000000   -0.0000000    0.0000000
n     0.5086911   -0.5817194   -1.2764351  0.00    0.0000000   -0.0000000   -0.0000000
c     2.2159218    0.7252302   -0.4939407  0.00    0.0000000   -0.0000000   -0.0000000
c     1.9045298   -0.5054846   -0.9398238  0.00    0.0000000    0.0000000   -0.0000000
h    -0.0472343   -1.3907410   -1.6379057  0.00    0.0000000   -0.0000000   -0.0000000
c     3.6236011    1.2246529   -0.1866021  0.00   -0.0000000    0.0000000   -0.0000000
c     3.7505007    2.0407621    1.1260218  0.00   -0.0000000   -0.0000000    0.0000000
h     3.9587822    1.8619167   -1.0351412  0.00   -0.0000000    0.0000000   -0.0000000
h     4.3261208    0.3645642   -0.1316712  0.00    0.0000000    0.0000000   -0.0000000
c     2.7485788    3.2234159    1.2076680  0.00   -0.0000000   -0.0000000    0.0000000
n     5.1450877    2.4853879    1.2664170  0.00    0.0000000    0.0000000   -0.0000000
h     3.4922231    1.3735781    1.9809005  0.00    0.0000000   -0.0000000    0.0000000
h     5.3063525    3.2778930    0.5977437  0.00   -0.0000000    0.0000000   -0.0000000
h     5.2467335    2.9205422    2.2148945  0.00    0.0000000    0.0000000   -0.0000000
h    -2.3197376    3.0381122   -0.9134748  0.00   -0.0000000   -0.0000000    0.0000000
h    -1.9672452    0.6682084   -1.5172619  0.00   -0.0000000   -0.0000000    0.0000000
h    -0.4417881    4.3744064   -0.0428406  0.00   -0.0000000   -0.0000000    0.0000000
h     1.8219145    3.2478176    0.2294662  0.00    0.0000000    0.0000000   -0.0000000
h     2.6155241   -1.3161584   -1.0843288  0.00    0.0000000    0.0000000   -0.0000000
o     2.7245883    3.9269312    0.3611899  0.00   -0.0000000   -0.0000000    0.0000000
o     2.5783831    3.8935512    2.4434576  0.00    0.0000000    0.0000000   -0.0000000
h     1.7201695    3.5931307    2.8822993  0.00   -0.0000000   -0.0000000    0.0000000
