$coord                                                                          
    1.28254385616685      5.09083814931453     -1.28037408951944      c       
   -1.05650837024514      5.07272284013781     -0.24887077129298      c       
   -1.97341786642991      2.93216149279838      0.80358209911348      c       
    2.72608514988728      2.97048871628541     -1.23925049856405      c       
    1.82670564453350      0.81084392923475     -0.16430799560072      c       
   -0.54139537561351      0.80327999387462      0.84806461668241      c       
   -2.52743695505096      7.25115129128830     -0.28259618467002      o       
   -2.21564104379428      8.30322322829226      1.28766653319110      h       
   -1.30285275485513     -0.91317096611438      1.68200395163190      h       
    4.59357652629348      3.00540753105656     -2.09243822053996      h       
    1.97951507183249      6.81035739398363     -2.15097518023870      h       
   -3.86604010966893      2.93575285242136      1.59212353677577      h       
    3.42970119699844     -1.56540706963542     -0.13456286088061      c       
    3.10892822289339     -3.17769565433082     -2.55014668310148      c       
    2.96018941794929     -2.73311925417203      1.55154913326017      h       
    5.45391381635715     -1.04404903265849      0.08039766090730      h       
    0.43651082025353     -4.23872565717244     -2.82616471301324      c       
   -0.57510074553991     -4.74333348138603     -5.19999912173555      o       
   -0.93178401046002     -4.95996702433642     -0.69624250010599      o       
   -2.57594842878162     -5.75341569737326     -1.27149281611806      h       
    3.91585425438350     -1.68007694058604     -4.75855100717115      n       
    4.34031407823515     -4.87488808805653     -2.37166564049938      h       
    5.86932772102437     -1.38705853170217     -4.66550955596517      h       
    3.59575192663156     -2.71775982925121     -6.41620932865990      h       
$end                                                                            
