$coord                                                                          
    1.29812062358806      3.37129111443861      2.24453918397590      c       
    0.79886046843054      5.22606269619692      0.55913098939795      c       
    1.24281649988806      4.82441771884019     -1.93894761866322      c       
    2.23559515001812      1.11702111018662      1.45842326344500      c       
    2.68035161510925      0.70225040677970     -1.04203549024349      c       
    2.18072227683940      2.57348085098759     -2.73650954730719      c       
   -0.16513799678496      7.52238227409984      1.44331753591457      o       
   -0.49703405528709      8.81784227307339      0.07095911247510      h       
    2.53038727272952      2.27616379584950     -4.73909624942185      h       
    2.62481527690336     -0.34503104794648      2.84708623735131      h       
    0.93721871165286      3.71598035376849      4.23291887600622      h       
    0.84800766905156      6.30416499697024     -3.30032523585701      h       
    3.71828015158313     -1.80951999403825     -1.93992322315105      c       
    1.69544067947145     -3.43693175653509     -3.30368866011773      c       
    4.53945237761400     -2.90911756754096     -0.34381528951093      h       
    5.32734633666110     -1.43579208560273     -3.24534071256745      h       
    2.88781563658486     -5.69133650315366     -4.67696093080683      c       
    5.29974276566761     -6.51057262108716     -4.03439127891883      o       
    1.55962419876405     -7.00128691443072     -6.53598275125107      o       
   -0.21114315240709     -6.32083655197187     -6.74963324394891      h       
   -0.35100727760708     -4.20763412272382     -1.54876495608949      n       
    0.83825654668661     -2.26934405589201     -4.82830136111587      h       
   -0.53263441540778     -6.18083525973262     -1.45925627020406      h       
   -0.01425258262278     -3.62375810670868      0.31003204060477      h       
$end                                                                            
