    24
 Energy =       0.1772797784
c    -0.3750178    1.6472058    0.7948734  0.00   -0.0658892    0.0163076    0.0568364
c     0.0303172    2.8109335    0.1570437  0.00   -0.0622005    0.0784138    0.0417873
c     1.0081136    2.7718125   -0.8262434  0.00    0.0138548    0.0923072   -0.0297899
c     0.2069418    0.4293490    0.4310970  0.00   -0.0260774   -0.0612820    0.0321306
c     1.2047783    0.3610782   -0.5608861  0.00    0.1057584   -0.0556419   -0.0478408
c     1.5988173    1.5541349   -1.1780186  0.00    0.0407968   -0.0102714   -0.0383447
o    -0.5069839    4.0230167    0.4710260  0.00    0.0143971    0.0069448   -0.0800149
h    -0.9503011    4.3787342   -0.3165291  0.00    0.0297972   -0.0426622    0.0545148
h     2.3707231    1.5818724   -1.9364796  0.00   -0.0018502    0.0158645    0.0041583
h    -0.1206493   -0.4779662    0.9373943  0.00   -0.0006643   -0.0254137   -0.0065011
h    -1.1350442    1.6632136    1.5694669  0.00    0.0005664   -0.0118787    0.0024059
h     1.3163936    3.6907012   -1.3176857  0.00   -0.0002988    0.0009891   -0.0027313
c     1.7669373   -1.0073413   -0.8964724  0.00   -0.0528252   -0.0439315    0.0461981
c     0.8861134   -2.0194266   -1.6556448  0.00    0.1053762   -0.0052708   -0.0474058
h     2.1212937   -1.4658931    0.0371405  0.00   -0.0083815    0.0077981   -0.0112785
h     2.6645729   -0.8285312   -1.5058794  0.00   -0.0108738    0.0075007    0.0074263
c    -0.2550706   -2.4993401   -0.7313897  0.00   -0.0515850   -0.0669872    0.3512813
o    -0.1765299   -2.6781136    0.4736491  0.00   -0.0197099    0.0762715   -0.2823368
o    -1.3862936   -2.7453732   -1.4466837  0.00    0.1648627    0.1637818   -0.2713592
h    -1.5213325   -3.7253525   -1.3910885  0.00    0.0262593    0.0315857   -0.0100491
n     0.2410616   -1.4915667   -2.9017470  0.00   -0.1169086   -0.0638934   -0.0398248
h     1.4642165   -2.9122299   -1.9206526  0.00   -0.0177907    0.0155586   -0.0101067
h     0.7142380   -1.9162587   -3.7076332  0.00   -0.0158938    0.0061694    0.0285995
h    -0.7141630   -1.8528277   -2.9524509  0.00   -0.0507199   -0.1322603    0.2522451
    24
 Energy =       0.1215033297
c    -0.3819204    1.6693822    0.7538572  0.00   -0.0340574    0.0084474    0.0282719
c     0.0166163    2.8129581    0.1175026  0.00   -0.0313310    0.0324060    0.0151734
c     0.9311445    2.7539561   -0.9028307  0.00    0.0080032    0.0472820   -0.0173615
c     0.1629121    0.4590720    0.3900706  0.00   -0.0135373   -0.0320814    0.0158412
c     1.1197181    0.3778262   -0.6106247  0.00    0.0550759   -0.0266737   -0.0249969
c     1.4917548    1.5431174   -1.2581166  0.00    0.0225372   -0.0043171   -0.0194079
o    -0.4415797    4.0436937    0.5480337  0.00    0.0188565    0.0024380   -0.0196272
h    -1.0076077    4.4797869   -0.1577759  0.00    0.0016934   -0.0121840    0.0147164
h     2.2454372    1.5370900   -2.0383091  0.00   -0.0003322    0.0082281    0.0017743
h    -0.1472100   -0.4266819    0.9343518  0.00   -0.0010735   -0.0138578   -0.0033147
h    -1.0984933    1.7191672    1.5698771  0.00   -0.0011530   -0.0058826    0.0030424
h     1.2443289    3.6697086   -1.3946754  0.00   -0.0003137    0.0006722   -0.0013148
c     1.7659303   -0.9682771   -0.9056247  0.00   -0.0266490   -0.0237682    0.0227564
c     0.9065931   -2.0396986   -1.6112263  0.00    0.0537081   -0.0038931   -0.0229421
h     2.1517890   -1.3809977    0.0463877  0.00   -0.0036400    0.0035274   -0.0046256
h     2.6556801   -0.7848209   -1.5355856  0.00   -0.0055074    0.0044474    0.0039142
c    -0.2255927   -2.5399959   -0.7121334  0.00   -0.0261147   -0.0438408    0.1805613
o    -0.1217300   -2.6686195    0.5786156  0.00   -0.0095402    0.0456823   -0.1456479
o    -1.3972158   -2.8048768   -1.3822400  0.00    0.0921727    0.1417358   -0.1691669
h    -1.4168413   -3.8212605   -1.4881573  0.00    0.0186193   -0.0180248   -0.0075147
n     0.3156918   -1.5401897   -2.8796904  0.00   -0.0641472   -0.0334113   -0.0199707
h     1.5336837   -2.9248419   -1.8270320  0.00   -0.0083522    0.0067297   -0.0059025
h     0.8113757   -1.9865353   -3.6728752  0.00   -0.0077250    0.0026460    0.0145287
h    -0.6613324   -1.8871311   -2.9355926  0.00   -0.0371925   -0.0863078    0.1612134
    24
 Energy =       0.1173165720
c    -0.4237086    1.6870365    0.7061367  0.00   -0.0328051    0.0082977    0.0272551
c    -0.0237868    2.8253058    0.0627195  0.00   -0.0300140    0.0307412    0.0145403
c     0.9090254    2.7609589   -0.9398268  0.00    0.0077531    0.0454790   -0.0167725
c     0.1343964    0.4768484    0.3649135  0.00   -0.0130856   -0.0308693    0.0152946
c     1.1085960    0.3909931   -0.6176496  0.00    0.0528026   -0.0253567   -0.0240707
c     1.4837402    1.5507459   -1.2716763  0.00    0.0217678   -0.0043435   -0.0187599
o    -0.5071352    4.0573333    0.4634054  0.00    0.0181350    0.0028139   -0.0179387
h    -1.0753200    4.4668722   -0.2577398  0.00    0.0011650   -0.0113719    0.0135775
h     2.2528090    1.5405670   -2.0370759  0.00   -0.0001318    0.0078370    0.0015370
h    -0.1800205   -0.4044272    0.9134111  0.00   -0.0010652   -0.0131367   -0.0031137
h    -1.1562511    1.7416179    1.5076653  0.00   -0.0012832   -0.0055700    0.0031043
h     1.2231554    3.6732092   -1.4375554  0.00   -0.0003018    0.0006848   -0.0012658
c     1.7803592   -0.9504512   -0.8772733  0.00   -0.0251933   -0.0229719    0.0217242
c     0.9489529   -2.0467996   -1.5788258  0.00    0.0514068   -0.0038142   -0.0215918
h     2.1552667   -1.3401427    0.0894911  0.00   -0.0032730    0.0032936   -0.0040733
h     2.6795324   -0.7662762   -1.4941806  0.00   -0.0051553    0.0041731    0.0036840
c    -0.1874337   -2.5542060   -0.6894275  0.00   -0.0251472   -0.0429726    0.1729426
o    -0.1018532   -2.6564362    0.6094085  0.00   -0.0090774    0.0436897   -0.1393224
o    -1.3531323   -2.8318009   -1.3658694  0.00    0.0894066    0.1577558   -0.1641089
h    -1.4426715   -3.8598982   -1.3294042  0.00    0.0170416   -0.0378627   -0.0060083
n     0.3743518   -1.5754673   -2.8657028  0.00   -0.0625363   -0.0311399   -0.0189400
h     1.5960073   -2.9243486   -1.7685568  0.00   -0.0077046    0.0060025   -0.0057259
h     0.8655752   -2.0587785   -3.6415115  0.00   -0.0067953    0.0019304    0.0128875
h    -0.6073227   -1.9106240   -2.9186689  0.00   -0.0359094   -0.0832896    0.1551451
    24
 Energy =       0.1094173087
c    -0.4729502    1.7136166    0.6403936  0.00   -0.0289473    0.0076169    0.0241550
c    -0.0766452    2.8392044   -0.0230837  0.00   -0.0258756    0.0258031    0.0126170
c     0.8779751    2.7620558   -1.0012749  0.00    0.0069275    0.0401385   -0.0148266
c     0.1038075    0.5035938    0.3391073  0.00   -0.0114471   -0.0275649    0.0133952
c     1.0954265    0.4062241   -0.6214678  0.00    0.0461931   -0.0220569   -0.0213495
c     1.4708373    1.5526882   -1.2939717  0.00    0.0193812   -0.0041819   -0.0167631
o    -0.6009462    4.0735689    0.3235649  0.00    0.0165727    0.0038893   -0.0126485
h    -1.1875831    4.4274469   -0.4164929  0.00   -0.0008900   -0.0089070    0.0095825
h     2.2562711    1.5309628   -2.0429681  0.00    0.0001633    0.0067653    0.0011322
h    -0.2120957   -0.3675536    0.9020063  0.00   -0.0010045   -0.0114162   -0.0026583
h    -1.2253826    1.7800806    1.4224623  0.00   -0.0014697   -0.0046997    0.0030455
h     1.1893700    3.6660245   -1.5157590  0.00   -0.0002829    0.0008439   -0.0011339
c     1.7995618   -0.9285399   -0.8311148  0.00   -0.0214820   -0.0205944    0.0187559
c     0.9985155   -2.0557854   -1.5200491  0.00    0.0449686   -0.0035601   -0.0183391
h     2.1611282   -1.2861346    0.1546129  0.00   -0.0025258    0.0027197   -0.0028916
h     2.7097087   -0.7476002   -1.4342635  0.00   -0.0043435    0.0034892    0.0031491
c    -0.1409393   -2.5681159   -0.6391804  0.00   -0.0219917   -0.0385595    0.1509505
o    -0.0705219   -2.6352875    0.6741270  0.00   -0.0079126    0.0386264   -0.1213302
o    -1.3028837   -2.8673822   -1.3158475  0.00    0.0790976    0.1449798   -0.1459594
h    -1.4280070   -3.8863772   -1.2056897  0.00    0.0146971   -0.0386775   -0.0048620
n     0.4455608   -1.6185534   -2.8277411  0.00   -0.0560228   -0.0263094   -0.0167952
h     1.6682643   -2.9246889   -1.6764932  0.00   -0.0062901    0.0046158   -0.0050803
h     0.9371396   -2.1370071   -3.5829638  0.00   -0.0053428    0.0010287    0.0102849
h    -0.5424792   -1.9406094   -2.8817068  0.00   -0.0321727   -0.0739891    0.1375700
    24
 Energy =       0.1031021133
c    -0.5178826    1.7451940    0.5680435  0.00   -0.0256641    0.0070650    0.0214887
c    -0.1210157    2.8552734   -0.1172902  0.00   -0.0224410    0.0219127    0.0110184
c     0.8534116    2.7614608   -1.0717791  0.00    0.0061464    0.0355960   -0.0131193
c     0.0738169    0.5343059    0.3096818  0.00   -0.0100110   -0.0246808    0.0117560
c     1.0821181    0.4210468   -0.6286159  0.00    0.0404200   -0.0191915   -0.0189543
c     1.4604156    1.5515186   -1.3226850  0.00    0.0173113   -0.0039783   -0.0150218
o    -0.6753829    4.0922179    0.1767436  0.00    0.0152324    0.0046627   -0.0084174
h    -1.2807028    4.3928059   -0.5752460  0.00   -0.0024825   -0.0070632    0.0062934
h     2.2612825    1.5154109   -2.0551908  0.00    0.0004421    0.0058322    0.0007633
h    -0.2450960   -0.3234398    0.8901118  0.00   -0.0009571   -0.0099839   -0.0022117
h    -1.2878590    1.8264123    1.3314896  0.00   -0.0016242   -0.0039618    0.0029711
h     1.1654015    3.6547837   -1.6044312  0.00   -0.0002505    0.0010122   -0.0010521
c     1.8135176   -0.9079353   -0.7841724  0.00   -0.0182180   -0.0184797    0.0161481
c     1.0414596   -2.0670657   -1.4545693  0.00    0.0392916   -0.0033991   -0.0152332
h     2.1611070   -1.2305035    0.2200150  0.00   -0.0018630    0.0021998   -0.0017582
h     2.7340187   -0.7332402   -1.3746765  0.00   -0.0036429    0.0028819    0.0026685
c    -0.1021064   -2.5798319   -0.5802635  0.00   -0.0190955   -0.0348616    0.1310118
o    -0.0526557   -2.5986354    0.7460789  0.00   -0.0068516    0.0343147   -0.1046592
o    -1.2574363   -2.9064804   -1.2582472  0.00    0.0699111    0.1331529   -0.1303739
h    -1.4139632   -3.9105910   -1.0774130  0.00    0.0125611   -0.0388788   -0.0035136
n     0.5116111   -1.6698409   -2.7842840  0.00   -0.0504329   -0.0216721   -0.0150221
h     1.7318422   -2.9274732   -1.5738097  0.00   -0.0049808    0.0033135   -0.0044633
h     1.0008110   -2.2284272   -3.5147877  0.00   -0.0038556   -0.0000422    0.0076809
h    -0.4835806   -1.9751343   -2.8384964  0.00   -0.0289454   -0.0657506    0.1219997
    24
 Energy =       0.0988730923
c    -0.5595869    1.7802035    0.4900376  0.00   -0.0232852    0.0067241    0.0195198
c    -0.1567588    2.8729166   -0.2167160  0.00   -0.0199486    0.0191479    0.0098479
c     0.8370415    2.7595026   -1.1469770  0.00    0.0055457    0.0322499   -0.0118791
c     0.0429889    0.5674389    0.2760563  0.00   -0.0089595   -0.0224985    0.0105740
c     1.0687844    0.4349200   -0.6383577  0.00    0.0360399   -0.0169848   -0.0171570
c     1.4542545    1.5476721   -1.3544654  0.00    0.0158075   -0.0038410   -0.0137465
o    -0.7315881    4.1130477    0.0266913  0.00    0.0140075    0.0053744   -0.0055019
h    -1.3500889    4.3670382   -0.7339991  0.00   -0.0034627   -0.0058820    0.0040479
h     2.2708430    1.4953980   -2.0690116  0.00    0.0007417    0.0051020    0.0004150
h    -0.2823687   -0.2744423    0.8745563  0.00   -0.0009475   -0.0089146   -0.0018009
h    -1.3461337    1.8781579    1.2345464  0.00   -0.0018067   -0.0033899    0.0029615
h     1.1538842    3.6404418   -1.6973763  0.00   -0.0002038    0.0011788   -0.0010299
c     1.8218174   -0.8892131   -0.7365737  0.00   -0.0156418   -0.0168719    0.0141061
c     1.0772776   -2.0802929   -1.3836344  0.00    0.0348983   -0.0033720   -0.0125783
h     2.1542720   -1.1744645    0.2852158  0.00   -0.0013106    0.0017741   -0.0007048
h     2.7524612   -0.7234646   -1.3147489  0.00   -0.0030819    0.0023904    0.0022651
c    -0.0716484   -2.5891399   -0.5141721  0.00   -0.0167525   -0.0321890    0.1149361
o    -0.0492046   -2.5485785    0.8213093  0.00   -0.0059873    0.0311446   -0.0907499
o    -1.2170580   -2.9474204   -1.1952110  0.00    0.0625365    0.1228708   -0.1185373
h    -1.3954421   -3.9347484   -0.9563879  0.00    0.0110004   -0.0379800   -0.0024265
n     0.5708657   -1.7278703   -2.7352165  0.00   -0.0463597   -0.0175828   -0.0138053
h     1.7857842   -2.9320783   -1.4633009  0.00   -0.0038708    0.0021762   -0.0039376
h     1.0544379   -2.3299655   -3.4371234  0.00   -0.0024279   -0.0012739    0.0052594
h    -0.4317020   -2.0132271   -2.7889347  0.00   -0.0265309   -0.0593528    0.1099224
    24
 Energy =       0.0967383578
c    -0.5978008    1.8171684    0.4081006  0.00   -0.0218279    0.0065829    0.0182715
c    -0.1832902    2.8915271   -0.3179554  0.00   -0.0183433    0.0173575    0.0091049
c     0.8299777    2.7564430   -1.2228960  0.00    0.0051745    0.0301010   -0.0111398
c     0.0110762    0.6015146    0.2383009  0.00   -0.0083370   -0.0210407    0.0098720
c     1.0555395    0.4473194   -0.6500633  0.00    0.0330888   -0.0154305   -0.0160000
c     1.4532525    1.5415254   -1.3866339  0.00    0.0149051   -0.0038062   -0.0129662
o    -0.7702980    4.1356249   -0.1227359  0.00    0.0128992    0.0060929   -0.0037445
h    -1.3929256    4.3525226   -0.8927522  0.00   -0.0039493   -0.0051920    0.0027463
h     2.2862307    1.4721022   -2.0811514  0.00    0.0010858    0.0045732    0.0000746
h    -0.3251452   -0.2228387    0.8534557  0.00   -0.0009874   -0.0081983   -0.0014274
h    -1.4005514    1.9331027    1.1327588  0.00   -0.0020477   -0.0029730    0.0030455
h     1.1562091    3.6239328   -1.7892587  0.00   -0.0001389    0.0013480   -0.0010682
c     1.8243555   -0.8728849   -0.6888676  0.00   -0.0137567   -0.0158246    0.0126351
c     1.1055270   -2.0950066   -1.3089974  0.00    0.0318403   -0.0034692   -0.0104391
h     2.1402814   -1.1194529    0.3492773  0.00   -0.0008636    0.0014505    0.0002774
h     2.7651971   -0.7184376   -1.2544183  0.00   -0.0026445    0.0020102    0.0019341
c    -0.0500760   -2.5962557   -0.4432958  0.00   -0.0150083   -0.0305923    0.1027782
o    -0.0607704   -2.4873653    0.8957802  0.00   -0.0053732    0.0292029   -0.0797065
o    -1.1826083   -2.9880273   -1.1291898  0.00    0.0571499    0.1147826   -0.1104770
h    -1.3714920   -3.9612918   -0.8490728  0.00    0.0100422   -0.0364733   -0.0017961
n     0.6222170   -1.7905447   -2.6811238  0.00   -0.0438430   -0.0140787   -0.0131380
h     1.8294748   -2.9379089   -1.3482220  0.00   -0.0029699    0.0012154   -0.0035185
h     1.0964532   -2.4380178   -3.3510879  0.00   -0.0010751   -0.0026954    0.0030643
h    -0.3877014   -2.0529195   -2.7337448  0.00   -0.0250198   -0.0549429    0.1016176
    24
 Energy =       0.0966014974
c    -0.6320522    1.8554401    0.3233072  0.00   -0.0211733    0.0066036    0.0176599
c    -0.2000389    2.9109804   -0.4188423  0.00   -0.0174626    0.0163326    0.0087257
c     0.8329504    2.7525764   -1.2969399  0.00    0.0050327    0.0289760   -0.0108491
c    -0.0218970    0.6357524    0.1964356  0.00   -0.0081198   -0.0202083    0.0095923
c     1.0423889    0.4579353   -0.6633003  0.00    0.0313526   -0.0144209   -0.0154131
c     1.4578355    1.5333357   -1.4174543  0.00    0.0145419   -0.0038694   -0.0126303
o    -0.7919146    4.1600134   -0.2692827  0.00    0.0120375    0.0068142   -0.0027010
h    -1.4090832    4.3495700   -1.0515054  0.00   -0.0042328   -0.0047830    0.0020000
h     2.3079674    1.4461162   -2.0895284  0.00    0.0015003    0.0042119   -0.0002775
h    -0.3739891   -0.1698926    0.8255750  0.00   -0.0010870   -0.0077923   -0.0010660
h    -1.4509416    1.9902703    1.0267918  0.00   -0.0023685   -0.0026799    0.0032320
h     1.1731950    3.6060221   -1.8766217  0.00   -0.0000475    0.0015365   -0.0011692
c     1.8211420   -0.8593162   -0.6412075  0.00   -0.0124437   -0.0152942    0.0116391
c     1.1259733   -2.1110481   -1.2316511  0.00    0.0299253   -0.0036643   -0.0087307
h     2.1189605   -1.0664045    0.4118827  0.00   -0.0004979    0.0012165    0.0012325
h     2.7724713   -0.7183693   -1.1932992  0.00   -0.0022915    0.0017137    0.0016542
c    -0.0376944   -2.6016724   -0.3692781  0.00   -0.0137478   -0.0300408    0.0936307
o    -0.0877361   -2.4165133    0.9666229  0.00   -0.0050621    0.0284483   -0.0708596
o    -1.1551067   -3.0264568   -1.0617368  0.00    0.0536612    0.1091563   -0.1057078
h    -1.3411632   -3.9927477   -0.7600678  0.00    0.0095155   -0.0349620   -0.0015648
n     0.6652881   -1.8564475   -2.6223795  0.00   -0.0426437   -0.0109705   -0.0129340
h     1.8627679   -2.9447834   -1.2304317  0.00   -0.0022366    0.0003946   -0.0031923
h     1.1258059   -2.5504401   -3.2574086  0.00    0.0002569   -0.0043984    0.0010241
h    -0.3519970   -2.0920888   -2.6734735  0.00   -0.0244089   -0.0523203    0.0967047
    24
 Energy =       0.0985076458
c    -0.6616507    1.8953246    0.2358892  0.00   -0.0211992    0.0067503    0.0175923
c    -0.2059676    2.9316691   -0.5184732  0.00   -0.0171495    0.0159018    0.0086346
c     0.8470473    2.7480761   -1.3677048  0.00    0.0051112    0.0286914   -0.0109491
c    -0.0558405    0.6701361    0.1502933  0.00   -0.0082778   -0.0198857    0.0096721
c     1.0293369    0.4665327   -0.6776918  0.00    0.0305837   -0.0138492   -0.0153057
c     1.4685444    1.5230005   -1.4458123  0.00    0.0146509   -0.0040130   -0.0126847
o    -0.7957039    4.1869510   -0.4122738  0.00    0.0115229    0.0075570   -0.0019621
h    -1.3985918    4.3579137   -1.2102585  0.00   -0.0045575   -0.0045100    0.0014441
h     2.3366039    1.4171271   -2.0926747  0.00    0.0020204    0.0039785   -0.0006684
h    -0.4294858   -0.1156589    0.7899363  0.00   -0.0012638   -0.0076661   -0.0006682
h    -1.4967901    2.0501478    0.9164569  0.00   -0.0027950   -0.0024781    0.0035303
h     1.2061978    3.5870194   -1.9575686  0.00    0.0000861    0.0017723   -0.0013446
c     1.8118692   -0.8490425   -0.5931502  0.00   -0.0115674   -0.0152232    0.0110046
c     1.1378535   -2.1286683   -1.1515454  0.00    0.0289072   -0.0039231   -0.0073405
h     2.0897543   -1.0160619    0.4734640  0.00   -0.0001889    0.0010539    0.0022168
h     2.7742097   -0.7240598   -1.1304421  0.00   -0.0019750    0.0014687    0.0013966
c    -0.0353980   -2.6058504   -0.2924483  0.00   -0.0127564   -0.0305735    0.0863093
o    -0.1309961   -2.3363239    1.0321279  0.00   -0.0051574    0.0288623   -0.0632769
o    -1.1363029   -3.0611653   -0.9931747  0.00    0.0520112    0.1065522   -0.1038691
h    -1.3008955   -4.0325103   -0.6958834  0.00    0.0090993   -0.0344433   -0.0013619
n     0.6993209   -1.9248792   -2.5586150  0.00   -0.0424152   -0.0079776   -0.0130947
h     1.8849073   -2.9531352   -1.1103764  0.00   -0.0016247   -0.0003290   -0.0029376
h     1.1406134   -2.6662988   -3.1559692  0.00    0.0016480   -0.0065263   -0.0009692
h    -0.3255035   -2.1284121   -2.6078988  0.00   -0.0247130   -0.0511903    0.0946319
    24
 Energy =       0.1026210331
c    -0.6848279    1.9380169    0.1462020  0.00   -0.0217807    0.0069843    0.0179640
c    -0.1989994    2.9541636   -0.6166128  0.00   -0.0172396    0.0159133    0.0087467
c     0.8739520    2.7424390   -1.4346734  0.00    0.0053958    0.0290589   -0.0113800
c    -0.0898946    0.7054177    0.1004888  0.00   -0.0087690   -0.0199530    0.0100420
c     1.0166678    0.4727360   -0.6923164  0.00    0.0305232   -0.0136341   -0.0155676
c     1.4861248    1.5095567   -1.4709069  0.00    0.0151652   -0.0042108   -0.0130735
o    -0.7792840    4.2174810   -0.5521548  0.00    0.0113484    0.0083755   -0.0012541
h    -1.3603586    4.3769797   -1.3690116  0.00   -0.0050533   -0.0042765    0.0008281
h     2.3724635    1.3832044   -2.0897668  0.00    0.0026793    0.0038300   -0.0011221
h    -0.4913562   -0.0587691    0.7469674  0.00   -0.0015461   -0.0078193   -0.0001644
h    -1.5361246    2.1147954    0.8018808  0.00   -0.0033530   -0.0023329    0.0039450
h     1.2571421    3.5659968   -2.0317574  0.00    0.0002852    0.0020942   -0.0016156
c     1.7957057   -0.8431379   -0.5435861  0.00   -0.0110075   -0.0155569    0.0106202
c     1.1389527   -2.1483071   -1.0678661  0.00    0.0285016   -0.0041750   -0.0062127
h     2.0516147   -0.9697973    0.5350782  0.00    0.0000762    0.0009436    0.0032680
h     2.7697652   -0.7374159   -1.0643139  0.00   -0.0016358    0.0012431    0.0011258
c    -0.0455603   -2.6087772   -0.2119626  0.00   -0.0116716   -0.0324178    0.0795672
o    -0.1922893   -2.2459549    1.0912903  0.00   -0.0058450    0.0304967   -0.0559121
o    -1.1294894   -3.0908165   -0.9225947  0.00    0.0521706    0.1098791   -0.1051780
h    -1.2422934   -4.0847350   -0.6690264  0.00    0.0083300   -0.0382678   -0.0001267
n     0.7217129   -1.9947210   -2.4885934  0.00   -0.0426310   -0.0048738   -0.0134917
h     1.8931940   -2.9641154   -0.9881046  0.00   -0.0011139   -0.0009693   -0.0027387
h     1.1371133   -2.7835583   -3.0464565  0.00    0.0031243   -0.0091672   -0.0029509
h    -0.3107985   -2.1588503   -2.5359966  0.00   -0.0259532   -0.0511643    0.0946811
    24
 Energy =       0.0966030383
c    -0.6717382    1.8911044    0.2380236  0.00   -0.0222092    0.0070320    0.0182477
c    -0.2231998    2.9294371   -0.5199817  0.00   -0.0171126    0.0158174    0.0087610
c     0.8307208    2.7504643   -1.3714494  0.00    0.0056879    0.0291664   -0.0117853
c    -0.0577540    0.6685044    0.1538926  0.00   -0.0092906   -0.0197821    0.0104189
c     1.0278520    0.4700652   -0.6776021  0.00    0.0301275   -0.0133062   -0.0156380
c     1.4597422    1.5281163   -1.4491010  0.00    0.0156041   -0.0042788   -0.0134409
o    -0.8215991    4.1822557   -0.4151987  0.00    0.0112047    0.0090553   -0.0003233
h    -1.4321697    4.3464109   -1.2102585  0.00   -0.0057292   -0.0038693   -0.0000154
h     2.3280990    1.4254318   -2.0986508  0.00    0.0034078    0.0036648   -0.0016845
h    -0.4242443   -0.1202219    0.7974220  0.00   -0.0018728   -0.0082087    0.0005881
h    -1.5075732    2.0426765    0.9205078  0.00   -0.0039512   -0.0021904    0.0044124
h     1.1841845    3.5910231   -1.9641207  0.00    0.0005423    0.0025144   -0.0019692
c     1.8196115   -0.8423341   -0.5949440  0.00   -0.0103732   -0.0157873    0.0100681
c     1.1517834   -2.1247466   -1.1561897  0.00    0.0276637   -0.0043426   -0.0051734
h     2.0989703   -1.0097776    0.4733269  0.00    0.0003452    0.0007617    0.0042955
h     2.7814910   -0.7125105   -1.1337499  0.00   -0.0011791    0.0010109    0.0007387
c    -0.0191920   -2.6075346   -0.2976852  0.00   -0.0103983   -0.0337786    0.0696547
o    -0.1110814   -2.3481602    1.0395612  0.00   -0.0065437    0.0313332   -0.0458617
o    -1.1189987   -3.0693151   -0.9965532  0.00    0.0540824    0.1211743   -0.1091570
h    -1.3191150   -4.0281591   -0.6491418  0.00    0.0051276   -0.0506792    0.0053437
n     0.7150324   -1.9222159   -2.5661618  0.00   -0.0417074   -0.0007826   -0.0130689
h     1.9029078   -2.9473062   -1.1132907  0.00   -0.0006629   -0.0015424   -0.0025449
h     1.1686106   -2.6612853   -3.1655585  0.00    0.0051346   -0.0121845   -0.0054945
h    -0.3092076   -2.1400912   -2.6168903  0.00   -0.0278976   -0.0507975    0.0936285
    24
 Energy =       0.0902024592
c    -0.6691369    1.8606950    0.2955544  0.00   -0.0206480    0.0064437    0.0169413
c    -0.2474079    2.9094924   -0.4633427  0.00   -0.0157008    0.0146113    0.0080648
c     0.7952260    2.7510202   -1.3312778  0.00    0.0053693    0.0269416   -0.0110146
c    -0.0393482    0.6478505    0.1956231  0.00   -0.0088319   -0.0181400    0.0097828
c     1.0322190    0.4718536   -0.6568589  0.00    0.0276081   -0.0120843   -0.0144022
c     1.4373091    1.5388617   -1.4280361  0.00    0.0145606   -0.0039441   -0.0125407
o    -0.8628544    4.1525537   -0.3423143  0.00    0.0111108    0.0083216    0.0008824
h    -1.5077377    4.3017543   -1.1141262  0.00   -0.0063101   -0.0032000   -0.0012197
h     2.2931765    1.4494317   -2.0960709  0.00    0.0034086    0.0033428   -0.0017663
h    -0.3805086   -0.1553456    0.8392050  0.00   -0.0018206   -0.0078726    0.0009613
h    -1.4963423    1.9973004    0.9912997  0.00   -0.0038224   -0.0019955    0.0042112
h     1.1272060    3.5997241   -1.9248154  0.00    0.0006150    0.0025055   -0.0019748
c     1.8317791   -0.8346103   -0.6148366  0.00   -0.0092768   -0.0143685    0.0091198
c     1.1573091   -2.0955340   -1.2118653  0.00    0.0247949   -0.0045308   -0.0039224
h     2.1171808   -1.0337966    0.4465736  0.00    0.0004237    0.0006463    0.0044548
h     2.7901981   -0.6868944   -1.1558355  0.00   -0.0009556    0.0008864    0.0005281
c    -0.0023795   -2.6061991   -0.3575268  0.00   -0.0079079   -0.0310150    0.0597806
o    -0.0660660   -2.4200396    0.9969806  0.00   -0.0070666    0.0286092   -0.0381959
o    -1.0946931   -3.0960330   -1.0486660  0.00    0.0497408    0.1149751   -0.1018563
h    -1.3261893   -4.0235763   -0.6414204  0.00    0.0038999   -0.0503209    0.0069957
n     0.7097957   -1.8468257   -2.6112534  0.00   -0.0353711    0.0101252   -0.0073942
h     1.9064993   -2.9217312   -1.2005164  0.00   -0.0002769   -0.0019203   -0.0020663
h     1.2406987   -2.5025322   -3.2533149  0.00    0.0108109   -0.0184440   -0.0120992
h    -0.2928014   -2.1655882   -2.6869527  0.00   -0.0343538   -0.0495726    0.0867298
    24
 Energy =       0.0809716139
c    -0.6443775    1.7960155    0.3617065  0.00   -0.0182737    0.0055336    0.0149516
c    -0.2622967    2.8635582   -0.3919596  0.00   -0.0133734    0.0126849    0.0069580
c     0.7642727    2.7403781   -1.2824645  0.00    0.0049013    0.0234800   -0.0098928
c     0.0088412    0.5990281    0.2330889  0.00   -0.0082355   -0.0157545    0.0088747
c     1.0600364    0.4609222   -0.6489859  0.00    0.0231661   -0.0102272   -0.0123860
c     1.4261088    1.5450432   -1.4122096  0.00    0.0129719   -0.0034022   -0.0112013
o    -0.9040420    4.0903669   -0.2423020  0.00    0.0116673    0.0072585    0.0035853
h    -1.6013961    4.2161678   -0.9745471  0.00   -0.0082102   -0.0019288   -0.0039049
h     2.2641622    1.4795497   -2.1057963  0.00    0.0035409    0.0028004   -0.0020342
h    -0.2974413   -0.2285011    0.8699863  0.00   -0.0017916   -0.0086174    0.0014185
h    -1.4595176    1.9066791    1.0758628  0.00   -0.0037343   -0.0016473    0.0039947
h     1.0646737    3.6038493   -1.8718730  0.00    0.0007682    0.0026171   -0.0020717
c     1.8716924   -0.8350979   -0.6736238  0.00   -0.0076000   -0.0127449    0.0073972
c     1.1686113   -2.0705486   -1.2839434  0.00    0.0222420   -0.0041112   -0.0018811
h     2.1949081   -1.0664621    0.3710260  0.00    0.0008361    0.0003709    0.0050146
h     2.8095233   -0.6705650   -1.2471301  0.00   -0.0000800    0.0004819   -0.0000902
c     0.0239521   -2.5752913   -0.4117047  0.00   -0.0062441   -0.0235325    0.0301646
o     0.0849139   -2.5496783    0.9721935  0.00   -0.0013444    0.0258417   -0.0064337
o    -1.1331989   -2.9762802   -1.0646447  0.00    0.0395530    0.1010930   -0.0952901
h    -1.4392560   -3.8648231   -0.6229115  0.00    0.0005296   -0.0485667    0.0081874
n     0.6985815   -1.7803036   -2.6666792  0.00   -0.0280086    0.0116996   -0.0053514
h     1.9065802   -2.9073956   -1.3056570  0.00    0.0002583   -0.0020955   -0.0016633
h     1.1756184   -2.4558446   -3.3297434  0.00    0.0107269   -0.0176776   -0.0120359
h    -0.3278176   -2.0289349   -2.7214820  0.00   -0.0342658   -0.0435556    0.0736900
    24
 Energy =       0.0707566024
c    -0.6325164    1.7665543    0.3705602  0.00   -0.0123798    0.0034962    0.0101637
c    -0.2889175    2.8304007   -0.4026061  0.00   -0.0087585    0.0085585    0.0042037
c     0.7246986    2.7201968   -1.3031671  0.00    0.0034358    0.0159030   -0.0066421
c     0.0458617    0.5866940    0.2512249  0.00   -0.0058686   -0.0110499    0.0061407
c     1.0771115    0.4630991   -0.6490199  0.00    0.0150094   -0.0072992   -0.0079763
c     1.4056752    1.5414397   -1.4306565  0.00    0.0088910   -0.0020756   -0.0077487
o    -0.9606551    4.0418678   -0.2629323  0.00    0.0169068    0.0049440    0.0110474
h    -1.7359241    4.0978847   -0.9311239  0.00   -0.0146586   -0.0006245   -0.0111439
h     2.2268534    1.4808904   -2.1435028  0.00    0.0026260    0.0019517   -0.0015948
h    -0.2264031   -0.2428466    0.9031522  0.00   -0.0012856   -0.0072487    0.0014315
h    -1.4382651    1.8699281    1.0942471  0.00   -0.0026012   -0.0011550    0.0027518
h     0.9946328    3.5818318   -1.9090788  0.00    0.0006939    0.0022568   -0.0017057
c     1.9019140   -0.8185271   -0.7009256  0.00   -0.0050997   -0.0085677    0.0048429
c     1.1806632   -2.0442592   -1.3033437  0.00    0.0151286   -0.0025066   -0.0010587
h     2.2505918   -1.0582543    0.3324357  0.00    0.0007169    0.0002042    0.0036967
h     2.8248975   -0.6463379   -1.2968367  0.00    0.0002641    0.0002974   -0.0002757
c     0.0638169   -2.5569718   -0.4030998  0.00   -0.0042885   -0.0126112    0.0109185
o     0.2139463   -2.6256342    0.9793540  0.00    0.0004889    0.0168055    0.0057833
o    -1.1287435   -2.9436121   -0.9985098  0.00    0.0318793    0.0799315   -0.0735596
h    -1.5001090   -3.7517836   -0.4641584  0.00   -0.0052921   -0.0445767    0.0121692
n     0.6882331   -1.7359659   -2.6713106  0.00   -0.0189532    0.0091122   -0.0035143
h     1.9173866   -2.8811443   -1.3487217  0.00    0.0004371   -0.0015501   -0.0010509
h     1.1794480   -2.3735363   -3.3553049  0.00    0.0078329   -0.0130030   -0.0088253
h    -0.3310646   -2.0100824   -2.7304691  0.00   -0.0251248   -0.0311929    0.0519467
    24
 Energy =       0.0658671527
c    -0.6317856    1.7597485    0.3494195  0.00   -0.0091253    0.0025549    0.0074916
c    -0.3083035    2.8171135   -0.4385502  0.00   -0.0064553    0.0062485    0.0027710
c     0.7009966    2.7100977   -1.3406354  0.00    0.0025191    0.0117629   -0.0048388
c     0.0624681    0.5902192    0.2433827  0.00   -0.0043167   -0.0083918    0.0045322
c     1.0850468    0.4695649   -0.6630863  0.00    0.0108690   -0.0056009   -0.0057293
c     1.3939857    1.5406120   -1.4590492  0.00    0.0065833   -0.0014591   -0.0057705
o    -0.9974285    4.0200517   -0.3128012  0.00    0.0179308    0.0040793    0.0130019
h    -1.8231918    4.0238117   -0.9224401  0.00   -0.0161942   -0.0005303   -0.0128821
h     2.2076999    1.4798420   -2.1794794  0.00    0.0019650    0.0014626   -0.0012111
h    -0.1925455   -0.2350195    0.9072735  0.00   -0.0009805   -0.0057880    0.0011612
h    -1.4341353    1.8621151    1.0757459  0.00   -0.0019203   -0.0008641    0.0020241
h     0.9547381    3.5672104   -1.9590425  0.00    0.0005472    0.0018552   -0.0013549
c     1.9185002   -0.8040787   -0.7199012  0.00   -0.0037790   -0.0061674    0.0035441
c     1.1869126   -2.0346541   -1.2982542  0.00    0.0116994   -0.0017640   -0.0007989
h     2.2888799   -1.0343934    0.3073713  0.00    0.0006450    0.0001063    0.0029651
h     2.8284962   -0.6328574   -1.3361404  0.00    0.0004233    0.0002958   -0.0003464
c     0.1045449   -2.5553865   -0.3602297  0.00   -0.0024664   -0.0082479    0.0061820
o     0.3208943   -2.6509914    1.0129738  0.00    0.0008299    0.0122186    0.0074827
o    -1.1143317   -2.9442409   -0.8984560  0.00    0.0244151    0.0626167   -0.0576490
h    -1.5032856   -3.6958812   -0.3054053  0.00   -0.0061419   -0.0369620    0.0112992
n     0.6593488   -1.7277394   -2.6523745  0.00   -0.0138646    0.0082681   -0.0027993
h     1.9279282   -2.8663124   -1.3633340  0.00    0.0005490   -0.0012280   -0.0007233
h     1.1674369   -2.3284605   -3.3542552  0.00    0.0066004   -0.0105902   -0.0072151
h    -0.3497375   -2.0385400   -2.7065256  0.00   -0.0203325   -0.0238755    0.0388638
    24
 Energy =       0.0635183259
c    -0.6295773    1.7606617    0.3286140  0.00   -0.0075242    0.0019801    0.0062176
c    -0.3250087    2.8117577   -0.4739156  0.00   -0.0052690    0.0051820    0.0021364
c     0.6767309    2.7053929   -1.3827157  0.00    0.0020954    0.0097452   -0.0040000
c     0.0757634    0.5983390    0.2301312  0.00   -0.0036028   -0.0070221    0.0037989
c     1.0882599    0.4777683   -0.6857428  0.00    0.0088369   -0.0047242   -0.0046161
c     1.3789378    1.5424548   -1.4954793  0.00    0.0054512   -0.0010914   -0.0048231
o    -1.0262321    4.0083771   -0.3562475  0.00    0.0161441    0.0035456    0.0118690
h    -1.8736624    3.9848777   -0.9329266  0.00   -0.0147128   -0.0004554   -0.0117587
h     2.1845455    1.4809955   -2.2244818  0.00    0.0016579    0.0012345   -0.0010502
h    -0.1637009   -0.2217207    0.9057344  0.00   -0.0008632   -0.0049672    0.0010716
h    -1.4258106    1.8633721    1.0610122  0.00   -0.0016007   -0.0007410    0.0016932
h     0.9156280    3.5579326   -2.0129246  0.00    0.0004951    0.0016783   -0.0012179
c     1.9295020   -0.7898234   -0.7452393  0.00   -0.0031393   -0.0047872    0.0028949
c     1.1891075   -2.0314395   -1.2886344  0.00    0.0106227   -0.0015412   -0.0004161
h     2.3270323   -1.0036137    0.2754166  0.00    0.0007435    0.0000281    0.0028904
h     2.8228404   -0.6221307   -1.3869007  0.00    0.0007086    0.0003845   -0.0005248
c     0.1487977   -2.5580094   -0.3055163  0.00   -0.0013566   -0.0063225    0.0044665
o     0.4264314   -2.6520227    1.0575379  0.00    0.0011167    0.0098290    0.0085952
o    -1.0896815   -2.9619132   -0.7855210  0.00    0.0193392    0.0526873   -0.0492075
h    -1.4717894   -3.6750887   -0.1466522  0.00   -0.0063383   -0.0324165    0.0106842
n     0.6131701   -1.7364939   -2.6260533  0.00   -0.0112321    0.0084076   -0.0034256
h     1.9358044   -2.8561344   -1.3747640  0.00    0.0007437   -0.0011092   -0.0005239
h     1.1305285   -2.3049577   -3.3464396  0.00    0.0062103   -0.0094017   -0.0064538
h    -0.3844847   -2.0867501   -2.6620852  0.00   -0.0185262   -0.0201229    0.0316999
    24
 Energy =       0.0628747065
c    -0.6319325    1.7648741    0.3026119  0.00   -0.0069135    0.0017520    0.0057408
c    -0.3417434    2.8125539   -0.5091276  0.00   -0.0048077    0.0047873    0.0019115
c     0.6537469    2.7078195   -1.4242368  0.00    0.0019392    0.0089824   -0.0036999
c     0.0813322    0.6076261    0.2068023  0.00   -0.0033401   -0.0064626    0.0035294
c     1.0862302    0.4879965   -0.7169884  0.00    0.0080600   -0.0043135   -0.0042375
c     1.3631122    1.5496852   -1.5350574  0.00    0.0050177   -0.0009424   -0.0044710
o    -1.0512511    4.0044949   -0.3942268  0.00    0.0150753    0.0033133    0.0110906
h    -1.9074065    3.9676088   -0.9558150  0.00   -0.0137767   -0.0004143   -0.0110031
h     2.1633021    1.4896998   -2.2699451  0.00    0.0015396    0.0011440   -0.0009895
h    -0.1462047   -0.2086705    0.8906734  0.00   -0.0008334   -0.0046077    0.0010657
h    -1.4228680    1.8668621    1.0406324  0.00   -0.0014856   -0.0006962    0.0015775
h     0.8816287    3.5580126   -2.0615386  0.00    0.0004755    0.0016074   -0.0011683
c     1.9366151   -0.7734870   -0.7773776  0.00   -0.0029005   -0.0038863    0.0025872
c     1.1911756   -2.0322576   -1.2751340  0.00    0.0112179   -0.0016955    0.0002102
h     2.3664454   -0.9635885    0.2354005  0.00    0.0010408   -0.0000446    0.0033705
h     2.8092824   -0.6110676   -1.4490402  0.00    0.0011600    0.0005766   -0.0008443
c     0.2010049   -2.5623987   -0.2414858  0.00   -0.0006925   -0.0056336    0.0038445
o     0.5380922   -2.6353364    1.1105689  0.00    0.0016356    0.0087801    0.0104694
o    -1.0514729   -2.9907553   -0.6613496  0.00    0.0159263    0.0484156   -0.0463679
h    -1.4082072   -3.6839470    0.0121009  0.00   -0.0066120   -0.0309411    0.0108420
n     0.5565791   -1.7610049   -2.5925905  0.00   -0.0100811    0.0092125   -0.0053611
h     1.9456353   -2.8476086   -1.3821825  0.00    0.0010390   -0.0011320   -0.0003434
h     1.0704236   -2.3093109   -3.3303865  0.00    0.0061584   -0.0089130   -0.0061986
h    -0.4303872   -2.1459687   -2.5961016  0.00   -0.0188425   -0.0188880    0.0284452
    24
 Energy =       0.0619752108
c    -0.6149855    1.7610215    0.3435345  0.00   -0.0067259    0.0017066    0.0055828
c    -0.3221868    2.8056331   -0.4711480  0.00   -0.0046750    0.0046454    0.0018620
c     0.6706165    2.6945737   -1.3884575  0.00    0.0018846    0.0087261   -0.0035980
c     0.0929559    0.6006635    0.2484341  0.00   -0.0032641   -0.0062206    0.0034396
c     1.0955842    0.4755252   -0.6764749  0.00    0.0077882   -0.0040285   -0.0041785
c     1.3746125    1.5331826   -1.4984518  0.00    0.0048740   -0.0009208   -0.0043599
o    -1.0269621    4.0004994   -0.3576355  0.00    0.0146206    0.0032371    0.0107708
h    -1.8838586    3.9655645   -0.9176771  0.00   -0.0133730   -0.0004047   -0.0106813
h     2.1712948    1.4663421   -2.2365544  0.00    0.0015172    0.0011096   -0.0009845
h    -0.1373029   -0.2153237    0.9321011  0.00   -0.0008143   -0.0043643    0.0010790
h    -1.4044973    1.8676146    1.0823507  0.00   -0.0014500   -0.0006760    0.0015387
h     0.8999720    3.5419543   -2.0288790  0.00    0.0004655    0.0015666   -0.0011407
c     1.9336750   -0.7933087   -0.7398514  0.00   -0.0027084   -0.0029223    0.0023424
c     1.1856621   -2.0276848   -1.2940604  0.00    0.0127871   -0.0022568    0.0014525
h     2.3276681   -1.0158919    0.2819531  0.00    0.0014953   -0.0001842    0.0043386
h     2.8305340   -0.6239529   -1.3783957  0.00    0.0018019    0.0008819   -0.0012429
c     0.1360378   -2.5559702   -0.3154081  0.00   -0.0003842   -0.0055609    0.0035901
o     0.4147231   -2.6661315    1.0490898  0.00    0.0022739    0.0081185    0.0132953
o    -1.1070353   -2.9545368   -0.7981504  0.00    0.0130275    0.0469394   -0.0466082
h    -1.5050147   -3.6470898   -0.1466522  0.00   -0.0071689   -0.0312436    0.0116598
n     0.6185111   -1.7183999   -2.6351020  0.00   -0.0091501    0.0107549   -0.0083382
h     1.9284985   -2.8562964   -1.3815273  0.00    0.0014384   -0.0012903   -0.0000072
h     1.1510825   -2.2671821   -3.3592519  0.00    0.0061725   -0.0087975   -0.0064643
h    -0.3764527   -2.0789742   -2.6875793  0.00   -0.0204329   -0.0188156    0.0266520
    24
 Energy =       0.0589078751
c    -0.5763954    1.7562549    0.4087674  0.00   -0.0053140    0.0008730    0.0046102
c    -0.3036772    2.7847391   -0.4322581  0.00   -0.0036504    0.0036484    0.0013439
c     0.6691774    2.6578021   -1.3679269  0.00    0.0016947    0.0066967   -0.0029890
c     0.1309741    0.5964409    0.3209963  0.00   -0.0028682   -0.0047248    0.0030029
c     1.1127445    0.4564634   -0.6217762  0.00    0.0057263   -0.0030389   -0.0029530
c     1.3716273    1.4962742   -1.4709673  0.00    0.0038264   -0.0004183   -0.0036727
o    -1.0105896    3.9789951   -0.3282357  0.00    0.0117380    0.0026110    0.0086940
h    -1.8807387    3.9277537   -0.8623711  0.00   -0.0107462   -0.0003587   -0.0086318
h     2.1481222    1.4121150   -2.2287986  0.00    0.0015073    0.0009573   -0.0011810
h    -0.0850935   -0.2107779    1.0197510  0.00   -0.0006615   -0.0032118    0.0010983
h    -1.3515993    1.8753141    1.1604064  0.00   -0.0012790   -0.0005895    0.0013751
h     0.8817322    3.4920193   -2.0310296  0.00    0.0005325    0.0015222   -0.0012027
c     1.9339742   -0.8209642   -0.6939206  0.00   -0.0015072   -0.0006718    0.0012828
c     1.1770499   -2.0171026   -1.3173738  0.00    0.0122469   -0.0029003    0.0040182
h     2.2859622   -1.0875964    0.3333555  0.00    0.0018378   -0.0004039    0.0049246
h     2.8569827   -0.6452099   -1.2932578  0.00    0.0022894    0.0011021   -0.0014163
c     0.0577907   -2.5352954   -0.4070086  0.00   -0.0008514   -0.0045155    0.0023651
o     0.2758747   -2.7038507    0.9635090  0.00    0.0027309    0.0052598    0.0143881
o    -1.1759714   -2.8897470   -0.9528806  0.00    0.0074831    0.0373107   -0.0396665
h    -1.6404597   -3.5404861   -0.3054053  0.00   -0.0072474   -0.0268405    0.0119506
n     0.6991412   -1.6520614   -2.6796969  0.00   -0.0050859    0.0121056   -0.0101960
h     1.8973854   -2.8673300   -1.3857557  0.00    0.0017973   -0.0014863    0.0008084
h     1.2720234   -2.1728201   -3.3928430  0.00    0.0052061   -0.0073851   -0.0069946
h    -0.2929048   -1.9990983   -2.8090735  0.00   -0.0194056   -0.0155413    0.0190415
    24
 Energy =       0.0552913602
c    -0.5177490    1.7525226    0.4863971  0.00   -0.0034802   -0.0014214    0.0041698
c    -0.2991589    2.7518937   -0.4047919  0.00   -0.0021350    0.0025721    0.0003621
c     0.6287719    2.6021849   -1.3816014  0.00    0.0020331    0.0038743   -0.0029549
c     0.1967909    0.5988025    0.4058892  0.00   -0.0029238   -0.0028534    0.0033225
c     1.1322714    0.4372468   -0.5777747  0.00    0.0026701   -0.0025694   -0.0003455
c     1.3378980    1.4464368   -1.4766335  0.00    0.0024668    0.0010306   -0.0034415
o    -1.0189308    3.9390505   -0.3117175  0.00    0.0076718    0.0017457    0.0054136
h    -1.9079972    3.8581890   -0.8039811  0.00   -0.0070610   -0.0002413   -0.0056033
h     2.0724580    1.3376741   -2.2735881  0.00    0.0019446    0.0008888   -0.0022489
h     0.0191689   -0.1909378    1.1358492  0.00   -0.0007129   -0.0023379    0.0016807
h    -1.2596731    1.8897521    1.2682782  0.00   -0.0013991   -0.0006187    0.0017039
h     0.7975563    3.4129229   -2.0867265  0.00    0.0009446    0.0021821   -0.0021634
c     1.9399352   -0.8451840   -0.6671805  0.00    0.0000025    0.0007191   -0.0001062
c     1.1688782   -2.0027867   -1.3402156  0.00    0.0067269   -0.0020366    0.0043208
h     2.2671045   -1.1505648    0.3558014  0.00    0.0013202   -0.0003060    0.0033046
h     2.8759773   -0.6647865   -1.2426917  0.00    0.0014532    0.0006600   -0.0007986
c     0.0051764   -2.5026431   -0.4764047  0.00   -0.0014119   -0.0023651    0.0007032
o     0.1892137   -2.7174322    0.8900916  0.00    0.0019586    0.0020565    0.0087870
o    -1.2241345   -2.8206776   -1.0511601  0.00    0.0068227    0.0244916   -0.0270580
h    -1.7598003   -3.3817330   -0.3795911  0.00   -0.0081605   -0.0196215    0.0123808
n     0.7602579   -1.5871025   -2.7069834  0.00   -0.0008492    0.0116333   -0.0031629
h     1.8624103   -2.8747479   -1.4038212  0.00    0.0013850   -0.0013153    0.0011977
h     1.3950730   -2.0422345   -3.4130766  0.00    0.0054367   -0.0062524   -0.0087126
h    -0.2083659   -1.9540141   -2.9181606  0.00   -0.0147031   -0.0099151    0.0092491
    24
 Energy =       0.0532737806
c    -0.4552743    1.7379570    0.5831930  0.00   -0.0022609   -0.0012972    0.0030136
c    -0.2882792    2.7239811   -0.3317910  0.00   -0.0012484    0.0014464    0.0003864
c     0.5914814    2.5653102   -1.3502909  0.00    0.0018409    0.0016903   -0.0024066
c     0.2596429    0.5870920    0.4824486  0.00   -0.0023732   -0.0011341    0.0026590
c     1.1464761    0.4174780   -0.5426136  0.00    0.0013820   -0.0010392    0.0000649
c     1.3025897    1.4137740   -1.4630656  0.00    0.0015273    0.0007209   -0.0024264
o    -1.0149433    3.9052748   -0.2216567  0.00    0.0032193    0.0008169    0.0024868
h    -1.9136455    3.8166304   -0.6884061  0.00   -0.0031742   -0.0000420   -0.0025075
h     1.9947143    1.2937125   -2.2955495  0.00    0.0017669    0.0003747   -0.0021641
h     0.1171251   -0.1972373    1.2249502  0.00   -0.0005918   -0.0011984    0.0012919
h    -1.1608355    1.8821576    1.3967875  0.00   -0.0013380   -0.0003015    0.0016249
h     0.7190296    3.3649867   -2.0752775  0.00    0.0008321    0.0014992   -0.0017292
c     1.9389844   -0.8703923   -0.6701325  0.00    0.0008557    0.0012473   -0.0007377
c     1.1532193   -1.9850486   -1.3955587  0.00    0.0022036   -0.0017404    0.0033492
h     2.2517333   -1.2225186    0.3412806  0.00    0.0009630   -0.0003791    0.0023645
h     2.8819209   -0.6795546   -1.2292977  0.00    0.0007184    0.0004213   -0.0004218
c    -0.0347328   -2.4848956   -0.5673438  0.00   -0.0008394   -0.0012693    0.0005502
o     0.1159309   -2.7131909    0.7989731  0.00    0.0009604    0.0003573    0.0040498
o    -1.2462571   -2.8105026   -1.1710574  0.00    0.0050157    0.0134680   -0.0161141
h    -1.8309068   -3.2911182   -0.4852756  0.00   -0.0060389   -0.0115686    0.0094796
n     0.7837480   -1.5070840   -2.7502705  0.00    0.0000912    0.0100071    0.0015516
h     1.8242794   -2.8719557   -1.4811239  0.00    0.0008060   -0.0012354    0.0010335
h     1.4719667   -1.8834814   -3.4524974  0.00    0.0058601   -0.0050653   -0.0089096
h    -0.1548352   -1.8995431   -3.0302182  0.00   -0.0101778   -0.0057788    0.0035112
    24
 Energy =       0.0527809570
c    -0.3725387    1.7783181    0.5852118  0.00   -0.0024815   -0.0006456    0.0030284
c    -0.2002393    2.7438487   -0.3499589  0.00   -0.0013696    0.0012027    0.0006466
c     0.6517897    2.5439766   -1.3852706  0.00    0.0018233    0.0015940   -0.0025376
c     0.3082881    0.6063596    0.4874503  0.00   -0.0023576   -0.0009912    0.0028460
c     1.1659759    0.3944820   -0.5551176  0.00    0.0016033   -0.0008524   -0.0003535
c     1.3287441    1.3711194   -1.4949863  0.00    0.0018125    0.0002451   -0.0024734
o    -0.8933638    3.9460865   -0.2436891  0.00    0.0024988    0.0015866    0.0026569
h    -1.8028903    3.8737512   -0.6917044  0.00   -0.0030669   -0.0001584   -0.0023082
h     1.9976782    1.2176760   -2.3412062  0.00    0.0020368    0.0001027   -0.0024487
h     0.1602796   -0.1617114    1.2455924  0.00   -0.0006135   -0.0010085    0.0013388
h    -1.0558551    1.9552605    1.4117846  0.00   -0.0016640   -0.0000518    0.0019630
h     0.7839265    3.3276765   -2.1264442  0.00    0.0007837    0.0013543   -0.0016383
c     1.9154794   -0.9199941   -0.6813425  0.00    0.0013173    0.0011882   -0.0004731
c     1.0805881   -2.0170341   -1.3801439  0.00    0.0026982   -0.0013024    0.0020311
h     2.2315443   -1.2717344    0.3286799  0.00    0.0008746   -0.0002797    0.0019321
h     2.8557649   -0.7658169   -1.2570068  0.00    0.0012738    0.0004071   -0.0007175
c    -0.1256413   -2.4452313   -0.5365051  0.00    0.0008108   -0.0007273    0.0022462
o     0.0301831   -2.6786596    0.8279858  0.00    0.0009309    0.0002014    0.0033751
o    -1.3648842   -2.6999182   -1.1220202  0.00    0.0014709    0.0107245   -0.0141062
h    -1.9720785   -3.1323651   -0.4248043  0.00   -0.0067398   -0.0104777    0.0087711
n     0.7229029   -1.5526726   -2.7407477  0.00    0.0016133    0.0136954    0.0067450
h     1.7117737   -2.9349704   -1.4527942  0.00    0.0012442   -0.0022088    0.0006608
h     1.4674693   -1.8648390   -3.4198815  0.00    0.0093453   -0.0059050   -0.0108670
h    -0.1717640   -2.0217767   -3.0568749  0.00   -0.0138446   -0.0076931   -0.0003176
    24
 Energy =       0.0516294440
c    -0.2663003    1.7844267    0.6734136  0.00   -0.0016978   -0.0001143    0.0022232
c    -0.1407089    2.7335104   -0.2840044  0.00   -0.0010227    0.0005806    0.0009761
c     0.6443536    2.5085659   -1.3657770  0.00    0.0017502    0.0000125   -0.0022633
c     0.3913130    0.6023485    0.5498325  0.00   -0.0019274    0.0001583    0.0023089
c     1.1816025    0.3656730   -0.5390068  0.00    0.0011887   -0.0001948   -0.0009347
c     1.3002687    1.3272208   -1.4989449  0.00    0.0012033   -0.0001037   -0.0017808
o    -0.8148705    3.9436870   -0.1535025  0.00    0.0012284    0.0006567    0.0016950
h    -1.7437572    3.8794200   -0.5589253  0.00   -0.0019325   -0.0001235   -0.0010636
h     1.9134592    1.1520196   -2.3821076  0.00    0.0017180   -0.0003429   -0.0022805
h     0.2757110   -0.1553308    1.3228963  0.00   -0.0005403   -0.0001550    0.0009506
h    -0.8971020    1.9813516    1.5364852  0.00   -0.0015952    0.0002380    0.0020259
h     0.7392387    3.2787937   -2.1252795  0.00    0.0006195    0.0005346   -0.0011280
c     1.8957880   -0.9639681   -0.6999910  0.00    0.0014175    0.0005962   -0.0010830
c     1.0292683   -2.0154197   -1.4276948  0.00   -0.0002888   -0.0006330    0.0004538
h     2.2032527   -1.3547840    0.2972038  0.00    0.0006438   -0.0003026    0.0009015
h     2.8383852   -0.8170522   -1.2713753  0.00    0.0001861    0.0001410   -0.0000520
c    -0.1983739   -2.4143878   -0.6058331  0.00   -0.0003965   -0.0001959    0.0002593
o    -0.0823216   -2.6137698    0.7677842  0.00    0.0004087   -0.0006087    0.0020588
o    -1.4159619   -2.6910852   -1.2193191  0.00    0.0042968    0.0052823   -0.0096257
h    -2.0670419   -3.0250588   -0.5112846  0.00   -0.0053334   -0.0050772    0.0076651
n     0.6992242   -1.5088672   -2.7768376  0.00    0.0001934    0.0068768    0.0051714
h     1.6261896   -2.9529345   -1.5181758  0.00    0.0005366   -0.0011524    0.0004680
h     1.4881924   -1.7384905   -3.4322925  0.00    0.0056324   -0.0028087   -0.0061848
h    -0.1466765   -2.0140371   -3.1510577  0.00   -0.0062888   -0.0032641   -0.0007614
    24
 Energy =       0.0511580300
c    -0.1637710    1.7893072    0.7570258  0.00   -0.0007466    0.0008322    0.0005398
c    -0.0698480    2.7338911   -0.2065168  0.00   -0.0003496   -0.0001227    0.0006580
c     0.6507016    2.4901256   -1.3263127  0.00    0.0005547   -0.0000705   -0.0007312
c     0.4593870    0.5923096    0.6012076  0.00   -0.0004756   -0.0000787    0.0006182
c     1.1851886    0.3367441   -0.5255337  0.00    0.0009531   -0.0002592   -0.0010922
c     1.2742518    1.2950822   -1.4903340  0.00    0.0006908   -0.0007184   -0.0005781
o    -0.7101781    3.9587036   -0.0430478  0.00    0.0006474    0.0010500    0.0012248
h    -1.6580229    3.9160842   -0.4042722  0.00   -0.0015499   -0.0000671   -0.0005845
h     1.8367637    1.1061212   -2.4018673  0.00    0.0006296   -0.0004240   -0.0007558
h     0.3672285   -0.1617984    1.3797496  0.00   -0.0001369    0.0002305    0.0001882
h    -0.7427240    2.0014238    1.6508213  0.00   -0.0007729    0.0003764    0.0009216
h     0.7206452    3.2567339   -2.0906528  0.00    0.0001094   -0.0000824   -0.0000821
c     1.8629803   -1.0074471   -0.7188466  0.00    0.0007338    0.0001225   -0.0007274
c     0.9727351   -2.0174651   -1.4762998  0.00   -0.0000711   -0.0006209   -0.0005039
h     2.1555321   -1.4348549    0.2671648  0.00    0.0003511   -0.0002486    0.0003969
h     2.8116339   -0.8681402   -1.2816173  0.00    0.0000223    0.0001114   -0.0000263
c    -0.2836923   -2.3853272   -0.6863058  0.00    0.0003036    0.0006203   -0.0006857
o    -0.2260598   -2.5248702    0.6996468  0.00    0.0005570   -0.0006423    0.0038752
o    -1.4686968   -2.7065730   -1.3412171  0.00   -0.0003828    0.0004489   -0.0048063
h    -2.1605221   -2.9668989   -0.6478634  0.00   -0.0011775   -0.0007985    0.0024237
n     0.6773526   -1.4813569   -2.8196619  0.00   -0.0007804    0.0064890    0.0079504
h     1.5382717   -2.9722573   -1.5757978  0.00    0.0000521   -0.0004241    0.0001658
h     1.5213798   -1.6120852   -3.4326455  0.00    0.0071264   -0.0011963   -0.0053171
h    -0.0974046   -2.0456205   -3.2606171  0.00   -0.0062880   -0.0045277   -0.0030720
    24
 Energy =       0.0510707739
c    -0.1378590    1.7858583    0.7834348  0.00   -0.0000487   -0.0001095    0.0001670
c    -0.0646850    2.7300274   -0.1825294  0.00   -0.0000461    0.0000771    0.0000211
c     0.6306048    2.4859343   -1.3167722  0.00    0.0001177    0.0000076   -0.0002058
c     0.4810560    0.5891076    0.6158024  0.00   -0.0001018   -0.0000215    0.0001867
c     1.1822165    0.3334578   -0.5251181  0.00    0.0000663   -0.0000842   -0.0000112
c     1.2504728    1.2913515   -1.4923160  0.00    0.0000473    0.0001135   -0.0001663
o    -0.6999260    3.9549118   -0.0066632  0.00    0.0002283   -0.0000232    0.0001064
h    -1.6549224    3.9126191   -0.3461429  0.00   -0.0002465    0.0000079   -0.0001184
h     1.7939283    1.1028909   -2.4145227  0.00    0.0000714    0.0000154   -0.0001356
h     0.4054549   -0.1648692    1.3964677  0.00   -0.0000323   -0.0000680    0.0001273
h    -0.6964908    1.9982387    1.6888606  0.00   -0.0000866   -0.0000091    0.0001417
h     0.6841269    3.2522313   -2.0829547  0.00    0.0000337    0.0000746   -0.0001291
c     1.8595948   -1.0088609   -0.7287593  0.00   -0.0000462   -0.0000332    0.0000346
c     0.9699951   -2.0149958   -1.4911241  0.00    0.0000394    0.0000493    0.0000386
h     2.1529512   -1.4433141    0.2533596  0.00   -0.0000195    0.0000147   -0.0000083
h     2.8076554   -0.8648270   -1.2912612  0.00    0.0000067   -0.0000085   -0.0000086
c    -0.2920536   -2.3779685   -0.7094570  0.00   -0.0000052    0.0000005   -0.0000561
o    -0.2493152   -2.4978263    0.6766687  0.00    0.0000453   -0.0000400   -0.0000226
o    -1.4677202   -2.7132366   -1.3709661  0.00   -0.0000124    0.0000673    0.0000804
h    -2.1688508   -2.9602058   -0.6844776  0.00    0.0000115   -0.0000203   -0.0000290
n     0.6837070   -1.4793961   -2.8362089  0.00    0.0001735   -0.0005257   -0.0007199
h     1.5329491   -2.9712489   -1.5875832  0.00    0.0000047    0.0000365   -0.0000123
h     1.5295283   -1.6031302   -3.4382121  0.00   -0.0006786    0.0000467    0.0004037
h    -0.0792855   -2.0449180   -3.2833188  0.00    0.0004781    0.0004322    0.0003157
    24
 Energy =       0.0510684155
c    -0.1323422    1.7896517    0.7869432  0.00   -0.0000058   -0.0000036    0.0000132
c    -0.0631856    2.7316782   -0.1811716  0.00   -0.0000044    0.0000038    0.0000043
c     0.6265020    2.4846720   -1.3180130  0.00    0.0000103   -0.0000006   -0.0000170
c     0.4850247    0.5921567    0.6189283  0.00   -0.0000094   -0.0000018    0.0000134
c     1.1807194    0.3335936   -0.5245081  0.00    0.0000076   -0.0000054   -0.0000082
c     1.2449913    1.2893939   -1.4938538  0.00    0.0000055    0.0000045   -0.0000138
o    -0.6966695    3.9574072   -0.0047733  0.00    0.0000089    0.0000028    0.0000089
h    -1.6527979    3.9154509   -0.3406307  0.00   -0.0000108   -0.0000009   -0.0000046
h     1.7843520    1.0988195   -2.4178810  0.00    0.0000060   -0.0000013   -0.0000121
h     0.4126965   -0.1599892    1.4014867  0.00   -0.0000030   -0.0000032    0.0000088
h    -0.6864313    2.0043644    1.6944562  0.00   -0.0000076    0.0000009    0.0000140
h     0.6769324    3.2493102   -2.0858911  0.00    0.0000029    0.0000037   -0.0000079
c     1.8576867   -1.0090604   -0.7277919  0.00    0.0000011    0.0000002   -0.0000012
c     0.9687755   -2.0152434   -1.4911472  0.00    0.0000054   -0.0000056   -0.0000038
h     2.1500964   -1.4439870    0.2544091  0.00    0.0000013   -0.0000003    0.0000000
h     2.8063353   -0.8649145   -1.2892444  0.00    0.0000005    0.0000000   -0.0000010
c    -0.2954484   -2.3772273   -0.7125817  0.00    0.0000694    0.0000405   -0.0000130
o    -0.2601514   -2.4838053    0.6749530  0.00    0.0000414   -0.0000021    0.0001501
o    -1.4649223   -2.7267162   -1.3779166  0.00   -0.0001070   -0.0000325   -0.0001460
h    -2.1689408   -2.9701761   -0.6930925  0.00   -0.0000083   -0.0000023    0.0000218
n     0.6853830   -1.4807934   -2.8372328  0.00   -0.0000084    0.0000409    0.0000444
h     1.5313754   -2.9719093   -1.5857708  0.00    0.0000006   -0.0000014   -0.0000003
h     1.5352228   -1.5990909   -3.4355235  0.00    0.0000420   -0.0000013   -0.0000215
h    -0.0720717   -2.0517537   -3.2879464  0.00   -0.0000382   -0.0000349   -0.0000285
    24
 Energy =       0.0510683912
c    -0.1322326    1.7896359    0.7870315  0.00   -0.0000000   -0.0000000    0.0000000
c    -0.0632657    2.7316014   -0.1811432  0.00    0.0000000    0.0000000   -0.0000000
c     0.6262888    2.4845642   -1.3180385  0.00    0.0000000    0.0000000   -0.0000000
c     0.4851853    0.5921682    0.6190197  0.00   -0.0000000   -0.0000000    0.0000000
c     1.1807476    0.3335742   -0.5244719  0.00    0.0000000   -0.0000000    0.0000000
c     1.2448366    1.2893163   -1.4938734  0.00    0.0000000    0.0000000   -0.0000000
o    -0.6968110    3.9572983   -0.0047535  0.00    0.0000000    0.0000000    0.0000000
h    -1.6529649    3.9152628   -0.3405079  0.00   -0.0000000    0.0000000   -0.0000000
h     1.7840920    1.0987165   -2.4179436  0.00    0.0000000    0.0000000   -0.0000000
h     0.4129874   -0.1599438    1.4016139  0.00   -0.0000000   -0.0000000    0.0000000
h    -0.6862212    2.0043716    1.6945838  0.00   -0.0000000   -0.0000000    0.0000000
h     0.6765666    3.2491527   -2.0859660  0.00    0.0000000    0.0000000   -0.0000000
c     1.8577542   -1.0090605   -0.7277606  0.00    0.0000000   -0.0000000   -0.0000000
c     0.9688776   -2.0152503   -1.4911384  0.00    0.0000000   -0.0000000    0.0000000
h     2.1501446   -1.4440008    0.2544394  0.00   -0.0000000   -0.0000000    0.0000000
h     2.8064085   -0.8648814   -1.2891936  0.00   -0.0000000   -0.0000000   -0.0000000
c    -0.2954774   -2.3770462   -0.7126998  0.00    0.0000000    0.0000000    0.0000000
o    -0.2603449   -2.4836764    0.6747503  0.00    0.0000000    0.0000000    0.0000000
o    -1.4649416   -2.7262112   -1.3780323  0.00   -0.0000000   -0.0000000   -0.0000000
h    -2.1690608   -2.9695802   -0.6932964  0.00   -0.0000000   -0.0000000    0.0000000
n     0.6857534   -1.4809074   -2.8373245  0.00   -0.0000001    0.0000002    0.0000002
h     1.5314103   -2.9719738   -1.5855716  0.00    0.0000000   -0.0000000   -0.0000000
h     1.5354605   -1.5998557   -3.4356269  0.00    0.0000003   -0.0000000   -0.0000002
h    -0.0720608   -2.0514430   -3.2878902  0.00   -0.0000002   -0.0000002   -0.0000001
    24
 Energy =       0.0510683912
c    -0.1322326    1.7896350    0.7870317  0.00   -0.0000000   -0.0000000    0.0000000
c    -0.0632667    2.7316004   -0.1811431  0.00    0.0000000    0.0000000   -0.0000000
c     0.6262876    2.4845634   -1.3180386  0.00   -0.0000000    0.0000000   -0.0000000
c     0.4851860    0.5921676    0.6190199  0.00    0.0000000   -0.0000000    0.0000000
c     1.1807481    0.3335740   -0.5244719  0.00   -0.0000000   -0.0000000    0.0000000
c     1.2448361    1.2893160   -1.4938735  0.00    0.0000000   -0.0000000   -0.0000000
o    -0.6968129    3.9572968   -0.0047535  0.00    0.0000000    0.0000000    0.0000000
h    -1.6529668    3.9152606   -0.3405076  0.00   -0.0000000    0.0000000   -0.0000000
h     1.7840913    1.0987163   -2.4179440  0.00    0.0000000   -0.0000000   -0.0000000
h     0.4129888   -0.1599443    1.4016142  0.00   -0.0000000   -0.0000000    0.0000000
h    -0.6862211    2.0043704    1.6945842  0.00    0.0000000    0.0000000    0.0000000
h     0.6765646    3.2491518   -2.0859662  0.00    0.0000000    0.0000000   -0.0000000
c     1.8577552   -1.0090605   -0.7277607  0.00   -0.0000000    0.0000000   -0.0000000
c     0.9688786   -2.0152504   -1.4911382  0.00    0.0000000   -0.0000000    0.0000000
h     2.1501459   -1.4440007    0.2544392  0.00   -0.0000000   -0.0000000    0.0000000
h     2.8064093   -0.8648811   -1.2891940  0.00    0.0000000   -0.0000000   -0.0000000
c    -0.2954772   -2.3770445   -0.7126999  0.00    0.0000000    0.0000000    0.0000000
o    -0.2603440   -2.4836783    0.6747499  0.00    0.0000000    0.0000000    0.0000000
o    -1.4649431   -2.7262035   -1.3780324  0.00   -0.0000000   -0.0000000   -0.0000000
h    -2.1690626   -2.9695721   -0.6932967  0.00   -0.0000000   -0.0000000   -0.0000000
n     0.6857559   -1.4809085   -2.8373250  0.00   -0.0000000    0.0000000    0.0000000
h     1.5314106   -2.9719744   -1.5855700  0.00    0.0000000   -0.0000000   -0.0000000
h     1.5354621   -1.5998612   -3.4356276  0.00    0.0000000    0.0000000   -0.0000000
h    -0.0720607   -2.0514413   -3.2878897  0.00   -0.0000000   -0.0000000   -0.0000000
