$ufftopology
nxtnei12
    1     3
          2     4    11
    2     3
          1     3     7
    3     3
          2     6    12
    4     3
          1     5    10
    5     3
          4     6    13
    6     3
          3     5     9
    7     2
          2     8
    8     1
          7
    9     1
          6
   10     1
          4
   11     1
          1
   12     1
          3
   13     4
          5    14    15    16
   14     4
         13    17    21    22
   15     1
         13
   16     1
         13
   17     3
         14    18    19
   18     1
         17
   19     2
         17    20
   20     1
         19
   21     3
         14    23    24
   22     1
         14
   23     1
         21
   24     1
         21
nxtnei13
    1     4
          3     7     5    10
    2     5
          4    11     6    12     8
    3     4
          1     7     5     9
    4     4
          2    11     6    13
    5     7
          1    10     3     9    14    15    16
    6     4
          2    12     4    13
    7     2
          1     3
    8     1
          2
    9     2
          3     5
   10     2
          1     5
   11     2
          2     4
   12     2
          2     6
   13     5
          4     6    17    21    22
   14     7
          5    15    16    18    19    23    24
   15     3
          5    14    16
   16     3
          5    14    15
   17     4
         13    21    22    20
   18     2
         14    19
   19     2
         14    18
   20     1
         17
   21     3
         13    17    22
   22     3
         13    17    21
   23     2
         14    24
   24     2
         14    23
nxtnei14
    1     4
          6    12     8    13
    2     3
          5    10     9
    3     4
          4    11     8    13
    4     6
          3     7     9    14    15    16
    5     6
          2    11    12    17    21    22
    6     6
          1     7    10    14    15    16
    7     4
          4    11     6    12
    8     2
          1     3
    9     4
          2    12     4    13
   10     4
          2    11     6    13
   11     4
          3     7     5    10
   12     4
          1     7     5     9
   13     8
          1    10     3     9    18    19    23    24
   14     3
          4     6    20
   15     5
          4     6    17    21    22
   16     5
          4     6    17    21    22
   17     5
          5    15    16    23    24
   18     4
         13    21    22    20
   19     3
         13    21    22
   20     2
         14    18
   21     5
          5    15    16    18    19
   22     7
          5    15    16    18    19    23    24
   23     3
         13    17    22
   24     3
         13    17    22
connectivity (= bond)
                    24
     1     2   2.555968   2.000000
     1     4   2.565691   2.000000
     1    11   2.049867   1.000000
     2     3   2.555707   2.000000
     2     7   2.628572   1.000000
     3     6   2.564838   2.000000
     3    12   2.050015   1.000000
     4     5   2.576031   2.000000
     4    10   2.055671   1.000000
     5     6   2.575365   2.000000
     5    13   2.867365   1.000000
     6     9   2.053665   1.000000
     7     8   1.916679   1.000000
    13    14   2.918551   1.000000
    13    15   2.103786   1.000000
    13    16   2.100862   1.000000
    14    17   2.887918   1.000000
    14    21   2.788803   1.000000
    14    22   2.104888   1.000000
    17    18   2.630471   1.000000
    17    19   2.626808   1.000000
    19    20   1.912153   1.000000
    21    23   1.976654   1.000000
    21    24   1.984485   1.000000
angle
                    38
     1     2     3     2     120.03       1.00       4.00
     1     2     7     2     119.98       1.00       5.00
     1     4     5     2     120.21       2.00       8.00
     1     4    10     2     119.38       2.00       9.00
     2     1     4     2     120.16       1.00       2.00
     2     1    11     2     119.15       1.00       3.00
     2     3     6     2     120.14       4.00       6.00
     2     3    12     2     119.34       4.00       7.00
     2     7     8     9     110.54       5.00      13.00
     3     2     7     2     119.99       4.00       5.00
     3     6     5     2     120.27       6.00      10.00
     3     6     9     2     119.39       6.00      12.00
     4     1    11     2     120.69       2.00       3.00
     4     5     6     2     119.19       8.00      10.00
     4     5    13     2     120.52       8.00      11.00
     5     4    10     2     120.41       8.00       9.00
     5     6     9     2     120.34      10.00      12.00
     5    13    14     9     112.70      11.00      14.00
     5    13    15     9     110.16      11.00      15.00
     5    13    16     9     109.49      11.00      16.00
     6     3    12     2     120.52       6.00       7.00
     6     5    13     2     120.28      10.00      11.00
    13    14    17     9     112.25      14.00      17.00
    13    14    21     9     108.99      14.00      18.00
    13    14    22     9     108.11      14.00      19.00
    14    13    15     9     109.43      14.00      15.00
    14    13    16     9     109.03      14.00      16.00
    14    17    18     2     120.33      17.00      20.00
    14    17    19     2     120.78      17.00      21.00
    14    21    23     9     108.95      18.00      23.00
    14    21    24     9     109.46      18.00      24.00
    15    13    16     9     105.79      15.00      16.00
    17    14    21     9     113.06      17.00      18.00
    17    14    22     9     104.93      17.00      19.00
    17    19    20     9     108.78      21.00      22.00
    18    17    19     2     118.62      20.00      21.00
    21    14    22     9     109.30      18.00      19.00
    23    21    24     9     106.20      23.00      24.00
torsion
                    55
     4     1     2     3     1     3 359.73283774 120.16365643 120.03450220
     4     1     2     7     1     3 180.02580934 120.16365643 119.97899662
    11     1     2     3     1     3 179.78241358 119.14745579 120.03450220
    11     1     2     7     1     3   0.07538518 119.14745579 119.97899662
     2     1     4     5     2     3   0.16628879 120.16365643 120.20880041
     2     1     4    10     2     3 180.61775005 120.16365643 119.37943478
    11     1     4     5     2     3 180.11593943 120.68886895 120.20880041
    11     1     4    10     2     3   0.56740069 120.68886895 119.37943478
     1     2     3     6     4     3   0.34198377 120.03450220 120.14102058
     1     2     3    12     4     3 180.17157049 120.03450220 119.33809777
     7     2     3     6     4     3 180.04899193 119.98585268 120.14102058
     7     2     3    12     4     3 359.87857865 119.98585268 119.33809777
     1     2     7     8     5     3 271.08087989 119.97899662 110.54081534
     3     2     7     8     5     3  91.37370785 119.98585268 110.54081534
     2     3     6     5     6     3 359.68364126 120.14102058 120.26514692
     2     3     6     9     6     3 179.16226601 120.14102058 119.38979042
    12     3     6     5     6     3 179.85609164 120.52065987 120.26514692
    12     3     6     9     6     3 359.33471638 120.52065987 119.38979042
     1     4     5     6     8     3 359.86134830 120.20880041 119.18587386
     1     4     5    13     8     3 180.82964132 120.20880041 120.52443730
    10     4     5     6     8     3 179.40519316 120.41021173 119.18587386
    10     4     5    13     8     3   0.37348618 120.41021173 120.52443730
     4     5     6     3    10     3   0.21345152 119.18587386 120.26514692
     4     5     6     9    10     3 180.73983188 119.18587386 120.34299412
    13     5     6     3    10     3 179.24755431 120.28256316 120.26514692
    13     5     6     9    10     3 359.77393467 120.28256316 120.34299412
     4     5    13    14    11    22  93.50152158 120.52443730 112.70029739
     4     5    13    15    11    22 330.96812120 120.52443730 110.16245228
     4     5    13    16    11    22 215.02772787 120.52443730 109.48949381
     6     5    13    14    11    22 274.48046039 120.28256316 112.70029739
     6     5    13    15    11    22 151.94706001 120.28256316 110.16245228
     6     5    13    16    11    22  36.00666669 120.28256316 109.48949381
     5    13    14    17    14     1 295.97869508 112.70029739 112.24868507
     5    13    14    21    14     1  62.01381147 112.70029739 108.98982549
     5    13    14    22    14     1 180.72109588 112.70029739 108.10918694
    15    13    14    17    14     1  58.92029488 109.43343058 112.24868507
    15    13    14    21    14     1 184.95541127 109.43343058 108.98982549
    15    13    14    22    14     1 303.66269567 109.43343058 108.10918694
    16    13    14    17    14     1 174.18966606 109.02564046 112.24868507
    16    13    14    21    14     1 300.22478245 109.02564046 108.98982549
    16    13    14    22    14     1  58.93206686 109.02564046 108.10918694
    13    14    17    18    17    22 324.26651416 112.24868507 120.32938110
    13    14    17    19    17    22 150.29379046 112.24868507 120.77780189
    21    14    17    18    17    22 200.47144653 113.05688322 120.32938110
    21    14    17    19    17    22  26.49872282 113.05688322 120.77780189
    22    14    17    18    17    22  81.43837567 104.93191221 120.32938110
    22    14    17    19    17    22 267.46565197 104.93191221 120.77780189
    13    14    21    23    18     1  75.99776221 108.98982549 108.95012123
    13    14    21    24    18     1 191.73026256 108.98982549 109.45746659
    17    14    21    23    18     1 201.56522552 113.05688322 108.95012123
    17    14    21    24    18     1 317.29772587 113.05688322 109.45746659
    22    14    21    23    18     1 318.03971564 109.30225870 108.95012123
    22    14    21    24    18     1  73.77221599 109.30225870 109.45746659
    14    17    19    20    21     3 177.44387320 120.77780189 108.78109336
    18    17    19    20    21     3   3.37027251 118.62489109 108.78109336
inversion
                     8
     1     2     4    11    11    11    11   -0.043   -0.043   -0.044
     2     1     3     7    10    11    11   -0.254   -0.254   -0.254
     3     2     6    12    11    11    11    0.149    0.147    0.149
     4     1     5    10    11    11    11   -0.393   -0.390   -0.394
     5     4     6    13    11    11    11   -0.834   -0.845   -0.843
     6     3     5     9    11    11    11    0.454    0.450    0.455
    17    14    18    19    10    10    11   -5.176   -5.200   -5.089
    21    14    23    24     9     9     9   58.145   58.431   56.780
nonbond
                   214
    1     6    5.123
    1     8    5.379
    1     9    7.176
    1    12    6.278
    1    13    7.093
    1    14    8.635
    1    15    7.547
    1    16    8.450
    1    17    8.374
    1    18    8.082
    1    19    9.793
    1    20   10.175
    1    21    9.354
    1    22   10.533
    1    23   10.707
    1    24   10.583
    2     5    5.146
    2     9    6.291
    2    10    6.294
    2    13    8.013
    2    14    9.508
    2    15    8.969
    2    16    8.943
    2    17    9.716
    2    18    9.994
    2    19   10.886
    2    20   11.526
    2    21    9.517
    2    22   11.502
    2    23   10.675
    2    24   10.778
    3     4    5.124
    3     8    5.411
    3    10    7.180
    3    11    6.276
    3    13    7.088
    3    14    8.534
    3    15    8.499
    3    16    7.552
    3    17    9.420
    3    18   10.254
    3    19   10.611
    3    20   11.642
    3    21    8.026
    3    22   10.464
    3    23    8.862
    3    24    9.438
    4     7    6.842
    4     8    7.684
    4     9    6.315
    4    12    7.174
    4    14    6.404
    4    15    5.018
    4    16    6.311
    4    17    6.324
    4    18    5.982
    4    19    8.194
    4    20    8.753
    4    21    7.626
    4    22    8.163
    4    23    8.933
    4    24    8.976
    5     7    7.775
    5     8    8.638
    5    11    6.325
    5    12    6.322
    5    17    5.844
    5    18    6.395
    5    19    7.812
    5    20    8.896
    5    21    5.633
    5    22    6.594
    5    23    6.638
    5    24    7.293
    6     7    6.841
    6     8    7.705
    6    10    6.318
    6    11    7.173
    6    14    6.266
    6    15    6.366
    6    16    5.043
    6    17    7.659
    6    18    8.702
    6    19    9.157
    6    20   10.425
    6    21    5.913
    6    22    8.073
    6    23    6.601
    6    24    7.586
    7     9    8.483
    7    10    8.485
    7    11    4.892
    7    12    4.898
    7    13   10.642
    7    14   12.049
    7    15   11.548
    7    16   11.522
    7    17   12.069
    7    18   12.267
    7    19   12.975
    7    20   13.445
    7    21   11.878
    7    22   14.075
    7    23   13.043
    7    24   12.993
    8     9    9.270
    8    10    9.240
    8    11    5.583
    8    12    5.643
    8    13   11.452
    8    14   12.445
    8    15   12.469
    8    16   12.483
    8    17   12.185
    8    18   12.523
    8    19   12.708
    8    20   13.064
    8    21   12.074
    8    22   14.531
    8    23   13.384
    8    24   12.926
    9    10    8.029
    9    11    9.226
    9    12    4.614
    9    13    5.107
    9    14    6.330
    9    15    7.005
    9    16    4.696
    9    17    8.305
    9    18    9.742
    9    19    9.685
    9    20   11.204
    9    21    5.357
    9    22    7.866
    9    23    5.470
    9    24    7.102
   10    11    4.621
   10    12    9.230
   10    13    5.121
   10    14    6.579
   10    15    4.622
   10    16    6.935
   10    17    5.942
   10    18    4.774
   10    19    7.981
   10    20    8.226
   10    21    8.406
   10    22    8.036
   10    23    9.770
   10    24    9.599
   11    12    7.950
   11    13    8.746
   11    14   10.184
   11    15    8.866
   11    16   10.235
   11    17    9.476
   11    18    8.735
   11    19   10.761
   11    20   10.796
   11    21   11.111
   11    22   12.017
   11    23   12.570
   11    24   12.196
   12    13    8.736
   12    14   10.027
   12    15   10.294
   12    16    8.883
   12    17   11.097
   12    18   12.154
   12    19   12.069
   12    20   13.189
   12    21    9.051
   12    22   11.904
   12    23    9.649
   12    24   10.368
   13    18    5.551
   13    19    7.174
   13    20    8.464
   13    23    5.273
   13    24    6.371
   14    20    6.379
   15    17    5.273
   15    18    5.024
   15    19    7.878
   15    20    8.840
   15    21    6.465
   15    22    4.668
   15    23    7.075
   15    24    7.985
   16    17    6.612
   16    18    7.531
   16    19    8.806
   16    20   10.271
   16    21    5.096
   16    22    4.688
   16    23    4.914
   16    24    6.992
   17    23    6.372
   17    24    4.923
   18    20    4.532
   18    21    7.130
   18    22    5.528
   18    23    8.639
   18    24    7.541
   19    21    5.446
   19    22    5.695
   19    23    7.197
   19    24    4.645
   20    21    7.310
   20    22    7.193
   20    23    9.086
   20    24    6.539
   22    23    4.353
   22    24    4.749
qpartial
                    24
        -0.05717    0.24154   -0.08705   -0.11126    0.03596   -0.11471
        -0.69115    0.35419    0.12866    0.20508    0.16048    0.13905
        -0.20225   -0.00953    0.14463    0.12283    0.52421   -0.50304
        -0.70888    0.35474   -0.60910    0.11840    0.22852    0.33582
$end
