$coord                                                                          
    0.62646154512120      4.19659981434853      0.57796979056035      c       
   -0.88696198308874      4.94828191345070     -1.33922845899407      c       
   -0.89755017158209      3.62504633354935     -3.54164806687861      c       
    2.13462288256498      2.13963144656921      0.31315949113882      c       
    2.14449791475497      0.81791588891486     -1.89282962008755      c       
    0.60616580351990      1.56398491305794     -3.81618233255819      c       
   -2.41279416095629      7.07921824081423     -0.99692835470113      o       
   -3.49832178838528      7.52222204962291     -2.51212093537787      h       
    0.56811478570076      0.51643422952620     -5.58238042610477      h       
    3.31894801842625      1.54817432020446      1.88431728813618      h       
    0.60909272879955      5.25724049720653      2.33185266836276      h       
   -2.11368940133016      4.21268073472950     -5.08249356184572      h       
    3.79342813253841     -1.50039568710034     -2.17671981875714      c       
    2.40633285370205     -3.91222473851337     -1.31076989136880      c       
    5.56443492256337     -1.27190162717604     -1.06142472431654      h       
    4.40796535174691     -1.69005347943004     -4.17895280914189      h       
    3.83152799410759     -6.27265757604258     -2.12602860268446      c       
    6.27064700283152     -6.71133035188150     -1.27129266989286      o       
    2.71779668537494     -7.99426262842230     -3.75944402688805      o       
    2.76528143535386     -7.30230627718215     -5.53496225205858      h       
    2.03586408129186     -3.81504470906590      1.45029087453161      n       
    0.52668294423066     -4.00705897740500     -2.26059646789229      h       
    0.99293201932911     -5.40163202473312      2.02024747416180      h       
    3.79437029321250     -3.97793294860448      2.35186714357568      h       
$end                                                                            
