$coord                                                                          
   -7.05799527916607      3.01439430857494      0.21494272009947      c       
   -4.90423358381618      4.69145792503638      1.17064289444588      c       
   -9.56828493203579      4.45652804070334     -0.08052582940156      c       
  -10.10308208009918      5.37037047895086      1.73752844576128      h       
  -11.11660854669736      3.14337902758027     -0.62267771653006      h       
   -9.42205157475183      5.95416282120357     -1.54554473563544      h       
   -6.42592759045579      1.76006755349371     -2.18502064502877      n       
   -7.28381084745156      1.54557665880281      1.71823594665625      h       
   -7.78257326273053      0.37480007426128     -2.58599412899084      h       
   -6.46660087383389      3.04970788419849     -3.68622611580385      h       
   -3.88517911371705      4.22628314351599      3.54569026575897      o       
   -3.97316719222947      6.72162032382152     -0.23082250110155      o       
   -4.85885233852584      6.88067585592039     -1.90708152474472      h       
$end                                                                            
