    24
 Energy =       0.4584510538
c    -0.3750178    1.6472058    0.7948734  0.00   -0.0576292    0.0179381    0.0649087
c     0.0303172    2.8109335    0.1570437  0.00   -0.0558934    0.0792119    0.0478991
c     1.0081136    2.7718125   -0.8262434  0.00    0.0088253    0.0929642   -0.0333588
c     0.2069418    0.4293490    0.4310970  0.00   -0.0254432   -0.0559372    0.0332453
c     1.2047783    0.3610782   -0.5608861  0.00    0.1071551   -0.0533883   -0.0472284
c     1.5988173    1.5541349   -1.1780186  0.00    0.0408357   -0.0090908   -0.0381779
o    -0.5069839    4.0230167    0.4710260  0.00    0.0768578    0.0206932   -0.0241437
h     0.2091687    4.6159613    0.7518288  0.00   -0.0442652   -0.0601310   -0.0147276
h     2.3707231    1.5818724   -1.9364796  0.00   -0.0025927    0.0155116    0.0041511
h    -0.1206493   -0.4779662    0.9373943  0.00   -0.0013562    0.0004458    0.0034335
h    -1.1350442    1.6632136    1.5694669  0.00    0.0010329   -0.0120232    0.0029680
h     1.3163936    3.6907012   -1.3176857  0.00    0.0013646    0.0012815   -0.0005774
c     1.7669373   -1.0073413   -0.8964724  0.00    0.3183779   -0.5595703    0.0641399
c     0.8861134   -2.0194266   -1.6556448  0.00    0.1344122    0.0869321    0.0870124
h     2.1212937   -1.4658931    0.0371405  0.00    0.7403003   -1.2385758   -0.7790727
h     2.6645729   -0.8285312   -1.5058794  0.00   -0.0127402   -0.0377786    0.0236921
c     1.7481012   -3.2276699   -2.0845864  0.00   -0.0692959   -0.2764070   -0.2527428
o     1.5179317   -3.9787875   -3.0189800  0.00    0.0615594    0.1746419    0.2225456
o     2.8094516   -3.3865268   -1.2478409  0.00   -0.0593405    0.0980890    0.0380454
h     2.7944772   -2.5928198   -0.6549742  0.00   -1.1456021    1.7927064    0.6056855
n    -0.2697763   -2.5678537   -0.8742070  0.00   -0.0690483   -0.0931298   -0.0282149
h     0.4960411   -1.5757973   -2.5789902  0.00   -0.0087204   -0.0162108    0.0220944
h    -1.1308243   -2.1540904   -1.2498506  0.00    0.0326668   -0.0168308    0.0052697
h    -0.3593670   -3.5651556   -1.0813225  0.00    0.0285392    0.0486579   -0.0068464
    24
 Energy =       0.4092889504
c    -0.4100564    1.6048552    0.7959716  0.00   -0.0504854    0.0158757    0.0569953
c    -0.0207012    2.7737581    0.1682020  0.00   -0.0475507    0.0676961    0.0417240
c     0.9739123    2.7566973   -0.7927376  0.00    0.0082365    0.0812729   -0.0294246
c     0.1941754    0.4019279    0.4391867  0.00   -0.0224811   -0.0491613    0.0291887
c     1.1985239    0.3554563   -0.5389746  0.00    0.0935289   -0.0466917   -0.0415565
c     1.5840201    1.5533365   -1.1425654  0.00    0.0358419   -0.0081729   -0.0337034
o    -0.6213203    3.9667143    0.4590820  0.00    0.0629148    0.0174575   -0.0216745
h     0.0504156    4.6028351    0.7784636  0.00   -0.0357613   -0.0497424   -0.0111923
h     2.3653907    1.5913089   -1.8918823  0.00   -0.0022511    0.0135296    0.0035190
h    -0.1254774   -0.5132670    0.9360071  0.00   -0.0013441    0.0003063    0.0030978
h    -1.1884780    1.6084512    1.5528458  0.00    0.0005867   -0.0103933    0.0029963
h     1.2691576    3.6823606   -1.2789431  0.00    0.0011969    0.0012600   -0.0004743
c     1.7977946   -0.9950782   -0.8774070  0.00    0.2812613   -0.4945943    0.0575538
c     0.9391315   -2.0001679   -1.6746853  0.00    0.1195271    0.0758949    0.0756488
h     2.1753112   -1.4471215    0.0514751  0.00    0.6549301   -1.0943566   -0.6884512
h     2.6991887   -0.7926636   -1.4759324  0.00   -0.0109549   -0.0333222    0.0208940
c     1.8005649   -3.2144095   -2.0749920  0.00   -0.0598993   -0.2420420   -0.2213609
o     1.5678993   -3.9788985   -3.0250821  0.00    0.0541063    0.1529796    0.1949087
o     2.8598297   -3.3856409   -1.2362443  0.00   -0.0519568    0.0860661    0.0333352
h     2.8494018   -2.5886431   -0.6460927  0.00   -1.0125111    1.5842263    0.5352569
n    -0.2565149   -2.5169920   -0.9356132  0.00   -0.0604332   -0.0830520   -0.0220038
h     0.6000278   -1.5459989   -2.6168426  0.00   -0.0078280   -0.0136660    0.0179573
h    -1.0949593   -2.0972441   -1.3647284  0.00    0.0263423   -0.0136642    0.0031066
h    -0.3547269   -3.5201561   -1.1267019  0.00    0.0249840    0.0422940   -0.0063411
    24
 Energy =       0.4024054490
c    -0.4438828    1.5838740    0.7867188  0.00   -0.0492990    0.0155799    0.0556528
c    -0.0706078    2.7549167    0.1548702  0.00   -0.0451006    0.0639517    0.0404001
c     0.9457093    2.7527871   -0.7826062  0.00    0.0085298    0.0791262   -0.0290118
c     0.1860176    0.3904289    0.4459592  0.00   -0.0218783   -0.0484192    0.0285104
c     1.2019800    0.3563595   -0.5190577  0.00    0.0915577   -0.0457767   -0.0407900
c     1.5803427    1.5582698   -1.1182663  0.00    0.0353053   -0.0082905   -0.0331543
o    -0.7322786    3.9289102    0.3984996  0.00    0.0569529    0.0177683   -0.0213924
h    -0.1083375    4.6055996    0.7385625  0.00   -0.0326649   -0.0460874   -0.0097777
h     2.3728016    1.6052169   -1.8558251  0.00   -0.0020562    0.0131808    0.0033221
h    -0.1276059   -0.5285277    0.9396678  0.00   -0.0013297    0.0002706    0.0030542
h    -1.2418683    1.5765047    1.5235349  0.00    0.0001971   -0.0099945    0.0032272
h     1.2279526    3.6804669   -1.2726570  0.00    0.0011467    0.0013719   -0.0004723
c     1.8214932   -0.9858716   -0.8510341  0.00    0.2752442   -0.4837071    0.0565294
c     0.9822816   -1.9913642   -1.6744917  0.00    0.1171247    0.0741167    0.0737061
h     2.2070875   -1.4356529    0.0809609  0.00    0.6406643   -1.0703893   -0.6732674
h     2.7284151   -0.7705706   -1.4367698  0.00   -0.0105525   -0.0325712    0.0203735
c     1.8530389   -3.2030003   -2.0639636  0.00   -0.0584155   -0.2365711   -0.2165063
o     1.6298466   -3.9792802   -3.0111486  0.00    0.0529120    0.1494764    0.1905280
o     2.9079237   -3.3688121   -1.2191383  0.00   -0.0507759    0.0838158    0.0324120
h     2.8775916   -2.5795892   -0.6216242  0.00   -0.9902952    1.5498195    0.5236913
n    -0.2301492   -2.5101372   -0.9638102  0.00   -0.0591819   -0.0814866   -0.0209212
h     0.6653589   -1.5313408   -2.6219346  0.00   -0.0076922   -0.0132951    0.0172849
h    -1.0587190   -2.0937704   -1.4167841  0.00    0.0252598   -0.0131998    0.0028198
h    -0.3218811   -3.5139972   -1.1578536  0.00    0.0243474    0.0413107   -0.0062183
    24
 Energy =       0.3414135238
c    -0.4314416    1.5462082    0.7589857  0.00   -0.0400689    0.0127612    0.0452448
c    -0.0834776    2.7159412    0.1239199  0.00   -0.0351986    0.0505522    0.0327466
c     0.9450842    2.7318829   -0.7919878  0.00    0.0072656    0.0641078   -0.0234330
c     0.2266275    0.3705069    0.4385248  0.00   -0.0179021   -0.0405310    0.0226126
c     1.2416113    0.3526522   -0.5176943  0.00    0.0737162   -0.0377966   -0.0330720
c     1.6031388    1.5534960   -1.1156110  0.00    0.0287939   -0.0070593   -0.0270775
o    -0.8051174    3.8670880    0.3363531  0.00    0.0412537    0.0130493   -0.0191698
h    -0.2327240    4.5770747    0.7215062  0.00   -0.0245364   -0.0339361   -0.0060344
h     2.3979616    1.6051467   -1.8510736  0.00   -0.0016587    0.0107212    0.0028241
h    -0.0725715   -0.5514412    0.9347357  0.00   -0.0012413   -0.0004866    0.0019453
h    -1.2445611    1.5291140    1.4791011  0.00   -0.0003342   -0.0080542    0.0027196
h     1.2070942    3.6620871   -1.2879685  0.00    0.0007366    0.0013810   -0.0003629
c     1.8794079   -0.9771823   -0.8684805  0.00    0.2298005   -0.4007919    0.0485610
c     0.9991258   -1.9694067   -1.6542997  0.00    0.0983256    0.0637316    0.0580146
h     2.2774029   -1.4276000    0.0471464  0.00    0.5304609   -0.8869269   -0.5595721
h     2.7681630   -0.7657471   -1.4870881  0.00   -0.0079540   -0.0270883    0.0164789
c     1.8031092   -3.2302518   -2.0056994  0.00   -0.0463503   -0.1916946   -0.1745768
o     1.5367260   -3.9804944   -2.9989864  0.00    0.0418041    0.1218647    0.1518605
o     2.8377535   -3.4760078   -1.1473618  0.00   -0.0412732    0.0314783    0.0131842
h     2.9620870   -2.5922208   -0.6545231  0.00   -0.8171628    1.3190544    0.4497252
n    -0.2369914   -2.3825244   -0.9207804  0.00   -0.0509649   -0.0605641   -0.0117428
h     0.7118808   -1.5241924   -2.6226557  0.00   -0.0054479   -0.0102584    0.0131548
h    -1.0444924   -1.9350173   -1.3909035  0.00    0.0195470   -0.0098706    0.0015557
h    -0.3932859   -3.3976916   -1.0433499  0.00    0.0183892    0.0263568   -0.0055864
    24
 Energy =       0.3259236730
c    -0.3984396    1.5635794    0.7600936  0.00   -0.0381511    0.0121851    0.0430019
c    -0.0419683    2.7292212    0.1248998  0.00   -0.0331350    0.0473203    0.0310155
c     0.9710860    2.7316772   -0.8068408  0.00    0.0070768    0.0609030   -0.0224273
c     0.2414810    0.3813882    0.4320829  0.00   -0.0170401   -0.0386354    0.0215608
c     1.2434900    0.3518818   -0.5359557  0.00    0.0701800   -0.0359374   -0.0315053
c     1.6097813    1.5467530   -1.1396583  0.00    0.0275471   -0.0068450   -0.0258327
o    -0.7304113    3.8964482    0.3671679  0.00    0.0377108    0.0127230   -0.0183242
h    -0.1289936    4.5817891    0.7580150  0.00   -0.0225790   -0.0314356   -0.0052349
h     2.3943622    1.5872872   -1.8870606  0.00   -0.0014371    0.0101714    0.0025571
h    -0.0597808   -0.5355130    0.9358087  0.00   -0.0012236   -0.0005272    0.0018861
h    -1.1986170    1.5585424    1.4949435  0.00   -0.0005291   -0.0076035    0.0027660
h     1.2401595    3.6596506   -1.3032092  0.00    0.0006950    0.0013560   -0.0003552
c     1.8636893   -0.9845259   -0.8978601  0.00    0.2200500   -0.3819863    0.0468497
c     0.9523683   -1.9728880   -1.6427551  0.00    0.0963942    0.0611759    0.0540388
h     2.2462841   -1.4429920    0.0081280  0.00    0.5043331   -0.8441573   -0.5330319
h     2.7453791   -0.7879413   -1.5333053  0.00   -0.0073595   -0.0258665    0.0155125
c     1.7608615   -3.2107326   -2.0521807  0.00   -0.0427916   -0.1809690   -0.1665292
o     1.4528399   -3.9362777   -3.0603174  0.00    0.0390205    0.1150072    0.1433379
o     2.8327395   -3.4687960   -1.2374847  0.00   -0.0371591    0.0255653    0.0114422
h     2.9444522   -2.6133743   -0.6829160  0.00   -0.7780218    1.2591212    0.4303865
n    -0.2280321   -2.4162193   -0.8348067  0.00   -0.0484643   -0.0606890   -0.0057349
h     0.5960623   -1.5197841   -2.5882421  0.00   -0.0059276   -0.0087301    0.0101352
h    -1.0763661   -1.9655659   -1.2321504  0.00    0.0137639   -0.0070441   -0.0003681
h    -0.3799167   -3.4321884   -0.9645871  0.00    0.0170476    0.0248981   -0.0051465
    24
 Energy =       0.2593544121
c    -0.3641419    1.5685430    0.7690637  0.00   -0.0268317    0.0084668    0.0297163
c     0.0020629    2.7288533    0.1447061  0.00   -0.0220946    0.0289097    0.0203019
c     0.9792921    2.7162007   -0.8155721  0.00    0.0055401    0.0421421   -0.0164499
c     0.2471188    0.3841979    0.4260081  0.00   -0.0119868   -0.0275364    0.0151948
c     1.2212491    0.3469323   -0.5578905  0.00    0.0499561   -0.0254313   -0.0221203
c     1.5857495    1.5299967   -1.1689571  0.00    0.0200681   -0.0052256   -0.0181958
o    -0.6216402    3.9223962    0.4661318  0.00    0.0186262    0.0103224   -0.0143835
h     0.0297595    4.5444875    0.9090381  0.00   -0.0107685   -0.0176708    0.0003451
h     2.3514833    1.5536883   -1.9380138  0.00   -0.0006338    0.0070132    0.0014411
h    -0.0490730   -0.5279839    0.9396047  0.00   -0.0009647   -0.0005087    0.0013285
h    -1.1381812    1.5820291    1.5317029  0.00   -0.0010449   -0.0051059    0.0025756
h     1.2570338    3.6441945   -1.3065000  0.00    0.0004191    0.0010912   -0.0002459
c     1.8420898   -0.9848408   -0.9374920  0.00    0.1675945   -0.2872151    0.0368593
c     0.9025940   -1.9666661   -1.6485440  0.00    0.0721010    0.0442179    0.0379886
h     2.2283834   -1.4525361   -0.0472974  0.00    0.3740302   -0.6288939   -0.4004483
h     2.7135384   -0.7898837   -1.5928911  0.00   -0.0050791   -0.0192140    0.0112176
c     1.7142249   -3.1738851   -2.1165865  0.00   -0.0309337   -0.1253107   -0.1174509
o     1.3507945   -3.8770461   -3.1648837  0.00    0.0253847    0.0806928    0.0986429
o     2.8427830   -3.4572339   -1.3731866  0.00   -0.0211499    0.0088546    0.0046158
h     2.9534019   -2.6552543   -0.7325515  0.00   -0.5799906    0.9468438    0.3279560
n    -0.2143940   -2.4211829   -0.7659701  0.00   -0.0336303   -0.0452341    0.0004567
h     0.4870407   -1.4994484   -2.5687424  0.00   -0.0051191   -0.0052766    0.0052346
h    -1.0989888   -1.9706452   -1.0917754  0.00    0.0050579   -0.0031065   -0.0014010
h    -0.3696698   -3.4434931   -0.8775922  0.00    0.0114499    0.0171750   -0.0031794
    24
 Energy =       0.1945952190
c    -0.3743037    1.5456996    0.7826121  0.00   -0.0150378    0.0047084    0.0161068
c    -0.0301451    2.7046200    0.1586102  0.00   -0.0118753    0.0157577    0.0108825
c     0.9219999    2.7006193   -0.8154870  0.00    0.0035967    0.0232954   -0.0090330
c     0.2404717    0.3740637    0.4361820  0.00   -0.0069900   -0.0151717    0.0083755
c     1.1915646    0.3503614   -0.5567269  0.00    0.0272776   -0.0137789   -0.0120064
c     1.5290351    1.5281916   -1.1770747  0.00    0.0113337   -0.0026558   -0.0099273
o    -0.6523741    3.8939248    0.5090508  0.00    0.0010909   -0.0016610   -0.0158147
h    -0.0237818    4.4660909    1.0677912  0.00    0.0029407   -0.0023990    0.0083056
h     2.2806881    1.5516930   -1.9611266  0.00   -0.0001666    0.0038202    0.0006677
h    -0.0328175   -0.5407745    0.9570309  0.00   -0.0006800   -0.0005022    0.0008898
h    -1.1346796    1.5586290    1.5578854  0.00   -0.0007252   -0.0028093    0.0015406
h     1.1823445    3.6317442   -1.3094475  0.00    0.0002928    0.0007550   -0.0002011
c     1.8505128   -0.9606531   -0.9430214  0.00    0.1071282   -0.1834207    0.0246281
c     0.9233817   -1.9485772   -1.6704852  0.00    0.0410705    0.0241610    0.0216147
h     2.2698016   -1.4318742   -0.0557382  0.00    0.2424177   -0.4045968   -0.2563656
h     2.7187092   -0.7407841   -1.5998692  0.00   -0.0025840   -0.0120110    0.0068915
c     1.7521800   -3.1346245   -2.1513740  0.00   -0.0179226   -0.0691780   -0.0641102
o     1.3799832   -3.8437095   -3.2345978  0.00    0.0139981    0.0448713    0.0537344
o     2.9001753   -3.4395953   -1.4384696  0.00   -0.0110842    0.0020975    0.0010643
h     3.0185123   -2.6831686   -0.7540093  0.00   -0.3719157    0.6087835    0.2120415
n    -0.1780414   -2.3984501   -0.7779372  0.00   -0.0175805   -0.0229314    0.0006188
h     0.5070011   -1.4706184   -2.5871690  0.00   -0.0028469   -0.0028931    0.0028360
h    -1.0761033   -1.9774427   -1.1126627  0.00    0.0020098   -0.0013654   -0.0011786
h    -0.3116038   -3.4339453   -0.8421576  0.00    0.0062521    0.0071241   -0.0015611
    24
 Energy =       0.1531309867
c    -0.3656480    1.5217922    0.8224420  0.00   -0.0092020    0.0011272    0.0095116
c    -0.0866672    2.6794749    0.1684404  0.00   -0.0061171    0.0091751    0.0057852
c     0.8159255    2.6900874   -0.8469134  0.00    0.0036260    0.0134416   -0.0058421
c     0.2673890    0.3676925    0.4675190  0.00   -0.0049414   -0.0088648    0.0054628
c     1.1728105    0.3626337   -0.5611910  0.00    0.0141910   -0.0083399   -0.0058417
c     1.4419815    1.5364603   -1.2160334  0.00    0.0068166    0.0003421   -0.0062472
o    -0.7276361    3.8561590    0.5337056  0.00   -0.0096526   -0.0089083   -0.0183108
h    -0.1542305    4.3750799    1.2071480  0.00    0.0114037    0.0067677    0.0141950
h     2.1568047    1.5676670   -2.0356438  0.00    0.0007864    0.0025530   -0.0007646
h     0.0455654   -0.5499783    1.0098084  0.00   -0.0009474   -0.0015409    0.0013942
h    -1.0933437    1.5253966    1.6290710  0.00   -0.0011632   -0.0018061    0.0016771
h     1.0235914    3.6222281   -1.3661132  0.00    0.0007195    0.0018168   -0.0011053
c     1.8697886   -0.9244337   -0.9596400  0.00    0.0659278   -0.1134715    0.0155067
c     0.9528537   -1.9318652   -1.6759594  0.00    0.0228040    0.0135080    0.0116948
h     2.3290958   -1.3940088   -0.0802565  0.00    0.1532631   -0.2540360   -0.1594324
h     2.7219948   -0.6785016   -1.6315887  0.00   -0.0008497   -0.0074564    0.0038992
c     1.8031056   -3.0859941   -2.1950373  0.00   -0.0095847   -0.0362953   -0.0329979
o     1.4269607   -3.7759915   -3.3137634  0.00    0.0074385    0.0234908    0.0268576
o     2.9721875   -3.4084920   -1.5173328  0.00   -0.0049402   -0.0017918   -0.0012303
h     3.1046466   -2.6995841   -0.7911656  0.00   -0.2311622    0.3811941    0.1344490
n    -0.1068594   -2.4039725   -0.7494164  0.00   -0.0063945   -0.0087792    0.0026002
h     0.5013694   -1.4502851   -2.5764276  0.00   -0.0017568   -0.0009816    0.0008615
h    -1.0358832   -2.0476186   -1.0841921  0.00   -0.0026329    0.0006698   -0.0020142
h    -0.1832917   -3.4525261   -0.7556509  0.00    0.0023680   -0.0018141   -0.0001083
    24
 Energy =       0.1256940372
c    -0.3293717    1.5171551    0.8606174  0.00   -0.0053134   -0.0007644    0.0056691
c    -0.1087936    2.6681046    0.1766461  0.00   -0.0032429    0.0050350    0.0029133
c     0.7473860    2.6823140   -0.8757879  0.00    0.0028607    0.0072673   -0.0039431
c     0.3173998    0.3756279    0.5010666  0.00   -0.0035095   -0.0052748    0.0036843
c     1.1789144    0.3767724   -0.5609309  0.00    0.0067995   -0.0053621   -0.0023312
c     1.3870676    1.5410573   -1.2495347  0.00    0.0038872    0.0016284   -0.0040545
o    -0.7655994    3.8349534    0.5503263  0.00   -0.0049142   -0.0039635   -0.0090723
h    -0.1983076    4.3649499    1.2112809  0.00    0.0055748    0.0031982    0.0070949
h     2.0642456    1.5715821   -2.1012851  0.00    0.0010827    0.0017797   -0.0014041
h     0.1379871   -0.5397190    1.0628832  0.00   -0.0009053   -0.0017076    0.0013072
h    -1.0253009    1.5176842    1.6947244  0.00   -0.0011943   -0.0012544    0.0015578
h     0.9072970    3.6094079   -1.4209521  0.00    0.0007706    0.0020841   -0.0014472
c     1.8912022   -0.8977439   -0.9711244  0.00    0.0387956   -0.0645554    0.0086747
c     0.9710295   -1.9045919   -1.6856270  0.00    0.0111238    0.0060771    0.0049453
h     2.3478495   -1.3873191   -0.0923637  0.00    0.0926017   -0.1550365   -0.0953845
h     2.7420288   -0.6434370   -1.6429756  0.00   -0.0002755   -0.0043968    0.0021531
c     1.7969571   -3.0794756   -2.2024432  0.00    0.0017994   -0.0074613   -0.0085561
o     1.3180819   -3.8553839   -3.2464725  0.00   -0.0025740    0.0022054    0.0034650
o     2.9903222   -3.4184701   -1.5693985  0.00   -0.0014933   -0.0031722   -0.0011125
h     3.1629118   -2.7469936   -0.8221726  0.00   -0.1376241    0.2284309    0.0827531
n    -0.0980742   -2.3420280   -0.7549428  0.00    0.0150799    0.0187058    0.0110477
h     0.5312419   -1.4178409   -2.5892946  0.00   -0.0007380   -0.0003596    0.0001872
h    -1.0427195   -2.1265506   -1.1935325  0.00   -0.0220864    0.0076346   -0.0121784
h    -0.0712447   -3.3986352   -0.5968978  0.00    0.0034950   -0.0307379    0.0040312
    24
 Energy =       0.1192821533
c    -0.3121282    1.5186628    0.8696675  0.00   -0.0047499   -0.0014346    0.0054113
c    -0.1402350    2.6644307    0.1630623  0.00   -0.0027298    0.0046779    0.0025043
c     0.6777129    2.6820038   -0.9193485  0.00    0.0029476    0.0064996   -0.0041396
c     0.3460508    0.3863195    0.5031755  0.00   -0.0035292   -0.0047136    0.0039830
c     1.1671242    0.3901697   -0.5906361  0.00    0.0058226   -0.0046476   -0.0023284
c     1.3267095    1.5493317   -1.3011683  0.00    0.0035620    0.0022269   -0.0041456
o    -0.8077657    3.8226157    0.5455228  0.00   -0.0051687   -0.0037285   -0.0085108
h    -0.2264100    4.3758841    1.1741894  0.00    0.0055467    0.0032688    0.0068028
h     1.9734206    1.5828120   -2.1766986  0.00    0.0013288    0.0017362   -0.0018249
h     0.2091228   -0.5233281    1.0869029  0.00   -0.0010689   -0.0023086    0.0018843
h    -0.9772956    1.5167840    1.7290838  0.00   -0.0014641   -0.0012959    0.0019860
h     0.7998072    3.6050629   -1.4816619  0.00    0.0008855    0.0024062   -0.0017878
c     1.8969584   -0.8729394   -1.0073194  0.00    0.0308462   -0.0520510    0.0069669
c     0.9717470   -1.9309915   -1.6455925  0.00    0.0097906    0.0041017    0.0022845
h     2.4336359   -1.3161935   -0.1421532  0.00    0.0802026   -0.1313971   -0.0768023
h     2.6973746   -0.6087216   -1.7392889  0.00    0.0018971   -0.0024072   -0.0000021
c     1.8053051   -3.0926437   -2.1811977  0.00   -0.0005456   -0.0052203   -0.0079269
o     1.2956279   -3.8978409   -3.1898662  0.00   -0.0034821    0.0011699    0.0014418
o     3.0435537   -3.3883893   -1.6096141  0.00    0.0024908   -0.0035201    0.0007145
h     3.2420098   -2.7059772   -0.8806242  0.00   -0.1145160    0.1914793    0.0701776
n    -0.0371596   -2.3768523   -0.6508238  0.00    0.0116236    0.0132530    0.0129588
h     0.4708399   -1.4804061   -2.5393022  0.00   -0.0015686    0.0006741   -0.0020396
h    -1.0054576   -2.1674516   -1.0347794  0.00   -0.0209142    0.0067925   -0.0111067
h     0.0019621   -3.4309221   -0.4997200  0.00    0.0027931   -0.0255616    0.0034988
    24
 Energy =       0.1096858523
c    -0.3268468    1.4879304    0.9058740  0.00   -0.0033899   -0.0009954    0.0038711
c    -0.1671643    2.6362149    0.2024971  0.00   -0.0019030    0.0033000    0.0017489
c     0.6519474    2.6645435   -0.8774795  0.00    0.0020465    0.0047125   -0.0029110
c     0.3448877    0.3645170    0.5386426  0.00   -0.0025183   -0.0033123    0.0029252
c     1.1738363    0.3831165   -0.5468192  0.00    0.0044127   -0.0032604   -0.0016501
c     1.3182830    1.5419745   -1.2570955  0.00    0.0024814    0.0015268   -0.0030485
o    -0.8505509    3.7856866    0.5843757  0.00   -0.0042440   -0.0029298   -0.0064088
h    -0.2902459    4.3324643    1.2356196  0.00    0.0044125    0.0027770    0.0052615
h     1.9660242    1.5815613   -2.1309679  0.00    0.0009380    0.0012154   -0.0013231
h     0.2102324   -0.5526241    1.1106879  0.00   -0.0007598   -0.0019651    0.0012495
h    -0.9969769    1.4763332    1.7606117  0.00   -0.0010803   -0.0008895    0.0014607
h     0.7620041    3.5887310   -1.4390073  0.00    0.0006297    0.0017690   -0.0012862
c     1.9146258   -0.8708913   -0.9650655  0.00    0.0210065   -0.0345124    0.0047389
c     1.0079614   -1.8829432   -1.7002310  0.00    0.0074477    0.0018167   -0.0007755
h     2.3663729   -1.3747783   -0.0774100  0.00    0.0609108   -0.1005553   -0.0527122
h     2.7737111   -0.5907178   -1.6264219  0.00    0.0045867   -0.0001943   -0.0022410
c     1.8471354   -3.0343315   -2.2508079  0.00   -0.0014875   -0.0003720   -0.0030031
o     1.3847189   -3.7594745   -3.3472316  0.00   -0.0071029   -0.0035193   -0.0069755
o     3.0409877   -3.4037304   -1.6205037  0.00    0.0052871   -0.0052642    0.0008042
h     3.2233497   -2.7808076   -0.8338967  0.00   -0.0824393    0.1449055    0.0571185
n    -0.0500804   -2.3538946   -0.7687113  0.00    0.0072216    0.0076316    0.0123181
h     0.5542971   -1.3826274   -2.5944251  0.00   -0.0016585    0.0013477   -0.0036245
h    -0.9987990   -2.1503911   -1.1935325  0.00   -0.0166024    0.0048979   -0.0080230
h    -0.0072000   -3.4044415   -0.6268930  0.00    0.0018047   -0.0181301    0.0024860
    24
 Energy =       0.0978583351
c    -0.3463969    1.4514323    0.9471664  0.00   -0.0018212   -0.0012967    0.0024704
c    -0.2475045    2.5959713    0.2274688  0.00   -0.0006843    0.0019316    0.0004752
c     0.5430527    2.6410321   -0.8715605  0.00    0.0009864    0.0031600   -0.0017774
c     0.3581310    0.3497026    0.5773662  0.00   -0.0011475   -0.0024762    0.0017423
c     1.1626871    0.3881379   -0.5233771  0.00    0.0019992   -0.0026271   -0.0000150
c     1.2443119    1.5407682   -1.2517023  0.00    0.0013175    0.0015381   -0.0021171
o    -0.9658474    3.7240666    0.6119189  0.00   -0.0026229   -0.0003429   -0.0031811
h    -0.4194792    4.2931395    1.2524230  0.00    0.0022693    0.0013884    0.0026412
h     1.8694357    1.5915923   -2.1408705  0.00    0.0005983    0.0008299   -0.0009873
h     0.2680249   -0.5676001    1.1577190  0.00   -0.0004494   -0.0018933    0.0009378
h    -0.9969961    1.4254135    1.8158580  0.00   -0.0006969   -0.0005602    0.0009646
h     0.6032510    3.5612728   -1.4471215  0.00    0.0003970    0.0019398   -0.0012511
c     1.9399599   -0.8416803   -0.9451793  0.00    0.0110095   -0.0180434    0.0030004
c     1.0672349   -1.8539023   -1.7146671  0.00    0.0035643    0.0012683   -0.0004761
h     2.3762358   -1.3561853   -0.0568241  0.00    0.0341205   -0.0574750   -0.0299571
h     2.8068498   -0.5348603   -1.5798135  0.00    0.0026025   -0.0002905   -0.0012379
c     1.9263205   -2.9754978   -2.3007162  0.00   -0.0001078    0.0008234    0.0004238
o     1.4929450   -3.6421231   -3.4439639  0.00   -0.0041345   -0.0037584   -0.0059821
o     3.1086657   -3.3820060   -1.6756965  0.00    0.0021145   -0.0042785   -0.0018930
h     3.2907875   -2.8182597   -0.8495320  0.00   -0.0446433    0.0819190    0.0341076
n     0.0135399   -2.3642836   -0.8039818  0.00    0.0025858    0.0034175    0.0059100
h     0.6099351   -1.3362550   -2.5948174  0.00   -0.0005960    0.0007898   -0.0017673
h    -0.9310774   -2.1789377   -1.2302906  0.00   -0.0071633    0.0021585   -0.0032843
h     0.0784442   -3.4095178   -0.6779970  0.00    0.0005024   -0.0081221    0.0012535
    24
 Energy =       0.0936104714
c    -0.3365675    1.4103686    0.9984544  0.00   -0.0015241   -0.0015775    0.0024821
c    -0.2970634    2.5540179    0.2711528  0.00   -0.0004343    0.0017007    0.0002936
c     0.4567352    2.6188287   -0.8526851  0.00    0.0008905    0.0028507   -0.0019478
c     0.3906653    0.3297308    0.6108526  0.00   -0.0010310   -0.0023790    0.0018301
c     1.1593218    0.3892667   -0.5143843  0.00    0.0014146   -0.0024727    0.0000464
c     1.1810432    1.5399285   -1.2499887  0.00    0.0011723    0.0017524   -0.0022640
o    -1.0395419    3.6604377    0.6732681  0.00   -0.0025123    0.0004051   -0.0022841
h    -0.4939180    4.2483519    1.2963573  0.00    0.0018098    0.0010307    0.0019706
h     1.7764810    1.6057192   -2.1587863  0.00    0.0007347    0.0008062   -0.0013048
h     0.3481243   -0.5879337    1.1970551  0.00   -0.0004457   -0.0021605    0.0012547
h    -0.9585534    1.3681017    1.8876414  0.00   -0.0008434   -0.0005780    0.0012714
h     0.4693761    3.5377439   -1.4338680  0.00    0.0003654    0.0021626   -0.0014744
c     1.9606494   -0.8173630   -0.9567176  0.00    0.0071543   -0.0122640    0.0019789
c     1.0976553   -1.8423733   -1.7203864  0.00    0.0026967    0.0014074   -0.0019109
h     2.4234983   -1.3254080   -0.0768172  0.00    0.0236639   -0.0393981   -0.0197774
h     2.8095771   -0.4850295   -1.6014909  0.00    0.0020734   -0.0001403   -0.0009776
c     1.9703446   -2.9235313   -2.3653227  0.00    0.0006728    0.0010518    0.0004879
o     1.5357154   -3.5409749   -3.5347525  0.00   -0.0026408   -0.0036125   -0.0052414
o     3.1664664   -3.3437223   -1.7790815  0.00    0.0020815   -0.0046532   -0.0027713
h     3.3505638   -2.8258870   -0.9266047  0.00   -0.0300501    0.0562724    0.0239854
n     0.0919928   -2.4045580   -0.7847416  0.00    0.0236481    0.0208607    0.0205795
h     0.5948641   -1.3229990   -2.5753072  0.00   -0.0006541    0.0014405   -0.0022266
h    -0.8773386   -2.0665941   -1.0852879  0.00   -0.0316291    0.0138010   -0.0126621
h     0.0724195   -3.4747015   -0.8367501  0.00    0.0033866   -0.0363063   -0.0013386
    24
 Energy =       0.0883833300
c    -0.3636082    1.3620530    1.0414771  0.00   -0.0008841   -0.0009225    0.0015094
c    -0.3714142    2.5043994    0.3128700  0.00   -0.0000959    0.0009357   -0.0000648
c     0.3663798    2.5918676   -0.8190153  0.00    0.0002018    0.0019288   -0.0009872
c     0.3945562    0.3057870    0.6466690  0.00   -0.0003029   -0.0016924    0.0009589
c     1.1497778    0.3901619   -0.4848297  0.00    0.0008427   -0.0016883    0.0003149
c     1.1235073    1.5381390   -1.2221009  0.00    0.0007177    0.0009210   -0.0014401
o    -1.1469820    3.5856436    0.7215054  0.00   -0.0018083    0.0009495   -0.0010638
h    -0.6189181    4.1892594    1.3435257  0.00    0.0009896    0.0006436    0.0010713
h     1.7058491    1.6208065   -2.1373836  0.00    0.0004174    0.0004212   -0.0007681
h     0.3871888   -0.6128866    1.2315300  0.00   -0.0001872   -0.0015101    0.0007248
h    -0.9743186    1.3006816    1.9366830  0.00   -0.0005021   -0.0002765    0.0007430
h     0.3402048    3.5087268   -1.4016951  0.00    0.0001347    0.0015536   -0.0009523
c     1.9830450   -0.7905200   -0.9366297  0.00    0.0032829   -0.0058794    0.0016805
c     1.1496332   -1.8090764   -1.7403870  0.00    0.0017437    0.0022346   -0.0009343
h     2.4309678   -1.3090778   -0.0556196  0.00    0.0125652   -0.0217065   -0.0102187
h     2.8386890   -0.4280269   -1.5545932  0.00    0.0015127    0.0001584   -0.0007928
c     2.0389581   -2.8402132   -2.4458640  0.00    0.0011692    0.0010959    0.0020609
o     1.6172144   -3.3822217   -3.6571667  0.00   -0.0019259   -0.0039522   -0.0060981
o     3.2364230   -3.2916826   -1.8874074  0.00    0.0009935   -0.0044760   -0.0044064
h     3.4223841   -2.8401947   -0.9999497  0.00   -0.0149152    0.0316578    0.0154166
n     0.1643408   -2.4337775   -0.8250052  0.00    0.0080410    0.0088555    0.0103074
h     0.6274827   -1.2669099   -2.5685587  0.00   -0.0002419    0.0012847   -0.0015309
h    -0.8033796   -2.1028533   -1.0918267  0.00   -0.0129721    0.0058618   -0.0058718
h     0.1545296   -3.4886651   -0.9244187  0.00    0.0012235   -0.0163983    0.0003414
    24
 Energy =       0.0868752508
c    -0.3529397    1.3093466    1.1037943  0.00   -0.0009152   -0.0006754    0.0015106
c    -0.3894894    2.4630328    0.3944414  0.00   -0.0001419    0.0007357    0.0000110
c     0.3283929    2.5798100   -0.7477252  0.00    0.0001511    0.0017609   -0.0009942
c     0.4136634    0.2708316    0.6788243  0.00   -0.0002372   -0.0015866    0.0009960
c     1.1495549    0.3852731   -0.4628669  0.00    0.0008420   -0.0013401    0.0001627
c     1.0945609    1.5444288   -1.1803480  0.00    0.0007771    0.0006893   -0.0014617
o    -1.1746766    3.5255695    0.8332040  0.00   -0.0016960    0.0012788   -0.0004614
h    -0.6471222    4.1257869    1.4584644  0.00    0.0006670    0.0004558    0.0007349
h     1.6603282    1.6501472   -2.1038428  0.00    0.0005178    0.0003420   -0.0009163
h     0.4282464   -0.6577717    1.2475177  0.00   -0.0001488   -0.0013909    0.0007362
h    -0.9482995    1.2243505    2.0075534  0.00   -0.0005922   -0.0002219    0.0008813
h     0.2788282    3.5052123   -1.3149338  0.00    0.0000901    0.0014174   -0.0008933
c     1.9892958   -0.7765696   -0.9504693  0.00    0.0020110   -0.0040157    0.0014274
c     1.1556153   -1.7768235   -1.7772758  0.00    0.0015645    0.0030257   -0.0004086
h     2.4449304   -1.3140631   -0.0843518  0.00    0.0089615   -0.0156012   -0.0066889
h     2.8380812   -0.3905674   -1.5631071  0.00    0.0012316    0.0002511   -0.0007465
c     2.0404197   -2.7631040   -2.5532478  0.00    0.0009372    0.0010945    0.0017375
o     1.5981110   -3.2442091   -3.7830369  0.00   -0.0017144   -0.0040322   -0.0065661
o     3.2533425   -3.2352415   -2.0461605  0.00    0.0021855   -0.0051543   -0.0047282
h     3.4570675   -2.8331541   -1.1399581  0.00   -0.0099742    0.0231754    0.0124991
n     0.2034090   -2.4550144   -0.8646983  0.00    0.0050530    0.0063108    0.0094807
h     0.6032577   -1.2092069   -2.5691853  0.00   -0.0005616    0.0018053   -0.0020639
h    -0.7731301   -2.1245410   -1.0880592  0.00   -0.0099879    0.0046633   -0.0044985
h     0.2010633   -3.5021030   -1.0127237  0.00    0.0009801   -0.0129875    0.0002502
    24
 Energy =       0.0865419129
c    -0.3177245    1.2667765    1.1673496  0.00   -0.0010538   -0.0005361    0.0016603
c    -0.3574269    2.4383978    0.4878364  0.00   -0.0001759    0.0007264   -0.0000363
c     0.3462764    2.5803227   -0.6604148  0.00   -0.0000088    0.0020027   -0.0009732
c     0.4374120    0.2349388    0.7058566  0.00   -0.0000769   -0.0018121    0.0010025
c     1.1592328    0.3746043   -0.4421033  0.00    0.0009009   -0.0012331    0.0002258
c     1.1013575    1.5521349   -1.1291001  0.00    0.0008949    0.0006231   -0.0016246
o    -1.1317907    3.4935618    0.9632543  0.00   -0.0021192    0.0015414   -0.0003697
h    -0.5939959    4.0748896    1.5978389  0.00    0.0007585    0.0006977    0.0009062
h     1.6551154    1.6779018   -2.0574975  0.00    0.0005928    0.0003206   -0.0010383
h     0.4532749   -0.7085306    1.2497952  0.00   -0.0000885   -0.0015690    0.0008163
h    -0.9021323    1.1619316    2.0762723  0.00   -0.0006608   -0.0001977    0.0009820
h     0.2938701    3.5199522   -1.2037075  0.00    0.0000267    0.0015618   -0.0009310
c     1.9826910   -0.7805412   -0.9730445  0.00    0.0017646   -0.0030296    0.0013850
c     1.1285208   -1.7443904   -1.8236448  0.00    0.0009862    0.0029493    0.0001150
h     2.4409064   -1.3493711   -0.1273390  0.00    0.0078245   -0.0134795   -0.0049306
h     2.8290724   -0.3836275   -1.5816969  0.00    0.0010932    0.0002910   -0.0007048
c     1.9891130   -2.7043242   -2.6603401  0.00    0.0005009    0.0011677    0.0016444
o     1.5120224   -3.1362040   -3.8960137  0.00   -0.0020432   -0.0042446   -0.0075573
o     3.2132044   -3.2020495   -2.2049137  0.00    0.0034058   -0.0058959   -0.0049595
h     3.4452294   -2.8359335   -1.2905597  0.00   -0.0078436    0.0199572    0.0118804
n     0.1902592   -2.4524616   -0.9195074  0.00    0.0042171    0.0052735    0.0086743
h     0.5633178   -1.1419984   -2.5812310  0.00   -0.0009428    0.0022351   -0.0026644
h    -0.7921461   -2.1379823   -1.1355301  0.00   -0.0086604    0.0039888   -0.0037502
h     0.2068512   -3.4965777   -1.0797500  0.00    0.0007080   -0.0113386    0.0002477
    24
 Energy =       0.0865206154
c    -0.2949349    1.2344756    1.2107107  0.00   -0.0010741   -0.0005361    0.0017075
c    -0.3297898    2.4204832    0.5560679  0.00   -0.0001841    0.0007574   -0.0001009
c     0.3687710    2.5813795   -0.5928079  0.00   -0.0000982    0.0021339   -0.0009462
c     0.4498243    0.2067894    0.7233049  0.00    0.0000121   -0.0019304    0.0009784
c     1.1665893    0.3654037   -0.4253371  0.00    0.0009055   -0.0011922    0.0003043
c     1.1138273    1.5577335   -1.0870286  0.00    0.0009077    0.0006677   -0.0016829
o    -1.0942586    3.4710409    1.0574229  0.00   -0.0023196    0.0015803   -0.0004346
h    -0.5495393    4.0348885    1.7020118  0.00    0.0008547    0.0008745    0.0010585
h     1.6629414    1.6986968   -2.0160164  0.00    0.0005966    0.0003272   -0.0010590
h     0.4606062   -0.7485390    1.2464579  0.00   -0.0000548   -0.0017031    0.0008659
h    -0.8755340    1.1146895    2.1202246  0.00   -0.0006612   -0.0002045    0.0009949
h     0.3199429    3.5324721   -1.1162957  0.00   -0.0000081    0.0016636   -0.0009568
c     1.9756701   -0.7855118   -0.9873738  0.00    0.0016536   -0.0024469    0.0013867
c     1.1059234   -1.7176815   -1.8582787  0.00    0.0007013    0.0027003    0.0003210
h     2.4311873   -1.3800432   -0.1573410  0.00    0.0072111   -0.0123659   -0.0040148
h     2.8232738   -0.3822314   -1.5899211  0.00    0.0010210    0.0003301   -0.0006653
c     1.9470039   -2.6585218   -2.7367010  0.00    0.0002875    0.0011396    0.0015120
o     1.4434406   -3.0574583   -3.9730415  0.00   -0.0021649   -0.0042085   -0.0078033
o     3.1785598   -3.1723394   -2.3196584  0.00    0.0038707   -0.0060878   -0.0049620
h     3.4335466   -2.8290065   -1.4029057  0.00   -0.0067403    0.0181473    0.0113695
n     0.1711719   -2.4448257   -0.9657903  0.00    0.0048042    0.0053962    0.0085395
h     0.5371823   -1.0870960   -2.5904119  0.00   -0.0010800    0.0024598   -0.0029616
h    -0.8164800   -2.1635527   -1.2034708  0.00   -0.0090619    0.0039018   -0.0035040
h     0.2235853   -3.4898255   -1.1120117  0.00    0.0006213   -0.0114043    0.0000533
    24
 Energy =       0.0865013541
c    -0.3032398    1.1974869    1.2369961  0.00   -0.0010506   -0.0005376    0.0016939
c    -0.3415774    2.3934765    0.6010096  0.00   -0.0002108    0.0007237   -0.0000860
c     0.3575895    2.5748423   -0.5444502  0.00   -0.0000785    0.0020763   -0.0009617
c     0.4455342    0.1801704    0.7342346  0.00   -0.0000051   -0.0018829    0.0010012
c     1.1632600    0.3595353   -0.4107650  0.00    0.0009263   -0.0011172    0.0002732
c     1.1069339    1.5618658   -1.0537242  0.00    0.0008978    0.0006658   -0.0016741
o    -1.1102970    3.4333250    1.1178866  0.00   -0.0022579    0.0015079   -0.0003986
h    -0.5686578    3.9885114    1.7724991  0.00    0.0008258    0.0008965    0.0010579
h     1.6563994    1.7192752   -1.9798903  0.00    0.0006073    0.0003287   -0.0010823
h     0.4586203   -0.7833801    1.2419576  0.00   -0.0000566   -0.0016741    0.0008690
h    -0.8845324    1.0613490    2.1437863  0.00   -0.0006699   -0.0002128    0.0010196
h     0.3057754    3.5337228   -1.0531603  0.00   -0.0000085    0.0016283   -0.0009424
c     1.9765062   -0.7794738   -0.9906955  0.00    0.0013816   -0.0020473    0.0013605
c     1.1111115   -1.6961439   -1.8821294  0.00    0.0006601    0.0026342    0.0001891
h     2.4290706   -1.3890091   -0.1699093  0.00    0.0064776   -0.0112170   -0.0034059
h     2.8253696   -0.3629046   -1.5823390  0.00    0.0010196    0.0003828   -0.0006917
c     1.9523875   -2.6120728   -2.7867899  0.00    0.0000091    0.0010621    0.0011279
o     1.4349418   -2.9989780   -4.0207608  0.00   -0.0019994   -0.0038762   -0.0072157
o     3.1977271   -3.1156228   -2.3980934  0.00    0.0040656   -0.0059051   -0.0046031
h     3.4673638   -2.7818428   -1.4825490  0.00   -0.0058854    0.0163333    0.0103618
n     0.1809558   -2.4478915   -1.0054412  0.00    0.0046869    0.0051835    0.0082654
h     0.5378382   -1.0509640   -2.5976588  0.00   -0.0009749    0.0024245   -0.0028976
h    -0.8099096   -2.1929397   -1.2582278  0.00   -0.0089234    0.0036205   -0.0032086
h     0.2633400   -3.4909176   -1.1499767  0.00    0.0005633   -0.0109979   -0.0000518
    24
 Energy =       0.0866037054
c    -0.3367305    1.1453875    1.2579955  0.00   -0.0011400   -0.0004892    0.0018117
c    -0.3878954    2.3509123    0.6410861  0.00   -0.0002713    0.0006762   -0.0000248
c     0.3150927    2.5602227   -0.4974267  0.00   -0.0000648    0.0021304   -0.0010325
c     0.4288695    0.1465637    0.7431867  0.00   -0.0000339   -0.0019319    0.0011018
c     1.1509979    0.3544564   -0.3944092  0.00    0.0010348   -0.0010462    0.0001934
c     1.0814616    1.5660480   -1.0184509  0.00    0.0009940    0.0006194   -0.0017860
o    -1.1735352    3.3718776    1.1703548  0.00   -0.0023933    0.0015620   -0.0002970
h    -0.6433369    3.9233564    1.8374318  0.00    0.0008349    0.0009753    0.0011309
h     1.6341093    1.7459284   -1.9387915  0.00    0.0006984    0.0003361   -0.0012240
h     0.4522782   -0.8248648    1.2353507  0.00   -0.0000635   -0.0016965    0.0009041
h    -0.9212522    0.9867594    2.1592147  0.00   -0.0007628   -0.0002234    0.0011596
h     0.2528884    3.5263490   -0.9910724  0.00   -0.0000111    0.0016470   -0.0009537
c     1.9845632   -0.7629964   -0.9876684  0.00    0.0011415   -0.0016918    0.0014342
c     1.1401518   -1.6732272   -1.9054300  0.00    0.0004822    0.0028048   -0.0002817
h     2.4352994   -1.3836176   -0.1742184  0.00    0.0057094   -0.0101114   -0.0028336
h     2.8337377   -0.3231987   -1.5622518  0.00    0.0012348    0.0005155   -0.0008439
c     1.9976056   -2.5553923   -2.8292502  0.00   -0.0007764    0.0011488    0.0004125
o     1.4719494   -2.9488994   -4.0571876  0.00   -0.0019361   -0.0034644   -0.0065450
o     3.2664095   -3.0218068   -2.4673779  0.00    0.0051335   -0.0060210   -0.0039799
h     3.5477915   -2.6855781   -1.5567913  0.00   -0.0049436    0.0145072    0.0092592
n     0.2163135   -2.4586352   -1.0515495  0.00    0.0038046    0.0047497    0.0080964
h     0.5606764   -1.0207561   -2.6088674  0.00   -0.0008345    0.0023268   -0.0027352
h    -0.7767372   -2.2204964   -1.3102196  0.00   -0.0083321    0.0032422   -0.0028704
h     0.3218026   -3.4969724   -1.2118488  0.00    0.0004954   -0.0105655   -0.0000963
    24
 Energy =       0.0870595490
c    -0.3870739    1.0735448    1.2804363  0.00   -0.0014553   -0.0004280    0.0022200
c    -0.4597342    2.2894384    0.6857104  0.00   -0.0003874    0.0006676    0.0000693
c     0.2477096    2.5354645   -0.4431486  0.00   -0.0001071    0.0025103   -0.0012136
c     0.4048529    0.1012695    0.7532853  0.00   -0.0000365   -0.0022749    0.0013431
c     1.1321605    0.3467496   -0.3740337  0.00    0.0013231   -0.0010331    0.0001239
c     1.0404994    1.5682246   -0.9761713  0.00    0.0012911    0.0005936   -0.0021739
o    -1.2716994    3.2833572    1.2278002  0.00   -0.0029923    0.0019036   -0.0001324
h    -0.7589757    3.8333067    1.9099509  0.00    0.0009510    0.0012093    0.0013955
h     1.5969751    1.7776546   -1.8883647  0.00    0.0009336    0.0003875   -0.0015868
h     0.4458457   -0.8787650    1.2274482  0.00   -0.0000625   -0.0019424    0.0010419
h    -0.9753569    0.8853149    2.1739305  0.00   -0.0010073   -0.0002643    0.0015107
h     0.1682475    3.5093222   -0.9192887  0.00   -0.0000351    0.0018775   -0.0010600
c     1.9979459   -0.7394061   -0.9806185  0.00    0.0009475   -0.0013291    0.0018275
c     1.1880372   -1.6444966   -1.9344480  0.00   -0.0000652    0.0031600   -0.0012382
h     2.4471991   -1.3733087   -0.1761475  0.00    0.0051321   -0.0095069   -0.0022556
h     2.8464215   -0.2661187   -1.5303594  0.00    0.0018647    0.0008178   -0.0012385
c     2.0736087   -2.4880695   -2.8698869  0.00   -0.0027727    0.0017948   -0.0006018
o     1.5409261   -2.9148603   -4.0839149  0.00   -0.0026644   -0.0032687   -0.0067547
o     3.3764684   -2.8856177   -2.5372483  0.00    0.0083880   -0.0070286   -0.0032589
h     3.6711884   -2.5268249   -1.6394896  0.00   -0.0036552    0.0133315    0.0089547
n     0.2662220   -2.4679370   -1.1137936  0.00    0.0025799    0.0046145    0.0086188
h     0.6062342   -0.9870006   -2.6309194  0.00   -0.0007459    0.0022506   -0.0026840
h    -0.7272285   -2.2303258   -1.3700789  0.00   -0.0078881    0.0030618   -0.0027348
h     0.3820372   -3.4994960   -1.3088407  0.00    0.0004639   -0.0111044   -0.0001724
    24
 Energy =       0.0863846385
c    -0.3429058    1.1289419    1.2699094  0.00   -0.0015761   -0.0003258    0.0023385
c    -0.3928804    2.3410103    0.6651314  0.00   -0.0004018    0.0006555    0.0000873
c     0.3134086    2.5620337   -0.4697960  0.00   -0.0002013    0.0026706   -0.0011851
c     0.4245855    0.1351658    0.7464445  0.00    0.0000273   -0.0024121    0.0013403
c     1.1501133    0.3547274   -0.3875074  0.00    0.0013732   -0.0009842    0.0001802
c     1.0819282    1.5730020   -0.9993322  0.00    0.0013905    0.0005406   -0.0022740
o    -1.1807972    3.3566672    1.2030445  0.00   -0.0032815    0.0021122   -0.0000367
h    -0.6527121    3.9019136    1.8772978  0.00    0.0010019    0.0012824    0.0014890
h     1.6369726    1.7622062   -1.9168995  0.00    0.0010002    0.0003808   -0.0016774
h     0.4465063   -0.8416842    1.2284684  0.00   -0.0000363   -0.0020278    0.0010542
h    -0.9301820    0.9609187    2.1681751  0.00   -0.0010732   -0.0002534    0.0015938
h     0.2519474    3.5333305   -0.9538676  0.00   -0.0000665    0.0019459   -0.0010563
c     1.9845927   -0.7578787   -0.9911375  0.00    0.0009575   -0.0010996    0.0021527
c     1.1384737   -1.6623071   -1.9153526  0.00   -0.0007444    0.0030590   -0.0018187
h     2.4350412   -1.3828820   -0.1813826  0.00    0.0045752   -0.0086649   -0.0017932
h     2.8344917   -0.3134928   -1.5634004  0.00    0.0023315    0.0009089   -0.0014962
c     1.9921203   -2.5239808   -2.8627251  0.00   -0.0041064    0.0029421   -0.0009346
o     1.4558963   -2.8926428   -4.0951952  0.00   -0.0039903   -0.0033259   -0.0081121
o     3.2672215   -2.9984635   -2.5174689  0.00    0.0106970   -0.0080974   -0.0031748
h     3.5561797   -2.6855781   -1.5997910  0.00   -0.0020990    0.0124203    0.0098819
n     0.2259484   -2.4667577   -1.0656799  0.00    0.0037219    0.0069424    0.0100191
h     0.5481980   -1.0028217   -2.6027437  0.00   -0.0007872    0.0020550   -0.0026180
h    -0.7695212   -2.2746464   -1.3550141  0.00   -0.0095751    0.0036913   -0.0034872
h     0.3778842   -3.5053616   -1.1993686  0.00    0.0008631   -0.0144161   -0.0004729
    24
 Energy =       0.0854761616
c    -0.2934109    1.1696871    1.2669031  0.00   -0.0014947   -0.0001505    0.0021474
c    -0.3310823    2.3792103    0.6570768  0.00   -0.0003638    0.0005173    0.0001373
c     0.3650875    2.5833514   -0.4871210  0.00   -0.0002235    0.0024266   -0.0010000
c     0.4513916    0.1614293    0.7390800  0.00    0.0000589   -0.0021953    0.0011881
c     1.1661296    0.3632857   -0.4048684  0.00    0.0013062   -0.0008155    0.0001844
c     1.1108183    1.5794631   -1.0213722  0.00    0.0013309    0.0003522   -0.0020635
o    -1.0962119    3.4096374    1.1995202  0.00   -0.0031935    0.0019144   -0.0000125
h    -0.5512146    3.9501443    1.8640658  0.00    0.0010157    0.0012623    0.0015117
h     1.6576679    1.7551493   -1.9463605  0.00    0.0009500    0.0003130   -0.0015404
h     0.4634149   -0.8129941    1.2257634  0.00   -0.0000219   -0.0017931    0.0009094
h    -0.8723854    1.0153823    2.1728482  0.00   -0.0010077   -0.0002063    0.0014886
h     0.3135952    3.5531392   -0.9747877  0.00   -0.0000650    0.0017092   -0.0008805
c     1.9733536   -0.7670627   -1.0125135  0.00    0.0009735   -0.0006303    0.0022279
c     1.0933676   -1.6752002   -1.9022558  0.00   -0.0011142    0.0026628   -0.0022117
h     2.4358100   -1.3794003   -0.2012708  0.00    0.0036799   -0.0070080   -0.0010568
h     2.8160661   -0.3441671   -1.6114041  0.00    0.0025206    0.0008161   -0.0015985
c     1.9167018   -2.5492373   -2.8629242  0.00   -0.0049454    0.0039885   -0.0008662
o     1.3848451   -2.8520942   -4.1159857  0.00   -0.0052387   -0.0030682   -0.0092568
o     3.1577184   -3.1013950   -2.5059477  0.00    0.0117146   -0.0086775   -0.0034780
h     3.4324416   -2.8443312   -1.5655800  0.00   -0.0002121    0.0105990    0.0108465
n     0.2004504   -2.4667896   -1.0205059  0.00    0.0031113    0.0062186    0.0093599
h     0.4876457   -1.0179946   -2.5780500  0.00   -0.0008043    0.0017474   -0.0024333
h    -0.7991801   -2.3021553   -1.3103057  0.00   -0.0086315    0.0032809   -0.0032281
h     0.3694908   -3.5056377   -1.1221954  0.00    0.0006549   -0.0132636   -0.0003751
    24
 Energy =       0.0845041756
c    -0.2406081    1.2113818    1.2632219  0.00   -0.0013265    0.0000100    0.0018415
c    -0.2719759    2.4164253    0.6454188  0.00   -0.0003309    0.0003384    0.0002147
c     0.4087556    2.6030932   -0.5107859  0.00   -0.0001620    0.0019882   -0.0008366
c     0.4823395    0.1900675    0.7312649  0.00    0.0000156   -0.0017988    0.0010370
c     1.1809819    0.3737295   -0.4254312  0.00    0.0011802   -0.0005773    0.0001145
c     1.1323828    1.5857912   -1.0495514  0.00    0.0011937    0.0001588   -0.0017516
o    -1.0149640    3.4602481    1.1922748  0.00   -0.0028834    0.0015041   -0.0000214
h    -0.4524529    3.9987076    1.8436554  0.00    0.0009793    0.0011832    0.0014448
h     1.6667075    1.7475235   -1.9841497  0.00    0.0008679    0.0002358   -0.0013628
h     0.4893264   -0.7803801    1.2250468  0.00   -0.0000291   -0.0014216    0.0007272
h    -0.8071578    1.0711774    2.1790600  0.00   -0.0009093   -0.0001557    0.0013346
h     0.3624650    3.5697368   -1.0043523  0.00   -0.0000402    0.0013437   -0.0006760
c     1.9623377   -0.7724304   -1.0367136  0.00    0.0009692   -0.0001290    0.0021017
c     1.0494363   -1.6880562   -1.8855715  0.00   -0.0014964    0.0022401   -0.0026695
h     2.4435624   -1.3689821   -0.2260861  0.00    0.0027436   -0.0050031   -0.0002476
h     2.7919711   -0.3683736   -1.6661054  0.00    0.0025301    0.0007387   -0.0016125
c     1.8416684   -2.5761338   -2.8566926  0.00   -0.0051882    0.0047761   -0.0008265
o     1.3215604   -2.8120858   -4.1292244  0.00   -0.0059805   -0.0024593   -0.0095829
o     3.0416028   -3.2061686   -2.4878233  0.00    0.0118883   -0.0086197   -0.0031882
h     3.2972827   -3.0030843   -1.5284364  0.00    0.0011840    0.0079867    0.0107474
n     0.1807272   -2.4654185   -0.9682474  0.00    0.0031354    0.0062969    0.0087708
h     0.4256328   -1.0362498   -2.5495578  0.00   -0.0007680    0.0013720   -0.0021421
h    -0.8224230   -2.3475054   -1.2676788  0.00   -0.0082407    0.0029334   -0.0031893
h     0.3833521   -3.5015932   -1.0217258  0.00    0.0006679   -0.0129418   -0.0002273
    24
 Energy =       0.0834449786
c    -0.1830877    1.2579080    1.2592194  0.00   -0.0010551    0.0000758    0.0014409
c    -0.2151309    2.4548704    0.6272038  0.00   -0.0003198    0.0001550    0.0003113
c     0.4436334    2.6203010   -0.5445710  0.00    0.0000028    0.0013565   -0.0007607
c     0.5185187    0.2234246    0.7257468  0.00   -0.0001234   -0.0012234    0.0009271
c     1.1947828    0.3853468   -0.4470864  0.00    0.0009481   -0.0002887   -0.0000330
c     1.1457050    1.5895741   -1.0851012  0.00    0.0009492    0.0000454   -0.0013573
o    -0.9364875    3.5122128    1.1757268  0.00   -0.0023068    0.0008348   -0.0001043
h    -0.3557128    4.0530094    1.8086377  0.00    0.0008772    0.0010417    0.0012624
h     1.6619267    1.7342182   -2.0323769  0.00    0.0007476    0.0001753   -0.0011824
h     0.5255580   -0.7403459    1.2313220  0.00   -0.0000585   -0.0009387    0.0005416
h    -0.7323152    1.1346488    2.1877052  0.00   -0.0007729   -0.0001219    0.0011419
h     0.3967601    3.5807246   -1.0491431  0.00    0.0000015    0.0008857   -0.0004935
c     1.9503458   -0.7766557   -1.0597315  0.00    0.0008875    0.0002284    0.0016887
c     1.0053337   -1.7003952   -1.8629510  0.00   -0.0018952    0.0016605   -0.0029704
h     2.4537311   -1.3566048   -0.2520788  0.00    0.0017958   -0.0027826    0.0003634
h     2.7628178   -0.3906341   -1.7214371  0.00    0.0021997    0.0006552   -0.0014305
c     1.7642141   -2.6031275   -2.8435912  0.00   -0.0044147    0.0050409   -0.0005587
o     1.2656273   -2.7654507   -4.1357401  0.00   -0.0060807   -0.0015019   -0.0090484
o     2.9139597   -3.3137077   -2.4643390  0.00    0.0108239   -0.0076067   -0.0018472
h     3.1487013   -3.1618374   -1.4906685  0.00    0.0017409    0.0047247    0.0090010
n     0.1645776   -2.4625454   -0.9090764  0.00    0.0058935    0.0106303    0.0090331
h     0.3612176   -1.0550053   -2.5128014  0.00   -0.0006406    0.0009487   -0.0016662
h    -0.8370587   -2.4320395   -1.2407457  0.00   -0.0114157    0.0027376   -0.0045649
h     0.4348930   -3.4864695   -0.8823136  0.00    0.0022157   -0.0167328    0.0003059
    24
 Energy =       0.0824610676
c    -0.1084400    1.2835484    1.2818960  0.00   -0.0008128    0.0004324    0.0009527
c    -0.1342467    2.4800244    0.6500030  0.00   -0.0001981   -0.0000833    0.0003080
c     0.4982384    2.6324768   -0.5373635  0.00   -0.0000491    0.0008289   -0.0003934
c     0.5607049    0.2363872    0.7324583  0.00   -0.0000167   -0.0007629    0.0004943
c     1.2108755    0.3850848   -0.4561855  0.00    0.0005837   -0.0000882   -0.0002080
c     1.1679517    1.5891383   -1.0937430  0.00    0.0007343   -0.0003326   -0.0008937
o    -0.8224766    3.5504114    1.2148966  0.00   -0.0019773    0.0005822   -0.0000252
h    -0.2169756    4.0799330    1.8337362  0.00    0.0008032    0.0008719    0.0010415
h     1.6628125    1.7234993   -2.0534474  0.00    0.0005486    0.0000105   -0.0008301
h     0.5618087   -0.7267646    1.2379935  0.00   -0.0000204   -0.0004398    0.0002389
h    -0.6370678    1.1709291    2.2231637  0.00   -0.0005626    0.0000187    0.0007943
h     0.4561500    3.5927890   -1.0415181  0.00   -0.0000178    0.0004106   -0.0002030
c     1.9290180   -0.7908178   -1.0863183  0.00    0.0009751    0.0000144    0.0009066
c     0.9464741   -1.6950267   -1.8640591  0.00   -0.0019100    0.0007429   -0.0017891
h     2.4434962   -1.3774415   -0.2921184  0.00    0.0009960   -0.0011151    0.0003301
h     2.7300593   -0.4200468   -1.7686480  0.00    0.0013235    0.0003121   -0.0008009
c     1.6628255   -2.6043520   -2.8678585  0.00   -0.0028606    0.0039848    0.0005726
o     1.1820599   -2.6814117   -4.1737447  0.00   -0.0052492   -0.0005738   -0.0080202
o     2.7611845   -3.3945022   -2.5005930  0.00    0.0084060   -0.0057877   -0.0002495
h     2.9899482   -3.2928240   -1.5206045  0.00    0.0014093    0.0020619    0.0059465
n     0.1212311   -2.4480828   -0.8930339  0.00    0.0073310    0.0123471    0.0071671
h     0.2922829   -1.0363758   -2.4890762  0.00   -0.0005838    0.0006733   -0.0009905
h    -0.8661169   -2.5095444   -1.2631009  0.00   -0.0123601    0.0016716   -0.0049885
h     0.4607131   -3.4456116   -0.7909253  0.00    0.0035077   -0.0157800    0.0006394
    24
 Energy =       0.0817858462
c    -0.0363822    1.2889929    1.3163397  0.00   -0.0006938    0.0005806    0.0007596
c    -0.0400535    2.4932399    0.6987859  0.00   -0.0000375   -0.0000509    0.0000518
c     0.5755760    2.6419618   -0.4973889  0.00   -0.0003350    0.0009854    0.0000354
c     0.5938203    0.2299674    0.7435471  0.00    0.0002939   -0.0009171    0.0000514
c     1.2274484    0.3746227   -0.4539903  0.00    0.0004084   -0.0002200   -0.0000701
c     1.2065935    1.5869480   -1.0769191  0.00    0.0006361   -0.0004650   -0.0007414
o    -0.6884725    3.5758411    1.2875618  0.00   -0.0022575    0.0009033   -0.0000903
h    -0.0582225    4.0803623    1.9027628  0.00    0.0010028    0.0009691    0.0011362
h     1.6879098    1.7186928   -2.0434796  0.00    0.0003596   -0.0000737   -0.0005184
h     0.5762407   -0.7389524    1.2375098  0.00    0.0000709   -0.0005239    0.0001283
h    -0.5517856    1.1799890    2.2649540  0.00   -0.0003750    0.0001088    0.0004894
h     0.5510035    3.6089480   -0.9898561  0.00   -0.0001031    0.0004897   -0.0000979
c     1.9015216   -0.8134049   -1.1100354  0.00    0.0012410   -0.0000603    0.0004630
c     0.8809328   -1.6777386   -1.8837976  0.00   -0.0017650    0.0001068   -0.0008729
h     2.4121867   -1.4246067   -0.3323369  0.00    0.0008168   -0.0007462    0.0004312
h     2.7012376   -0.4562493   -1.8001647  0.00    0.0008420    0.0001616   -0.0003929
c     1.5530019   -2.5889470   -2.9155079  0.00   -0.0022057    0.0026155    0.0006884
o     1.0729521   -2.6008666   -4.2224734  0.00   -0.0037974   -0.0001949   -0.0061708
o     2.6148978   -3.4368506   -2.5766792  0.00    0.0063911   -0.0045798    0.0000147
h     2.8560087   -3.3702250   -1.5979307  0.00    0.0010258    0.0010004    0.0039575
n     0.0529091   -2.4252454   -0.9134895  0.00    0.0067258    0.0112557    0.0055643
h     0.2309353   -0.9915292   -2.4829009  0.00   -0.0007678    0.0008026   -0.0007905
h    -0.9106694   -2.5599728   -1.3232263  0.00   -0.0113622    0.0007256   -0.0047765
h     0.4429207   -3.3935576   -0.7494757  0.00    0.0038859   -0.0128733    0.0007504
    24
 Energy =       0.0812105980
c     0.0387969    1.2878996    1.3529020  0.00   -0.0005629    0.0006399    0.0005985
c     0.0535034    2.4993305    0.7499713  0.00    0.0000279   -0.0000787   -0.0000261
c     0.6481170    2.6470037   -0.4566491  0.00   -0.0003890    0.0008915    0.0002118
c     0.6297629    0.2203124    0.7548453  0.00    0.0003708   -0.0008420   -0.0001391
c     1.2427349    0.3636385   -0.4532832  0.00    0.0003029   -0.0002322   -0.0000659
c     1.2400846    1.5835936   -1.0612712  0.00    0.0005267   -0.0005420   -0.0006020
o    -0.5546190    3.5907834    1.3647111  0.00   -0.0021098    0.0009560   -0.0000351
h     0.1005306    4.0708271    1.9733077  0.00    0.0009826    0.0008725    0.0010303
h     1.7045805    1.7148768   -2.0359009  0.00    0.0002460   -0.0001201   -0.0003518
h     0.5967017   -0.7537974    1.2372504  0.00    0.0000927   -0.0004362    0.0000412
h    -0.4600380    1.1803856    2.3102993  0.00   -0.0002612    0.0001530    0.0003299
h     0.6380925    3.6201704   -0.9371107  0.00   -0.0001194    0.0004145   -0.0000192
c     1.8729353   -0.8326214   -1.1370727  0.00    0.0011721   -0.0001235    0.0001074
c     0.8162278   -1.6573926   -1.9047506  0.00   -0.0014257   -0.0001499   -0.0003541
h     2.3814425   -1.4679741   -0.3778785  0.00    0.0006106   -0.0004842    0.0004352
h     2.6689849   -0.4866560   -1.8364592  0.00    0.0004766    0.0000392   -0.0001578
c     1.4447104   -2.5682811   -2.9629037  0.00   -0.0016300    0.0015473    0.0008081
o     0.9689409   -2.5157241   -4.2691479  0.00   -0.0025609    0.0001698   -0.0043954
o     2.4677136   -3.4710606   -2.6532425  0.00    0.0044749   -0.0034608    0.0001393
h     2.7218741   -3.4373137   -1.6772153  0.00    0.0007130    0.0003253    0.0023585
n    -0.0142606   -2.3994753   -0.9346137  0.00    0.0052170    0.0096567    0.0039589
h     0.1710987   -0.9459544   -2.4784677  0.00   -0.0007364    0.0006989   -0.0005224
h    -0.9475210   -2.6090766   -1.3789048  0.00   -0.0093266   -0.0001678   -0.0043479
h     0.4221165   -3.3320746   -0.7066067  0.00    0.0039080   -0.0097272    0.0009979
    24
 Energy =       0.0808193393
c     0.1160617    1.2790377    1.3905819  0.00   -0.0003987    0.0005484    0.0004477
c     0.1454405    2.4980820    0.8041174  0.00    0.0000364   -0.0001251   -0.0000046
c     0.7145798    2.6489716   -0.4142046  0.00   -0.0002711    0.0006237    0.0001808
c     0.6673845    0.2068051    0.7642858  0.00    0.0002791   -0.0006260   -0.0001368
c     1.2554477    0.3531249   -0.4556852  0.00    0.0002443   -0.0002381   -0.0001516
c     1.2669626    1.5810484   -1.0469608  0.00    0.0003926   -0.0005081   -0.0004725
o    -0.4212972    3.5945002    1.4482359  0.00   -0.0016214    0.0007949    0.0000729
h     0.2592837    4.0495554    2.0476459  0.00    0.0007890    0.0006313    0.0007665
h     1.7114448    1.7153945   -2.0303858  0.00    0.0001718   -0.0001141   -0.0002715
h     0.6224569   -0.7726516    1.2341503  0.00    0.0000637   -0.0002564   -0.0000044
h    -0.3625490    1.1696306    2.3579515  0.00   -0.0001906    0.0001434    0.0002662
h     0.7162633    3.6286581   -0.8810386  0.00   -0.0000865    0.0002678    0.0000157
c     1.8433876   -0.8465391   -1.1694310  0.00    0.0007546   -0.0001692   -0.0001386
c     0.7534120   -1.6346822   -1.9278264  0.00   -0.0008923   -0.0001070   -0.0001653
h     2.3535155   -1.5044227   -0.4312771  0.00    0.0003649   -0.0002668    0.0003423
h     2.6322145   -0.5078342   -1.8801611  0.00    0.0002112   -0.0000521   -0.0000721
c     1.3411023   -2.5437644   -3.0094364  0.00   -0.0010053    0.0007680    0.0008009
o     0.8764877   -2.4281671   -4.3143841  0.00   -0.0014712    0.0004184   -0.0025745
o     2.3213497   -3.4989559   -2.7263975  0.00    0.0025517   -0.0022164    0.0002216
h     2.5848723   -3.4972445   -1.7532236  0.00    0.0004577   -0.0000400    0.0010592
n    -0.0785111   -2.3711484   -0.9560964  0.00    0.0027843    0.0065140    0.0020901
h     0.1132664   -0.9015597   -2.4780652  0.00   -0.0004807    0.0003730   -0.0002217
h    -0.9770781   -2.6534939   -1.4259533  0.00   -0.0056625   -0.0006288   -0.0030598
h     0.3970128   -3.2629248   -0.6646327  0.00    0.0029790   -0.0057348    0.0010093
    24
 Energy =       0.0806754484
c     0.1878370    1.2607720    1.4266674  0.00   -0.0001433    0.0001805    0.0002122
c     0.2226447    2.4877162    0.8577163  0.00   -0.0000085   -0.0001068    0.0000927
c     0.7617285    2.6480968   -0.3729082  0.00    0.0000135    0.0001255   -0.0000829
c     0.7046167    0.1900018    0.7706143  0.00    0.0000092   -0.0001677    0.0000756
c     1.2634666    0.3457088   -0.4617870  0.00    0.0001309   -0.0001157   -0.0002226
c     1.2794616    1.5817326   -1.0353913  0.00    0.0001558   -0.0001930   -0.0002380
o    -0.3070610    3.5829077    1.5331544  0.00   -0.0004935    0.0002511    0.0001465
h     0.3969357    4.0162847    2.1205358  0.00    0.0002343    0.0001474    0.0001977
h     1.7007322    1.7241635   -2.0278005  0.00    0.0000975   -0.0000253   -0.0002000
h     0.6560669   -0.7950274    1.2276004  0.00   -0.0000113   -0.0000163    0.0000176
h    -0.2668060    1.1443290    2.4046591  0.00   -0.0001147    0.0000386    0.0002137
h     0.7678717    3.6344173   -0.8251271  0.00   -0.0000034    0.0000406   -0.0000136
c     1.8174365   -0.8505079   -1.2060207  0.00    0.0000188   -0.0000703   -0.0001885
c     0.7014845   -1.6112561   -1.9529638  0.00   -0.0001293    0.0000521   -0.0001649
h     2.3353259   -1.5265173   -0.4906160  0.00    0.0000871   -0.0000678    0.0001372
h     2.5948642   -0.5115162   -1.9290369  0.00    0.0000377   -0.0000480   -0.0000792
c     1.2577646   -2.5188990   -3.0508560  0.00   -0.0001748    0.0001863    0.0003832
o     0.8151656   -2.3483035   -4.3560671  0.00   -0.0003944    0.0002973   -0.0005771
o     2.1935342   -3.5200287   -2.7851075  0.00    0.0004705   -0.0004920    0.0002167
h     2.4561646   -3.5473966   -1.8128508  0.00    0.0001587   -0.0001019    0.0000920
n    -0.1311281   -2.3417457   -0.9776489  0.00    0.0001877    0.0016958    0.0002408
h     0.0657197   -0.8629157   -2.4858664  0.00   -0.0000170   -0.0000363    0.0000355
h    -0.9949097   -2.6893730   -1.4622223  0.00   -0.0010035   -0.0003251   -0.0007500
h     0.3735943   -3.1912232   -0.6268683  0.00    0.0008921   -0.0012491    0.0004552
    24
 Energy =       0.0806724100
c     0.1930376    1.2588819    1.4287764  0.00   -0.0000033   -0.0000072    0.0000091
c     0.2227774    2.4858186    0.8595849  0.00   -0.0000013    0.0000032    0.0000042
c     0.7565271    2.6474637   -0.3729329  0.00    0.0000053    0.0000057   -0.0000122
c     0.7096797    0.1894233    0.7710547  0.00   -0.0000047   -0.0000053    0.0000111
c     1.2633335    0.3464495   -0.4632686  0.00    0.0000034   -0.0000048   -0.0000046
c     1.2741135    1.5824074   -1.0370816  0.00    0.0000031    0.0000085   -0.0000090
o    -0.3065567    3.5796732    1.5368156  0.00   -0.0000119   -0.0000007   -0.0000056
h     0.3986823    4.0146785    2.1211632  0.00    0.0000086    0.0000030    0.0000068
h     1.6912054    1.7257976   -2.0309206  0.00    0.0000043    0.0000035   -0.0000094
h     0.6653167   -0.7956302    1.2283721  0.00   -0.0000020   -0.0000073    0.0000063
h    -0.2573746    1.1413681    2.4083774  0.00   -0.0000050   -0.0000030    0.0000098
h     0.7586265    3.6337261   -0.8252553  0.00    0.0000014    0.0000069   -0.0000059
c     1.8177202   -0.8483459   -1.2090873  0.00   -0.0000012   -0.0000005    0.0000001
c     0.7018934   -1.6102537   -1.9549047  0.00   -0.0000012    0.0000046   -0.0000009
h     2.3377088   -1.5241892   -0.4953009  0.00    0.0000013   -0.0000019    0.0000023
h     2.5934676   -0.5075131   -1.9329573  0.00    0.0000026    0.0000007   -0.0000021
c     1.2588503   -2.5205249   -3.0503130  0.00   -0.0000023    0.0000041    0.0000064
o     0.8216106   -2.3500086   -4.3569138  0.00   -0.0000110    0.0000043   -0.0000151
o     2.1906853   -3.5236699   -2.7808586  0.00    0.0000119   -0.0000114   -0.0000056
h     2.4496733   -3.5508197   -1.8077115  0.00    0.0000048   -0.0000020    0.0000102
n    -0.1319012   -2.3380839   -0.9784789  0.00   -0.0000062    0.0000075    0.0000083
h     0.0669990   -0.8626908   -2.4899647  0.00   -0.0000009    0.0000026   -0.0000013
h    -0.9949799   -2.6866906   -1.4619364  0.00   -0.0000014    0.0000010   -0.0000015
h     0.3714151   -3.1858477   -0.6244490  0.00    0.0000057   -0.0000115   -0.0000012
    24
 Energy =       0.0806724003
c     0.1935041    1.2587690    1.4290241  0.00   -0.0000000   -0.0000001    0.0000001
c     0.2227533    2.4856691    0.8597509  0.00   -0.0000000    0.0000000    0.0000000
c     0.7560196    2.6473514   -0.3729585  0.00    0.0000000    0.0000001   -0.0000001
c     0.7101601    0.1893889    0.7711902  0.00   -0.0000000   -0.0000000    0.0000001
c     1.2633499    0.3464611   -0.4633224  0.00    0.0000000   -0.0000000   -0.0000000
c     1.2736281    1.5823744   -1.0372154  0.00    0.0000000    0.0000001   -0.0000001
o    -0.3065867    3.5794455    1.5370998  0.00   -0.0000001   -0.0000000   -0.0000000
h     0.3987413    4.0146261    2.1211979  0.00    0.0000001    0.0000000    0.0000000
h     1.6903376    1.7257874   -2.0312015  0.00    0.0000000    0.0000000   -0.0000001
h     0.6661841   -0.7956385    1.2285780  0.00   -0.0000000   -0.0000001    0.0000000
h    -0.2565280    1.1412189    2.4087845  0.00   -0.0000000   -0.0000000    0.0000001
h     0.7577228    3.6335790   -0.8253401  0.00    0.0000000    0.0000001   -0.0000001
c     1.8177907   -0.8482424   -1.2092418  0.00    0.0000000   -0.0000000    0.0000000
c     0.7020320   -1.6100683   -1.9552289  0.00    0.0000001    0.0000001   -0.0000001
h     2.3377583   -1.5241720   -0.4955283  0.00    0.0000000    0.0000000    0.0000000
h     2.5935638   -0.5073010   -1.9330282  0.00    0.0000000    0.0000000   -0.0000000
c     1.2591707   -2.5207128   -3.0502268  0.00   -0.0000001    0.0000002    0.0000002
o     0.8229238   -2.3499844   -4.3571211  0.00   -0.0000003    0.0000002   -0.0000006
o     2.1902890   -3.5243360   -2.7801332  0.00    0.0000004   -0.0000004    0.0000000
h     2.4487185   -3.5515101   -1.8068472  0.00    0.0000001   -0.0000001    0.0000002
n    -0.1322735   -2.3374642   -0.9789204  0.00   -0.0000003    0.0000003    0.0000002
h     0.0674881   -0.8624845   -2.4906649  0.00   -0.0000001    0.0000001   -0.0000001
h    -0.9950940   -2.6863111   -1.4626631  0.00   -0.0000001   -0.0000000   -0.0000001
h     0.3708572   -3.1850256   -0.6241748  0.00    0.0000003   -0.0000004    0.0000002
