    24
 Energy =       0.1330179768
c     1.6703672    2.6182922    0.2614132  0.00    0.0460416    0.0693151    0.0301657
c     0.3248649    2.9356558    0.1418766  0.00   -0.0125233    0.1013584    0.0323152
c    -0.5827484    1.9945952   -0.3219261  0.00   -0.0959644    0.0704122    0.0085894
c     2.1038063    1.3347474   -0.0833024  0.00    0.0671904   -0.0101369    0.0084972
c     1.2047783    0.3610782   -0.5608861  0.00    0.0190768   -0.0963375   -0.0238069
c    -0.1441045    0.7159142   -0.6796715  0.00   -0.0314349   -0.0463706   -0.0214599
o    -0.1504797    4.1703171    0.4675790  0.00   -0.0701289   -0.0414222   -0.0252085
h    -1.1136271    4.1743505    0.3425231  0.00    0.0726905   -0.0554042   -0.0079213
h    -0.8895274    0.0262790   -1.0546636  0.00   -0.0073217   -0.0056438   -0.0009500
h     3.1621727    1.0964802    0.0165124  0.00    0.0024527   -0.0001394   -0.0007553
h     2.3926004    3.3457758    0.6178375  0.00    0.0103544   -0.0073803   -0.0012511
h    -1.6336796    2.2563998   -0.4108671  0.00    0.0013057    0.0132406    0.0057765
c     1.7669373   -1.0073413   -0.8964724  0.00    0.0259268   -0.0274002   -0.0326283
c     0.8861134   -2.0194266   -1.6556448  0.00    0.0796481    0.1319254   -0.0011811
h     2.1212937   -1.4658931    0.0371405  0.00   -0.0041302    0.0085924   -0.0109936
h     2.6645729   -0.8285312   -1.5058794  0.00   -0.0111462   -0.0211470    0.0004146
c     1.7481012   -3.2276699   -2.0845864  0.00   -0.0602308   -0.4053970   -0.0325175
o     1.3811872   -4.3909871   -2.1326929  0.00    0.0915292    0.2845867    0.0167112
o     3.0187337   -2.8368894   -2.3754934  0.00   -0.0506273    0.0707949    0.0380723
h     3.5228656   -3.6775189   -2.5199890  0.00   -0.0375261    0.0210844    0.0136774
n    -0.2697763   -2.5678537   -0.8742070  0.00   -0.0631606   -0.0474298    0.0063483
h     0.4960411   -1.5757973   -2.5789902  0.00   -0.0086003   -0.0109769    0.0213840
h    -0.1377783   -2.3090138    0.1103184  0.00    0.0001335    0.0041024   -0.0368652
h    -1.1177682   -2.0693246   -1.1533357  0.00    0.0364451   -0.0002268    0.0135870
    24
 Energy =       0.0920844451
c     1.5603807    2.6241882    0.2434504  0.00    0.0259433    0.0385873    0.0163811
c     0.2283729    2.9147380    0.1024853  0.00   -0.0065620    0.0571129    0.0176034
c    -0.6367367    1.9682579   -0.3882929  0.00   -0.0538495    0.0418145    0.0058619
c     2.0244485    1.3693211   -0.0889862  0.00    0.0376218   -0.0062282    0.0042732
c     1.1658575    0.3934273   -0.5787745  0.00    0.0096666   -0.0535366   -0.0134085
c    -0.1721030    0.7139030   -0.7335318  0.00   -0.0185332   -0.0254903   -0.0116106
o    -0.2615388    4.1513418    0.4581848  0.00   -0.0386212   -0.0231765   -0.0131049
h    -1.2424500    4.1831006    0.3247555  0.00    0.0400974   -0.0336450   -0.0053274
h    -0.8876308    0.0054943   -1.1285414  0.00   -0.0048372   -0.0035573   -0.0007985
h     3.0838078    1.1520272    0.0439657  0.00    0.0021282   -0.0003726   -0.0004089
h     2.2468771    3.3724246    0.6275633  0.00    0.0065399   -0.0034745   -0.0003534
h    -1.6893728    2.2085840   -0.5037350  0.00    0.0005797    0.0083158    0.0034143
c     1.7688763   -0.9699658   -0.8712644  0.00    0.0153019   -0.0155879   -0.0186779
c     0.9487875   -2.0289077   -1.6479439  0.00    0.0429387    0.0732726   -0.0009270
h     2.1057723   -1.4070917    0.0869095  0.00   -0.0019710    0.0048770   -0.0054417
h     2.6907205   -0.7770955   -1.4531046  0.00   -0.0057751   -0.0127915   -0.0005063
c     1.8764202   -3.1886906   -2.0452146  0.00   -0.0354830   -0.2261792   -0.0208331
o     1.5148176   -4.4320553   -2.0885160  0.00    0.0537244    0.1585703    0.0107554
o     3.1774868   -2.8257600   -2.3027261  0.00   -0.0268398    0.0414623    0.0237973
h     3.6795133   -3.6732559   -2.4795128  0.00   -0.0214652    0.0109221    0.0074485
n    -0.1928326   -2.5859798   -0.8698300  0.00   -0.0349308   -0.0280441   -0.0001788
h     0.5703744   -1.6043278   -2.5938156  0.00   -0.0051808   -0.0062813    0.0117417
h    -0.0638326   -2.3899579    0.1405915  0.00    0.0000504    0.0028023   -0.0173568
h    -1.0710696   -2.1200814   -1.1475232  0.00    0.0194564    0.0006280    0.0076567
    24
 Energy =       0.0821440580
c     1.4774535    2.6499783    0.1984799  0.00    0.0179314    0.0265256    0.0112703
c     0.1503910    2.9168189    0.0285721  0.00   -0.0045389    0.0393574    0.0121677
c    -0.6823581    1.9535077   -0.4710279  0.00   -0.0370106    0.0291742    0.0043808
c     1.9684417    1.4055129   -0.1040414  0.00    0.0260045   -0.0045336    0.0027425
c     1.1411255    0.4144492   -0.5966193  0.00    0.0058621   -0.0361530   -0.0093006
c    -0.1915822    0.7095719   -0.7896033  0.00   -0.0133242   -0.0174042   -0.0079987
o    -0.3596765    4.1570822    0.3696219  0.00   -0.0247023   -0.0150698   -0.0089986
h    -1.3546026    4.1745855    0.2780789  0.00    0.0254511   -0.0237595   -0.0034372
h    -0.8838131   -0.0139233   -1.1941173  0.00   -0.0036635   -0.0025967   -0.0006358
h     3.0270073    1.2072567    0.0622484  0.00    0.0022074   -0.0004790   -0.0002005
h     2.1377373    3.4174493    0.5905090  0.00    0.0048328   -0.0020375   -0.0000777
h    -1.7356511    2.1739130   -0.6165878  0.00   -0.0001405    0.0059804    0.0022849
c     1.7699201   -0.9520152   -0.8283808  0.00    0.0102942   -0.0106118   -0.0128612
c     1.0059605   -2.0410653   -1.6299232  0.00    0.0283127    0.0497801   -0.0012758
h     2.0598523   -1.3666364    0.1590054  0.00   -0.0007124    0.0030707   -0.0020148
h     2.7256813   -0.7614343   -1.3620333  0.00   -0.0024655   -0.0090847   -0.0012920
c     1.9754995   -3.1799308   -1.9809277  0.00   -0.0250831   -0.1538024   -0.0157044
o     1.6235156   -4.4583224   -2.0095464  0.00    0.0374562    0.1073091    0.0079184
o     3.2925880   -2.8247771   -2.1984784  0.00   -0.0185135    0.0302292    0.0168809
h     3.8146812   -3.6762707   -2.3207596  0.00   -0.0128102    0.0052423    0.0051760
n    -0.1472378   -2.6060307   -0.8813774  0.00   -0.0252456   -0.0198787   -0.0040711
h     0.6557062   -1.6325527   -2.5973280  0.00   -0.0039132   -0.0043498    0.0073884
h    -0.0182174   -2.4840594    0.1463028  0.00    0.0005773    0.0023008   -0.0073626
h    -1.0274754   -2.1294689   -1.1454736  0.00    0.0131939    0.0007911    0.0050211
    24
 Energy =       0.0817063322
c     1.4839132    2.6618336    0.1594041  0.00    0.0160973    0.0239374    0.0101205
c     0.1596825    2.9344647   -0.0095073  0.00   -0.0040893    0.0353256    0.0108644
c    -0.6749695    1.9778638   -0.5148547  0.00   -0.0332977    0.0259848    0.0038029
c     1.9675276    1.4139854   -0.1339786  0.00    0.0233590   -0.0039659    0.0025083
c     1.1360180    0.4257025   -0.6217519  0.00    0.0045795   -0.0318553   -0.0084566
c    -0.1911947    0.7313178   -0.8269762  0.00   -0.0120796   -0.0156581   -0.0071825
o    -0.3448372    4.1739180    0.3471718  0.00   -0.0146153   -0.0132723   -0.0080729
h    -1.3503662    4.1699858    0.3495322  0.00    0.0152256   -0.0211714   -0.0027312
h    -0.8867579    0.0142238   -1.2325547  0.00   -0.0033037   -0.0026490   -0.0005786
h     3.0226983    1.2086901    0.0441437  0.00    0.0020971   -0.0004841   -0.0001624
h     2.1457679    3.4261283    0.5547853  0.00    0.0043628   -0.0018259   -0.0000632
h    -1.7258657    2.2054373   -0.6666204  0.00   -0.0001907    0.0052899    0.0019481
c     1.7476875   -0.9581077   -0.8059531  0.00    0.0082466   -0.0096430   -0.0119014
c     1.0109702   -2.0453203   -1.6390759  0.00    0.0256868    0.0455559   -0.0014239
h     1.9747096   -1.3664679    0.2026395  0.00   -0.0000776    0.0020429    0.0001287
h     2.7385317   -0.7928355   -1.2865668  0.00   -0.0002105   -0.0080522   -0.0022048
c     1.9868956   -3.1948565   -1.9398980  0.00   -0.0237802   -0.1379835   -0.0142203
o     1.6219417   -4.4770204   -1.9462838  0.00    0.0338928    0.0960087    0.0071468
o     3.3193532   -2.8626094   -2.1078973  0.00   -0.0159022    0.0284625    0.0151451
h     3.8387048   -3.7239977   -2.1796355  0.00   -0.0100006    0.0030178    0.0045461
n    -0.1766702   -2.5995569   -0.9371462  0.00   -0.0237309   -0.0203173   -0.0065782
h     0.7055237   -1.6381421   -2.6234334  0.00   -0.0038891   -0.0036587    0.0056531
h    -0.0482393   -2.5581797    0.1004050  0.00    0.0018495    0.0022176   -0.0015002
h    -1.0360782   -2.0728183   -1.1793552  0.00    0.0097702    0.0026937    0.0032122
    24
 Energy =       0.0796770788
c     1.3944260    2.6735666    0.1679895  0.00    0.0160184    0.0234334    0.0099242
c     0.0662408    2.9094827   -0.0275614  0.00   -0.0035887    0.0337631    0.0105099
c    -0.7351622    1.9214181   -0.5283817  0.00   -0.0324800    0.0244161    0.0033514
c     1.9175055    1.4381074   -0.1093802  0.00    0.0232209   -0.0038390    0.0025556
c     1.1218713    0.4242274   -0.6030440  0.00    0.0042411   -0.0305730   -0.0085189
c    -0.2121765    0.6862921   -0.8229734  0.00   -0.0121088   -0.0155361   -0.0071515
o    -0.4743936    4.1474880    0.2880602  0.00   -0.0069515   -0.0113645   -0.0065567
h    -1.4805131    4.1487159    0.1907791  0.00    0.0064294   -0.0192441   -0.0032023
h    -0.8802220   -0.0579266   -1.2312711  0.00   -0.0036733   -0.0032008   -0.0008727
h     2.9773684    1.2655186    0.0786074  0.00    0.0026500   -0.0005502   -0.0000297
h     2.0297336    3.4617556    0.5611306  0.00    0.0045795   -0.0012544    0.0001854
h    -1.7906708    2.1154621   -0.6964542  0.00   -0.0009428    0.0049903    0.0016341
c     1.7871422   -0.9320935   -0.8037793  0.00    0.0073933   -0.0097680   -0.0116805
c     1.0637693   -2.0519467   -1.6042627  0.00    0.0247630    0.0444511   -0.0013354
h     2.0712250   -1.3286918    0.1970542  0.00    0.0004554    0.0010151    0.0014631
h     2.7510846   -0.7239660   -1.3252732  0.00    0.0015655   -0.0070159   -0.0028870
c     2.0692376   -3.1704669   -1.9212147  0.00   -0.0237143   -0.1319704   -0.0131773
o     1.7454909   -4.4666828   -1.9412700  0.00    0.0322445    0.0907314    0.0067264
o     3.3886455   -2.7949865   -2.1155441  0.00   -0.0143520    0.0286280    0.0143263
h     3.9338160   -3.6386059   -2.2136302  0.00   -0.0086614    0.0018387    0.0041911
n    -0.0902664   -2.6308223   -0.8659048  0.00   -0.0209310   -0.0241482   -0.0088389
h     0.7221842   -1.6641046   -2.5860604  0.00   -0.0040896   -0.0031238    0.0047438
h     0.0290968   -2.5063773    0.1695893  0.00    0.0033932    0.0028467    0.0039736
h    -0.9804865   -2.1717249   -1.1506119  0.00    0.0045391    0.0054747    0.0006659
    24
 Energy =       0.0795817150
c     1.2936068    2.6719284    0.2087866  0.00    0.0154614    0.0230568    0.0096742
c    -0.0408809    2.8665727    0.0106252  0.00   -0.0027308    0.0317019    0.0098443
c    -0.8030610    1.8648601   -0.5246420  0.00   -0.0314525    0.0227539    0.0028117
c     1.8598698    1.4611245   -0.0916743  0.00    0.0229148   -0.0038466    0.0025274
c     1.1024048    0.4318825   -0.6122796  0.00    0.0037937   -0.0291858   -0.0084423
c    -0.2371082    0.6537030   -0.8412433  0.00   -0.0117993   -0.0157354   -0.0071651
o    -0.6298696    4.0741078    0.3664185  0.00   -0.0057949   -0.0082254   -0.0053102
h    -1.6392663    4.0325941    0.2958654  0.00    0.0038508   -0.0176035   -0.0028293
h    -0.8750488   -0.1053785   -1.2730363  0.00   -0.0039577   -0.0036808   -0.0011697
h     2.9240208    1.3199178    0.1007697  0.00    0.0030806   -0.0005884    0.0000849
h     1.8980302    3.4715951    0.6282843  0.00    0.0047506   -0.0004109    0.0005423
h    -1.8631877    2.0276535   -0.6984622  0.00   -0.0014517    0.0047095    0.0013843
c     1.8207792   -0.8928766   -0.8422940  0.00    0.0067155   -0.0101491   -0.0107835
c     1.1343087   -2.0418776   -1.6336336  0.00    0.0228329    0.0424597   -0.0010584
h     2.1442561   -1.2865099    0.1489361  0.00    0.0006680    0.0002368    0.0019404
h     2.7629836   -0.6375071   -1.3852921  0.00    0.0027212   -0.0059186   -0.0033443
c     2.1776678   -3.1328889   -1.9256746  0.00   -0.0230618   -0.1250433   -0.0125596
o     1.8967048   -4.4428492   -1.9418350  0.00    0.0304892    0.0847506    0.0064142
o     3.4915702   -2.7199159   -2.0945153  0.00   -0.0129313    0.0280905    0.0134424
h     4.0657019   -3.5473779   -2.1718017  0.00   -0.0073366    0.0007969    0.0038727
n    -0.0103243   -2.6408195   -0.8976523  0.00   -0.0170677   -0.0256236   -0.0101394
h     0.7919177   -1.6746387   -2.6236245  0.00   -0.0040650   -0.0028952    0.0042900
h     0.0745361   -2.4617201    0.1352415  0.00    0.0039808    0.0034585    0.0070113
h    -0.9146651   -2.2379407   -1.2306735  0.00    0.0003899    0.0068914   -0.0010382
    24
 Energy =       0.0795577145
c     1.2146596    2.6943899    0.1645357  0.00    0.0149696    0.0223553    0.0093995
c    -0.1190735    2.8627701   -0.0594150  0.00   -0.0023413    0.0300560    0.0094073
c    -0.8559867    1.8355996   -0.5819091  0.00   -0.0303568    0.0215227    0.0025454
c     1.8060581    1.4884892   -0.1035616  0.00    0.0223930   -0.0038362    0.0024763
c     1.0753056    0.4364176   -0.6162318  0.00    0.0035546   -0.0280036   -0.0081037
c    -0.2645092    0.6286882   -0.8669603  0.00   -0.0115143   -0.0154737   -0.0070684
o    -0.7318140    4.0726049    0.2519929  0.00   -0.0047176   -0.0065795   -0.0046005
h    -1.7380988    4.0264372    0.1371123  0.00    0.0019587   -0.0163306   -0.0027499
h    -0.8824047   -0.1502767   -1.2926491  0.00   -0.0040037   -0.0037467   -0.0012912
h     2.8698529    1.3705241    0.1074578  0.00    0.0034045   -0.0006261    0.0001706
h     1.7990353    3.5138360    0.5747473  0.00    0.0047409   -0.0000151    0.0006931
h    -1.9164171    1.9754831   -0.7740426  0.00   -0.0018362    0.0044907    0.0012141
c     1.8244136   -0.8779016   -0.8087941  0.00    0.0069063   -0.0093080   -0.0099267
c     1.1894973   -2.0574014   -1.6012992  0.00    0.0208500    0.0404937   -0.0013514
h     2.1346830   -1.2484740    0.1958023  0.00    0.0009103    0.0002276    0.0022713
h     2.7730445   -0.6071263   -1.3328922  0.00    0.0028805   -0.0054932   -0.0032638
c     2.2732792   -3.1204047   -1.8558538  0.00   -0.0225749   -0.1190368   -0.0122036
o     2.0345742   -4.4422003   -1.8664410  0.00    0.0290476    0.0793667    0.0061497
o     3.5820581   -2.6722790   -1.9880177  0.00   -0.0114350    0.0277790    0.0126136
h     4.1834722   -3.4835111   -2.0378238  0.00   -0.0058984   -0.0002751    0.0036075
n     0.0469497   -2.6794698   -0.8821070  0.00   -0.0167844   -0.0245521   -0.0098514
h     0.8573795   -1.7127242   -2.6032569  0.00   -0.0041737   -0.0027735    0.0037711
h     0.1286521   -2.5224458    0.1546091  0.00    0.0036775    0.0032677    0.0071141
h    -0.8596644   -2.2773865   -1.2084093  0.00    0.0003429    0.0064907   -0.0010229
    24
 Energy =       0.0767516148
c     1.2258445    2.7096146    0.1210613  0.00    0.0130149    0.0197890    0.0082882
c    -0.1035437    2.8773466   -0.1205794  0.00   -0.0015236    0.0258743    0.0083204
c    -0.8392296    1.8376393   -0.6167750  0.00   -0.0267111    0.0185569    0.0022094
c     1.8167996    1.4975591   -0.1127992  0.00    0.0198740   -0.0036282    0.0021084
c     1.0886536    0.4370897   -0.6062659  0.00    0.0030890   -0.0247619   -0.0073040
c    -0.2485333    0.6246853   -0.8673207  0.00   -0.0099790   -0.0140688   -0.0063815
o    -0.7090205    4.1050223    0.1400564  0.00   -0.0029856   -0.0044347   -0.0035620
h    -1.7108997    4.0805943   -0.0216408  0.00   -0.0005605   -0.0136803   -0.0026855
h    -0.8653414   -0.1642334   -1.2754392  0.00   -0.0035335   -0.0035770   -0.0012378
h     2.8785669    1.3826161    0.1078286  0.00    0.0030196   -0.0005627    0.0001486
h     1.8083143    3.5396368    0.5120477  0.00    0.0041386    0.0002745    0.0006750
h    -1.8980593    1.9734778   -0.8193269  0.00   -0.0017333    0.0038515    0.0010084
c     1.8318965   -0.8849453   -0.7682231  0.00    0.0061324   -0.0083226   -0.0087303
c     1.1816879   -2.0645950   -1.5480554  0.00    0.0182255    0.0358436   -0.0013808
h     2.1283697   -1.2441814    0.2444025  0.00    0.0008261    0.0000964    0.0021618
h     2.7885626   -0.6340485   -1.2877965  0.00    0.0027570   -0.0047844   -0.0029494
c     2.2479098   -3.1408078   -1.8100892  0.00   -0.0204754   -0.1044227   -0.0106530
o     1.9798359   -4.4630456   -1.8167527  0.00    0.0253649    0.0692341    0.0054979
o     3.5614512   -2.7180418   -1.9771087  0.00   -0.0094248    0.0251579    0.0110764
h     4.1463559   -3.5404772   -2.0477319  0.00   -0.0045818   -0.0006816    0.0031711
n     0.0390391   -2.6681059   -0.8144756  0.00   -0.0135760   -0.0228542   -0.0094688
h     0.8467504   -1.7217133   -2.5502009  0.00   -0.0036304   -0.0024723    0.0033036
h     0.1004125   -2.4670691    0.2165933  0.00    0.0034443    0.0030581    0.0081458
h    -0.8708763   -2.3003789   -1.1748159  0.00   -0.0011713    0.0065151   -0.0017618
    24
 Energy =       0.0741137183
c     1.2407074    2.7285652    0.0618614  0.00    0.0104834    0.0165863    0.0069112
c    -0.0847281    2.8920204   -0.1938300  0.00   -0.0007805    0.0209097    0.0069992
c    -0.8189889    1.8381631   -0.6577059  0.00   -0.0220966    0.0150075    0.0018409
c     1.8320129    1.5116323   -0.1340314  0.00    0.0165652   -0.0031624    0.0017044
c     1.1065084    0.4404448   -0.6008621  0.00    0.0023763   -0.0204782   -0.0062822
c    -0.2288056    0.6199670   -0.8684620  0.00   -0.0079926   -0.0122330   -0.0054369
o    -0.6832039    4.1349781    0.0163711  0.00   -0.0020922   -0.0022569   -0.0025873
h    -1.6796205    4.1260740   -0.1803940  0.00   -0.0017789   -0.0107132   -0.0024457
h    -0.8455552   -0.1821640   -1.2498419  0.00   -0.0029714   -0.0035748   -0.0011186
h     2.8921396    1.4021654    0.0945637  0.00    0.0025056   -0.0004512    0.0001316
h     1.8207631    3.5708031    0.4293542  0.00    0.0034077    0.0006156    0.0006537
h    -1.8769907    1.9671828   -0.8675282  0.00   -0.0015375    0.0030658    0.0007817
c     1.8425073   -0.8902657   -0.7239466  0.00    0.0050451   -0.0069722   -0.0074189
c     1.1780773   -2.0701163   -1.4911640  0.00    0.0148671    0.0302102   -0.0016227
h     2.1170549   -1.2357877    0.2995381  0.00    0.0007900   -0.0000731    0.0021305
h     2.8108825   -0.6648375   -1.2340308  0.00    0.0027069   -0.0039647   -0.0026416
c     2.2211556   -3.1691912   -1.7397123  0.00   -0.0171641   -0.0855581   -0.0088210
o     1.9121949   -4.4906875   -1.7284691  0.00    0.0203629    0.0558037    0.0047253
o     3.5433508   -2.7852165   -1.9339708  0.00   -0.0069020    0.0217620    0.0091238
h     4.1048110   -3.6241458   -2.0097966  0.00   -0.0032083   -0.0010719    0.0026176
n     0.0216965   -2.6405194   -0.7536955  0.00   -0.0050829   -0.0239140   -0.0111396
h     0.8568532   -1.7320234   -2.5001724  0.00   -0.0029138   -0.0020166    0.0025767
h     0.0267957   -2.3553200    0.2633644  0.00    0.0029630    0.0043410    0.0148413
h    -0.8846717   -2.3380827   -1.1908466  0.00   -0.0075525    0.0081386   -0.0055234
    24
 Energy =       0.0722974777
c     1.3271520    2.7249979    0.0517522  0.00    0.0094190    0.0150848    0.0062346
c     0.0059672    2.9179831   -0.2020102  0.00   -0.0005724    0.0183774    0.0061995
c    -0.7556193    1.8763659   -0.6476539  0.00   -0.0199581    0.0131764    0.0015407
c     1.8888552    1.4926262   -0.1314978  0.00    0.0150933   -0.0028026    0.0015761
c     1.1361151    0.4349176   -0.5828134  0.00    0.0020757   -0.0181878   -0.0057536
c    -0.1958189    0.6430777   -0.8446325  0.00   -0.0072010   -0.0113053   -0.0050047
o    -0.5573919    4.1810622   -0.0091161  0.00   -0.0015154   -0.0009429   -0.0020263
h    -1.5520190    4.2026131   -0.2145377  0.00   -0.0023688   -0.0092497   -0.0023491
h    -0.8344632   -0.1492577   -1.2109202  0.00   -0.0027861   -0.0035467   -0.0011300
h     2.9471042    1.3603017    0.0933054  0.00    0.0025107   -0.0004044    0.0001649
h     1.9282341    3.5585158    0.4055013  0.00    0.0031856    0.0008849    0.0006576
h    -1.8114325    2.0275385   -0.8543299  0.00   -0.0016406    0.0027179    0.0006184
c     1.8331266   -0.9181984   -0.6989489  0.00    0.0048346   -0.0058654   -0.0058095
c     1.1185192   -2.0690690   -1.4676694  0.00    0.0120160    0.0272347   -0.0015892
h     2.0919173   -1.2731204    0.3251479  0.00    0.0007905   -0.0002411    0.0020007
h     2.8109216   -0.7283802   -1.2065237  0.00    0.0030143   -0.0030380   -0.0023481
c     2.1163492   -3.1991421   -1.7580939  0.00   -0.0171475   -0.0752904   -0.0074399
o     1.7534418   -4.5119423   -1.7517643  0.00    0.0175730    0.0474201    0.0042275
o     3.4425420   -2.8629643   -2.0136349  0.00   -0.0040276    0.0211342    0.0075446
h     3.9685134   -3.7220524   -2.1298537  0.00   -0.0009601   -0.0030485    0.0019794
n    -0.0407358   -2.6100680   -0.7127401  0.00   -0.0050176   -0.0215321   -0.0101098
h     0.7887070   -1.7066787   -2.4662124  0.00   -0.0029151   -0.0017656    0.0019934
h    -0.0397761   -2.2960313    0.2951264  0.00    0.0024484    0.0038736    0.0139057
h    -0.9452626   -2.3194562   -1.1612872  0.00   -0.0068509    0.0073163   -0.0050830
    24
 Energy =       0.0713599207
c     1.3407111    2.7076143    0.1044425  0.00    0.0087668    0.0142366    0.0058385
c     0.0210676    2.9078613   -0.1490348  0.00   -0.0004321    0.0171128    0.0057798
c    -0.7413260    1.8760795   -0.6148789  0.00   -0.0186708    0.0121993    0.0013838
c     1.9001628    1.4777024   -0.0977017  0.00    0.0141428   -0.0025275    0.0015248
c     1.1463292    0.4301376   -0.5681407  0.00    0.0016833   -0.0168310   -0.0053337
c    -0.1839715    0.6456146   -0.8307183  0.00   -0.0066983   -0.0107399   -0.0046981
o    -0.5390792    4.1690037    0.0667483  0.00   -0.0014307   -0.0005479   -0.0017999
h    -1.5341719    4.1974691   -0.1349573  0.00   -0.0022639   -0.0085759   -0.0021779
h    -0.8228950   -0.1390040   -1.2142522  0.00   -0.0026413   -0.0035287   -0.0011634
h     2.9578211    1.3392803    0.1255555  0.00    0.0023707   -0.0003682    0.0001673
h     1.9423140    3.5339958    0.4736898  0.00    0.0030289    0.0009605    0.0006616
h    -1.7959664    2.0331441   -0.8227137  0.00   -0.0015544    0.0025080    0.0005597
c     1.8418682   -0.9204689   -0.7183186  0.00    0.0043988   -0.0055462   -0.0053146
c     1.1021255   -2.0577660   -1.4833523  0.00    0.0108905    0.0256925   -0.0014086
h     2.1252256   -1.2898770    0.2944378  0.00    0.0008890   -0.0003120    0.0022946
h     2.8069116   -0.7249018   -1.2479788  0.00    0.0031021   -0.0028202   -0.0023491
c     2.0858048   -3.1854358   -1.8250452  0.00   -0.0170407   -0.0702130   -0.0066937
o     1.7153543   -4.4982039   -1.8322307  0.00    0.0165849    0.0439007    0.0038306
o     3.4019289   -2.8504224   -2.1328348  0.00   -0.0028035    0.0202772    0.0067036
h     3.9191034   -3.7093851   -2.2886068  0.00    0.0000874   -0.0038225    0.0015754
n    -0.0366079   -2.6045355   -0.7015551  0.00   -0.0049899   -0.0201628   -0.0089785
h     0.7445883   -1.6784014   -2.4668463  0.00   -0.0029675   -0.0014720    0.0013010
h    -0.0205659   -2.2844233    0.3038297  0.00    0.0022748    0.0036482    0.0131781
h    -0.9517858   -2.3214389   -1.1329443  0.00   -0.0067268    0.0069317   -0.0048812
    24
 Energy =       0.0702500479
c     1.3603328    2.6889836    0.1534199  0.00    0.0076703    0.0125940    0.0051196
c     0.0430551    2.8984045   -0.0999531  0.00   -0.0003121    0.0149352    0.0050352
c    -0.7218611    1.8773503   -0.5829352  0.00   -0.0163966    0.0105912    0.0011540
c     1.9154438    1.4610607   -0.0652231  0.00    0.0124333   -0.0021268    0.0013845
c     1.1589514    0.4247739   -0.5522794  0.00    0.0012599   -0.0146180   -0.0046059
c    -0.1692933    0.6490802   -0.8146212  0.00   -0.0058624   -0.0095629   -0.0041370
o    -0.5105087    4.1592984    0.1357192  0.00   -0.0012109   -0.0002053   -0.0014852
h    -1.5053536    4.1985094   -0.0644803  0.00   -0.0020723   -0.0074820   -0.0019029
h    -0.8103853   -0.1274310   -1.2117362  0.00   -0.0023271   -0.0033133   -0.0011074
h     2.9722008    1.3153628    0.1564893  0.00    0.0021095   -0.0003128    0.0001600
h     1.9636151    3.5077534    0.5362017  0.00    0.0027009    0.0009513    0.0006192
h    -1.7751326    2.0414477   -0.7914652  0.00   -0.0013903    0.0021775    0.0004734
c     1.8497918   -0.9243572   -0.7338048  0.00    0.0038256   -0.0048561   -0.0044841
c     1.0837862   -2.0460516   -1.4959723  0.00    0.0090821    0.0227396   -0.0011001
h     2.1532748   -1.3086156    0.2676311  0.00    0.0009172   -0.0003333    0.0023482
h     2.8033800   -0.7256533   -1.2825520  0.00    0.0029384   -0.0024515   -0.0021538
c     2.0483462   -3.1728677   -1.8876220  0.00   -0.0162175   -0.0614732   -0.0054592
o     1.6651618   -4.4854745   -1.9038872  0.00    0.0146395    0.0380936    0.0032395
o     3.3520481   -2.8431009   -2.2523020  0.00   -0.0012544    0.0184068    0.0054017
h     3.8554334   -3.7028998   -2.4473600  0.00    0.0011131   -0.0043668    0.0010262
n    -0.0362863   -2.5952926   -0.6898560  0.00   -0.0046605   -0.0177056   -0.0075114
h     0.7024667   -1.6483089   -2.4639950  0.00   -0.0028539   -0.0011292    0.0006535
h    -0.0135360   -2.2602776    0.3096400  0.00    0.0020326    0.0032287    0.0117574
h    -0.9599845   -2.3280558   -1.1124633  0.00   -0.0061643    0.0062188   -0.0044256
    24
 Energy =       0.0691443981
c     1.3818621    2.6685059    0.2023131  0.00    0.0062066    0.0103245    0.0041471
c     0.0672684    2.8875802   -0.0499371  0.00   -0.0002068    0.0120354    0.0040391
c    -0.7009173    1.8775438   -0.5477471  0.00   -0.0133350    0.0085049    0.0008766
c     1.9319976    1.4429607   -0.0325065  0.00    0.0101161   -0.0016474    0.0011655
c     1.1723300    0.4185348   -0.5345944  0.00    0.0008387   -0.0117503   -0.0036596
c    -0.1540341    0.6516038   -0.7942628  0.00   -0.0047500   -0.0079004   -0.0033715
o    -0.4780246    4.1488961    0.2045642  0.00   -0.0008935    0.0000970   -0.0011052
h    -1.4720455    4.2014332    0.0044428  0.00   -0.0018105   -0.0060523   -0.0015484
h    -0.7985050   -0.1171131   -1.2015202  0.00   -0.0018827   -0.0029456   -0.0009494
h     2.9878689    1.2899057    0.1868351  0.00    0.0017436   -0.0002445    0.0001426
h     1.9872273    3.4795168    0.5973624  0.00    0.0022285    0.0008693    0.0005365
h    -1.7530076    2.0486578   -0.7554225  0.00   -0.0011543    0.0017558    0.0003698
c     1.8571674   -0.9291268   -0.7462758  0.00    0.0031336   -0.0039063   -0.0034675
c     1.0670054   -2.0328732   -1.5097684  0.00    0.0068196    0.0186329   -0.0006510
h     2.1753044   -1.3301459    0.2438518  0.00    0.0008678   -0.0003254    0.0021757
h     2.8012964   -0.7274418   -1.3094703  0.00    0.0025249   -0.0019707   -0.0017835
c     2.0107137   -3.1577863   -1.9497224  0.00   -0.0145625   -0.0499029   -0.0039015
o     1.6145278   -4.4712165   -1.9703465  0.00    0.0118979    0.0305755    0.0025393
o     3.2985865   -2.8331678   -2.3732436  0.00    0.0003369    0.0156073    0.0037909
h     3.7858865   -3.6931896   -2.6061131  0.00    0.0019085   -0.0045169    0.0004301
n    -0.0368227   -2.5848829   -0.6845959  0.00   -0.0036854   -0.0146470   -0.0060349
h     0.6668757   -1.6141029   -2.4619165  0.00   -0.0025473   -0.0007517    0.0000913
h    -0.0209397   -2.2240957    0.3049942  0.00    0.0017911    0.0027930    0.0101155
h    -0.9666751   -2.3463578   -1.1103276  0.00   -0.0055859    0.0053658   -0.0039475
    24
 Energy =       0.0681863503
c     1.4038731    2.6457726    0.2535067  0.00    0.0045959    0.0078114    0.0030835
c     0.0917806    2.8745233    0.0045045  0.00   -0.0001175    0.0088733    0.0029537
c    -0.6802979    1.8758337   -0.5067974  0.00   -0.0099703    0.0062677    0.0005919
c     1.9488766    1.4233036    0.0009402  0.00    0.0075664   -0.0011729    0.0009063
c     1.1856198    0.4112806   -0.5154417  0.00    0.0004737   -0.0086833   -0.0026543
c    -0.1394471    0.6526766   -0.7692136  0.00   -0.0035350   -0.0060509   -0.0025212
o    -0.4445447    4.1360777    0.2786667  0.00   -0.0005586    0.0003583   -0.0007121
h    -1.4374060    4.2032908    0.0783382  0.00   -0.0015050   -0.0044958   -0.0011647
h    -0.7882940   -0.1085659   -1.1841320  0.00   -0.0013983   -0.0025396   -0.0007068
h     3.0041011    1.2630191    0.2163889  0.00    0.0013337   -0.0001766    0.0001187
h     2.0117055    3.4486803    0.6602325  0.00    0.0016915    0.0007446    0.0004332
h    -1.7316246    2.0537110   -0.7112805  0.00   -0.0008879    0.0013064    0.0002632
c     1.8639132   -0.9344797   -0.7571024  0.00    0.0024152   -0.0028432   -0.0024512
c     1.0527873   -2.0178140   -1.5272762  0.00    0.0045085    0.0140145   -0.0001252
h     2.1910781   -1.3547897    0.2217699  0.00    0.0007652   -0.0003091    0.0018644
h     2.8009293   -0.7289018   -1.3297732  0.00    0.0019583   -0.0014412   -0.0013220
c     1.9761065   -3.1382679   -2.0140256  0.00   -0.0122841   -0.0373560   -0.0023328
o     1.5710154   -4.4541689   -2.0332551  0.00    0.0087922    0.0225354    0.0018745
o     3.2440074   -2.8154387   -2.4966910  0.00    0.0017364    0.0122867    0.0021200
h     3.7152681   -3.6740825   -2.7648662  0.00    0.0023291   -0.0042092   -0.0000869
n    -0.0370474   -2.5751201   -0.6887878  0.00   -0.0015957   -0.0119972   -0.0050936
h     0.6382729   -1.5750917   -2.4628693  0.00   -0.0020895   -0.0003682   -0.0003836
h    -0.0456237   -2.1750996    0.2852175  0.00    0.0016142    0.0028016    0.0092506
h    -0.9701028   -2.3827100   -1.1314602  0.00   -0.0058383    0.0046434   -0.0039058
    24
 Energy =       0.0674715363
c     1.4257252    2.6210978    0.3073965  0.00    0.0032166    0.0056596    0.0021868
c     0.1156385    2.8599411    0.0639694  0.00   -0.0000532    0.0061846    0.0020352
c    -0.6614401    1.8732273   -0.4601939  0.00   -0.0070946    0.0043837    0.0003598
c     1.9649432    1.4018716    0.0351471  0.00    0.0053957   -0.0008081    0.0006733
c     1.1970729    0.4028370   -0.4951729  0.00    0.0002476   -0.0061168   -0.0018343
c    -0.1272506    0.6529296   -0.7405033  0.00   -0.0025065   -0.0044684   -0.0017916
o    -0.4114028    4.1211326    0.3591162  0.00   -0.0003071    0.0005680   -0.0003829
h    -1.4030899    4.2028960    0.1593693  0.00   -0.0012189   -0.0031554   -0.0008352
h    -0.7814659   -0.1005003   -1.1621117  0.00   -0.0010091   -0.0022197   -0.0004610
h     3.0197196    1.2339435    0.2453496  0.00    0.0009860   -0.0001252    0.0000965
h     2.0369601    3.4151507    0.7254644  0.00    0.0012272    0.0006286    0.0003439
h    -1.7123387    2.0582189   -0.6593398  0.00   -0.0006668    0.0009284    0.0001734
c     1.8679249   -0.9411140   -0.7655097  0.00    0.0018133   -0.0018854   -0.0016220
c     1.0405564   -2.0014483   -1.5495901  0.00    0.0026666    0.0099623    0.0003654
h     2.1968239   -1.3830998    0.2029319  0.00    0.0006459   -0.0003088    0.0015553
h     2.8017424   -0.7309772   -1.3408527  0.00    0.0014042   -0.0009367   -0.0008820
c     1.9471778   -3.1124333   -2.0829161  0.00   -0.0100549   -0.0267451   -0.0010985
o     1.5432029   -4.4331883   -2.0957399  0.00    0.0060299    0.0157249    0.0013968
o     3.1903434   -2.7830805   -2.6229641  0.00    0.0028445    0.0092840    0.0006727
h     3.6493057   -3.6373071   -2.9236193  0.00    0.0024071   -0.0036316   -0.0004372
n    -0.0367758   -2.5706573   -0.7044801  0.00    0.0011679   -0.0103198   -0.0045904
h     0.6145323   -1.5317064   -2.4671389  0.00   -0.0016129    0.0000092   -0.0007983
h    -0.0838786   -2.1275762    0.2496642  0.00    0.0014128    0.0033450    0.0091712
h    -0.9690800   -2.4365187   -1.1716833  0.00   -0.0069414    0.0040427   -0.0042972
    24
 Energy =       0.0670016506
c     1.4509495    2.5953483    0.3603848  0.00    0.0023541    0.0042734    0.0016324
c     0.1420893    2.8459836    0.1265204  0.00   -0.0000328    0.0044683    0.0014534
c    -0.6435408    1.8717178   -0.4064392  0.00   -0.0052755    0.0032050    0.0002198
c     1.9813542    1.3777568    0.0686105  0.00    0.0040402   -0.0006192    0.0005171
c     1.2053064    0.3919856   -0.4719198  0.00    0.0002213   -0.0044890   -0.0013655
c    -0.1188480    0.6527498   -0.7049164  0.00   -0.0018840   -0.0034113   -0.0013370
o    -0.3735281    4.1073401    0.4418590  0.00   -0.0001705    0.0007144   -0.0001670
h    -1.3646049    4.2029780    0.2458570  0.00   -0.0010476   -0.0022711   -0.0006269
h    -0.7809707   -0.0920868   -1.1303250  0.00   -0.0008024   -0.0019831   -0.0002841
h     3.0359368    1.2005897    0.2711540  0.00    0.0007947   -0.0001070    0.0000843
h     2.0685737    3.3798220    0.7865796  0.00    0.0009332    0.0005502    0.0002899
h    -1.6943610    2.0653939   -0.5969879  0.00   -0.0005637    0.0006965    0.0001111
c     1.8650303   -0.9524920   -0.7664211  0.00    0.0014272   -0.0010417   -0.0010022
c     1.0274105   -1.9840982   -1.5774472  0.00    0.0015028    0.0072496    0.0006810
h     2.1824361   -1.4194766    0.1940534  0.00    0.0005964   -0.0003809    0.0014718
h     2.8037924   -0.7401507   -1.3323943  0.00    0.0010762   -0.0004355   -0.0005516
c     1.9232148   -3.0784538   -2.1592138  0.00   -0.0085586   -0.0201252   -0.0003258
o     1.5334707   -4.4064794   -2.1656579  0.00    0.0041160    0.0112277    0.0011374
o     3.1378149   -2.7307707   -2.7509597  0.00    0.0037088    0.0073866   -0.0004240
h     3.5910801   -3.5763848   -3.0823724  0.00    0.0024107   -0.0032175   -0.0006828
n    -0.0409679   -2.5756910   -0.7373045  0.00    0.0032287   -0.0093325   -0.0040182
h     0.5938476   -1.4816380   -2.4744622  0.00   -0.0012686    0.0004180   -0.0012794
h    -0.1333978   -2.1022743    0.1987079  0.00    0.0010894    0.0037992    0.0089878
h    -0.9671416   -2.4980308   -1.2303122  0.00   -0.0078961    0.0034251   -0.0045218
    24
 Energy =       0.0663396416
c     1.4747664    2.5492843    0.4632550  0.00    0.0021684    0.0038830    0.0016170
c     0.1765545    2.8285784    0.2061614  0.00    0.0005047    0.0031104    0.0011482
c    -0.6071383    1.8909577   -0.3944503  0.00   -0.0041662    0.0007061   -0.0006414
c     1.9966436    1.3396578    0.1289366  0.00    0.0034745    0.0006115    0.0010542
c     1.2220730    0.3901827   -0.4758933  0.00   -0.0008218   -0.0032715   -0.0011033
c    -0.0910614    0.6803173   -0.7359578  0.00   -0.0020392   -0.0035812   -0.0014095
o    -0.3285598    4.0824857    0.5686596  0.00    0.0011599    0.0021649    0.0009327
h    -1.3126000    4.2050873    0.3516878  0.00   -0.0016142   -0.0013006   -0.0005604
h    -0.7518754   -0.0353047   -1.2155127  0.00   -0.0015871   -0.0031135   -0.0012151
h     3.0437691    1.1394121    0.3487518  0.00    0.0010043    0.0001938    0.0003086
h     2.0910030    3.3056912    0.9421928  0.00    0.0015787    0.0016512    0.0009652
h    -1.6497923    2.1077217   -0.6052384  0.00   -0.0009085    0.0000993   -0.0002071
c     1.8763337   -0.9437614   -0.8278748  0.00   -0.0000070   -0.0010950   -0.0006877
c     1.0013833   -1.9732430   -1.5994861  0.00    0.0005198    0.0043712   -0.0004885
h     2.2475913   -1.4234038    0.1083514  0.00    0.0009393   -0.0008339    0.0024370
h     2.7804551   -0.7152245   -1.4444420  0.00    0.0022444   -0.0001679   -0.0015122
c     1.8680639   -3.0725734   -2.2103902  0.00   -0.0076726   -0.0103356    0.0011702
o     1.4976141   -4.4098035   -2.1396559  0.00   -0.0003019    0.0027948    0.0021214
o     3.0335363   -2.7281835   -2.9003225  0.00    0.0081783    0.0069935   -0.0035751
h     3.4712636   -3.5772068   -3.2411256  0.00    0.0018692   -0.0018922   -0.0006651
n    -0.0350264   -2.5505670   -0.7112026  0.00    0.0046784   -0.0096746   -0.0028776
h     0.5371508   -1.4741344   -2.4825211  0.00   -0.0010387    0.0005403   -0.0012357
h    -0.1548358   -2.0054156    0.1829669  0.00    0.0009545    0.0055850    0.0104472
h    -0.9623658   -2.5569160   -1.2102972  0.00   -0.0091172    0.0025610   -0.0060231
    24
 Energy =       0.0658916723
c     1.4588286    2.5649258    0.4385756  0.00    0.0019582    0.0031273    0.0013504
c     0.1655538    2.8430646    0.1571261  0.00    0.0003237    0.0025456    0.0008934
c    -0.6058146    1.9047241   -0.4569190  0.00   -0.0035202    0.0005605   -0.0005824
c     1.9881988    1.3562120    0.1147196  0.00    0.0029726    0.0004594    0.0008854
c     1.2256339    0.4054856   -0.5015639  0.00   -0.0004932   -0.0026543   -0.0009276
c    -0.0822469    0.6948641   -0.7878832  0.00   -0.0019394   -0.0027280   -0.0011887
o    -0.3466951    4.0972484    0.5081552  0.00    0.0011834    0.0017816    0.0007966
h    -1.3258370    4.2211664    0.2704715  0.00   -0.0016678   -0.0009759   -0.0005727
h    -0.7335436   -0.0214707   -1.2788191  0.00   -0.0014691   -0.0025644   -0.0010642
h     3.0319859    1.1578531    0.3514696  0.00    0.0009465    0.0001069    0.0002801
h     2.0654623    3.3224176    0.9271656  0.00    0.0013367    0.0013758    0.0008019
h    -1.6444616    2.1205933   -0.6877010  0.00   -0.0009407    0.0001079   -0.0002526
c     1.8915094   -0.9231500   -0.8507113  0.00   -0.0000310    0.0006157   -0.0000159
c     1.0039333   -1.9920825   -1.5547464  0.00    0.0004802    0.0030672   -0.0021248
h     2.3120812   -1.3738107    0.0803480  0.00    0.0013165   -0.0011595    0.0033846
h     2.7637891   -0.6897166   -1.5105881  0.00    0.0029176    0.0007178   -0.0017352
c     1.8557794   -3.1124030   -2.1487552  0.00   -0.0048102   -0.0017984    0.0027135
o     1.3926644   -4.4293944   -2.1758958  0.00   -0.0061258   -0.0082181    0.0023716
o     3.0748546   -2.8065683   -2.7654357  0.00    0.0115455    0.0098758   -0.0054154
h     3.4824719   -3.6664219   -3.1169727  0.00    0.0017701   -0.0024953   -0.0007867
n     0.0000399   -2.5399951   -0.6108453  0.00    0.0042985   -0.0111344   -0.0012206
h     0.5097159   -1.5343311   -2.4445441  0.00   -0.0010313    0.0008300   -0.0022870
h    -0.1259133   -1.9373716    0.2457493  0.00    0.0008478    0.0066571    0.0115906
h    -0.9330437   -2.6082006   -1.0958068  0.00   -0.0098686    0.0018996   -0.0068943
    24
 Energy =       0.0649013563
c     1.5135516    2.5164331    0.5262006  0.00    0.0014699    0.0028506    0.0013117
c     0.2281077    2.8323971    0.2500663  0.00    0.0003894    0.0016300    0.0006269
c    -0.5585032    1.9353599   -0.4049269  0.00   -0.0028195    0.0000610   -0.0007036
c     2.0203051    1.3111695    0.1561042  0.00    0.0025412    0.0004108    0.0008498
c     1.2417398    0.4010231   -0.4998988  0.00   -0.0008473   -0.0020075   -0.0006237
c    -0.0578196    0.7293319   -0.7818661  0.00   -0.0015628   -0.0027860   -0.0012318
o    -0.2594751    4.0829397    0.6489240  0.00    0.0012044    0.0026978    0.0013312
h    -1.2337760    4.2393489    0.4102341  0.00   -0.0017842   -0.0003693   -0.0004887
h    -0.7217584    0.0463905   -1.3028541  0.00   -0.0014270   -0.0028370   -0.0010877
h     3.0592232    1.0829445    0.3876229  0.00    0.0010422    0.0000784    0.0003225
h     2.1326710    3.2418626    1.0471565  0.00    0.0013078    0.0016144    0.0009718
h    -1.5913419    2.1814803   -0.6317644  0.00   -0.0010277    0.0000360   -0.0003073
c     1.8846894   -0.9231727   -0.9084144  0.00   -0.0001343   -0.0004844   -0.0001806
c     0.9598756   -1.9771253   -1.5845787  0.00    0.0012019    0.0037348   -0.0016467
h     2.3470213   -1.3945703   -0.0080160  0.00    0.0012980   -0.0010781    0.0031674
h     2.7243406   -0.6795307   -1.6048520  0.00    0.0025486    0.0002883   -0.0017614
c     1.7743040   -3.0920668   -2.2394366  0.00   -0.0006773    0.0015613    0.0012599
o     1.2678337   -4.3898034   -2.3346489  0.00   -0.0040519   -0.0087460    0.0005379
o     2.9926757   -2.7975268   -2.8541041  0.00    0.0053076    0.0075835   -0.0022351
h     3.3690346   -3.6528056   -3.2506151  0.00    0.0018023   -0.0035065   -0.0012800
n     0.0082203   -2.5345079   -0.5947754  0.00    0.0119861   -0.0118429    0.0009644
h     0.4204322   -1.5070061   -2.4408156  0.00   -0.0012729    0.0012057   -0.0026413
h    -0.1834255   -1.8634276    0.1989928  0.00    0.0007168    0.0111241    0.0138106
h    -0.9129796   -2.7354994   -1.0771413  0.00   -0.0172111   -0.0012188   -0.0109661
    24
 Energy =       0.0637042117
c     1.5568181    2.4535550    0.6291029  0.00    0.0024377    0.0030160    0.0020112
c     0.2903357    2.8222893    0.3290821  0.00    0.0006137    0.0017242    0.0009019
c    -0.5008657    1.9844338   -0.3981651  0.00   -0.0033481   -0.0012818   -0.0016802
c     2.0397723    1.2539080    0.2120169  0.00    0.0032818    0.0013579    0.0016776
c     1.2548990    0.4011736   -0.5130359  0.00   -0.0011271   -0.0021137   -0.0004603
c    -0.0234851    0.7850294   -0.8231245  0.00   -0.0026360   -0.0028801   -0.0021159
o    -0.1723337    4.0659226    0.7774961  0.00    0.0027731    0.0031959    0.0023014
h    -1.1336824    4.2652568    0.5164815  0.00   -0.0028676    0.0000842   -0.0008022
h    -0.6896175    0.1517248   -1.4029559  0.00   -0.0027577   -0.0033519   -0.0018810
h     3.0652005    0.9842969    0.4610595  0.00    0.0017283    0.0002486    0.0006833
h     2.1806686    3.1332261    1.2059096  0.00    0.0022622    0.0024516    0.0018445
h    -1.5183360    2.2735989   -0.6459986  0.00   -0.0018443   -0.0002173   -0.0007553
c     1.8749933   -0.9130515   -0.9855927  0.00   -0.0012366   -0.0009047   -0.0006004
c     0.9133623   -1.9668584   -1.6081943  0.00    0.0010204    0.0029874   -0.0023404
h     2.3988631   -1.3970433   -0.1252491  0.00    0.0018282   -0.0013378    0.0037757
h     2.6652532   -0.6543304   -1.7333305  0.00    0.0030806    0.0004300   -0.0025406
c     1.6886891   -3.0923710   -2.2900253  0.00    0.0008220    0.0028604    0.0008803
o     1.1249179   -4.3608957   -2.4365219  0.00   -0.0034780   -0.0080252   -0.0001678
o     2.9229580   -2.8331594   -2.8846241  0.00    0.0030239    0.0057006   -0.0011140
h     3.2658221   -3.6912090   -3.3035352  0.00    0.0012180   -0.0028552   -0.0010372
n     0.0102163   -2.5089844   -0.5677328  0.00    0.0108043   -0.0101188    0.0020246
h     0.3351025   -1.5062599   -2.4421829  0.00   -0.0008852    0.0007222   -0.0023470
h    -0.2304222   -1.7853847    0.1618734  0.00    0.0004315    0.0106730    0.0116168
h    -0.8941826   -2.8112287   -1.0261603  0.00   -0.0151450   -0.0023655   -0.0098748
    24
 Energy =       0.0622469154
c     1.5816666    2.3992390    0.7003775  0.00    0.0031640    0.0025384    0.0023482
c     0.3389746    2.8194420    0.3684123  0.00    0.0006059    0.0018443    0.0011001
c    -0.4454239    2.0414867   -0.4304255  0.00   -0.0035055   -0.0019830   -0.0022683
c     2.0467074    1.2065748    0.2459118  0.00    0.0036475    0.0018908    0.0021118
c     1.2659024    0.4112829   -0.5468126  0.00   -0.0012347   -0.0022816    0.0002816
c     0.0152337    0.8506597   -0.8946501  0.00   -0.0033542   -0.0020302   -0.0026148
o    -0.1055849    4.0542448    0.8569825  0.00    0.0036388    0.0025892    0.0025467
h    -1.0503335    4.2940691    0.5695393  0.00   -0.0033500    0.0003397   -0.0010122
h    -0.6414830    0.2690004   -1.5365879  0.00   -0.0038614   -0.0029112   -0.0021619
h     3.0549159    0.8972069    0.5190349  0.00    0.0021215    0.0002609    0.0008732
h     2.2017863    3.0330601    1.3316926  0.00    0.0027039    0.0025548    0.0022418
h    -1.4428804    2.3733546   -0.7066454  0.00   -0.0024077   -0.0002898   -0.0010959
c     1.8673929   -0.8897638   -1.0747374  0.00   -0.0022609    0.0008415    0.0000980
c     0.8715654   -1.9672733   -1.6003537  0.00    0.0012579    0.0026934   -0.0049033
h     2.4765783   -1.3660071   -0.2645221  0.00    0.0033720   -0.0019991    0.0055240
h     2.5840034   -0.6180499   -1.8920836  0.00    0.0047518    0.0015852   -0.0045151
c     1.6066702   -3.1126564   -2.2926393  0.00    0.0007468    0.0031100    0.0013056
o     0.9768972   -4.3433453   -2.4860701  0.00   -0.0042137   -0.0078551   -0.0005568
o     2.8675599   -2.9070393   -2.8520021  0.00    0.0037517    0.0049672   -0.0013200
h     3.1750531   -3.7727730   -3.2813725  0.00    0.0008493   -0.0023442   -0.0008855
n     0.0415730   -2.4776595   -0.4843384  0.00    0.0133953   -0.0114818    0.0066253
h     0.2356482   -1.5420449   -2.4108378  0.00   -0.0010371    0.0003043   -0.0037271
h    -0.2567837   -1.6948205    0.1595170  0.00   -0.0004184    0.0142498    0.0116572
h    -0.8406925   -2.9045492   -0.8907964  0.00   -0.0183628   -0.0065933   -0.0116525
    24
 Energy =       0.0605526892
c     1.5863562    2.3318216    0.7812213  0.00    0.0045050    0.0021099    0.0031902
c     0.3768190    2.8095209    0.4033540  0.00    0.0005330    0.0023309    0.0015312
c    -0.3857738    2.1001092   -0.4786619  0.00   -0.0043947   -0.0028192   -0.0035014
c     2.0384893    1.1482141    0.2921793  0.00    0.0046848    0.0027964    0.0032800
c     1.2762930    0.4196137   -0.5813551  0.00   -0.0012868   -0.0033598    0.0004618
c     0.0638478    0.9203609   -0.9795111  0.00   -0.0044805   -0.0011995   -0.0032997
o    -0.0555740    4.0325601    0.9303162  0.00    0.0051428    0.0019077    0.0032527
h    -0.9767965    4.3166455    0.6066378  0.00   -0.0044215    0.0007086   -0.0015413
h    -0.5680725    0.3977420   -1.6953410  0.00   -0.0052918   -0.0025548   -0.0033760
h     3.0214358    0.7936996    0.6028505  0.00    0.0030952    0.0003255    0.0014561
h     2.1910959    2.9128887    1.4768379  0.00    0.0036391    0.0028724    0.0031960
h    -1.3549628    2.4799207   -0.7945511  0.00   -0.0034167   -0.0002383   -0.0017559
c     1.8586635   -0.8688560   -1.1558499  0.00   -0.0023078    0.0016042   -0.0000809
c     0.8375527   -1.9629762   -1.5906420  0.00    0.0012418    0.0019964   -0.0050159
h     2.5385775   -1.3383255   -0.3994208  0.00    0.0036779   -0.0021972    0.0053111
h     2.5034737   -0.5900116   -2.0283170  0.00    0.0045796    0.0017346   -0.0047677
c     1.5352347   -3.1248115   -2.2934207  0.00    0.0004281    0.0020152    0.0008366
o     0.8576362   -4.3238980   -2.5111768  0.00   -0.0031244   -0.0054768   -0.0005274
o     2.8112398   -2.9659044   -2.8319520  0.00    0.0030320    0.0035668   -0.0009644
h     3.0889918   -3.8379538   -3.2676676  0.00    0.0005897   -0.0017288   -0.0006936
n     0.0786350   -2.4420004   -0.4127730  0.00    0.0110160   -0.0087438    0.0082203
h     0.1488705   -1.5658219   -2.3707997  0.00   -0.0010430   -0.0004614   -0.0039157
h    -0.2680454   -1.6291250    0.1622511  0.00   -0.0005635    0.0119282    0.0081466
h    -0.7790409   -2.9597743   -0.7576156  0.00   -0.0158341   -0.0071173   -0.0094429
    24
 Energy =       0.0589932392
c     1.5717731    2.2889577    0.8186512  0.00    0.0042710    0.0014790    0.0029485
c     0.3906189    2.8050319    0.4032590  0.00    0.0003441    0.0021444    0.0014141
c    -0.3444804    2.1425462   -0.5360092  0.00   -0.0040328   -0.0026221   -0.0034216
c     2.0215306    1.1123889    0.3116828  0.00    0.0043406    0.0027628    0.0032301
c     1.2847895    0.4306879   -0.6189771  0.00   -0.0014329   -0.0034054    0.0004703
c     0.1045790    0.9714189   -1.0561145  0.00   -0.0041028   -0.0005844   -0.0028754
o    -0.0406907    4.0188102    0.9511314  0.00    0.0048662    0.0011943    0.0029329
h    -0.9414833    4.3319419    0.5985943  0.00   -0.0041077    0.0007388   -0.0015159
h    -0.4977529    0.4881638   -1.8231607  0.00   -0.0048959   -0.0016244   -0.0033208
h     2.9816996    0.7268334    0.6544803  0.00    0.0030665    0.0002987    0.0015105
h     2.1559560    2.8336327    1.5591716  0.00    0.0033926    0.0024617    0.0030370
h    -1.2893594    2.5543099   -0.8834116  0.00   -0.0032340   -0.0001413   -0.0017319
c     1.8554132   -0.8505505   -1.2162065  0.00   -0.0017122    0.0026892    0.0003824
c     0.8202058   -1.9643958   -1.5585503  0.00    0.0018303    0.0014739   -0.0058458
h     2.5957285   -1.3014968   -0.5065089  0.00    0.0040110   -0.0022598    0.0051150
h     2.4325828   -0.5738673   -2.1354262  0.00    0.0044587    0.0019941   -0.0051319
c     1.4841848   -3.1367675   -2.2762700  0.00    0.0006228    0.0014018    0.0003077
o     0.7723102   -4.3132338   -2.5017171  0.00   -0.0023315   -0.0040718   -0.0005463
o     2.7645790   -3.0121673   -2.8121900  0.00    0.0022791    0.0027214   -0.0006469
h     3.0174309   -3.8887275   -3.2534695  0.00    0.0004911   -0.0014694   -0.0006264
n     0.1421448   -2.4184925   -0.3222117  0.00    0.0093942   -0.0059139    0.0111865
h     0.0752684   -1.5934092   -2.2998454  0.00   -0.0018456   -0.0006654   -0.0044604
h    -0.2370550   -1.5925112    0.2085535  0.00   -0.0004632    0.0095083    0.0054449
h    -0.6950270   -3.0054655   -0.5988624  0.00   -0.0152094   -0.0081104   -0.0078569
    24
 Energy =       0.0574471199
c     1.5420200    2.2461423    0.8536339  0.00    0.0046993    0.0008399    0.0032108
c     0.3959499    2.8014140    0.3906883  0.00    0.0000130    0.0022729    0.0014130
c    -0.3008239    2.1847820   -0.6077181  0.00   -0.0043189   -0.0025911   -0.0039814
c     1.9935659    1.0750716    0.3362442  0.00    0.0045947    0.0029169    0.0038596
c     1.2940650    0.4407881   -0.6549793  0.00   -0.0016168   -0.0037285    0.0000579
c     0.1519106    1.0204538   -1.1390001  0.00   -0.0044135   -0.0000411   -0.0029194
o    -0.0390237    4.0073865    0.9520061  0.00    0.0053970    0.0004084    0.0031380
h    -0.9140111    4.3501857    0.5629055  0.00   -0.0045863    0.0010263   -0.0018913
h    -0.4122428    0.5729426   -1.9563750  0.00   -0.0047536   -0.0009984   -0.0038457
h     2.9244428    0.6565012    0.7201526  0.00    0.0036188    0.0001849    0.0019944
h     2.0965334    2.7546063    1.6415034  0.00    0.0036082    0.0022793    0.0034040
h    -1.2162975    2.6284667   -0.9934959  0.00   -0.0035318    0.0000675   -0.0020350
c     1.8546049   -0.8373497   -1.2628527  0.00   -0.0009533    0.0031950    0.0006561
c     0.8100734   -1.9650079   -1.5176800  0.00    0.0023049    0.0010809   -0.0063194
h     2.6448242   -1.2678020   -0.5962691  0.00    0.0039955   -0.0022077    0.0045324
h     2.3694739   -0.5694755   -2.2203850  0.00    0.0040171    0.0020408   -0.0051036
c     1.4366074   -3.1450478   -2.2565353  0.00    0.0009243    0.0010879   -0.0002162
o     0.6934425   -4.3014943   -2.4807863  0.00   -0.0018264   -0.0032323   -0.0005728
o     2.7147514   -3.0502001   -2.8030859  0.00    0.0017920    0.0022372   -0.0004093
h     2.9413977   -3.9299659   -3.2519943  0.00    0.0004754   -0.0014209   -0.0006533
n     0.2170346   -2.3986870   -0.2309020  0.00    0.0077469   -0.0032543    0.0130044
h     0.0118034   -1.6115543   -2.2117248  0.00   -0.0026893   -0.0008278   -0.0045753
h    -0.1858708   -1.5693083    0.2733521  0.00   -0.0003645    0.0070613    0.0033602
h    -0.5992848   -3.0392091   -0.4401093  0.00   -0.0141328   -0.0083972   -0.0061081
    24
 Energy =       0.0559208816
c     1.5023248    2.2093959    0.8771212  0.00    0.0044904    0.0003065    0.0031060
c     0.3926114    2.7986469    0.3688210  0.00   -0.0002641    0.0021350    0.0012256
c    -0.2611176    2.2213310   -0.6806604  0.00   -0.0041279   -0.0022519   -0.0040609
c     1.9595166    1.0431275    0.3543144  0.00    0.0042938    0.0026849    0.0040244
c     1.3033801    0.4511416   -0.6904144  0.00   -0.0017794   -0.0034706   -0.0005910
c     0.1987346    1.0624799   -1.2172207  0.00   -0.0041765    0.0002395   -0.0027546
o    -0.0502220    3.9977090    0.9381599  0.00    0.0052928   -0.0001723    0.0031015
h    -0.8977531    4.3665776    0.5136465  0.00   -0.0045369    0.0011804   -0.0020535
h    -0.3257999    0.6417466   -2.0746973  0.00   -0.0039218   -0.0006143   -0.0037795
h     2.8588187    0.5944295    0.7777066  0.00    0.0036783    0.0000461    0.0022497
h     2.0225270    2.6860164    1.7068360  0.00    0.0034142    0.0019413    0.0034160
h    -1.1470004    2.6917902   -1.1017754  0.00   -0.0033184    0.0002181   -0.0020369
c     1.8558934   -0.8266993   -1.3002284  0.00   -0.0001743    0.0032065    0.0009041
c     0.8075916   -1.9648120   -1.4700533  0.00    0.0027281    0.0008712   -0.0065712
h     2.6894978   -1.2334869   -0.6742266  0.00    0.0037233   -0.0019719    0.0037042
h     2.3113375   -0.5727270   -2.2903305  0.00    0.0033368    0.0019332   -0.0047539
c     1.3921873   -3.1489689   -2.2366450  0.00    0.0012547    0.0008891   -0.0007114
o     0.6179499   -4.2850682   -2.4569175  0.00   -0.0014789   -0.0026473   -0.0005902
o     2.6639937   -3.0814571   -2.8012951  0.00    0.0014706    0.0019190   -0.0002301
h     2.8622148   -3.9625090   -3.2609824  0.00    0.0004868   -0.0014642   -0.0007251
n     0.3078282   -2.3841969   -0.1394643  0.00    0.0061949   -0.0009252    0.0138686
h    -0.0421520   -1.6219603   -2.1077808  0.00   -0.0036029   -0.0005347   -0.0043548
h    -0.1128621   -1.5589417    0.3540356  0.00   -0.0003366    0.0046372    0.0018028
h    -0.4845538   -3.0699260   -0.2813562  0.00   -0.0126470   -0.0081555   -0.0041898
    24
 Energy =       0.0544564703
c     1.4509902    2.1741219    0.8945108  0.00    0.0041123   -0.0001789    0.0029580
c     0.3829820    2.7969513    0.3383754  0.00   -0.0005358    0.0019388    0.0009578
c    -0.2200960    2.2572663   -0.7599892  0.00   -0.0038078   -0.0017843   -0.0040567
c     1.9167167    1.0121192    0.3700349  0.00    0.0037936    0.0022353    0.0040986
c     1.3129518    0.4618951   -0.7266006  0.00   -0.0018356   -0.0029338   -0.0014231
c     0.2490434    1.1025414   -1.2970417  0.00   -0.0037845    0.0004209   -0.0026621
o    -0.0708524    3.9898785    0.9114840  0.00    0.0050954   -0.0007076    0.0031367
h    -0.8856892    4.3853813    0.4485650  0.00   -0.0044462    0.0013736   -0.0022675
h    -0.2329891    0.7038155   -2.1894746  0.00   -0.0029051   -0.0005594   -0.0034265
h     2.7790120    0.5324812    0.8346116  0.00    0.0035566   -0.0001669    0.0024647
h     1.9298161    2.6193975    1.7650988  0.00    0.0030967    0.0015711    0.0033843
h    -1.0730902    2.7532665   -1.2174558  0.00   -0.0029597    0.0003685   -0.0019710
c     1.8585995   -0.8180789   -1.3316678  0.00    0.0005306    0.0028471    0.0010962
c     0.8113573   -1.9637222   -1.4160358  0.00    0.0027530    0.0007418   -0.0064853
h     2.7310177   -1.1980199   -0.7447988  0.00    0.0032200   -0.0015844    0.0027145
h     2.2560326   -0.5836448   -2.3502032  0.00    0.0024830    0.0016944   -0.0041243
c     1.3480217   -3.1514236   -2.2118840  0.00    0.0013909    0.0007636   -0.0010810
o     0.5410887   -4.2658286   -2.4232055  0.00   -0.0012690   -0.0021996   -0.0005692
o     2.6101630   -3.1126503   -2.8002205  0.00    0.0013385    0.0016658   -0.0001330
h     2.7765864   -3.9944927   -3.2708455  0.00    0.0004888   -0.0015069   -0.0007983
n     0.4123141   -2.3703138   -0.0482955  0.00    0.0049325    0.0008378    0.0134206
h    -0.0860415   -1.6270834   -1.9904029  0.00   -0.0041948   -0.0000018   -0.0037484
h    -0.0223871   -1.5533687    0.4446368  0.00   -0.0003868    0.0026177    0.0007848
h    -0.3506012   -3.0968501   -0.1226031  0.00   -0.0106666   -0.0074527   -0.0022697
    24
 Energy =       0.0531678001
c     1.3874060    2.1397991    0.9048637  0.00    0.0034014   -0.0005155    0.0026402
c     0.3670303    2.7964897    0.3004215  0.00   -0.0006894    0.0016096    0.0006331
c    -0.1780492    2.2938647   -0.8442107  0.00   -0.0031711   -0.0012183   -0.0037564
c     1.8639577    0.9819944    0.3809933  0.00    0.0029283    0.0015375    0.0038327
c     1.3211667    0.4734724   -0.7648755  0.00   -0.0015797   -0.0020768   -0.0021335
c     0.3014914    1.1422094   -1.3784692  0.00   -0.0030732    0.0004580   -0.0024751
o    -0.1001383    3.9837261    0.8743322  0.00    0.0045607   -0.0010963    0.0030937
h    -0.8759680    4.4073439    0.3712760  0.00   -0.0040639    0.0015001   -0.0023888
h    -0.1361524    0.7630980   -2.3014956  0.00   -0.0018591   -0.0007304   -0.0026730
h     2.6835872    0.4704074    0.8863758  0.00    0.0030403   -0.0003848    0.0024319
h     1.8178804    2.5534247    1.8147067  0.00    0.0025344    0.0011511    0.0031382
h    -0.9944270    2.8149772   -1.3379885  0.00   -0.0023686    0.0004628   -0.0017531
c     1.8610350   -0.8103630   -1.3606866  0.00    0.0009729    0.0022657    0.0011473
c     0.8216967   -1.9627756   -1.3561010  0.00    0.0021456    0.0005667   -0.0059412
h     2.7696864   -1.1590785   -0.8128279  0.00    0.0025846   -0.0010817    0.0017393
h     2.2000411   -0.6012645   -2.4045163  0.00    0.0015698    0.0013466   -0.0033005
c     1.3059302   -3.1550250   -2.1779451  0.00    0.0011367    0.0006837   -0.0011524
o     0.4675559   -4.2491750   -2.3693511  0.00   -0.0011118   -0.0016909   -0.0004427
o     2.5532279   -3.1449824   -2.7981894  0.00    0.0013757    0.0012793   -0.0001970
h     2.6857292   -4.0281636   -3.2766794  0.00    0.0004383   -0.0013444   -0.0007624
n     0.5310703   -2.3546962    0.0419259  0.00    0.0040477    0.0019094    0.0114745
h    -0.1188278   -1.6322555   -1.8618970  0.00   -0.0041051    0.0005637   -0.0028430
h     0.0840858   -1.5489527    0.5407810  0.00   -0.0004384    0.0012103    0.0002360
h    -0.1940691   -3.1204366    0.0361500  0.00   -0.0082761   -0.0064054   -0.0005480
    24
 Energy =       0.0522697236
c     1.3212328    2.1109625    0.9059418  0.00    0.0023675   -0.0006373    0.0019758
c     0.3505059    2.7999233    0.2584617  0.00   -0.0006361    0.0011318    0.0003049
c    -0.1371047    2.3304484   -0.9242518  0.00   -0.0021535   -0.0006120   -0.0028156
c     1.8067699    0.9554496    0.3854142  0.00    0.0017782    0.0006816    0.0028461
c     1.3244039    0.4835253   -0.8002509  0.00   -0.0007464   -0.0010750   -0.0018429
c     0.3497484    1.1792181   -1.4526945  0.00   -0.0020979    0.0004111   -0.0018805
o    -0.1276186    3.9840522    0.8295363  0.00    0.0034301   -0.0011959    0.0025399
h    -0.8611237    4.4356328    0.2896884  0.00   -0.0031615    0.0013893   -0.0021206
h    -0.0464210    0.8188992   -2.4008306  0.00   -0.0010803   -0.0006858   -0.0016828
h     2.5825211    0.4137714    0.9259812  0.00    0.0020840   -0.0005041    0.0018856
h     1.7033325    2.4960011    1.8480626  0.00    0.0016716    0.0006538    0.0023280
h    -0.9154952    2.8756531   -1.4508453  0.00   -0.0016424    0.0004808   -0.0013433
c     1.8592672   -0.8057454   -1.3844307  0.00    0.0009479    0.0015281    0.0008993
c     0.8348786   -1.9647797   -1.2961855  0.00    0.0010175    0.0002794   -0.0044163
h     2.7980742   -1.1224676   -0.8713824  0.00    0.0017482   -0.0005465    0.0009611
h     2.1460628   -0.6251742   -2.4479052  0.00    0.0007954    0.0008667   -0.0022281
c     1.2706421   -3.1633818   -2.1346249  0.00    0.0004706    0.0006559   -0.0006761
o     0.4105935   -4.2459230   -2.2903278  0.00   -0.0010511   -0.0011879   -0.0002033
o     2.4961846   -3.1745610   -2.7967942  0.00    0.0015594    0.0007624   -0.0004616
h     2.5986115   -4.0605902   -3.2766133  0.00    0.0003064   -0.0008536   -0.0005233
n     0.6465835   -2.3391373    0.1220171  0.00    0.0031387    0.0019291    0.0077660
h    -0.1396261   -1.6432737   -1.7380248  0.00   -0.0029549    0.0006742   -0.0017743
h     0.1882392   -1.5455293    0.6292049  0.00   -0.0003561    0.0005877    0.0000428
h    -0.0353159   -3.1393353    0.1774467  0.00   -0.0054354   -0.0047339    0.0004193
    24
 Energy =       0.0518015728
c     1.2562857    2.0879584    0.9008101  0.00    0.0013416   -0.0005954    0.0012119
c     0.3373735    2.8085548    0.2150090  0.00   -0.0004431    0.0006539    0.0000674
c    -0.0950983    2.3687229   -0.9987152  0.00   -0.0011085   -0.0001100   -0.0016042
c     1.7465566    0.9318094    0.3863009  0.00    0.0007935    0.0000086    0.0015478
c     1.3207863    0.4907773   -0.8304601  0.00    0.0002136   -0.0004027   -0.0007379
c     0.3938924    1.2146407   -1.5189174  0.00   -0.0011932    0.0003630   -0.0010787
o    -0.1467094    3.9931355    0.7799671  0.00    0.0020768   -0.0010581    0.0016843
h    -0.8342828    4.4732062    0.2066206  0.00   -0.0020428    0.0011242   -0.0015912
h     0.0376970    0.8744612   -2.4892851  0.00   -0.0006046   -0.0003225   -0.0009268
h     2.4782287    0.3620789    0.9569490  0.00    0.0010483   -0.0005012    0.0010868
h     1.5922941    2.4478039    1.8686676  0.00    0.0007907    0.0001994    0.0012512
h    -0.8330533    2.9384297   -1.5554781  0.00   -0.0009957    0.0004564   -0.0009016
c     1.8510185   -0.8048585   -1.4025308  0.00    0.0005944    0.0008067    0.0004282
c     0.8475440   -1.9711685   -1.2371121  0.00    0.0001367    0.0001095   -0.0024817
h     2.8151242   -1.0902626   -0.9210642  0.00    0.0009272   -0.0001503    0.0004418
h     2.0915405   -0.6536117   -2.4809166  0.00    0.0002886    0.0003780   -0.0011591
c     1.2403277   -3.1764408   -2.0863134  0.00   -0.0001747    0.0006830    0.0000143
o     0.3713685   -4.2578448   -2.1918298  0.00   -0.0012187   -0.0009844    0.0000601
o     2.4353040   -3.1977540   -2.8021022  0.00    0.0018999    0.0004402   -0.0008278
h     2.5128910   -4.0876974   -3.2785325  0.00    0.0001456   -0.0003427   -0.0002332
n     0.7552176   -2.3272237    0.1931220  0.00    0.0023358    0.0013853    0.0038342
h    -0.1547255   -1.6619292   -1.6189656  0.00   -0.0016128    0.0004106   -0.0008401
h     0.2819285   -1.5488077    0.7097476  0.00   -0.0002574    0.0005201   -0.0000060
h     0.1234372   -3.1603414    0.3016223  0.00   -0.0029411   -0.0030716    0.0007602
    24
 Energy =       0.0517021761
c     1.2211760    2.0784165    0.8971743  0.00    0.0000158   -0.0000267   -0.0000234
c     0.3345076    2.8171060    0.1915568  0.00   -0.0000090   -0.0000126   -0.0000219
c    -0.0675726    2.3919390   -1.0360835  0.00    0.0000155    0.0000511    0.0000876
c     1.7104884    0.9194999    0.3880667  0.00    0.0000142   -0.0000365   -0.0001039
c     1.3143803    0.4923126   -0.8418115  0.00    0.0001565   -0.0000622    0.0002267
c     0.4184638    1.2337375   -1.5498802  0.00   -0.0000161    0.0000337    0.0000494
o    -0.1485997    4.0048195    0.7507502  0.00    0.0000675   -0.0000488    0.0000118
h    -0.8057341    4.5021894    0.1595325  0.00   -0.0001150    0.0000699   -0.0000605
h     0.0855063    0.9055696   -2.5314884  0.00   -0.0000198    0.0000540    0.0000029
h     2.4167329    0.3353356    0.9734567  0.00   -0.0000354   -0.0000101   -0.0000680
h     1.5324955    2.4263422    1.8760778  0.00   -0.0000373   -0.0000343   -0.0000982
h    -0.7794995    2.9763417   -1.6090078  0.00   -0.0000415    0.0000385   -0.0000069
c     1.8422575   -0.8072083   -1.4072150  0.00   -0.0000529   -0.0001069   -0.0000506
c     0.8526116   -1.9773662   -1.2056975  0.00   -0.0000077    0.0000634    0.0002658
h     2.8170125   -1.0769825   -0.9409048  0.00   -0.0001148    0.0000152   -0.0000376
h     2.0617909   -0.6712092   -2.4908578  0.00   -0.0000207   -0.0000540    0.0001429
c     1.2243854   -3.1854463   -2.0599463  0.00   -0.0002177    0.0001269    0.0002589
o     0.3609298   -4.2734181   -2.1282792  0.00   -0.0003217   -0.0001919    0.0000603
o     2.3934286   -3.2035644   -2.8156870  0.00    0.0005362    0.0000647   -0.0002472
h     2.4604660   -4.0957866   -3.2888884  0.00   -0.0000057    0.0000429    0.0000267
n     0.8083516   -2.3248450    0.2261673  0.00    0.0002225   -0.0000801   -0.0005137
h    -0.1612282   -1.6751422   -1.5564976  0.00    0.0001474   -0.0000310    0.0000682
h     0.3195262   -1.5606091    0.7490898  0.00   -0.0000824    0.0002111    0.0000450
h     0.2130696   -3.1783930    0.3569657  0.00   -0.0000780   -0.0000765   -0.0000142
    24
 Energy =       0.0517006794
c     1.2180241    2.0771187    0.8986578  0.00    0.0000010    0.0000035    0.0000089
c     0.3340676    2.8170402    0.1909505  0.00    0.0000004    0.0000045    0.0000045
c    -0.0651015    2.3929028   -1.0381137  0.00   -0.0000061   -0.0000102   -0.0000222
c     1.7076782    0.9181021    0.3901261  0.00   -0.0000002    0.0000077    0.0000259
c     1.3145672    0.4920661   -0.8412790  0.00   -0.0000298    0.0000108   -0.0000476
c     0.4211852    1.2345480   -1.5512768  0.00   -0.0000003   -0.0000057   -0.0000135
o    -0.1492787    4.0049414    0.7495125  0.00   -0.0000049    0.0000043    0.0000061
h    -0.8032970    4.5038155    0.1562756  0.00    0.0000138   -0.0000085    0.0000047
h     0.0905941    0.9070559   -2.5339339  0.00    0.0000013   -0.0000115   -0.0000037
h     2.4118937    0.3330150    0.9771476  0.00    0.0000100    0.0000009    0.0000160
h     1.5270496    2.4242246    1.8787106  0.00    0.0000097    0.0000073    0.0000229
h    -0.7748580    2.9782515   -1.6126639  0.00    0.0000046   -0.0000065   -0.0000010
c     1.8430317   -0.8074117   -1.4061789  0.00    0.0000087    0.0000276    0.0000129
c     0.8536875   -1.9780149   -1.2039533  0.00    0.0000132   -0.0000047   -0.0000595
h     2.8181375   -1.0763190   -0.9398771  0.00    0.0000232   -0.0000034    0.0000060
h     2.0621858   -0.6714932   -2.4901090  0.00    0.0000032    0.0000081   -0.0000301
c     1.2259968   -3.1869619   -2.0571767  0.00   -0.0000852    0.0001053    0.0001035
o     0.3741377   -4.2850706   -2.1064567  0.00   -0.0002455   -0.0002121    0.0000415
o     2.3814616   -3.1948257   -2.8335086  0.00    0.0003277    0.0001171   -0.0001524
h     2.4505863   -4.0884226   -3.3039498  0.00   -0.0000081   -0.0000266   -0.0000066
n     0.8092220   -2.3237335    0.2287108  0.00   -0.0000268    0.0000156    0.0001003
h    -0.1602826   -1.6765517   -1.5555203  0.00   -0.0000295    0.0000049   -0.0000139
h     0.3166588   -1.5610352    0.7500705  0.00    0.0000120   -0.0000295   -0.0000026
h     0.2175987   -3.1796032    0.3604285  0.00    0.0000077    0.0000010   -0.0000001
    24
 Energy =       0.0517005888
c     1.2181520    2.0771891    0.8986323  0.00    0.0000000    0.0000000   -0.0000000
c     0.3341167    2.8170288    0.1909423  0.00   -0.0000000    0.0000000   -0.0000000
c    -0.0650931    2.3928009   -1.0380536  0.00   -0.0000000   -0.0000000    0.0000000
c     1.7078288    0.9181539    0.3901614  0.00    0.0000000    0.0000000   -0.0000000
c     1.3146650    0.4920073   -0.8411574  0.00   -0.0000000    0.0000000   -0.0000000
c     0.4212215    1.2344298   -1.5511603  0.00   -0.0000000   -0.0000000   -0.0000000
o    -0.1492710    4.0049418    0.7494474  0.00    0.0000000   -0.0000000    0.0000000
h    -0.8034802    4.5036755    0.1562864  0.00   -0.0000001    0.0000000   -0.0000000
h     0.0905988    0.9068939   -2.5337859  0.00   -0.0000000   -0.0000000    0.0000000
h     2.4120813    0.3331232    0.9771706  0.00    0.0000000    0.0000000   -0.0000000
h     1.5272016    2.4243652    1.8786275  0.00    0.0000000    0.0000000   -0.0000000
h    -0.7749063    2.9780930   -1.6126017  0.00   -0.0000000   -0.0000000    0.0000000
c     1.8431410   -0.8075021   -1.4059908  0.00   -0.0000000    0.0000000   -0.0000000
c     0.8537198   -1.9780483   -1.2040057  0.00    0.0000002    0.0000001   -0.0000001
h     2.8181150   -1.0764900   -0.9395162  0.00    0.0000000    0.0000000   -0.0000000
h     2.0625025   -0.6715530   -2.4898468  0.00   -0.0000000   -0.0000000   -0.0000000
c     1.2262788   -3.1870858   -2.0569892  0.00   -0.0000005    0.0000006    0.0000005
o     0.3754442   -4.2858217   -2.1050908  0.00   -0.0000016   -0.0000010   -0.0000001
o     2.3807138   -3.1943379   -2.8345138  0.00    0.0000020    0.0000005   -0.0000004
h     2.4501259   -4.0880300   -3.3047055  0.00   -0.0000001   -0.0000001   -0.0000000
n     0.8087737   -2.3236369    0.2286236  0.00    0.0000002   -0.0000000    0.0000001
h    -0.1600941   -1.6765884   -1.5559220  0.00   -0.0000001    0.0000000    0.0000000
h     0.3163309   -1.5607017    0.7497849  0.00   -0.0000000    0.0000001    0.0000000
h     0.2167799   -3.1792681    0.3602559  0.00   -0.0000001   -0.0000001    0.0000001
    24
 Energy =       0.0517005886
c     1.2181285    2.0771788    0.8986471  0.00    0.0000000   -0.0000000    0.0000000
c     0.3341168    2.8170274    0.1909371  0.00   -0.0000000    0.0000000    0.0000000
c    -0.0650657    2.3928059   -1.0380699  0.00   -0.0000000    0.0000000   -0.0000000
c     1.7078094    0.9181416    0.3901850  0.00    0.0000000    0.0000000    0.0000000
c     1.3146731    0.4920013   -0.8411448  0.00    0.0000000   -0.0000000   -0.0000000
c     0.4212525    1.2344324   -1.5511676  0.00   -0.0000000    0.0000000   -0.0000000
o    -0.1492754    4.0049429    0.7494332  0.00    0.0000000   -0.0000000    0.0000000
h    -0.8034647    4.5036839    0.1562566  0.00   -0.0000000    0.0000000   -0.0000000
h     0.0906520    0.9069018   -2.5338025  0.00   -0.0000000   -0.0000000   -0.0000000
h     2.4120427    0.3331037    0.9772101  0.00    0.0000000   -0.0000000    0.0000000
h     1.5271561    2.4243497    1.8786511  0.00    0.0000000    0.0000000    0.0000000
h    -0.7748597    2.9781054   -1.6126343  0.00   -0.0000000    0.0000000   -0.0000000
c     1.8431545   -0.8075098   -1.4059696  0.00   -0.0000000    0.0000000    0.0000000
c     0.8537293   -1.9780556   -1.2039954  0.00    0.0000000    0.0000000   -0.0000000
h     2.8181225   -1.0764963   -0.9394828  0.00    0.0000000   -0.0000000   -0.0000000
h     2.0625274   -0.6715595   -2.4898233  0.00   -0.0000000   -0.0000000   -0.0000000
c     1.2263098   -3.1871077   -2.0569526  0.00   -0.0000000    0.0000000    0.0000000
o     0.3756342   -4.2859767   -2.1048094  0.00   -0.0000001   -0.0000000    0.0000000
o     2.3805721   -3.1942279   -2.8347334  0.00    0.0000001    0.0000000   -0.0000000
h     2.4500214   -4.0879400   -3.3048822  0.00   -0.0000000   -0.0000000   -0.0000000
n     0.8087465   -2.3236195    0.2286393  0.00    0.0000000   -0.0000000    0.0000000
h    -0.1600748   -1.6766020   -1.5559437  0.00   -0.0000000   -0.0000000   -0.0000000
h     0.3162751   -1.5606837    0.7497723  0.00   -0.0000000    0.0000000    0.0000000
h     0.2167629   -3.1792577    0.3602725  0.00   -0.0000000   -0.0000000   -0.0000000
