    24
 Energy =       0.1500821212
c     0.0448833    2.3534058   -1.3813971  0.00   -0.0493284    0.0726255   -0.0494852
c     0.1418476    2.9248573   -0.1206726  0.00   -0.0476476    0.0978847   -0.0129168
c     0.7555652    2.2402731    0.9181560  0.00   -0.0006719    0.0524594    0.0794243
c     0.5800579    1.0803682   -1.5985351  0.00   -0.0080633   -0.0362704   -0.0686808
c     1.2047783    0.3610782   -0.5608861  0.00    0.0772644   -0.0975209    0.0514575
c     1.2772621    0.9610456    0.7017654  0.00    0.0226174   -0.0356476    0.0364660
o    -0.3596449    4.1638607    0.1435223  0.00   -0.0069823   -0.0149248   -0.0386523
h    -0.7857423    4.5034896   -0.6604687  0.00    0.0403043   -0.0552639    0.0424312
h     1.7275121    0.4624698    1.5506282  0.00   -0.0061163    0.0130993    0.0069004
h     0.4997167    0.6426498   -2.5929302  0.00   -0.0072433   -0.0525865   -0.0115852
h    -0.4370006    2.8749235   -2.2021886  0.00    0.0000963   -0.0019117   -0.0019693
h     0.8245662    2.6993933    1.9006814  0.00    0.0034507   -0.0018961    0.0035836
c     1.7669373   -1.0073413   -0.8964724  0.00   -0.0662908   -0.0293232    0.0090906
c     0.8861134   -2.0194266   -1.6556448  0.00    0.1502412    0.0594295    0.0360161
h     2.1212937   -1.4658931    0.0371405  0.00   -0.0065183    0.0110743   -0.0087195
h     2.6645729   -0.8285312   -1.5058794  0.00   -0.0097247    0.0008522    0.0068422
c    -0.2550706   -2.4993401   -0.7313897  0.00   -0.2435266   -0.3185924   -0.0150555
o    -0.8587891   -3.5562519   -0.8247086  0.00    0.1355834    0.2578450    0.0196841
o    -0.5457168   -1.5582366    0.2075950  0.00    0.0709764    0.0303277   -0.0534572
h    -0.5009462   -2.0340917    1.0754909  0.00    0.0219583    0.0073220   -0.0343817
n     0.2410616   -1.4915667   -2.9017470  0.00   -0.0831956    0.0102990   -0.0429635
h     1.4642165   -2.9122299   -1.9206526  0.00   -0.0184001    0.0164574   -0.0102891
h     0.7142380   -1.9162587   -3.7076332  0.00   -0.0174449    0.0083430    0.0305051
h    -0.7141630   -1.8528277   -2.9524509  0.00    0.0486617    0.0059183    0.0257549
    24
 Energy =       0.1325188466
c     0.1586779    2.3797254   -1.3418365  0.00   -0.0417540    0.0604857   -0.0422246
c     0.2304047    2.9040500   -0.0641074  0.00   -0.0401293    0.0822379   -0.0109731
c     0.8027093    2.1753400    0.9615836  0.00   -0.0001628    0.0442122    0.0671316
c     0.6748823    1.1112117   -1.5862992  0.00   -0.0083099   -0.0283056   -0.0581411
c     1.2288295    0.3375420   -0.5554073  0.00    0.0654745   -0.0819418    0.0447217
c     1.2888767    0.8926168    0.7222596  0.00    0.0196463   -0.0300209    0.0313204
o    -0.2518725    4.1495692    0.2319241  0.00   -0.0051598   -0.0124852   -0.0309328
h    -0.7087970    4.5200568   -0.5501773  0.00    0.0326168   -0.0454451    0.0343925
h     1.6968149    0.3458887    1.5655366  0.00   -0.0043339    0.0098934    0.0074113
h     0.6476439    0.7234002   -2.6043534  0.00   -0.0054268   -0.0413021   -0.0119976
h    -0.2782475    2.9466952   -2.1598662  0.00   -0.0007235   -0.0007779   -0.0034641
h     0.8561671    2.6028182    1.9597082  0.00    0.0030637   -0.0014657    0.0038213
c     1.7279004   -1.0557473   -0.9027166  0.00   -0.0548378   -0.0245460    0.0093169
c     0.7939212   -1.9991141   -1.6977703  0.00    0.1246490    0.0480407    0.0318159
h     2.0377869   -1.5578348    0.0288281  0.00   -0.0049105    0.0079907   -0.0059580
h     2.6484583   -0.9188117   -1.4938688  0.00   -0.0067938    0.0011202    0.0054882
c    -0.3526296   -2.4747173   -0.7920253  0.00   -0.2034648   -0.2670289   -0.0115848
o    -0.9494001   -3.5631117   -0.9216681  0.00    0.1137641    0.2148620    0.0157900
o    -0.6732139   -1.5583791    0.1656260  0.00    0.0569732    0.0347496   -0.0562336
h    -0.5046822   -2.0281555    1.0352726  0.00    0.0210584   -0.0014383   -0.0183445
n     0.1784864   -1.3980710   -2.9226941  0.00   -0.0707806    0.0080710   -0.0369165
h     1.3363803   -2.9099924   -1.9958168  0.00   -0.0149296    0.0121498   -0.0084688
h     0.6615105   -1.7764757   -3.7512419  0.00   -0.0140895    0.0065121    0.0232202
h    -0.7930580   -1.7226842   -3.0095670  0.00    0.0385609    0.0044322    0.0208096
    24
 Energy =       0.1321689680
c     0.2676830    2.3972326   -1.3138597  0.00   -0.0403555    0.0581222   -0.0412483
c     0.3140819    2.8902556   -0.0232859  0.00   -0.0388375    0.0796468   -0.0105921
c     0.8468461    2.1288129    0.9995423  0.00    0.0000314    0.0426899    0.0651989
c     0.7684592    1.1268651   -1.5722735  0.00   -0.0090650   -0.0252501   -0.0568338
c     1.2581783    0.3114337   -0.5417632  0.00    0.0631648   -0.0787164    0.0442317
c     1.3015513    0.8374646    0.7478960  0.00    0.0193210   -0.0293619    0.0306946
o    -0.1509518    4.1393151    0.2893267  0.00   -0.0046628   -0.0120077   -0.0290412
h    -0.6384868    4.5129505   -0.4747998  0.00    0.0308446   -0.0433175    0.0324225
h     1.6650936    0.2578859    1.5912629  0.00   -0.0036194    0.0086566    0.0083493
h     0.7867987    0.7699163   -2.6028526  0.00   -0.0043832   -0.0363209   -0.0126667
h    -0.1274454    2.9955770   -2.1322792  0.00   -0.0011695   -0.0001385   -0.0045547
h     0.8844709    2.5345299    2.0077877  0.00    0.0030671   -0.0014441    0.0041777
c     1.6907282   -1.1031029   -0.9019007  0.00   -0.0517606   -0.0237640    0.0101998
c     0.7195047   -1.9796703   -1.7387278  0.00    0.1189892    0.0446279    0.0329495
h     1.9537395   -1.6402575    0.0267683  0.00   -0.0042589    0.0064892   -0.0045908
h     2.6321038   -1.0055119   -1.4702376  0.00   -0.0052869    0.0015364    0.0050216
c    -0.4243815   -2.4727495   -0.8441533  0.00   -0.1955868   -0.2575477   -0.0102534
o    -1.0090084   -3.5708915   -0.9955719  0.00    0.1095037    0.2066335    0.0151621
o    -0.7683470   -1.5633076    0.1125933  0.00    0.0541233    0.0358447   -0.0565476
h    -0.5460221   -2.0139960    0.9827824  0.00    0.0209530   -0.0030312   -0.0155486
n     0.0973415   -1.3031458   -2.9227314  0.00   -0.0719512    0.0075052   -0.0360859
h     1.2328917   -2.8907118   -2.0939081  0.00   -0.0136802    0.0096839   -0.0085618
h     0.5802492   -1.6177226   -3.7809718  0.00   -0.0121085    0.0053041    0.0186342
h    -0.8775291   -1.6153524   -3.0273204  0.00    0.0367280    0.0041596    0.0194829
    24
 Energy =       0.1283550641
c     0.1527471    2.3889923   -1.3237643  0.00   -0.0400316    0.0575495   -0.0411474
c     0.2232385    2.8983264   -0.0403339  0.00   -0.0386131    0.0791782   -0.0106523
c     0.7962852    2.1588528    0.9773669  0.00    0.0001101    0.0423654    0.0648859
c     0.6693943    1.1248659   -1.5812254  0.00   -0.0100574   -0.0231349   -0.0570118
c     1.2229394    0.3388160   -0.5566402  0.00    0.0621293   -0.0771830    0.0447480
c     1.2833928    0.8794967    0.7262883  0.00    0.0194217   -0.0295608    0.0305943
o    -0.2618971    4.1409501    0.2707179  0.00   -0.0044269   -0.0118719   -0.0280349
h    -0.7206033    4.5252553   -0.5068900  0.00    0.0301463   -0.0425301    0.0313470
h     1.6942928    0.3222441    1.5645542  0.00   -0.0029959    0.0077493    0.0093116
h     0.6463344    0.7538512   -2.6067966  0.00   -0.0039051   -0.0322190   -0.0130148
h    -0.2835631    2.9664974   -2.1375489  0.00   -0.0015772    0.0003685   -0.0054235
h     0.8489993    2.5755786    1.9805839  0.00    0.0031304   -0.0015133    0.0043972
c     1.7315387   -1.0531541   -0.9138278  0.00   -0.0502503   -0.0239032    0.0112430
c     0.7937656   -1.9984729   -1.7112773  0.00    0.1165304    0.0425712    0.0351240
h     2.0494245   -1.5647201    0.0139939  0.00   -0.0036027    0.0050712   -0.0033891
h     2.6520447   -0.9053266   -1.5083714  0.00   -0.0035478    0.0021769    0.0044021
c    -0.3526323   -2.4745565   -0.8068143  0.00   -0.1932581   -0.2550211   -0.0094410
o    -0.9473224   -3.5707214   -0.9442349  0.00    0.1082857    0.2043920    0.0150351
o    -0.6805375   -1.5657875    0.1567226  0.00    0.0534480    0.0359220   -0.0560136
h    -0.4562678   -2.0218426    1.0239191  0.00    0.0207443   -0.0030369   -0.0153587
n     0.1841995   -1.3935062   -2.9417444  0.00   -0.0747158    0.0072485   -0.0364435
h     1.3372148   -2.9145251   -2.0081493  0.00   -0.0127193    0.0075256   -0.0087781
h     0.6663478   -1.7764757   -3.7756631  0.00   -0.0103180    0.0039253    0.0146334
h    -0.7917870   -1.7088186   -3.0295423  0.00    0.0360730    0.0039305    0.0189872
    24
 Energy =       0.1181894932
c     0.0691329    2.3769849   -1.3252846  0.00   -0.0348173    0.0503147   -0.0360042
c     0.1545085    2.8934904   -0.0490154  0.00   -0.0336883    0.0692679   -0.0094070
c     0.7524040    2.1673906    0.9586887  0.00    0.0000574    0.0370591    0.0567235
c     0.5936962    1.1213516   -1.5863928  0.00   -0.0092197   -0.0192374   -0.0499913
c     1.1878051    0.3571631   -0.5731377  0.00    0.0536079   -0.0668149    0.0395052
c     1.2605977    0.9020428    0.7032812  0.00    0.0169619   -0.0260762    0.0267373
o    -0.3454359    4.1337125    0.2641624  0.00   -0.0039402   -0.0103765   -0.0242413
h    -0.7928517    4.5329900   -0.5178461  0.00    0.0262906   -0.0369826    0.0271061
h     1.7064669    0.3569139    1.5321522  0.00   -0.0022809    0.0063092    0.0086379
h     0.5394038    0.7414302   -2.6067993  0.00   -0.0036954   -0.0260131   -0.0115577
h    -0.3948308    2.9431917   -2.1315608  0.00   -0.0015554    0.0005515   -0.0051336
h     0.8141620    2.5891651    1.9589514  0.00    0.0027623   -0.0013693    0.0039328
c     1.7555305   -1.0141529   -0.9261989  0.00   -0.0435567   -0.0210381    0.0102726
c     0.8399696   -2.0093983   -1.6838036  0.00    0.1007772    0.0359283    0.0331406
h     2.1200258   -1.5031365   -0.0012855  0.00   -0.0027499    0.0035082   -0.0020795
h     2.6537848   -0.8323998   -1.5482922  0.00   -0.0020762    0.0024396    0.0033792
c    -0.3193019   -2.4610771   -0.7822610  0.00   -0.1685448   -0.2226888   -0.0068318
o    -0.9184382   -3.5737500   -0.9188227  0.00    0.0947553    0.1783182    0.0134610
o    -0.6550227   -1.5632138    0.1915468  0.00    0.0406026    0.0396374   -0.0635431
h    -0.2975147   -1.9702764    1.0521118  0.00    0.0241493   -0.0104664    0.0004248
n     0.2741868   -1.4617769   -2.9591102  0.00   -0.0678244    0.0081666   -0.0325232
h     1.4055830   -2.9331435   -1.9189782  0.00   -0.0101775    0.0047091   -0.0079687
h     0.7642659   -1.9104184   -3.7602465  0.00   -0.0068909    0.0016157    0.0092606
h    -0.7105785   -1.7572635   -3.0505361  0.00    0.0310532    0.0032380    0.0166999
    24
 Energy =       0.1149808179
c     0.0870842    2.3804540   -1.3245941  0.00   -0.0343560    0.0496403   -0.0355267
c     0.1704241    2.8947020   -0.0476083  0.00   -0.0332375    0.0683457   -0.0092840
c     0.7647925    2.1660821    0.9598438  0.00    0.0000561    0.0365658    0.0559658
c     0.6097143    1.1246197   -1.5865209  0.00   -0.0091075   -0.0189680   -0.0493307
c     1.1983781    0.3573491   -0.5731750  0.00    0.0528660   -0.0659548    0.0390142
c     1.2698138    0.9000411    0.7038346  0.00    0.0167138   -0.0257584    0.0263830
o    -0.3284350    4.1355172    0.2664958  0.00   -0.0038789   -0.0102467   -0.0238982
h    -0.7807639    4.5340453   -0.5135325  0.00    0.0259264   -0.0364777    0.0267264
h     1.7108765    0.3512727    1.5328556  0.00   -0.0022493    0.0061953    0.0085288
h     0.5576625    0.7466984   -2.6075162  0.00   -0.0036431   -0.0256567   -0.0114071
h    -0.3736116    2.9490648   -2.1309581  0.00   -0.0015376    0.0005479   -0.0050723
h     0.8250319    2.5860149    1.9608954  0.00    0.0027290   -0.0013512    0.0038835
c     1.7589823   -1.0174513   -0.9245047  0.00   -0.0431164   -0.0207986    0.0102402
c     0.8395036   -2.0059622   -1.6863785  0.00    0.0992750    0.0355495    0.0326528
h     2.1119078   -1.5098203    0.0034343  0.00   -0.0028321    0.0034018   -0.0019269
h     2.6624509   -0.8423979   -1.5409155  0.00   -0.0020057    0.0024216    0.0033159
c    -0.3228114   -2.4502634   -0.7870288  0.00   -0.1661424   -0.2200700   -0.0063228
o    -0.9361678   -3.5569045   -0.9284937  0.00    0.0935389    0.1757997    0.0135374
o    -0.6607402   -1.5472256    0.1814801  0.00    0.0352028    0.0520667   -0.0840913
h    -0.4562678   -2.0306533    1.0678100  0.00    0.0289285   -0.0227374    0.0209766
n     0.2813234   -1.4552139   -2.9632523  0.00   -0.0669196    0.0080767   -0.0321011
h     1.4001119   -2.9334057   -1.9192376  0.00   -0.0100206    0.0046287   -0.0078570
h     0.7730334   -1.9052052   -3.7627163  0.00   -0.0067927    0.0015931    0.0091293
h    -0.7047442   -1.7455385   -3.0588945  0.00    0.0306029    0.0031865    0.0164641
    24
 Energy =       0.1006480003
c     0.0820491    2.3760522   -1.3223743  0.00   -0.0279514    0.0404794   -0.0289021
c     0.1640700    2.8857705   -0.0478830  0.00   -0.0270336    0.0556908   -0.0076492
c     0.7610209    2.1574587    0.9511559  0.00    0.0000537    0.0298431    0.0455487
c     0.6057584    1.1276974   -1.5902235  0.00   -0.0074335   -0.0154509   -0.0401596
c     1.1980917    0.3647553   -0.5850398  0.00    0.0429428   -0.0537402    0.0318542
c     1.2706807    0.9006894    0.6894453  0.00    0.0135760   -0.0209993    0.0214599
o    -0.3423102    4.1272878    0.2707777  0.00   -0.0031195   -0.0084185   -0.0193867
h    -0.8003760    4.5377302   -0.5062928  0.00    0.0210636   -0.0296945    0.0217167
h     1.7196287    0.3485299    1.5115493  0.00   -0.0017995    0.0049872    0.0069515
h     0.5491269    0.7518588   -2.6104655  0.00   -0.0031226   -0.0209574   -0.0093156
h    -0.3833832    2.9463716   -2.1237595  0.00   -0.0012579    0.0004600   -0.0041495
h     0.8197772    2.5741682    1.9530940  0.00    0.0022211   -0.0010891    0.0031691
c     1.7760705   -1.0040798   -0.9299570  0.00   -0.0354216   -0.0170252    0.0084742
c     0.8548845   -2.0051154   -1.6690646  0.00    0.0808905    0.0284787    0.0277928
h     2.1419817   -1.4881744   -0.0016380  0.00   -0.0024292    0.0026912   -0.0014203
h     2.6708975   -0.8265330   -1.5594489  0.00   -0.0015569    0.0020444    0.0026357
c    -0.3203392   -2.4230555   -0.7775453  0.00   -0.1345297   -0.1792637   -0.0047722
o    -0.9528790   -3.5419509   -0.9342220  0.00    0.0758079    0.1432636    0.0107825
o    -0.6869780   -1.5208647    0.1862021  0.00    0.0268501    0.0497637   -0.0814259
h    -0.6150209   -2.0363986    1.0795490  0.00    0.0253311   -0.0256466    0.0300248
n     0.3426130   -1.4787455   -2.9711287  0.00   -0.0546282    0.0085551   -0.0265767
h     1.4174838   -2.9425921   -1.8622631  0.00   -0.0077808    0.0030992   -0.0064647
h     0.8392402   -1.9675220   -3.7474671  0.00   -0.0045665    0.0005198    0.0062523
h    -0.6545393   -1.7375185   -3.0816774  0.00    0.0238940    0.0024093    0.0135601
    24
 Energy =       0.0901286855
c     0.0865636    2.3725333   -1.3112928  0.00   -0.0223274    0.0323716   -0.0231017
c     0.1651963    2.8736939   -0.0369805  0.00   -0.0215626    0.0445323   -0.0061962
c     0.7626597    2.1420464    0.9530992  0.00    0.0000607    0.0239238    0.0363784
c     0.6112629    1.1315494   -1.5876596  0.00   -0.0059584   -0.0124193   -0.0320888
c     1.2028169    0.3678431   -0.5909570  0.00    0.0343018   -0.0429964    0.0255086
c     1.2751335    0.8935648    0.6832260  0.00    0.0108329   -0.0167755    0.0171430
o    -0.3482065    4.1147236    0.2893757  0.00   -0.0023976   -0.0067964   -0.0153688
h    -0.8175923    4.5347857   -0.4817157  0.00    0.0166955   -0.0236787    0.0172832
h     1.7282033    0.3350880    1.4984278  0.00   -0.0014125    0.0039463    0.0055677
h     0.5541760    0.7616882   -2.6088230  0.00   -0.0026002   -0.0169053   -0.0074697
h    -0.3807028    2.9476399   -2.1072586  0.00   -0.0010144    0.0003767   -0.0033401
h     0.8187278    2.5525067    1.9573144  0.00    0.0017746   -0.0008466    0.0025562
c     1.7900555   -0.9972747   -0.9337117  0.00   -0.0285064   -0.0137006    0.0068298
c     0.8638994   -2.0017272   -1.6596269  0.00    0.0649336    0.0223862    0.0233087
h     2.1632819   -1.4793178   -0.0064652  0.00   -0.0020281    0.0021250   -0.0010880
h     2.6795993   -0.8199078   -1.5717597  0.00   -0.0012282    0.0016537    0.0020672
c    -0.3294902   -2.3948915   -0.7829097  0.00   -0.1066017   -0.1433753   -0.0034972
o    -0.9810797   -3.5221298   -0.9602736  0.00    0.0600321    0.1144870    0.0083044
o    -0.7280386   -1.4918929    0.1722850  0.00    0.0208442    0.0454355   -0.0746631
h    -0.7737741   -2.0239418    1.0585333  0.00    0.0204589   -0.0259317    0.0338416
n     0.4003677   -1.4920657   -2.9831315  0.00   -0.0432725    0.0087746   -0.0217687
h     1.4237117   -2.9490987   -1.8183342  0.00   -0.0058826    0.0019674   -0.0051759
h     0.8980055   -2.0163658   -3.7377565  0.00   -0.0027755   -0.0002939    0.0040732
h    -0.6072276   -1.7132300   -3.1122823  0.00    0.0176334    0.0017396    0.0108962
    24
 Energy =       0.0830582825
c     0.0962345    2.3686581   -1.2914939  0.00   -0.0177832    0.0258055   -0.0184673
c     0.1718169    2.8589344   -0.0157586  0.00   -0.0171152    0.0355311   -0.0050129
c     0.7715466    2.1225502    0.9644504  0.00    0.0000620    0.0191413    0.0290026
c     0.6224287    1.1348285   -1.5785419  0.00   -0.0047667   -0.0099979   -0.0256035
c     1.2127631    0.3672660   -0.5908680  0.00    0.0274140   -0.0343058    0.0203584
c     1.2860238    0.8814464    0.6843847  0.00    0.0086364   -0.0133789    0.0136881
o    -0.3504140    4.0970367    0.3212734  0.00   -0.0015230   -0.0056255   -0.0117513
h    -0.8471369    4.5174275   -0.4377568  0.00    0.0127996   -0.0185978    0.0133626
h     1.7422017    0.3155334    1.4924406  0.00   -0.0011024    0.0031114    0.0044670
h     0.5650841    0.7729507   -2.6014301  0.00   -0.0021459   -0.0135972   -0.0059750
h    -0.3730114    2.9498026   -2.0811668  0.00   -0.0008205    0.0003105   -0.0027046
h     0.8255242    2.5249920    1.9716733  0.00    0.0014134   -0.0006456    0.0020751
c     1.8021731   -0.9964417   -0.9349407  0.00   -0.0227481   -0.0109977    0.0054374
c     0.8695219   -1.9965866   -1.6579791  0.00    0.0523562    0.0174927    0.0197309
h     2.1753426   -1.4822417   -0.0090467  0.00   -0.0016772    0.0016798   -0.0008506
h     2.6908678   -0.8212124   -1.5755830  0.00   -0.0009933    0.0013139    0.0016307
c    -0.3491479   -2.3624101   -0.8043848  0.00   -0.0840500   -0.1144960   -0.0023863
o    -1.0222492   -3.4913046   -1.0057875  0.00    0.0470697    0.0911620    0.0063662
o    -0.7787190   -1.4547061    0.1372618  0.00    0.0166445    0.0410653   -0.0673908
h    -0.9325272   -1.9930877    1.0069397  0.00    0.0155773   -0.0253200    0.0352295
n     0.4605092   -1.4985460   -3.0015273  0.00   -0.0336518    0.0091400   -0.0180833
h     1.4209496   -2.9552170   -1.7840899  0.00   -0.0043166    0.0010746   -0.0040756
h     0.9540805   -2.0597544   -3.7340492  0.00   -0.0012316   -0.0010665    0.0023327
h    -0.5563134   -1.6740985   -3.1526970  0.00    0.0119522    0.0012008    0.0086199
    24
 Energy =       0.0789576587
c     0.0970105    2.3545491   -1.2634790  0.00   -0.0140473    0.0204521   -0.0150340
c     0.1803360    2.8372098    0.0122300  0.00   -0.0133441    0.0282660   -0.0043164
c     0.8075294    2.1068669    0.9761954  0.00    0.0002963    0.0150301    0.0234243
c     0.6322896    1.1311376   -1.5645850  0.00   -0.0038045   -0.0081631   -0.0205515
c     1.2390086    0.3658543   -0.5901864  0.00    0.0220463   -0.0274658    0.0162970
c     1.3293443    0.8751204    0.6833051  0.00    0.0069395   -0.0108070    0.0111538
o    -0.3708219    4.0611537    0.3661172  0.00    0.0078111   -0.0092128    0.0012612
h    -0.9860293    4.4287968   -0.3486057  0.00    0.0003133   -0.0090959    0.0003559
h     1.8027067    0.3082273    1.4807038  0.00   -0.0008059    0.0023792    0.0037266
h     0.5617938    0.7728731   -2.5869300  0.00   -0.0018131   -0.0108143   -0.0048394
h    -0.3910639    2.9348952   -2.0419532  0.00   -0.0007185    0.0003355   -0.0024322
h     0.8687211    2.5043806    1.9846910  0.00    0.0011335   -0.0005137    0.0017198
c     1.8222410   -0.9999870   -0.9370733  0.00   -0.0179645   -0.0088030    0.0041731
c     0.8775970   -1.9907293   -1.6587217  0.00    0.0430193    0.0134863    0.0176266
h     2.1912325   -1.4920672   -0.0123733  0.00   -0.0013850    0.0012922   -0.0006641
h     2.7116966   -0.8314178   -1.5791433  0.00   -0.0008008    0.0010456    0.0012712
c    -0.3795899   -2.3062997   -0.8379359  0.00   -0.0661396   -0.0920938   -0.0013239
o    -1.0878908   -3.4251083   -1.0575288  0.00    0.0361575    0.0726193    0.0050932
o    -0.8350628   -1.3762009    0.0739126  0.00    0.0133798    0.0375324   -0.0604053
h    -1.0912803   -1.9027998    0.9256861  0.00    0.0109795   -0.0244915    0.0355627
n     0.5400025   -1.5124596   -3.0285483  0.00   -0.0250346    0.0115987   -0.0155132
h     1.4082754   -2.9677561   -1.7399203  0.00   -0.0026557   -0.0002753   -0.0030779
h     1.0157565   -2.1306659   -3.7299281  0.00    0.0012431   -0.0030864   -0.0002323
h    -0.4862534   -1.6197537   -3.2046061  0.00    0.0051944    0.0007852    0.0067247
    24
 Energy =       0.0768802592
c     0.1438026    2.3591692   -1.2316034  0.00   -0.0122508    0.0176859   -0.0130633
c     0.2272680    2.8294584    0.0475387  0.00   -0.0115261    0.0241147   -0.0038463
c     0.8294454    2.0772671    1.0089508  0.00    0.0004272    0.0127773    0.0204042
c     0.6580308    1.1302342   -1.5398681  0.00   -0.0033563   -0.0069795   -0.0179013
c     1.2412834    0.3456807   -0.5691374  0.00    0.0193765   -0.0235921    0.0140648
c     1.3301573    0.8401216    0.7088306  0.00    0.0061643   -0.0094871    0.0097532
o    -0.2934078    4.0675704    0.4057427  0.00    0.0082144   -0.0086128    0.0032571
h    -0.8651721    4.4782272   -0.3243026  0.00   -0.0015623   -0.0063198   -0.0018938
h     1.7872159    0.2562686    1.5036950  0.00   -0.0005650    0.0018766    0.0034033
h     0.5903545    0.7841254   -2.5658001  0.00   -0.0015994   -0.0092917   -0.0042466
h    -0.3255565    2.9566100   -2.0086667  0.00   -0.0007731    0.0004833   -0.0023294
h     0.8913109    2.4652499    2.0210010  0.00    0.0009956   -0.0004348    0.0015467
c     1.8032946   -1.0283400   -0.9200573  0.00   -0.0151237   -0.0073326    0.0035248
c     0.8512566   -1.9905816   -1.6723831  0.00    0.0379983    0.0107780    0.0161973
h     2.1423176   -1.5402224    0.0063517  0.00   -0.0009742    0.0007702   -0.0000886
h     2.7097708   -0.8719100   -1.5421218  0.00   -0.0003246    0.0010671    0.0009383
c    -0.4408625   -2.2779553   -0.8947890  0.00   -0.0563191   -0.0794630   -0.0008440
o    -1.1686162   -3.3859776   -1.1473399  0.00    0.0299911    0.0619957    0.0043441
o    -0.9237166   -1.3368657   -0.0060447  0.00    0.0113306    0.0343011   -0.0549671
h    -1.2500334   -1.8554517    0.8246607  0.00    0.0083782   -0.0230254    0.0342973
n     0.5777734   -1.5010929   -3.0523127  0.00   -0.0190552    0.0122538   -0.0144670
h     1.3598097   -2.9812737   -1.7363979  0.00   -0.0019579   -0.0006476   -0.0023926
h     1.0328944   -2.1513762   -3.7392438  0.00    0.0020088   -0.0036390   -0.0007527
h    -0.4510715   -1.5431163   -3.2553800  0.00    0.0005026    0.0007213    0.0050614
    24
 Energy =       0.0765921830
c     0.2065943    2.3606699   -1.1978739  0.00   -0.0113698    0.0164021   -0.0120134
c     0.2938865    2.8200336    0.0843045  0.00   -0.0105465    0.0218714   -0.0036627
c     0.8701673    2.0459035    1.0434657  0.00    0.0004771    0.0116188    0.0188598
c     0.6932660    1.1227853   -1.5119914  0.00   -0.0031543   -0.0062955   -0.0166059
c     1.2495302    0.3170431   -0.5439249  0.00    0.0181871   -0.0212558    0.0128274
c     1.3424211    0.7995763    0.7375610  0.00    0.0058484   -0.0089651    0.0090133
o    -0.1933508    4.0717789    0.4469081  0.00    0.0079176   -0.0077527    0.0038945
h    -0.7360937    4.5120846   -0.2890210  0.00   -0.0022280   -0.0049870   -0.0026547
h     1.7803090    0.1983749    1.5306008  0.00   -0.0003626    0.0014801    0.0033236
h     0.6242528    0.7868314   -2.5405056  0.00   -0.0014996   -0.0084694   -0.0039520
h    -0.2425412    2.9755117   -1.9735222  0.00   -0.0008754    0.0006956   -0.0023547
h     0.9360298    2.4257678    2.0583071  0.00    0.0009160   -0.0003796    0.0014650
c     1.7754889   -1.0713126   -0.8975596  0.00   -0.0131749   -0.0063733    0.0029957
c     0.8115661   -1.9936057   -1.6874738  0.00    0.0359798    0.0083462    0.0160113
h     2.0721575   -1.6065372    0.0315498  0.00   -0.0005089   -0.0000064    0.0007509
h     2.7039078   -0.9374112   -1.4935011  0.00    0.0004556    0.0012758    0.0005766
c    -0.5225820   -2.2334152   -0.9621319  0.00   -0.0507504   -0.0734931   -0.0009812
o    -1.2769987   -3.3224732   -1.2400608  0.00    0.0259125    0.0561074    0.0041862
o    -1.0294476   -1.2626013   -0.1166443  0.00    0.0088992    0.0329798   -0.0509402
h    -1.4087865   -1.7578240    0.7046084  0.00    0.0067339   -0.0221544    0.0336431
n     0.6149322   -1.4928712   -3.0775750  0.00   -0.0120136    0.0158504   -0.0133027
h     1.2848921   -3.0037953   -1.7317078  0.00   -0.0012270   -0.0014579   -0.0017408
h     1.0214832   -2.1931734   -3.7492250  0.00    0.0041228   -0.0065085   -0.0024544
h    -0.4135350   -1.4355215   -3.3032642  0.00   -0.0077390    0.0014713    0.0031152
    24
 Energy =       0.0756048154
c     0.1838339    2.3569063   -1.1620769  0.00   -0.0104561    0.0150696   -0.0111368
c     0.2875687    2.8127528    0.1195803  0.00   -0.0097003    0.0201241   -0.0033575
c     0.8765408    2.0365293    1.0682106  0.00    0.0004490    0.0106652    0.0174098
c     0.6668757    1.1211045   -1.4863087  0.00   -0.0029450   -0.0057491   -0.0153148
c     1.2388780    0.3145448   -0.5290827  0.00    0.0167599   -0.0195460    0.0117948
c     1.3477729    0.7932257    0.7520331  0.00    0.0053957   -0.0082640    0.0083851
o    -0.1959505    4.0637374    0.4921980  0.00    0.0072807   -0.0070787    0.0036497
h    -0.7396498    4.5115967   -0.2383966  0.00   -0.0020854   -0.0045389   -0.0024798
h     1.7990380    0.1908900    1.5366874  0.00   -0.0002845    0.0013047    0.0031602
h     0.5789696    0.7873748   -2.5137465  0.00   -0.0014464   -0.0075667   -0.0037183
h    -0.2776444    2.9728380   -1.9294599  0.00   -0.0008466    0.0006854   -0.0022629
h     0.9550785    2.4135307    2.0832183  0.00    0.0008537   -0.0003324    0.0014356
c     1.7692961   -1.0703596   -0.8916165  0.00   -0.0119899   -0.0057989    0.0028022
c     0.8156596   -1.9846594   -1.7037901  0.00    0.0329698    0.0074095    0.0151236
h     2.0522299   -1.6160070    0.0358529  0.00   -0.0004342   -0.0000644    0.0008216
h     2.7060379   -0.9304052   -1.4731522  0.00    0.0005441    0.0012203    0.0004438
c    -0.5373188   -2.2157534   -1.0101863  0.00   -0.0467295   -0.0674966   -0.0002562
o    -1.2922381   -3.3019067   -1.3131737  0.00    0.0234982    0.0512548    0.0037476
o    -1.0594356   -1.2495654   -0.1679711  0.00    0.0085428    0.0310251   -0.0480111
h    -1.4775965   -1.7474639    0.6309864  0.00    0.0056150   -0.0210443    0.0322231
n     0.6591535   -1.4812976   -3.0973714  0.00   -0.0058607    0.0229888   -0.0026694
h     1.2800761   -2.9994553   -1.7374061  0.00   -0.0010385   -0.0015943   -0.0011775
h     1.1802364   -2.1281225   -3.7548150  0.00    0.0101718   -0.0136328   -0.0106073
h    -0.3598627   -1.5242154   -3.3888906  0.00   -0.0182635    0.0009596   -0.0000054
    24
 Energy =       0.0741162006
c     0.1343411    2.3635045   -1.2037919  0.00   -0.0103896    0.0150025   -0.0110458
c     0.2075334    2.8214942    0.0795891  0.00   -0.0094216    0.0195829   -0.0032010
c     0.8033643    2.0604414    1.0362012  0.00    0.0003121    0.0108928    0.0173091
c     0.6539930    1.1403298   -1.5216524  0.00   -0.0028521   -0.0060678   -0.0151485
c     1.2336273    0.3492768   -0.5566101  0.00    0.0167528   -0.0186277    0.0109857
c     1.3110301    0.8297254    0.7263033  0.00    0.0054503   -0.0082211    0.0084429
o    -0.3160507    4.0590042    0.4458091  0.00    0.0068597   -0.0060226    0.0041058
h    -0.8635033    4.4918775   -0.2911921  0.00   -0.0022180   -0.0042544   -0.0025326
h     1.7666929    0.2386470    1.5170316  0.00   -0.0002322    0.0012530    0.0031865
h     0.5955259    0.8053461   -2.5517787  0.00   -0.0013202   -0.0075482   -0.0040062
h    -0.3311676    2.9683635   -1.9775927  0.00   -0.0008750    0.0007504   -0.0022765
h     0.8568334    2.4385245    2.0526841  0.00    0.0007968   -0.0001133    0.0016830
c     1.8127374   -1.0171602   -0.9146915  0.00   -0.0109409   -0.0052756    0.0020351
c     0.8723433   -1.9801998   -1.6855541  0.00    0.0336215    0.0063895    0.0157384
h     2.1477155   -1.5387359    0.0110463  0.00    0.0002038   -0.0011644    0.0018800
h     2.7260534   -0.8460638   -1.5265366  0.00    0.0015943    0.0016919    0.0000113
c    -0.4398286   -2.2789792   -0.9366069  0.00   -0.0453131   -0.0691110   -0.0019078
o    -1.1698462   -3.3831625   -1.2397951  0.00    0.0221600    0.0499398    0.0039390
o    -0.9450373   -1.3663924   -0.0230078  0.00    0.0054877    0.0336217   -0.0447922
h    -1.3499733   -1.9062171    0.7566171  0.00    0.0047108   -0.0216041    0.0330297
n     0.6363922   -1.4856807   -3.0734818  0.00   -0.0044344    0.0248867   -0.0044787
h     1.3871104   -2.9712921   -1.7354927  0.00   -0.0001124   -0.0030688   -0.0003176
h     1.1253027   -2.1338984   -3.7546989  0.00    0.0105040   -0.0138757   -0.0116817
h    -0.3976400   -1.5329334   -3.3114759  0.00   -0.0203441    0.0009434   -0.0009579
    24
 Energy =       0.0722696310
c     0.0735830    2.3668455   -1.2125771  0.00   -0.0096441    0.0140042   -0.0101900
c     0.1198635    2.8186309    0.0740615  0.00   -0.0085403    0.0178609   -0.0028710
c     0.7235497    2.0669852    1.0322271  0.00    0.0001293    0.0104867    0.0160638
c     0.6278125    1.1595441   -1.5322072  0.00   -0.0025207   -0.0059339   -0.0140050
c     1.2169833    0.3786857   -0.5660546  0.00    0.0153233   -0.0165177    0.0097521
c     1.2663246    0.8522966    0.7203648  0.00    0.0051411   -0.0076429    0.0078711
o    -0.4407412    4.0405375    0.4417815  0.00    0.0059362   -0.0046398    0.0041911
h    -0.9861924    4.4677812   -0.2999177  0.00   -0.0020960   -0.0038477   -0.0023361
h     1.7295198    0.2682080    1.5118723  0.00   -0.0001794    0.0011097    0.0029586
h     0.5938655    0.8304424   -2.5657517  0.00   -0.0011518   -0.0071448   -0.0039681
h    -0.3977278    2.9651426   -1.9877888  0.00   -0.0008297    0.0007471   -0.0020973
h     0.7551474    2.4396792    2.0517346  0.00    0.0006803    0.0000862    0.0017630
c     1.8490199   -0.9637592   -0.9270619  0.00   -0.0092849   -0.0050177    0.0014645
c     0.9408668   -1.9651498   -1.6874665  0.00    0.0313334    0.0058199    0.0140050
h     2.2141772   -1.4708354   -0.0042183  0.00    0.0004782   -0.0016171    0.0019932
h     2.7498707   -0.7571262   -1.5474996  0.00    0.0021318    0.0017969   -0.0002457
c    -0.3437432   -2.3325169   -0.9198793  0.00   -0.0407728   -0.0655952   -0.0033389
o    -1.0473423   -3.4481932   -1.2568205  0.00    0.0196954    0.0447589    0.0031471
o    -0.8456562   -1.4824173    0.0574531  0.00    0.0036234    0.0350694   -0.0395952
h    -1.2646522   -2.0649702    0.7978004  0.00    0.0031592   -0.0215056    0.0323790
n     0.6635768   -1.4722974   -3.0680258  0.00   -0.0037512    0.0237952   -0.0045376
h     1.5022348   -2.9310614   -1.7508442  0.00    0.0006369   -0.0040904   -0.0000236
h     1.1331267   -2.1198804   -3.7621997  0.00    0.0098257   -0.0128858   -0.0111515
h    -0.3759178   -1.5207521   -3.2776598  0.00   -0.0193233    0.0009034   -0.0012285
    24
 Energy =       0.0714397355
c    -0.0152413    2.3606735   -1.1789067  0.00   -0.0091313    0.0134295   -0.0093784
c     0.0103988    2.7983537    0.1128640  0.00   -0.0077444    0.0163373   -0.0026934
c     0.6338077    2.0549327    1.0640602  0.00   -0.0001422    0.0103259    0.0150505
c     0.5790987    1.1757625   -1.5106755  0.00   -0.0021663   -0.0057836   -0.0130870
c     1.1902973    0.4034529   -0.5521299  0.00    0.0139799   -0.0145354    0.0091576
c     1.2176886    0.8626971    0.7398366  0.00    0.0049870   -0.0074476    0.0072457
o    -0.5929174    3.9973295    0.4929630  0.00    0.0048261   -0.0029687    0.0043279
h    -1.1449456    4.4193245   -0.2468634  0.00   -0.0020308   -0.0034237   -0.0021326
h     1.6995681    0.2855431    1.5254486  0.00   -0.0000228    0.0007975    0.0028127
h     0.5624861    0.8600876   -2.5485775  0.00   -0.0010383   -0.0064579   -0.0038041
h    -0.5021495    2.9533361   -1.9487970  0.00   -0.0008682    0.0008660   -0.0019761
h     0.6488825    2.4163316    2.0881060  0.00    0.0005515    0.0002816    0.0017989
c     1.8858015   -0.9050827   -0.9269736  0.00   -0.0075849   -0.0050807    0.0019374
c     1.0350382   -1.9357304   -1.7164616  0.00    0.0292477    0.0054998    0.0115110
h     2.2601466   -1.4113250   -0.0074555  0.00    0.0005202   -0.0016858    0.0018225
h     2.7865883   -0.6490647   -1.5309766  0.00    0.0031227    0.0019544   -0.0008322
c    -0.2423827   -2.3790311   -0.9746799  0.00   -0.0365229   -0.0609331   -0.0035843
o    -0.9096888   -3.5001616   -1.3785943  0.00    0.0165661    0.0382062    0.0014154
o    -0.7725596   -1.5975117    0.0468926  0.00    0.0027675    0.0367650   -0.0354821
h    -1.2066265   -2.2237232    0.7418191  0.00    0.0014538   -0.0217867    0.0323322
n     0.7578694   -1.4335862   -3.0928682  0.00   -0.0032855    0.0217515   -0.0043327
h     1.6439292   -2.8731923   -1.7867011  0.00    0.0013509   -0.0050534   -0.0003445
h     1.2145872   -2.0842207   -3.7916060  0.00    0.0091497   -0.0119577   -0.0104107
h    -0.2821278   -1.4693760   -3.2984003  0.00   -0.0179854    0.0008997   -0.0013539
    24
 Energy =       0.0701617875
c     0.0543928    2.3772784   -1.2400018  0.00   -0.0091298    0.0134598   -0.0092750
c     0.0715240    2.8229604    0.0492982  0.00   -0.0076148    0.0160082   -0.0027776
c     0.6668541    2.0730709    1.0138109  0.00   -0.0001025    0.0101215    0.0149472
c     0.6297623    1.1785806   -1.5560971  0.00   -0.0022256   -0.0054218   -0.0129645
c     1.2113079    0.4005474   -0.5839049  0.00    0.0138408   -0.0139385    0.0094014
c     1.2306125    0.8669664    0.7053408  0.00    0.0050566   -0.0076462    0.0071347
o    -0.5111735    4.0376407    0.4128205  0.00    0.0046979   -0.0026198    0.0045321
h    -1.0424749    4.4675282   -0.3378793  0.00   -0.0022864   -0.0030528   -0.0023966
h     1.6869157    0.2828936    1.5015179  0.00    0.0001801    0.0004995    0.0030101
h     0.6222193    0.8540307   -2.5923369  0.00   -0.0009625   -0.0056022   -0.0037349
h    -0.4100952    2.9747401   -2.0202980  0.00   -0.0010087    0.0010691   -0.0021384
h     0.6747896    2.4403662    2.0358162  0.00    0.0005537    0.0002738    0.0018216
c     1.8723881   -0.9304269   -0.9411785  0.00   -0.0069473   -0.0046480    0.0030316
c     0.9729416   -1.9622522   -1.6754192  0.00    0.0294111    0.0045608    0.0108227
h     2.2657669   -1.4183713   -0.0194099  0.00    0.0005748   -0.0016503    0.0021952
h     2.7593562   -0.7091881   -1.5802908  0.00    0.0040704    0.0022316   -0.0015318
c    -0.2825143   -2.3665169   -0.8737370  0.00   -0.0350435   -0.0594484   -0.0036522
o    -0.9844331   -3.4883646   -1.2198412  0.00    0.0146541    0.0350620    0.0008371
o    -0.7542676   -1.5571132    0.1573385  0.00    0.0018135    0.0377323   -0.0330292
h    -1.1936866   -2.1614835    0.8681364  0.00    0.0011098   -0.0217044    0.0320958
n     0.6505412   -1.4810318   -3.0500470  0.00   -0.0026925    0.0207143   -0.0057466
h     1.5619380   -2.9121111   -1.7510914  0.00    0.0015266   -0.0051742   -0.0006668
h     1.0990862   -2.1320774   -3.7533271  0.00    0.0089849   -0.0117567   -0.0102733
h    -0.3942020   -1.5318470   -3.2278967  0.00   -0.0184605    0.0009304   -0.0016426
    24
 Energy =       0.0677407748
c     0.1138814    2.3912405   -1.3081235  0.00   -0.0082609    0.0121116   -0.0083740
c     0.1149494    2.8435088   -0.0213488  0.00   -0.0067998    0.0141670   -0.0025542
c     0.6803061    2.0893629    0.9572694  0.00    0.0000296    0.0088271    0.0134881
c     0.6762790    1.1830690   -1.6077898  0.00   -0.0021125   -0.0045006   -0.0116402
c     1.2275359    0.4027901   -0.6214276  0.00    0.0124880   -0.0120709    0.0085967
c     1.2308009    0.8742736    0.6651040  0.00    0.0046232   -0.0070326    0.0064648
o    -0.4530296    4.0709805    0.3243350  0.00    0.0044437   -0.0023641    0.0046362
h    -0.9545849    4.5122170   -0.4406583  0.00   -0.0025476   -0.0021860   -0.0028074
h     1.6606724    0.2846903    1.4721773  0.00    0.0003411    0.0001920    0.0029584
h     0.6831399    0.8498387   -2.6421975  0.00   -0.0007061   -0.0043505   -0.0034630
h    -0.3274505    2.9917214   -2.0995143  0.00   -0.0010461    0.0011495   -0.0021333
h     0.6747090    2.4610921    1.9775632  0.00    0.0005198    0.0002317    0.0017339
c     1.8639894   -0.9439772   -0.9592603  0.00   -0.0056846   -0.0034304    0.0037548
c     0.9215585   -1.9822207   -1.6287581  0.00    0.0269192    0.0027014    0.0092733
h     2.2856850   -1.4083378   -0.0373986  0.00    0.0006949   -0.0015476    0.0026153
h     2.7299682   -0.7533508   -1.6371605  0.00    0.0046606    0.0023541   -0.0021716
c    -0.2984548   -2.3579915   -0.7609106  0.00   -0.0302376   -0.0537826   -0.0044762
o    -1.0386700   -3.4732356   -1.0610881  0.00    0.0116183    0.0291360    0.0005594
o    -0.6935463   -1.5451205    0.3023331  0.00    0.0002624    0.0366505   -0.0260642
h    -1.1605091   -2.1339695    1.0056598  0.00    0.0006773   -0.0200802    0.0286101
n     0.5427623   -1.5234424   -2.9965016  0.00   -0.0016819    0.0180850   -0.0071335
h     1.4978462   -2.9386522   -1.7122793  0.00    0.0015110   -0.0046653   -0.0008174
h     0.9847436   -2.1689473   -3.7071775  0.00    0.0080243   -0.0104858   -0.0091352
h    -0.5050328   -1.5997197   -3.1415245  0.00   -0.0177364    0.0008910   -0.0019207
    24
 Energy =       0.0645796812
c     0.1574630    2.4025192   -1.3770674  0.00   -0.0064699    0.0093208   -0.0066469
c     0.1345343    2.8593521   -0.0929647  0.00   -0.0052748    0.0108139   -0.0019939
c     0.6685734    2.1029547    0.8997347  0.00    0.0002244    0.0065289    0.0106299
c     0.7135975    1.1894667   -1.6602021  0.00   -0.0017716   -0.0031722   -0.0090957
c     1.2351428    0.4102154   -0.6600835  0.00    0.0097710   -0.0090462    0.0065612
c     1.2139615    0.8841839    0.6236779  0.00    0.0036845   -0.0054705    0.0052248
o    -0.4259953    4.0960384    0.2345173  0.00    0.0040128   -0.0022159    0.0046891
h    -0.8887592    4.5516397   -0.5470465  0.00   -0.0027103   -0.0009047   -0.0033393
h     1.6178656    0.2906401    1.4412380  0.00    0.0003815   -0.0000507    0.0025608
h     0.7394427    0.8485151   -2.6923908  0.00   -0.0003801   -0.0030150   -0.0029431
h    -0.2606103    3.0043553   -2.1796428  0.00   -0.0009384    0.0010496   -0.0018922
h     0.6427923    2.4772552    1.9185873  0.00    0.0004343    0.0001820    0.0015478
c     1.8611308   -0.9442423   -0.9776887  0.00   -0.0039561   -0.0017807    0.0035223
c     0.8885967   -1.9946588   -1.5800284  0.00    0.0213905    0.0004821    0.0069612
h     2.3166167   -1.3811208   -0.0581332  0.00    0.0008437   -0.0014139    0.0028248
h     2.7016464   -0.7773749   -1.6928202  0.00    0.0044652    0.0022008   -0.0023946
c    -0.2851381   -2.3574555   -0.6478409  0.00   -0.0225468   -0.0438802   -0.0057865
o    -1.0596430   -3.4640000   -0.9165260  0.00    0.0080137    0.0209875    0.0004029
o    -0.5957445   -1.5654147    0.4610862  0.00   -0.0002066    0.0341073   -0.0164744
h    -1.1157540   -2.1385705    1.1353739  0.00   -0.0007577   -0.0179268    0.0229940
n     0.4479302   -1.5575942   -2.9348475  0.00   -0.0002870    0.0142313   -0.0077064
h     1.4619688   -2.9506632   -1.6741295  0.00    0.0013075   -0.0035664   -0.0006595
h     0.8872990   -2.1894967   -3.6560837  0.00    0.0063085   -0.0082099   -0.0069926
h    -0.5993680   -1.6707248   -3.0453967  0.00   -0.0155387    0.0007489   -0.0019940
    24
 Energy =       0.0614814756
c     0.1886652    2.4124226   -1.4445671  0.00   -0.0041211    0.0056956   -0.0045105
c     0.1322016    2.8710582   -0.1632658  0.00   -0.0033409    0.0066788   -0.0012348
c     0.6317456    2.1131251    0.8437455  0.00    0.0004086    0.0037871    0.0070172
c     0.7445718    1.1980866   -1.7106939  0.00   -0.0012594   -0.0017390   -0.0059182
c     1.2349543    0.4213351   -0.6969242  0.00    0.0061623   -0.0055221    0.0037884
c     1.1795779    0.8948302    0.5840004  0.00    0.0024240   -0.0032870    0.0036781
o    -0.4282172    4.1134091    0.1457072  0.00    0.0033091   -0.0020433    0.0046088
h    -0.8446079    4.5846648   -0.6530493  0.00   -0.0025970    0.0004173   -0.0037444
h     1.5568352    0.2982553    1.4118480  0.00    0.0002906   -0.0002189    0.0019241
h     0.7946301    0.8511112   -2.7401884  0.00   -0.0001148   -0.0017923   -0.0022360
h    -0.2044118    3.0148855   -2.2586057  0.00   -0.0007172    0.0008057   -0.0014840
h     0.5780865    2.4878038    1.8612072  0.00    0.0003049    0.0001627    0.0013534
c     1.8629060   -0.9344111   -0.9939221  0.00   -0.0021705   -0.0003152    0.0023923
c     0.8739890   -2.0018645   -1.5310604  0.00    0.0143741   -0.0010650    0.0047612
h     2.3542297   -1.3406587   -0.0788108  0.00    0.0009493   -0.0012397    0.0026154
h     2.6759621   -0.7856434   -1.7426088  0.00    0.0034728    0.0017547   -0.0020789
c    -0.2425063   -2.3700340   -0.5372928  0.00   -0.0136471   -0.0273513   -0.0045133
o    -1.0124627   -3.4979590   -0.7577729  0.00    0.0036768    0.0113163    0.0011066
o    -0.4939228   -1.5952802    0.5969158  0.00    0.0011839    0.0253174   -0.0100442
h    -1.0777473   -2.1373862    1.2387192  0.00   -0.0028057   -0.0142309    0.0162705
n     0.3639370   -1.5830063   -2.8646008  0.00    0.0016439    0.0105700   -0.0071624
h     1.4543104   -2.9504134   -1.6432264  0.00    0.0011263   -0.0022709   -0.0002603
h     0.8117676   -2.1840155   -3.6034885  0.00    0.0045944   -0.0058474   -0.0046192
h    -0.6769448   -1.7544955   -2.9407428  0.00   -0.0131475    0.0004173   -0.0017098
    24
 Energy =       0.0607275374
c     0.2266751    2.4215473   -1.4599937  0.00   -0.0029920    0.0040861   -0.0032758
c     0.1598516    2.8749580   -0.1782006  0.00   -0.0023933    0.0047058   -0.0009450
c     0.6368648    2.1065892    0.8305408  0.00    0.0003804    0.0025339    0.0050718
c     0.7702884    1.2027412   -1.7248128  0.00   -0.0009494   -0.0011123   -0.0042633
c     1.2394965    0.4171914   -0.7097424  0.00    0.0043948   -0.0038871    0.0027340
c     1.1743879    0.8847640    0.5717692  0.00    0.0017659   -0.0023380    0.0026637
o    -0.3883773    4.1235556    0.1290951  0.00    0.0025623   -0.0016349    0.0037022
h    -0.7791284    4.6092242   -0.6735113  0.00   -0.0021300    0.0006402   -0.0031613
h     1.5347012    0.2794980    1.4004918  0.00    0.0002710   -0.0002547    0.0014885
h     0.8259228    0.8577029   -2.7542597  0.00   -0.0000552   -0.0012025   -0.0016120
h    -0.1498700    3.0318755   -2.2755352  0.00   -0.0005720    0.0006596   -0.0011691
h     0.5744730    2.4769573    1.8487473  0.00    0.0002342    0.0000975    0.0010104
c     1.8539595   -0.9441855   -1.0048928  0.00   -0.0014373   -0.0002570    0.0019775
c     0.8495700   -2.0067433   -1.5186918  0.00    0.0110508    0.0003882    0.0047526
h     2.3583051   -1.3458157   -0.0957548  0.00    0.0006732   -0.0008728    0.0019381
h     2.6547017   -0.8080278   -1.7677470  0.00    0.0026153    0.0012640   -0.0016004
c    -0.2290528   -2.3894885   -0.4928327  0.00   -0.0018183   -0.0101687   -0.0074999
o    -0.8750602   -3.6256713   -0.6044095  0.00   -0.0065409   -0.0147962   -0.0044672
o    -0.5707638   -1.5317777    0.5626299  0.00    0.0016640    0.0299425    0.0011380
h    -1.1657185   -2.0440277    1.2139452  0.00   -0.0024963   -0.0100491    0.0125932
n     0.2943817   -1.5770550   -2.8284105  0.00    0.0020281    0.0104160   -0.0048206
h     1.4289308   -2.9519170   -1.6604407  0.00    0.0011607   -0.0019163   -0.0001372
h     0.7674151   -2.1247860   -3.5931353  0.00    0.0051210   -0.0060042   -0.0052558
h    -0.7344051   -1.8112895   -2.8935256  0.00   -0.0125369   -0.0002399   -0.0008626
    24
 Energy =       0.0593622401
c     0.2885596    2.4298337   -1.4971565  0.00   -0.0017713    0.0024655   -0.0017233
c     0.2154501    2.8887491   -0.2187114  0.00   -0.0012874    0.0023579   -0.0006441
c     0.6591825    2.1121720    0.7975059  0.00    0.0002804    0.0011520    0.0028086
c     0.8049704    1.1981737   -1.7510779  0.00   -0.0004898   -0.0004851   -0.0023155
c     1.2434579    0.4069194   -0.7288668  0.00    0.0023801   -0.0019823    0.0016659
c     1.1726378    0.8791495    0.5492023  0.00    0.0011035   -0.0015237    0.0014312
o    -0.3059083    4.1523059    0.0770351  0.00    0.0015379   -0.0008541    0.0027123
h    -0.6599097    4.6525704   -0.7332164  0.00   -0.0016379    0.0010851   -0.0025302
h     1.5079299    0.2672145    1.3833138  0.00    0.0002459   -0.0004219    0.0009611
h     0.8609723    0.8455845   -2.7774154  0.00    0.0000127   -0.0006120   -0.0008981
h    -0.0637411    3.0458653   -2.3187787  0.00   -0.0004348    0.0005686   -0.0008048
h     0.5910259    2.4864688    1.8134810  0.00    0.0001322    0.0000375    0.0005497
c     1.8280159   -0.9696975   -1.0112114  0.00   -0.0003353   -0.0001499    0.0016619
c     0.7906722   -2.0184403   -1.4832754  0.00    0.0055488   -0.0011673    0.0020511
h     2.3446084   -1.3632786   -0.1064834  0.00    0.0003828   -0.0003968    0.0011164
h     2.6136171   -0.8646655   -1.7932968  0.00    0.0018619    0.0007315   -0.0013112
c    -0.2605414   -2.3729144   -0.4237623  0.00   -0.0009791   -0.0054409   -0.0030699
o    -0.9367748   -3.5900021   -0.5181802  0.00   -0.0034611   -0.0083290   -0.0025405
o    -0.5554356   -1.5166592    0.6399566  0.00    0.0025018    0.0186915   -0.0007350
h    -1.2036244   -1.9907420    1.2655250  0.00   -0.0033380   -0.0075452    0.0084712
n     0.2010600   -1.5875808   -2.7733371  0.00    0.0084139    0.0203849    0.0085189
h     1.3451987   -2.9754972   -1.6387503  0.00    0.0007967   -0.0014644   -0.0001432
h     0.7643396   -2.0196671   -3.5610414  0.00    0.0132085   -0.0105998   -0.0145260
h    -0.7882138   -1.9700426   -2.8701355  0.00   -0.0246725   -0.0065022   -0.0007064
    24
 Energy =       0.0582075700
c     0.3176438    2.4212067   -1.5832230  0.00   -0.0009070    0.0013207   -0.0011732
c     0.2239744    2.9112745   -0.3178223  0.00   -0.0005557    0.0009969   -0.0002383
c     0.6388888    2.1547784    0.7246166  0.00    0.0001348    0.0005328    0.0017431
c     0.8252480    1.1789572   -1.7978425  0.00   -0.0001547   -0.0002473   -0.0014962
c     1.2372662    0.4096555   -0.7492505  0.00    0.0012607   -0.0010089    0.0005796
c     1.1463796    0.9127700    0.5152689  0.00    0.0008421   -0.0007790    0.0010823
o    -0.2900536    4.1871748   -0.0624286  0.00    0.0006047    0.0000794    0.0021526
h    -0.6095580    4.6781641   -0.8919695  0.00   -0.0011225    0.0011790   -0.0019137
h     1.4616507    0.3180467    1.3695466  0.00    0.0001782   -0.0005655    0.0007914
h     0.8951014    0.7995853   -2.8138662  0.00    0.0000548   -0.0003450   -0.0008816
h    -0.0128044    3.0207923   -2.4257731  0.00   -0.0003603    0.0005580   -0.0007711
h     0.5543699    2.5535878    1.7301851  0.00    0.0000217    0.0001619    0.0006943
c     1.8170056   -0.9770787   -0.9873686  0.00    0.0001688   -0.0001220    0.0006110
c     0.7721385   -2.0373381   -1.4115151  0.00    0.0021551   -0.0013645    0.0006223
h     2.3416031   -1.3389296   -0.0741560  0.00    0.0002901   -0.0003683    0.0008972
h     2.5943527   -0.9036931   -1.7800190  0.00    0.0009945    0.0003995   -0.0009290
c    -0.2569139   -2.3668049   -0.3258550  0.00    0.0012736   -0.0039027   -0.0037152
o    -1.0081651   -3.5371450   -0.4398452  0.00   -0.0029170   -0.0078508   -0.0028205
o    -0.4538491   -1.5434523    0.7856392  0.00    0.0026788    0.0159342    0.0037838
h    -1.1490105   -1.9776378    1.3859066  0.00   -0.0033305   -0.0054571    0.0044425
n     0.1557842   -1.6362572   -2.6957057  0.00    0.0052363    0.0093797    0.0032016
h     1.3217990   -2.9975250   -1.5570032  0.00    0.0002057   -0.0006372   -0.0001461
h     0.7352123   -2.0270433   -3.4830639  0.00    0.0056456   -0.0049945   -0.0059689
h    -0.8005142   -2.0772686   -2.7931329  0.00   -0.0123980   -0.0028993   -0.0005478
    24
 Energy =       0.0575309832
c     0.2715610    2.3953287   -1.6640890  0.00   -0.0007957    0.0012766   -0.0013656
c     0.1569701    2.9222008   -0.4149579  0.00   -0.0003826    0.0007335   -0.0001660
c     0.5762293    2.2057073    0.6538846  0.00   -0.0000215    0.0006986    0.0018059
c     0.8043113    1.1565882   -1.8361379  0.00   -0.0000220   -0.0003604   -0.0017000
c     1.2223324    0.4281291   -0.7608088  0.00    0.0010600   -0.0009397    0.0002571
c     1.1099555    0.9679633    0.4870006  0.00    0.0009295   -0.0006753    0.0012328
o    -0.3832431    4.1958839   -0.2032050  0.00   -0.0000100    0.0010813    0.0021373
h    -0.6976303    4.6584398   -1.0507226  0.00   -0.0009494    0.0012156   -0.0017581
h     1.4316093    0.4068392    1.3619600  0.00    0.0003551   -0.0007783    0.0011075
h     0.8900427    0.7473396   -2.8395499  0.00    0.0000864   -0.0003751   -0.0011459
h    -0.0625583    2.9627076   -2.5276155  0.00   -0.0004379    0.0007382   -0.0010315
h     0.4754774    2.6336825    1.6462542  0.00   -0.0000463    0.0003331    0.0010132
c     1.8338116   -0.9529644   -0.9513060  0.00    0.0007908   -0.0002077   -0.0000649
c     0.8120946   -2.0492060   -1.3398992  0.00    0.0016554   -0.0010542    0.0012989
h     2.3648004   -1.2721685   -0.0252586  0.00    0.0006330   -0.0005493    0.0012693
h     2.6107012   -0.8903162   -1.7445097  0.00    0.0005615    0.0002133   -0.0005874
c    -0.2158286   -2.3570473   -0.2479210  0.00    0.0026974   -0.0038312   -0.0056892
o    -1.0462141   -3.4709897   -0.3945363  0.00   -0.0045033   -0.0100154   -0.0040414
o    -0.3163458   -1.5850332    0.9147386  0.00    0.0029821    0.0164884    0.0083841
h    -1.0353723   -1.9904857    1.5048227  0.00   -0.0026698   -0.0040500    0.0026654
n     0.1918232   -1.7049060   -2.6384229  0.00    0.0045945    0.0088063    0.0024561
h     1.3784675   -3.0045863   -1.4496185  0.00    0.0003064   -0.0011256   -0.0001029
h     0.8111178   -2.0598846   -3.4106430  0.00    0.0046767   -0.0038850   -0.0047213
h    -0.7265636   -2.2174026   -2.7481362  0.00   -0.0114906   -0.0037376   -0.0012534
    24
 Energy =       0.0566939194
c     0.2052545    2.3590995   -1.7430700  0.00   -0.0007071    0.0012436   -0.0012750
c     0.0613273    2.9201119   -0.5119257  0.00   -0.0002129    0.0004394   -0.0001312
c     0.4893011    2.2488615    0.5824560  0.00   -0.0002079    0.0008906    0.0015906
c     0.7763263    1.1319610   -1.8717738  0.00    0.0001339   -0.0005269   -0.0015979
c     1.2053501    0.4500122   -0.7706897  0.00    0.0008045   -0.0009301    0.0001127
c     1.0619528    1.0232618    0.4588553  0.00    0.0008552   -0.0007069    0.0011134
o    -0.5182179    4.1835051   -0.3446822  0.00   -0.0005756    0.0019086    0.0018453
h    -0.8311530    4.6134345   -1.2094758  0.00   -0.0007356    0.0011049   -0.0014471
h     1.3931279    0.4999484    1.3536767  0.00    0.0004915   -0.0008088    0.0011731
h     0.8843424    0.6946540   -2.8611421  0.00    0.0001184   -0.0003713   -0.0011292
h    -0.1362379    2.8899149   -2.6268193  0.00   -0.0004612    0.0008004   -0.0010704
h     0.3654203    2.7038608    1.5601999  0.00   -0.0001069    0.0004463    0.0010512
c     1.8616101   -0.9164635   -0.9128122  0.00    0.0012524   -0.0002725   -0.0003791
c     0.8735639   -2.0549709   -1.2652332  0.00    0.0016436   -0.0002664    0.0023335
h     2.3990156   -1.1874061    0.0252223  0.00    0.0008710   -0.0006080    0.0013834
h     2.6393867   -0.8578685   -1.7047412  0.00    0.0002332    0.0000415   -0.0002284
c    -0.1642483   -2.3318226   -0.1748097  0.00    0.0025952   -0.0025997   -0.0057573
o    -1.0780144   -3.3746543   -0.3519187  0.00   -0.0055647   -0.0102228   -0.0041839
o    -0.1686231   -1.6256270    1.0329798  0.00    0.0042702    0.0142571    0.0095082
h    -0.9150554   -1.9927811    1.6126402  0.00   -0.0023995   -0.0028446    0.0013256
n     0.2638882   -1.7818133   -2.5856082  0.00    0.0030233    0.0082510    0.0016860
h     1.4616512   -3.0020967   -1.3243465  0.00    0.0006589   -0.0017988   -0.0000787
h     0.9312527   -2.0950413   -3.3342980  0.00    0.0040814   -0.0028804   -0.0038530
h    -0.6036719   -2.3722608   -2.7113613  0.00   -0.0100612   -0.0045461   -0.0019915
    24
 Energy =       0.0559082582
c     0.1302072    2.3184971   -1.8108707  0.00   -0.0006734    0.0012092   -0.0010013
c    -0.0472450    2.9044516   -0.5960095  0.00   -0.0001046    0.0002222   -0.0001046
c     0.3923098    2.2764080    0.5189887  0.00   -0.0003487    0.0010119    0.0012379
c     0.7469730    1.1102781   -1.9029085  0.00    0.0002752   -0.0006987   -0.0012823
c     1.1900354    0.4731521   -0.7811660  0.00    0.0006816   -0.0010160    0.0000941
c     1.0105220    1.0698538    0.4320557  0.00    0.0007252   -0.0007900    0.0008668
o    -0.6735368    4.1499327   -0.4664828  0.00   -0.0008833    0.0022567    0.0014649
h    -0.9899061    4.5479132   -1.3449691  0.00   -0.0005950    0.0009464   -0.0011456
h     1.3518439    0.5819552    1.3427555  0.00    0.0004966   -0.0006594    0.0009711
h     0.8802016    0.6516297   -2.8793816  0.00    0.0001414   -0.0003525   -0.0009110
h    -0.2212059    2.8141222   -2.7108460  0.00   -0.0004284    0.0007347   -0.0009096
h     0.2414612    2.7509814    1.4834514  0.00   -0.0001452    0.0004776    0.0008658
c     1.8959336   -0.8715368   -0.8826268  0.00    0.0013831   -0.0002092   -0.0003988
c     0.9455702   -2.0513621   -1.1992861  0.00    0.0015229    0.0000178    0.0028479
h     2.4413400   -1.0950575    0.0632795  0.00    0.0009214   -0.0005609    0.0012525
h     2.6727410   -0.8104252   -1.6750615  0.00    0.0001470    0.0000139   -0.0000480
c    -0.1040922   -2.2969329   -0.1126234  0.00    0.0020493   -0.0009671   -0.0056672
o    -1.0973030   -3.2590423   -0.3182682  0.00   -0.0063001   -0.0096703   -0.0040284
o    -0.0207390   -1.6683568    1.1339968  0.00    0.0049597    0.0112965    0.0097092
h    -0.7860881   -2.0002074    1.7091078  0.00   -0.0018282   -0.0017824    0.0005784
n     0.3526896   -1.8502132   -2.5400634  0.00    0.0011839    0.0057895   -0.0001067
h     1.5564404   -2.9857784   -1.2059626  0.00    0.0008677   -0.0019945    0.0000133
h     1.0566960   -2.1337628   -3.2646475  0.00    0.0026470   -0.0017492   -0.0024065
h    -0.4672994   -2.5006801   -2.6711389  0.00   -0.0066953   -0.0035265   -0.0018920
    24
 Energy =       0.0552809115
c     0.0587496    2.2775274   -1.8685249  0.00   -0.0005995    0.0010421   -0.0007401
c    -0.1538278    2.8798277   -0.6675548  0.00   -0.0000345    0.0000793   -0.0000454
c     0.2962267    2.2903968    0.4639334  0.00   -0.0004213    0.0010076    0.0008958
c     0.7216805    1.0922628   -1.9304122  0.00    0.0003715   -0.0007949   -0.0009498
c     1.1775420    0.4955940   -0.7922559  0.00    0.0006249   -0.0010345    0.0000428
c     0.9601973    1.1066749    0.4071859  0.00    0.0005832   -0.0008060    0.0006763
o    -0.8276844    4.1029550   -0.5690566  0.00   -0.0009852    0.0022102    0.0011135
h    -1.1486592    4.4718209   -1.4582904  0.00   -0.0004847    0.0007585   -0.0008687
h     1.3091450    0.6494156    1.3305026  0.00    0.0003963   -0.0004547    0.0006889
h     0.8808340    0.6184553   -2.8956443  0.00    0.0001498   -0.0003394   -0.0006837
h    -0.3019650    2.7413893   -2.7813848  0.00   -0.0003585    0.0005900   -0.0006907
h     0.1166098    2.7774595    1.4170478  0.00   -0.0001708    0.0004704    0.0006702
c     1.9309579   -0.8242463   -0.8602416  0.00    0.0012287   -0.0001172   -0.0003809
c     1.0177413   -2.0407538   -1.1421395  0.00    0.0011158   -0.0002093    0.0024697
h     2.4846138   -1.0034436    0.0901449  0.00    0.0008584   -0.0004546    0.0010300
h     2.7048505   -0.7583262   -1.6551097  0.00    0.0001324    0.0000371    0.0000059
c    -0.0399038   -2.2604753   -0.0577565  0.00    0.0018435    0.0007418   -0.0041003
o    -1.0998461   -3.1416652   -0.2859463  0.00   -0.0058925   -0.0077591   -0.0032166
o     0.1110477   -1.7063750    1.2155359  0.00    0.0043605    0.0074274    0.0075439
h    -0.6670182   -2.0081859    1.7893675  0.00   -0.0012601   -0.0010166    0.0002695
n     0.4396832   -1.9056142   -2.4970770  0.00    0.0004676    0.0041494   -0.0008058
h     1.6503964   -2.9591826   -1.1031550  0.00    0.0007842   -0.0016763    0.0000982
h     1.1717705   -2.1626464   -3.2021004  0.00    0.0017291   -0.0010176   -0.0014032
h    -0.3355925   -2.6070454   -2.6257454  0.00   -0.0044386   -0.0028335   -0.0016197
    24
 Energy =       0.0548369253
c    -0.0101849    2.2363090   -1.9206478  0.00   -0.0005138    0.0008347   -0.0005447
c    -0.2596667    2.8482537   -0.7318267  0.00    0.0000145   -0.0000099    0.0000202
c     0.1996919    2.2942966    0.4135559  0.00   -0.0004642    0.0009484    0.0006184
c     0.6993191    1.0775285   -1.9566948  0.00    0.0004391   -0.0008276   -0.0006770
c     1.1665546    0.5183401   -0.8047792  0.00    0.0005955   -0.0009703   -0.0000371
c     0.9097853    1.1368251    0.3826906  0.00    0.0004703   -0.0007604    0.0005422
o    -0.9819158    4.0450888   -0.6599037  0.00   -0.0010212    0.0020271    0.0008192
h    -1.3074124    4.3869018   -1.5580653  0.00   -0.0003900    0.0005786   -0.0006279
h     1.2644225    0.7067271    1.3165961  0.00    0.0002804   -0.0002872    0.0004490
h     0.8854556    0.5932990   -2.9118816  0.00    0.0001556   -0.0003326   -0.0005052
h    -0.3793505    2.6707252   -2.8442960  0.00   -0.0002859    0.0004406   -0.0004938
h    -0.0104275    2.7882585    1.3567336  0.00   -0.0001915    0.0004488    0.0005204
c     1.9662584   -0.7740872   -0.8439027  0.00    0.0010400   -0.0000292   -0.0003729
c     1.0906645   -2.0243739   -1.0906556  0.00    0.0005978   -0.0005167    0.0018684
h     2.5284369   -0.9101516    0.1084797  0.00    0.0007687   -0.0003425    0.0008294
h     2.7353149   -0.7023536   -1.6429975  0.00    0.0001324    0.0000716    0.0000157
c     0.0301309   -2.2243322   -0.0055572  0.00    0.0022178    0.0019342   -0.0029406
o    -1.0924332   -3.0174049   -0.2541125  0.00   -0.0059704   -0.0063721   -0.0029218
o     0.2404277   -1.7467376    1.2888470  0.00    0.0039194    0.0048162    0.0061150
h    -0.5468156   -2.0214050    1.8633774  0.00   -0.0008733   -0.0005538    0.0001484
n     0.5231240   -1.9509029   -2.4541493  0.00    0.0001575    0.0025566   -0.0012406
h     1.7455293   -2.9239111   -1.0127757  0.00    0.0006029   -0.0012387    0.0001703
h     1.2741253   -2.1883460   -3.1447917  0.00    0.0008330   -0.0004826   -0.0005956
h    -0.2134853   -2.6927281   -2.5719204  0.00   -0.0025148   -0.0019330   -0.0011594
    24
 Energy =       0.0545553091
c    -0.0784421    2.1937960   -1.9692603  0.00   -0.0004148    0.0006165   -0.0003768
c    -0.3650586    2.8109085   -0.7916765  0.00    0.0000352   -0.0000477    0.0000401
c     0.1034782    2.2912389    0.3658668  0.00   -0.0004288    0.0007665    0.0003912
c     0.6774962    1.0646856   -1.9820829  0.00    0.0004213   -0.0007093   -0.0004462
c     1.1555658    0.5417690   -0.8181431  0.00    0.0005154   -0.0007255   -0.0000539
c     0.8596525    1.1632150    0.3582570  0.00    0.0003943   -0.0006593    0.0004104
o    -1.1358513    3.9779113   -0.7436319  0.00   -0.0009233    0.0016285    0.0005484
h    -1.4661655    4.2933740   -1.6494862  0.00   -0.0003042    0.0004124   -0.0004380
h     1.2193741    0.7585605    1.3014214  0.00    0.0001778   -0.0001952    0.0002769
h     0.8908525    0.5733170   -2.9278663  0.00    0.0001397   -0.0002779   -0.0003423
h    -0.4558461    2.5996422   -2.9023148  0.00   -0.0002191    0.0003066   -0.0003372
h    -0.1374709    2.7882949    1.2998555  0.00   -0.0001810    0.0003669    0.0003647
c     2.0010668   -0.7206194   -0.8310622  0.00    0.0008345    0.0000176   -0.0002902
c     1.1654689   -2.0031350   -1.0427204  0.00    0.0000535   -0.0006272    0.0011413
h     2.5708532   -0.8137225    0.1217642  0.00    0.0006205   -0.0002170    0.0006209
h     2.7642792   -0.6422673   -1.6351795  0.00    0.0001235    0.0000807    0.0000132
c     0.1065699   -2.1913312    0.0455656  0.00    0.0021147    0.0019829   -0.0012295
o    -1.0680978   -2.8965968   -0.2179255  0.00   -0.0044410   -0.0039525   -0.0020213
o     0.3631365   -1.7839724    1.3534775  0.00    0.0024301    0.0022796    0.0034728
h    -0.4300740   -2.0354545    1.9300419  0.00   -0.0004559   -0.0002255    0.0000878
n     0.6043333   -1.9883980   -2.4101247  0.00   -0.0000124    0.0012845   -0.0012385
h     1.8446368   -2.8804306   -0.9324078  0.00    0.0004355   -0.0008212    0.0001976
h     1.3676721   -2.2128550   -3.0907251  0.00    0.0002250   -0.0001652   -0.0001435
h    -0.0998807   -2.7621104   -2.5103198  0.00   -0.0011407   -0.0011191   -0.0006480
    24
 Energy =       0.0544188797
c    -0.1451776    2.1501206   -2.0142517  0.00   -0.0002458    0.0003298   -0.0001781
c    -0.4675743    2.7684374   -0.8468288  0.00    0.0000325   -0.0000419    0.0000221
c     0.0103475    2.2817254    0.3210126  0.00   -0.0002682    0.0004157    0.0001649
c     0.6558126    1.0531654   -2.0067614  0.00    0.0002705   -0.0004007   -0.0002006
c     1.1445344    0.5651084   -0.8326668  0.00    0.0003177   -0.0003700   -0.0000137
c     0.8113553    1.1856912    0.3337373  0.00    0.0002490   -0.0004182    0.0002139
o    -1.2857009    3.9027682   -0.8196648  0.00   -0.0005809    0.0008951    0.0002463
h    -1.6212551    4.1927483   -1.7319045  0.00   -0.0001758    0.0002142   -0.0002253
h     1.1762295    0.8048676    1.2847390  0.00    0.0000819   -0.0001253    0.0001241
h     0.8954423    0.5576040   -2.9439341  0.00    0.0000848   -0.0001517   -0.0001527
h    -0.5308373    2.5284373   -2.9552305  0.00   -0.0001251    0.0001569   -0.0001679
h    -0.2603796    2.7785347    1.2466938  0.00   -0.0001133    0.0001984    0.0001671
c     2.0341649   -0.6653264   -0.8224153  0.00    0.0004635    0.0000563   -0.0001517
c     1.2396345   -1.9774751   -0.9984985  0.00   -0.0001466   -0.0004652    0.0005364
h     2.6109292   -0.7161756    0.1290718  0.00    0.0003505   -0.0000918    0.0003436
h     2.7901329   -0.5804664   -1.6327432  0.00    0.0000784    0.0000657   -0.0000004
c     0.1852726   -2.1576789    0.0949909  0.00    0.0024150    0.0017230   -0.0005067
o    -1.0415860   -2.7609795   -0.1814659  0.00   -0.0043360   -0.0027193   -0.0019452
o     0.4866904   -1.8264547    1.4139404  0.00    0.0021078    0.0012979    0.0025875
h    -0.3116256   -2.0538003    1.9934111  0.00   -0.0003388   -0.0001185    0.0000852
n     0.6829101   -2.0190921   -2.3665416  0.00   -0.0001281    0.0002893   -0.0008537
h     1.9434816   -2.8305113   -0.8602026  0.00    0.0002357   -0.0004144    0.0001524
h     1.4536004   -2.2413458   -3.0392015  0.00   -0.0000670   -0.0000358   -0.0000361
h     0.0011474   -2.8140828   -2.4439630  0.00   -0.0001618   -0.0002895   -0.0002113
    24
 Energy =       0.0543859450
c    -0.1900325    2.1205957   -2.0392311  0.00   -0.0000859    0.0001145   -0.0000401
c    -0.5303906    2.7408838   -0.8782246  0.00   -0.0000088    0.0000017   -0.0000474
c    -0.0436244    2.2767919    0.2950531  0.00   -0.0000221    0.0000432    0.0000556
c     0.6375963    1.0444283   -2.0199798  0.00    0.0000154   -0.0000252   -0.0000588
c     1.1355178    0.5798030   -0.8405051  0.00    0.0000301    0.0000011    0.0000764
c     0.7839953    1.2015584    0.3195440  0.00    0.0000940   -0.0001039    0.0000373
o    -1.3763095    3.8541541   -0.8631895  0.00   -0.0000839    0.0001382    0.0000541
h    -1.7172698    4.1267988   -1.7786515  0.00   -0.0000621    0.0000659   -0.0001044
h     1.1550434    0.8376438    1.2747482  0.00    0.0000499   -0.0000581    0.0000720
h     0.8908681    0.5458602   -2.9518081  0.00    0.0000027    0.0000002   -0.0000213
h    -0.5828689    2.4803186   -2.9843850  0.00   -0.0000495    0.0000562   -0.0000744
h    -0.3291847    2.7744835    1.2155359  0.00   -0.0000038    0.0000065    0.0000051
c     2.0529453   -0.6291155   -0.8167867  0.00    0.0001557   -0.0000018    0.0000169
c     1.2873672   -1.9598149   -0.9734404  0.00   -0.0000793    0.0000015    0.0000566
h     2.6321203   -0.6543482    0.1338736  0.00    0.0000679   -0.0000088    0.0000653
h     2.8050767   -0.5383619   -1.6300289  0.00    0.0000281   -0.0000001    0.0000061
c     0.2364526   -2.1429781    0.1224711  0.00   -0.0006846   -0.0003640    0.0001910
o    -1.0053701   -2.7044122   -0.1560184  0.00    0.0012453    0.0005533    0.0005400
o     0.5507181   -1.8410818    1.4429956  0.00   -0.0006696   -0.0002803   -0.0007246
h    -0.2481911   -2.0610117    2.0240928  0.00    0.0001151    0.0000324   -0.0000284
n     0.7335327   -2.0343093   -2.3407499  0.00   -0.0000837    0.0000743   -0.0000604
h     2.0087950   -2.7952569   -0.8212390  0.00    0.0000993   -0.0001141    0.0000271
h     1.5083105   -2.2574294   -3.0084732  0.00    0.0000443   -0.0000206   -0.0000305
h     0.0624515   -2.8393808   -2.4042805  0.00   -0.0001146   -0.0001122   -0.0000133
    24
 Energy =       0.0543829684
c    -0.1905062    2.1196953   -2.0407076  0.00   -0.0000435    0.0000561   -0.0000222
c    -0.5331216    2.7387171   -0.8796804  0.00   -0.0000054    0.0000009   -0.0000234
c    -0.0470728    2.2746150    0.2938468  0.00   -0.0000130    0.0000232    0.0000283
c     0.6387039    1.0448380   -2.0212340  0.00    0.0000085   -0.0000149   -0.0000309
c     1.1361048    0.5804515   -0.8415422  0.00    0.0000159   -0.0000042    0.0000365
c     0.7820926    1.2006469    0.3185700  0.00    0.0000449   -0.0000553    0.0000216
o    -1.3807506    3.8506078   -0.8648607  0.00   -0.0000452    0.0000704    0.0000277
h    -1.7213527    4.1230415   -1.7804770  0.00   -0.0000329    0.0000323   -0.0000534
h     1.1522388    0.8363337    1.2739428  0.00    0.0000237   -0.0000310    0.0000368
h     0.8934312    0.5468620   -2.9529954  0.00    0.0000019   -0.0000018   -0.0000117
h    -0.5829465    2.4792622   -2.9860344  0.00   -0.0000256    0.0000271   -0.0000381
h    -0.3346259    2.7711685    1.2143252  0.00   -0.0000038    0.0000051    0.0000042
c     2.0543570   -0.6276304   -0.8174784  0.00    0.0000770    0.0000021    0.0000091
c     1.2889777   -1.9584252   -0.9719395  0.00   -0.0000260   -0.0000101    0.0000387
h     2.6341973   -0.6515445    0.1327760  0.00    0.0000347   -0.0000037    0.0000339
h     2.8057429   -0.5374711   -1.6314837  0.00    0.0000146    0.0000010    0.0000028
c     0.2374712   -2.1376855    0.1239215  0.00    0.0000003   -0.0000219    0.0000390
o    -1.0174518   -2.6688697   -0.1591369  0.00    0.0000118    0.0000107    0.0000099
o     0.5613060   -1.8578265    1.4474013  0.00   -0.0000180    0.0000003   -0.0000515
h    -0.2402227   -2.0698087    2.0279652  0.00   -0.0000058   -0.0000026   -0.0000004
n     0.7363477   -2.0357666   -2.3395209  0.00   -0.0000378    0.0000515   -0.0000387
h     2.0099844   -2.7936836   -0.8171510  0.00    0.0000505   -0.0000593    0.0000152
h     1.5112263   -2.2623440   -3.0059416  0.00    0.0000302   -0.0000125   -0.0000222
h     0.0634182   -2.8393642   -2.4012423  0.00   -0.0000571   -0.0000635   -0.0000110
    24
 Energy =       0.0543829082
c    -0.1905281    2.1194718   -2.0406813  0.00    0.0000000    0.0000000    0.0000000
c    -0.5331450    2.7384806   -0.8796554  0.00    0.0000000   -0.0000000   -0.0000000
c    -0.0470439    2.2744926    0.2938326  0.00   -0.0000000    0.0000000    0.0000000
c     0.6387262    1.0447364   -2.0212453  0.00    0.0000000   -0.0000000   -0.0000000
c     1.1361708    0.5804626   -0.8415959  0.00   -0.0000000   -0.0000000    0.0000000
c     0.7821642    1.2006436    0.3185187  0.00   -0.0000000   -0.0000000   -0.0000000
o    -1.3808406    3.8502343   -0.8647969  0.00   -0.0000000    0.0000000    0.0000000
h    -1.7214903    4.1225727   -1.7803801  0.00   -0.0000000    0.0000000   -0.0000000
h     1.1523314    0.8364037    1.2738629  0.00   -0.0000000   -0.0000000    0.0000000
h     0.8934284    0.5467445   -2.9529962  0.00    0.0000000   -0.0000000    0.0000000
h    -0.5830161    2.4789422   -2.9859739  0.00   -0.0000000    0.0000000   -0.0000000
h    -0.3346026    2.7710324    1.2143111  0.00   -0.0000000    0.0000000   -0.0000000
c     2.0543637   -0.6275498   -0.8175680  0.00   -0.0000000    0.0000000    0.0000000
c     1.2889648   -1.9582423   -0.9718975  0.00    0.0000001   -0.0000000    0.0000001
h     2.6342124   -0.6514365    0.1326333  0.00   -0.0000000    0.0000000    0.0000000
h     2.8056809   -0.5374421   -1.6316372  0.00   -0.0000000    0.0000000   -0.0000000
c     0.2373174   -2.1371737    0.1238668  0.00    0.0000014    0.0000007   -0.0000004
o    -1.0183961   -2.6663107   -0.1595671  0.00   -0.0000027   -0.0000012   -0.0000011
o     0.5616831   -1.8588709    1.4475735  0.00    0.0000015    0.0000007    0.0000014
h    -0.2400488   -2.0702996    2.0280534  0.00   -0.0000003   -0.0000001    0.0000001
n     0.7365984   -2.0357857   -2.3395196  0.00   -0.0000000    0.0000001   -0.0000001
h     2.0098441   -2.7934693   -0.8168593  0.00    0.0000000   -0.0000000   -0.0000000
h     1.5115394   -2.2625238   -3.0057788  0.00    0.0000000   -0.0000000   -0.0000000
h     0.0636352   -2.8392936   -2.4011773  0.00    0.0000000   -0.0000000   -0.0000000
    24
 Energy =       0.0543829082
c    -0.1905302    2.1194705   -2.0406796  0.00   -0.0000000   -0.0000000   -0.0000000
c    -0.5331439    2.7384814   -0.8796540  0.00   -0.0000000    0.0000000   -0.0000000
c    -0.0470400    2.2744952    0.2938336  0.00   -0.0000000   -0.0000000    0.0000000
c     0.6387236    1.0447347   -2.0212439  0.00   -0.0000000   -0.0000000   -0.0000000
c     1.1361708    0.5804624   -0.8415950  0.00    0.0000000   -0.0000000   -0.0000000
c     0.7821676    1.2006458    0.3185194  0.00   -0.0000000    0.0000000    0.0000000
o    -1.3808391    3.8502354   -0.8647951  0.00   -0.0000000   -0.0000000    0.0000000
h    -1.7214910    4.1225724   -1.7803779  0.00   -0.0000000   -0.0000000   -0.0000000
h     1.1523373    0.8364076    1.2738633  0.00   -0.0000000   -0.0000000    0.0000000
h     0.8934234    0.5467414   -2.9529947  0.00    0.0000000   -0.0000000   -0.0000000
h    -0.5830204    2.4789395   -2.9859719  0.00   -0.0000000   -0.0000000   -0.0000000
h    -0.3345960    2.7710368    1.2143120  0.00   -0.0000000    0.0000000    0.0000000
c     2.0543634   -0.6275503   -0.8175673  0.00    0.0000000    0.0000000    0.0000000
c     1.2889648   -1.9582430   -0.9718982  0.00    0.0000000   -0.0000000   -0.0000000
h     2.6342116   -0.6514378    0.1326342  0.00    0.0000000    0.0000000    0.0000000
h     2.8056811   -0.5374418   -1.6316360  0.00    0.0000000    0.0000000    0.0000000
c     0.2373161   -2.1371762    0.1238645  0.00    0.0000000    0.0000000   -0.0000000
o    -1.0183873   -2.6663336   -0.1595677  0.00   -0.0000000   -0.0000000   -0.0000000
o     0.5616722   -1.8588573    1.4475691  0.00    0.0000000    0.0000000    0.0000000
h    -0.2400590   -2.0702904    2.0280482  0.00   -0.0000000   -0.0000000    0.0000000
n     0.7366000   -2.0357859   -2.3395209  0.00    0.0000000    0.0000000   -0.0000000
h     2.0098443   -2.7934697   -0.8168598  0.00    0.0000000    0.0000000    0.0000000
h     1.5115420   -2.2625225   -3.0057794  0.00    0.0000000   -0.0000000   -0.0000000
h     0.0636380   -2.8392948   -2.4011801  0.00    0.0000000   -0.0000000   -0.0000000
