$coord                                                                          
    1.17648446498262      3.41629421482789      1.88099778527811      c       
    1.67056227169638      5.37403720456099      0.31181411837945      c       
    2.65684221117124      4.93777245779686     -2.00558167618725      c       
    1.65470788145255      1.01011017192925      1.13099093025957      c       
    2.64715966203463      0.55555709556872     -1.20025755812680      c       
    3.14101831676166      2.53761602860653     -2.76840187951413      c       
    1.17615081949703      7.83772964764185      1.08648208532067      o       
   -0.62651394436965      8.33100053606732      0.66095975089687      h       
    3.91778324717520      2.21647959450069     -4.64424468763442      h       
    1.24106607620805     -0.54542555537460      2.40698614848926      h       
    0.40091226762419      3.79608436888480      3.73965526888095      h       
    3.05221808793505      6.52277220012050     -3.24442078380082      h       
    3.13925658824570     -2.13133863761163     -2.05202591861693      c       
    0.69889608965447     -3.43932068833089     -3.00487468651750      c       
    3.93788414302746     -3.21634662071361     -0.43775973327130      h       
    4.60024822721860     -2.17399936131571     -3.56912787892418      h       
   -0.41596977604722     -2.12487238027583     -5.33338006685091      c       
    1.17454872856356     -1.14215049614862     -7.18388400955874      o       
   -3.02428857760005     -1.92243952469802     -5.67952335696376      o       
   -3.99323409194062     -2.88276641078501     -4.34872905800423      h       
    1.18290879484965     -6.13492970776250     -3.55154589233539      n       
   -0.73589392775319     -3.28616639998581     -1.47023484863849      h       
    3.01655992300124     -6.70565664914338     -3.07012319242112      h       
   -0.06172051594075     -7.27065049357235     -2.51297414338010      h       
$end                                                                            
