    24
 Energy =       0.1770350536
c    -0.3750178    1.6472058    0.7948734  0.00   -0.0658839    0.0171077    0.0568620
c     0.0303172    2.8109335    0.1570437  0.00   -0.0624112    0.0784365    0.0423535
c     1.0081136    2.7718125   -0.8262434  0.00    0.0135906    0.0926305   -0.0297052
c     0.2069418    0.4293490    0.4310970  0.00   -0.0256764   -0.0533604    0.0330980
c     1.2047783    0.3610782   -0.5608861  0.00    0.1037106   -0.0578353   -0.0536117
c     1.5988173    1.5541349   -1.1780186  0.00    0.0410458   -0.0099618   -0.0386961
o    -0.5069839    4.0230167    0.4710260  0.00    0.0144052    0.0066327   -0.0806631
h    -0.9503011    4.3787342   -0.3165291  0.00    0.0301510   -0.0429690    0.0550083
h     2.3707231    1.5818724   -1.9364796  0.00   -0.0019580    0.0158318    0.0047821
h    -0.1206493   -0.4779662    0.9373943  0.00   -0.0010094   -0.0021420    0.0021890
h    -1.1350442    1.6632136    1.5694669  0.00    0.0002023   -0.0119591    0.0024643
h     1.3163936    3.6907012   -1.3176857  0.00   -0.0001636    0.0010709   -0.0025832
c     1.7669373   -1.0073413   -0.8964724  0.00   -0.0726846   -0.0039985    0.0036478
c     0.8861134   -2.0194266   -1.6556448  0.00   -0.0727913    0.0428731    0.1366548
h     2.1212937   -1.4658931    0.0371405  0.00   -0.0047258    0.0096204   -0.0100314
h     2.6645729   -0.8285312   -1.5058794  0.00   -0.0147898    0.0034147    0.0060872
c     0.2877588   -1.3395944   -2.9073099  0.00    0.1379158    0.0549376   -0.3622179
o     0.8327661   -1.2278598   -3.9939237  0.00   -0.1342640   -0.0337312    0.2596354
o    -0.9441121   -0.8279107   -2.6380200  0.00    0.0358653   -0.0396302    0.0732227
h    -1.1643204   -1.1460654   -1.7258952  0.00    0.1597610   -0.1015921    0.0190819
n     1.5974427   -3.2508470   -2.1301054  0.00    0.0062489   -0.0719949   -0.0417798
h     0.0358579   -2.3311629   -1.0380560  0.00   -0.0603862    0.0700259   -0.0617680
h     2.6066344   -3.0920603   -2.0299520  0.00   -0.0360876    0.0036875    0.0097718
h     1.3975604   -4.0138454   -1.4794020  0.00    0.0099351    0.0329052   -0.0238023
    24
 Energy =       0.1740648165
c    -0.3711725    1.6657006    0.7533441  0.00   -0.0646232    0.0167425    0.0557893
c     0.0222981    2.8298307    0.1099569  0.00   -0.0609416    0.0764279    0.0414360
c     1.0065594    2.7963837   -0.8662703  0.00    0.0133952    0.0908102   -0.0291767
c     0.2223444    0.4519113    0.3959172  0.00   -0.0253051   -0.0526538    0.0322872
c     1.2176675    0.3885563   -0.5978389  0.00    0.1015098   -0.0566362   -0.0528324
c     1.6066008    1.5832482   -1.2134736  0.00    0.0402261   -0.0098182   -0.0380699
o    -0.5449718    4.0350016    0.4017014  0.00    0.0139403    0.0071218   -0.0784729
h    -0.9802723    4.3712728   -0.4005311  0.00    0.0293603   -0.0419764    0.0534956
h     2.3814368    1.6152877   -1.9691105  0.00   -0.0019044    0.0155261    0.0046694
h    -0.0960388   -0.4561282    0.9067984  0.00   -0.0009851   -0.0022733    0.0020346
h    -1.1360010    1.6780799    1.5234412  0.00    0.0001704   -0.0117141    0.0024335
h     1.3072052    3.7161113   -1.3610492  0.00   -0.0001578    0.0010973   -0.0025407
c     1.7948257   -0.9728633   -0.9341564  0.00   -0.0733010   -0.0000059    0.0045632
c     0.8854502   -2.0383592   -1.5908775  0.00   -0.0711725    0.0403002    0.1340966
h     2.2384482   -1.3852048   -0.0114638  0.00   -0.0026882    0.0079294   -0.0055905
h     2.6378181   -0.7921124   -1.6255298  0.00   -0.0109669    0.0049245    0.0032122
c     0.2542170   -1.4381392   -2.8698077  0.00    0.1362444    0.0528096   -0.3548681
o     0.8184314   -1.3163851   -3.9494556  0.00   -0.1310675   -0.0329116    0.2548279
o    -1.0094700   -0.9846723   -2.6339582  0.00    0.0335777   -0.0295916    0.0214713
h    -1.1343809   -1.1007529   -1.6285834  0.00    0.1541715   -0.1060704    0.0657462
n     1.5870920   -3.2944137   -2.0126367  0.00    0.0067527   -0.0710511   -0.0438005
h     0.0498495   -2.3044799   -0.9272802  0.00   -0.0603218    0.0674465   -0.0584921
h     2.5983617   -3.1431935   -1.9169484  0.00   -0.0351741    0.0030798    0.0094562
h     1.3802948   -4.0211318   -1.3206489  0.00    0.0092606    0.0304870   -0.0216756
    24
 Energy =       0.1491197561
c    -0.3598053    1.6562455    0.7384609  0.00   -0.0513551    0.0128972    0.0446811
c     0.0113437    2.8057772    0.0702898  0.00   -0.0454913    0.0567739    0.0332602
c     1.0126992    2.7677277   -0.8794626  0.00    0.0115015    0.0720454   -0.0232022
c     0.2514806    0.4499343    0.4165649  0.00   -0.0201151   -0.0430561    0.0255346
c     1.2445749    0.3828536   -0.5663033  0.00    0.0811627   -0.0458547   -0.0427695
c     1.6271700    1.5628415   -1.1965712  0.00    0.0323817   -0.0082285   -0.0308186
o    -0.6367912    3.9979513    0.2861690  0.00    0.0091380    0.0115141   -0.0573707
h    -1.0647817    4.2677770   -0.5592842  0.00    0.0211312   -0.0328081    0.0379478
h     2.4037953    1.5798788   -1.9519748  0.00   -0.0014616    0.0124215    0.0037083
h    -0.0621281   -0.4529317    0.9384752  0.00   -0.0007881   -0.0019456    0.0016235
h    -1.1451421    1.6779521    1.4876418  0.00   -0.0002793   -0.0091178    0.0021916
h     1.2975065    3.6800912   -1.3968696  0.00   -0.0001365    0.0013872   -0.0021248
c     1.8292417   -0.9745099   -0.9040654  0.00   -0.0585460    0.0002104    0.0035939
c     0.8938928   -2.0083297   -1.5736137  0.00   -0.0591246    0.0331247    0.1072952
h     2.2522523   -1.4047356    0.0224911  0.00   -0.0020627    0.0062264   -0.0041822
h     2.6840901   -0.8035207   -1.5861278  0.00   -0.0086609    0.0039813    0.0025477
c     0.2515157   -1.3887822   -2.8292368  0.00    0.1094788    0.0423237   -0.2844566
o     0.8256149   -1.2643199   -3.9405845  0.00   -0.1052720   -0.0264976    0.2043883
o    -1.0094837   -0.9126597   -2.5967175  0.00    0.0267053   -0.0233930    0.0163597
h    -1.1568043   -1.0500258   -1.5986009  0.00    0.1266034   -0.0873553    0.0545698
n     1.5782644   -3.2690895   -1.9948241  0.00    0.0051065   -0.0566187   -0.0356943
h     0.0620210   -2.2627942   -0.8979775  0.00   -0.0496559    0.0556836   -0.0477744
h     2.5986636   -3.1459304   -1.9102236  0.00   -0.0274970    0.0023773    0.0077015
h     1.3474030   -4.0078531   -1.3161162  0.00    0.0072368    0.0239088   -0.0170099
    24
 Energy =       0.1412664010
c    -0.3024269    1.6403017    0.7733077  0.00   -0.0475311    0.0121530    0.0412270
c     0.0658313    2.7948110    0.1170397  0.00   -0.0409553    0.0497764    0.0299174
c     1.0336132    2.7585894   -0.8647357  0.00    0.0111985    0.0661642   -0.0220720
c     0.2881627    0.4345449    0.4222165  0.00   -0.0186063   -0.0401783    0.0236772
c     1.2569249    0.3727983   -0.5814174  0.00    0.0751303   -0.0423939   -0.0394767
c     1.6293690    1.5541906   -1.2108017  0.00    0.0303507   -0.0079987   -0.0286970
o    -0.5365836    3.9993563    0.4055940  0.00    0.0086039    0.0127855   -0.0471285
h    -1.0179551    4.3129291   -0.4005311  0.00    0.0170580   -0.0286099    0.0308935
h     2.3845212    1.5707537   -1.9886255  0.00   -0.0009967    0.0113930    0.0030707
h    -0.0189196   -0.4714765    0.9421592  0.00   -0.0007812   -0.0018165    0.0015380
h    -1.0611605    1.6636144    1.5502764  0.00   -0.0008193   -0.0081998    0.0025621
h     1.3167284    3.6762023   -1.3733787  0.00   -0.0001432    0.0013770   -0.0019810
c     1.8261401   -0.9827160   -0.9530201  0.00   -0.0539171    0.0003950    0.0033007
c     0.8556410   -1.9965658   -1.6009145  0.00   -0.0553274    0.0310589    0.0989118
h     2.2734213   -1.4273374   -0.0436993  0.00   -0.0015920    0.0056422   -0.0034325
h     2.6614228   -0.8142929   -1.6615582  0.00   -0.0076078    0.0035945    0.0019633
c     0.2098989   -1.3697793   -2.8490628  0.00    0.1012792    0.0390331   -0.2631649
o     0.7895866   -1.2438089   -3.9687188  0.00   -0.0973581   -0.0244922    0.1890708
o    -1.0481060   -0.8813964   -2.6185415  0.00    0.0246194   -0.0215632    0.0150608
h    -1.2034113   -1.0221061   -1.6231656  0.00    0.1174273   -0.0809921    0.0505922
n     1.5084083   -3.2739741   -2.0196660  0.00    0.0044092   -0.0528770   -0.0334996
h     0.0310004   -2.2248455   -0.9056516  0.00   -0.0464358    0.0516787   -0.0439022
h     2.5344132   -3.1794382   -1.9471617  0.00   -0.0246278    0.0021961    0.0071390
h     1.2600733   -4.0068065   -1.3384044  0.00    0.0066227    0.0218742   -0.0155699
    24
 Energy =       0.1243309674
c    -0.2258099    1.6145280    0.8140349  0.00   -0.0371385    0.0096840    0.0317453
c     0.1286482    2.7685031    0.1622269  0.00   -0.0312798    0.0365895    0.0220416
c     1.0551078    2.7339608   -0.8517120  0.00    0.0092603    0.0509202   -0.0178348
c     0.3435851    0.4137547    0.4394664  0.00   -0.0147686   -0.0312518    0.0185505
c     1.2769294    0.3579487   -0.5876324  0.00    0.0583032   -0.0326206   -0.0301940
c     1.6307869    1.5346432   -1.2234942  0.00    0.0240383   -0.0064882   -0.0222966
o    -0.4380970    3.9783014    0.5159005  0.00    0.0093666    0.0101086   -0.0293384
h    -0.9945067    4.3178727   -0.2417780  0.00    0.0090033   -0.0198135    0.0187418
h     2.3567138    1.5447823   -2.0306376  0.00   -0.0001851    0.0087158    0.0017153
h     0.0493188   -0.4940381    0.9628568  0.00   -0.0007463   -0.0014233    0.0013081
h    -0.9541759    1.6428149    1.6200325  0.00   -0.0012785   -0.0061731    0.0026552
h     1.3292322    3.6547878   -1.3585709  0.00   -0.0000676    0.0011053   -0.0015967
c     1.8325295   -0.9917853   -0.9994619  0.00   -0.0410048    0.0006469    0.0023520
c     0.8161253   -1.9679834   -1.6338707  0.00   -0.0449888    0.0250949    0.0761169
h     2.2936026   -1.4631973   -0.1085297  0.00   -0.0008353    0.0041870   -0.0022202
h     2.6533978   -0.8275650   -1.7284702  0.00   -0.0056388    0.0026753    0.0012493
c     0.1604097   -1.3225577   -2.8613634  0.00    0.0784294    0.0301100   -0.2037504
o     0.7501340   -1.1957070   -4.0072374  0.00   -0.0754374   -0.0190868    0.1463875
o    -1.0945492   -0.8122713   -2.6361251  0.00    0.0188579   -0.0163896    0.0109462
h    -1.2746728   -0.9662146   -1.6486717  0.00    0.0935980   -0.0647974    0.0406620
n     1.4299045   -3.2615853   -2.0510650  0.00    0.0027758   -0.0410328   -0.0270326
h     0.0008670   -2.1674969   -0.9152758  0.00   -0.0376531    0.0416564   -0.0343434
h     2.4638750   -3.2104981   -1.9890624  0.00   -0.0174550    0.0015155    0.0056467
h     1.1472376   -3.9974499   -1.3800208  0.00    0.0048450    0.0160678   -0.0115111
    24
 Energy =       0.1034121614
c    -0.1166368    1.5795498    0.8668707  0.00   -0.0177914    0.0040207    0.0141333
c     0.1962346    2.7245794    0.2005314  0.00   -0.0146158    0.0160513    0.0086364
c     1.0640089    2.6907891   -0.8508860  0.00    0.0053056    0.0228388   -0.0088208
c     0.4340664    0.3902751    0.4771778  0.00   -0.0082954   -0.0138994    0.0090681
c     1.3072455    0.3410389   -0.5844576  0.00    0.0265002   -0.0143949   -0.0128270
c     1.6198084    1.5037110   -1.2438486  0.00    0.0118235   -0.0025896   -0.0100369
o    -0.3622153    3.9311049    0.5968952  0.00    0.0227067   -0.0010459    0.0054093
h    -1.0681088    4.2258816   -0.0830249  0.00   -0.0146083   -0.0031060   -0.0082350
h     2.2991521    1.4994792   -2.0941579  0.00    0.0012244    0.0038799   -0.0008585
h     0.1709250   -0.5169100    1.0172675  0.00   -0.0008332   -0.0009572    0.0011516
h    -0.8045422    1.6177092    1.7075557  0.00   -0.0016223   -0.0027846    0.0022964
h     1.3081694    3.6114264   -1.3726095  0.00    0.0003415    0.0008632   -0.0011888
c     1.8580524   -0.9958038   -1.0402889  0.00   -0.0171321    0.0007486    0.0003114
c     0.7883251   -1.9181620   -1.6701068  0.00   -0.0260462    0.0137665    0.0332896
h     2.3202496   -1.5050677   -0.1672550  0.00    0.0001177    0.0015245   -0.0004233
h     2.6721695   -0.8360445   -1.7818010  0.00   -0.0024330    0.0010735    0.0004043
c     0.1063960   -1.2424790   -2.8577651  0.00    0.0354245    0.0141818   -0.0901117
o     0.7064062   -1.1216076   -4.0587882  0.00   -0.0341809   -0.0095732    0.0647222
o    -1.1472695   -0.6991777   -2.6427561  0.00    0.0081834   -0.0065392    0.0021953
h    -1.3817137   -0.8708678   -1.6718759  0.00    0.0523860   -0.0376072    0.0247159
n     1.3626988   -3.2213809   -2.0887392  0.00    0.0010081   -0.0146260   -0.0160457
h    -0.0127493   -2.0940961   -0.9229663  0.00   -0.0229323    0.0252615   -0.0186500
h     2.4047213   -3.2318043   -2.0136069  0.00   -0.0046559    0.0001482    0.0031683
h     1.0111997   -3.9785953   -1.4598257  0.00    0.0001252    0.0027645   -0.0023045
    24
 Energy =       0.1030423754
c    -0.1177694    1.5833278    0.8543239  0.00   -0.0159780    0.0035848    0.0128733
c     0.2074573    2.7287292    0.1958614  0.00   -0.0136060    0.0144275    0.0072412
c     1.0829264    2.6945132   -0.8470212  0.00    0.0046442    0.0206915   -0.0080791
c     0.4305311    0.3936296    0.4659919  0.00   -0.0074749   -0.0125298    0.0081936
c     1.3095436    0.3439914   -0.5893023  0.00    0.0238423   -0.0130109   -0.0115184
c     1.6331308    1.5066414   -1.2415795  0.00    0.0106508   -0.0022984   -0.0090694
o    -0.3464887    3.9379248    0.5902128  0.00    0.0303620   -0.0032488    0.0138629
h    -1.1387477    4.1689835   -0.0270418  0.00   -0.0224959   -0.0005871   -0.0159129
h     2.3184629    1.5013633   -2.0869330  0.00    0.0011188    0.0035092   -0.0008016
h     0.1603479   -0.5137907    1.0019371  0.00   -0.0007610   -0.0008914    0.0010565
h    -0.8111519    1.6227088    1.6901449  0.00   -0.0014817   -0.0025106    0.0020916
h     1.3355466    3.6164077   -1.3624286  0.00    0.0002943    0.0008457   -0.0010863
c     1.8614572   -0.9925876   -1.0446428  0.00   -0.0154089    0.0006805    0.0002815
c     0.7901103   -1.9161974   -1.6704105  0.00   -0.0235014    0.0124139    0.0299648
h     2.3252087   -1.5003474   -0.1714333  0.00    0.0001067    0.0013702   -0.0003786
h     2.6741466   -0.8343743   -1.7883489  0.00   -0.0021852    0.0009661    0.0003612
c     0.1006922   -1.2425824   -2.8548317  0.00    0.0318785    0.0128207   -0.0810072
o     0.6954460   -1.1300609   -4.0640927  0.00   -0.0307569   -0.0086565    0.0581443
o    -1.1527904   -0.6961234   -2.6393873  0.00    0.0073594   -0.0058844    0.0019602
h    -1.3921660   -0.8647117   -1.6697168  0.00    0.0473321   -0.0340061    0.0223472
n     1.3662776   -3.2180673   -2.0886732  0.00    0.0008598   -0.0130442   -0.0145770
h    -0.0072044   -2.0935848   -0.9191518  0.00   -0.0207722    0.0228618   -0.0168525
h     2.4077070   -3.2331929   -2.0019369  0.00   -0.0040614    0.0001405    0.0028623
h     1.0039199   -3.9790521   -1.4700011  0.00    0.0000347    0.0023560   -0.0019576
    24
 Energy =       0.1039155337
c    -0.1565901    1.5940085    0.8028373  0.00   -0.0155505    0.0019765    0.0131364
c     0.2245349    2.7434540    0.1794443  0.00   -0.0145160    0.0130746    0.0051839
c     1.1464052    2.7083428   -0.8217674  0.00    0.0050509    0.0197109   -0.0088796
c     0.3875763    0.4006753    0.4226747  0.00   -0.0075088   -0.0117172    0.0083328
c     1.3075218    0.3495524   -0.5974492  0.00    0.0214326   -0.0128006   -0.0101305
c     1.6843479    1.5157378   -1.2154121  0.00    0.0101474   -0.0010112   -0.0091097
o    -0.3181060    3.9608765    0.5640631  0.00    0.0666208   -0.0045284    0.0354410
h    -1.2507866    4.0787818    0.0866169  0.00   -0.0569353    0.0010777   -0.0359053
h     2.4061978    1.5102141   -2.0309175  0.00    0.0017324    0.0035752   -0.0016422
h     0.0800511   -0.5084781    0.9363670  0.00   -0.0011279   -0.0015366    0.0015652
h    -0.8838616    1.6345668    1.6101257  0.00   -0.0020214   -0.0024657    0.0026950
h     1.4407573    3.6344749   -1.3090873  0.00    0.0007379    0.0018177   -0.0017146
c     1.8615814   -0.9892077   -1.0454967  0.00   -0.0137596    0.0006238    0.0001444
c     0.7936622   -1.9187369   -1.6699371  0.00   -0.0212087    0.0112238    0.0269845
h     2.3227810   -1.4915582   -0.1677579  0.00    0.0001086    0.0012269   -0.0003071
h     2.6759113   -0.8353699   -1.7885408  0.00   -0.0019360    0.0008024    0.0003212
c     0.0929660   -1.2496866   -2.8503838  0.00    0.0286362    0.0116493   -0.0726170
o     0.6757232   -1.1518366   -4.0711676  0.00   -0.0276205   -0.0078359    0.0520225
o    -1.1606261   -0.7018880   -2.6314565  0.00    0.0066122   -0.0052944    0.0017675
h    -1.4026181   -0.8680865   -1.6625659  0.00    0.0427703   -0.0307294    0.0202285
n     1.3785747   -3.2158179   -2.0893055  0.00    0.0007768   -0.0117144   -0.0132193
h     0.0004737   -2.1037612   -0.9160924  0.00   -0.0188417    0.0207075   -0.0152036
h     2.4193865   -3.2297348   -1.9921279  0.00   -0.0035627    0.0001412    0.0025793
h     1.0107300   -3.9829745   -1.4811248  0.00   -0.0000369    0.0020264   -0.0016731
    24
 Energy =       0.0967030897
c    -0.0726996    1.6287825    0.7992997  0.00   -0.0047134   -0.0015874    0.0037350
c     0.2535878    2.7602020    0.1252333  0.00   -0.0033008    0.0035281    0.0011423
c     1.1179142    2.7064090   -0.9181896  0.00    0.0029663    0.0046995   -0.0030011
c     0.4623232    0.4362941    0.4273646  0.00   -0.0035038   -0.0029603    0.0031140
c     1.3191122    0.3694131   -0.6361057  0.00    0.0053327   -0.0030343   -0.0021985
c     1.6454861    1.5153964   -1.3056184  0.00    0.0033572    0.0017032   -0.0028866
o    -0.2939451    3.9803805    0.5060757  0.00    0.0130896   -0.0004855    0.0081310
h    -1.2075238    4.1065060    0.0643938  0.00   -0.0111377   -0.0001325   -0.0081764
h     2.3230152    1.4889078   -2.1581286  0.00    0.0016285    0.0011765   -0.0017657
h     0.1976768   -0.4609616    0.9843247  0.00   -0.0011742   -0.0016883    0.0015865
h    -0.7566932    1.6885295    1.6416381  0.00   -0.0016479   -0.0009246    0.0018757
h     1.3749759    3.6211655   -1.4457900  0.00    0.0009625    0.0015413   -0.0013480
c     1.8844392   -0.9669558   -1.0747920  0.00   -0.0023614    0.0024291    0.0010524
c     0.7929480   -1.9285995   -1.6126937  0.00   -0.0075743    0.0015432    0.0056661
h     2.3960191   -1.4367491   -0.2039129  0.00    0.0008499   -0.0004051    0.0014428
h     2.6604648   -0.8261339   -1.8645393  0.00    0.0009167    0.0008511   -0.0012891
c     0.0153518   -1.3128822   -2.7783543  0.00    0.0045196    0.0066078   -0.0072093
o     0.5379591   -1.3105898   -4.0663215  0.00   -0.0043088   -0.0045149   -0.0008141
o    -1.2315383   -0.7337748   -2.5510235  0.00    0.0011577   -0.0009649   -0.0011210
h    -1.4926016   -0.8440175   -1.5809032  0.00    0.0150893   -0.0126837    0.0092716
n     1.3841262   -3.2275601   -2.0033147  0.00   -0.0009614    0.0001620   -0.0060473
h     0.0468085   -2.0997127   -0.8025255  0.00   -0.0099580    0.0082275   -0.0039603
h     2.4209102   -3.2692713   -1.8484525  0.00    0.0027347   -0.0006736    0.0008007
h     0.9584766   -4.0012303   -1.4361258  0.00   -0.0019628   -0.0024143    0.0019993
    24
 Energy =       0.0964312799
c    -0.0196740    1.5963197    0.8456160  0.00   -0.0045379   -0.0011107    0.0036967
c     0.2905033    2.7383290    0.1823108  0.00   -0.0030259    0.0031187    0.0012236
c     1.1279557    2.7006554   -0.8835766  0.00    0.0027776    0.0044274   -0.0028786
c     0.5040331    0.4093336    0.4400768  0.00   -0.0032861   -0.0028317    0.0030759
c     1.3327875    0.3590631   -0.6463348  0.00    0.0048770   -0.0027143   -0.0021101
c     1.6435700    1.5155950   -1.3045136  0.00    0.0033004    0.0012535   -0.0029133
o    -0.2464938    3.9528072    0.5970188  0.00    0.0119658    0.0000244    0.0078930
h    -1.1731722    4.0840488    0.1861597  0.00   -0.0106967    0.0000810   -0.0076001
h     2.2983331    1.5021630   -2.1752332  0.00    0.0017744    0.0009603   -0.0019857
h     0.2517992   -0.4969857    0.9877837  0.00   -0.0011083   -0.0016184    0.0015272
h    -0.6822790    1.6431744    1.7059199  0.00   -0.0017728   -0.0007276    0.0020427
h     1.3724426    3.6236571   -1.4025308  0.00    0.0009107    0.0014881   -0.0012918
c     1.8822750   -0.9706663   -1.1259113  0.00   -0.0020198    0.0019963    0.0007412
c     0.7734972   -1.9186990   -1.6525358  0.00   -0.0063591    0.0023232    0.0063225
h     2.4167518   -1.4593892   -0.2789628  0.00    0.0011395   -0.0006189    0.0018225
h     2.6364006   -0.8161083   -1.9344728  0.00    0.0011566    0.0006609   -0.0015477
c    -0.0544383   -1.2675434   -2.7655517  0.00    0.0040686    0.0054874   -0.0055805
o     0.4243679   -1.2068654   -4.0712554  0.00   -0.0026930   -0.0037472   -0.0040807
o    -1.2978927   -0.7051039   -2.4715514  0.00   -0.0013003    0.0006077   -0.0020408
h    -1.5237597   -0.8420179   -1.4947573  0.00    0.0126192   -0.0112278    0.0098411
n     1.3546907   -3.2023405   -2.1090252  0.00   -0.0009547   -0.0007633   -0.0072060
h     0.0619471   -2.1205943   -0.8179952  0.00   -0.0093913    0.0072378   -0.0023393
h     2.3993379   -3.2405230   -2.0072057  0.00    0.0047415   -0.0012527    0.0008251
h     0.9636104   -3.9947616   -1.5419335  0.00   -0.0021855   -0.0030540    0.0025632
    24
 Energy =       0.0954785862
c    -0.0307070    1.6102041    0.8473912  0.00   -0.0035970   -0.0010805    0.0030270
c     0.2602608    2.7420630    0.1592186  0.00   -0.0022945    0.0025689    0.0008441
c     1.0869135    2.6921534   -0.9137054  0.00    0.0021710    0.0037631   -0.0023079
c     0.5022612    0.4213524    0.4608027  0.00   -0.0025869   -0.0025161    0.0023604
c     1.3246119    0.3596756   -0.6282818  0.00    0.0035436   -0.0024815   -0.0013239
c     1.6133908    1.5051036   -1.3142818  0.00    0.0025896    0.0013202   -0.0024288
o    -0.2851600    3.9588592    0.5563815  0.00    0.0091766    0.0002614    0.0060716
h    -1.2125059    4.0791163    0.1481123  0.00   -0.0082365    0.0000958   -0.0058565
h     2.2597945    1.4803860   -2.1905550  0.00    0.0014030    0.0008594   -0.0016244
h     0.2642155   -0.4777620    1.0263405  0.00   -0.0008995   -0.0015549    0.0012474
h    -0.6860013    1.6669822    1.7120750  0.00   -0.0014055   -0.0006125    0.0016355
h     1.3153056    3.6071084   -1.4536550  0.00    0.0007755    0.0014842   -0.0011633
c     1.8871690   -0.9726796   -1.0826113  0.00   -0.0015590    0.0014896    0.0007745
c     0.7900564   -1.9158785   -1.6385250  0.00   -0.0044330    0.0015891    0.0061992
h     2.3925117   -1.4589232   -0.2163686  0.00    0.0011721   -0.0006595    0.0018760
h     2.6684030   -0.8256078   -1.8668882  0.00    0.0014035    0.0004119   -0.0016498
c     0.0203454   -1.2695482   -2.7981672  0.00    0.0032434    0.0032772   -0.0023121
o     0.5831210   -1.1957053   -4.0719661  0.00    0.0000588   -0.0026251   -0.0077139
o    -1.2423506   -0.7089867   -2.5821361  0.00   -0.0036900    0.0024131   -0.0037540
h    -1.5278698   -0.8322379   -1.6187128  0.00    0.0086239   -0.0087733    0.0103867
n     1.3772922   -3.2104198   -2.0542532  0.00   -0.0039348    0.0024820   -0.0097976
h     0.0452750   -2.0988609   -0.8274757  0.00   -0.0077776    0.0054647   -0.0008386
h     2.4117443   -3.2758115   -1.8643603  0.00    0.0104501   -0.0015144    0.0016140
h     0.9185163   -3.9970349   -1.5268395  0.00   -0.0041970   -0.0056629    0.0047343
    24
 Energy =       0.0940775211
c     0.0588428    1.6142932    0.9147795  0.00   -0.0025520   -0.0028569    0.0038405
c     0.2745462    2.7291602    0.1713221  0.00   -0.0014812    0.0018592    0.0008953
c     1.0188614    2.6612117   -0.9613416  0.00    0.0031179    0.0016509   -0.0043677
c     0.5851879    0.4247978    0.5251721  0.00   -0.0027251   -0.0016512    0.0034770
c     1.3315471    0.3475231   -0.6161794  0.00    0.0012089   -0.0027468    0.0001801
c     1.5409526    1.4738429   -1.3618411  0.00    0.0018847    0.0032091   -0.0036531
o    -0.2640993    3.9473290    0.5737977  0.00    0.0055401   -0.0003713    0.0036488
h    -1.2173073    4.0466228    0.2301704  0.00   -0.0054530    0.0004993   -0.0032113
h     2.1198864    1.4315039   -2.2858791  0.00    0.0021596    0.0010991   -0.0035395
h     0.4040013   -0.4632775    1.1299228  0.00   -0.0011512   -0.0022270    0.0019742
h    -0.5332211    1.6856842    1.8245472  0.00   -0.0020787   -0.0007318    0.0031282
h     1.1863283    3.5624381   -1.5475252  0.00    0.0012891    0.0024544   -0.0025186
c     1.8856275   -0.9859184   -1.0709556  0.00   -0.0001292    0.0007985   -0.0000268
c     0.7812574   -1.9022930   -1.6505252  0.00   -0.0006794    0.0000158    0.0029500
h     2.3700712   -1.4872765   -0.2029723  0.00    0.0003971   -0.0002793    0.0006630
h     2.6821612   -0.8431935   -1.8388565  0.00    0.0005741   -0.0000958   -0.0004829
c     0.0570383   -1.2280873   -2.8231656  0.00   -0.0006689   -0.0003163    0.0038496
o     0.6951055   -1.0968170   -4.0568629  0.00    0.0024185    0.0000287   -0.0073484
o    -1.2122436   -0.6628159   -2.6633073  0.00   -0.0016828    0.0018035   -0.0029580
h    -1.5517350   -0.7659784   -1.7173461  0.00    0.0018571   -0.0024510    0.0048736
n     1.3543113   -3.2005728   -2.0665993  0.00   -0.0082487    0.0143106   -0.0155407
h     0.0255383   -2.0803470   -0.8505321  0.00   -0.0023422    0.0017718    0.0000581
h     2.3552528   -3.3302836   -1.7441637  0.00    0.0198427   -0.0008684    0.0049838
h     0.7886822   -3.9939980   -1.6501201  0.00   -0.0110974   -0.0149052    0.0091245
    24
 Energy =       0.0935626677
c     0.0773232    1.5892580    0.9713327  0.00   -0.0014793   -0.0014939    0.0021580
c     0.2748445    2.7034832    0.2250642  0.00   -0.0008412    0.0009757    0.0005537
c     0.9948438    2.6357320   -0.9210579  0.00    0.0017996    0.0008541   -0.0024569
c     0.5967239    0.4004118    0.5707445  0.00   -0.0015649   -0.0009377    0.0018878
c     1.3219484    0.3245581   -0.5820466  0.00    0.0009324   -0.0012233    0.0002650
c     1.5125149    1.4497778   -1.3307469  0.00    0.0010422    0.0016695   -0.0020895
o    -0.2581512    3.9205060    0.6385005  0.00    0.0028297   -0.0001202    0.0019881
h    -1.2113244    4.0257114    0.3019299  0.00   -0.0028545    0.0002459   -0.0016838
h     2.0720713    1.4067446   -2.2650547  0.00    0.0012265    0.0005436   -0.0020269
h     0.4275034   -0.4881398    1.1761896  0.00   -0.0006399   -0.0012670    0.0010070
h    -0.4962107    1.6603794    1.8913174  0.00   -0.0012161   -0.0003720    0.0017870
h     1.1473196    3.5360762   -1.5100673  0.00    0.0007352    0.0013291   -0.0013836
c     1.8673520   -1.0074980   -1.0496965  0.00    0.0005284    0.0016818    0.0003753
c     0.7665362   -1.8823125   -1.7003341  0.00   -0.0001295   -0.0017021    0.0020656
h     2.3062122   -1.5450609   -0.1774878  0.00    0.0008298   -0.0007781    0.0017437
h     2.6989303   -0.8575626   -1.7795151  0.00    0.0013299    0.0003983   -0.0010302
c     0.1223714   -1.1682611   -2.8987669  0.00   -0.0009391   -0.0006580    0.0031200
o     0.8333359   -1.0262078   -4.0911985  0.00    0.0029492    0.0007130   -0.0078866
o    -1.1407334   -0.5728920   -2.8005960  0.00   -0.0025850    0.0026402   -0.0043674
h    -1.5364263   -0.6761121   -1.8760992  0.00   -0.0001445   -0.0014308    0.0052031
n     1.3223874   -3.1906385   -2.1080954  0.00   -0.0039266    0.0070568   -0.0077892
h    -0.0339723   -2.0516004   -0.9409367  0.00   -0.0024755    0.0002147    0.0013073
h     2.3181294   -3.3308496   -1.7930243  0.00    0.0102948   -0.0005186    0.0026066
h     0.7530639   -3.9719552   -1.6888160  0.00   -0.0057016   -0.0078210    0.0046460
    24
 Energy =       0.0931571887
c     0.1388387    1.5914939    1.0270778  0.00   -0.0008247   -0.0005609    0.0013267
c     0.2998351    2.6970820    0.2615292  0.00   -0.0004897    0.0003528    0.0005542
c     0.9677649    2.6174049   -0.9140633  0.00    0.0010847    0.0002073   -0.0015953
c     0.6416785    0.3991187    0.6161221  0.00   -0.0009684   -0.0002961    0.0012136
c     1.3170654    0.3120129   -0.5649871  0.00    0.0006494   -0.0004250   -0.0004316
c     1.4713325    1.4285431   -1.3324948  0.00    0.0006066    0.0005556   -0.0012783
o    -0.2172322    3.9174200    0.6855969  0.00    0.0010443    0.0000034    0.0010041
h    -1.1797792    4.0235180    0.3809679  0.00   -0.0012674    0.0001244   -0.0006089
h     1.9901911    1.3753572   -2.2889557  0.00    0.0007219    0.0000960   -0.0013538
h     0.5001425   -0.4826867    1.2370042  0.00   -0.0003886   -0.0005413    0.0006051
h    -0.3932888    1.6721136    1.9702680  0.00   -0.0008369   -0.0001129    0.0013138
h     1.0912642    3.5107276   -1.5186563  0.00    0.0003917    0.0005487   -0.0007238
c     1.8461909   -1.0230146   -1.0423249  0.00    0.0005502    0.0007072   -0.0002371
c     0.7422329   -1.8634253   -1.7286829  0.00   -0.0001131   -0.0004253    0.0012592
h     2.2582223   -1.5849312   -0.1735803  0.00    0.0004444   -0.0004114    0.0007665
h     2.6945893   -0.8748484   -1.7514207  0.00    0.0004766    0.0002128   -0.0003660
c     0.1612931   -1.1312045   -2.9463419  0.00   -0.0007637   -0.0010648    0.0032952
o     0.9513885   -0.9379588   -4.0808725  0.00    0.0047606    0.0007175   -0.0073048
o    -1.1221543   -0.5710389   -2.9217972  0.00   -0.0015079    0.0023310   -0.0047255
h    -1.5886600   -0.7138174   -2.0348523  0.00   -0.0032252   -0.0005882    0.0064244
n     1.2702006   -3.1882498   -2.1197450  0.00    0.0000077    0.0011505   -0.0018646
h    -0.0843982   -2.0082331   -0.9941896  0.00   -0.0009869   -0.0003302    0.0009122
h     2.2704642   -3.3317466   -1.8379222  0.00    0.0023665   -0.0000177    0.0009100
h     0.7094115   -3.9500891   -1.6661406  0.00   -0.0017324   -0.0022337    0.0009048
    24
 Energy =       0.0929568716
c     0.2559187    1.6501794    1.0330624  0.00   -0.0010411    0.0004346    0.0016723
c     0.4104799    2.7357223    0.2384959  0.00   -0.0006578    0.0000758    0.0008787
c     1.0272050    2.6155771   -0.9620150  0.00    0.0009008    0.0004216   -0.0016466
c     0.7130259    0.4372935    0.6262701  0.00   -0.0008577   -0.0004125    0.0015554
c     1.3367224    0.3092732   -0.5801079  0.00    0.0009601   -0.0003593   -0.0012080
c     1.4857790    1.4061801   -1.3760549  0.00    0.0009198   -0.0003691   -0.0016093
o    -0.0603521    3.9770326    0.6582913  0.00    0.0008758    0.0012473    0.0017763
h    -1.0312802    4.1009497    0.3883986  0.00   -0.0016234    0.0000578   -0.0006157
h     1.9646947    1.3208715   -2.3514101  0.00    0.0009326   -0.0002109   -0.0017721
h     0.5766438   -0.4278703    1.2710370  0.00   -0.0003329   -0.0003863    0.0006590
h    -0.2345357    1.7631399    1.9958513  0.00   -0.0010394    0.0002063    0.0017976
h     1.1464787    3.4932319   -1.5896263  0.00    0.0002803    0.0004059   -0.0006017
c     1.8152201   -1.0482370   -1.0507184  0.00    0.0007675    0.0003956    0.0000573
c     0.6708251   -1.8654440   -1.6993629  0.00   -0.0004444    0.0008864   -0.0000207
h     2.2307328   -1.6096969   -0.1841539  0.00    0.0002107   -0.0001102    0.0002698
h     2.6517037   -0.9351355   -1.7808096  0.00    0.0008415    0.0001283   -0.0006545
c     0.0946815   -1.1409006   -2.9221096  0.00    0.0013995   -0.0013292    0.0011550
o     0.9079408   -0.9050563   -4.0290325  0.00    0.0029074    0.0000847   -0.0032376
o    -1.2131406   -0.6402311   -2.9342431  0.00   -0.0019986    0.0018657   -0.0027832
h    -1.7085690   -0.8280482   -2.0734541  0.00   -0.0028427    0.0000224    0.0040221
n     1.1465017   -3.2155086   -2.0734612  0.00    0.0002806   -0.0003533   -0.0021204
h    -0.1445952   -1.9655491   -0.9449635  0.00   -0.0009986   -0.0003890    0.0011971
h     2.1390913   -3.3960394   -1.7871721  0.00    0.0018116   -0.0004849    0.0004003
h     0.5554213   -3.9481864   -1.6111729  0.00   -0.0012513   -0.0018278    0.0008289
    24
 Energy =       0.0927726073
c     0.3381570    1.6869811    1.0341302  0.00   -0.0007119    0.0006252    0.0010688
c     0.5017326    2.7617938    0.2274856  0.00   -0.0003911   -0.0000341    0.0005552
c     1.0909688    2.6169114   -0.9831049  0.00    0.0004253    0.0004789   -0.0008664
c     0.7578848    0.4600755    0.6292436  0.00   -0.0004175   -0.0004471    0.0008717
c     1.3532482    0.3068773   -0.5876011  0.00    0.0006299   -0.0002321   -0.0008276
c     1.5125763    1.3934484   -1.3951444  0.00    0.0006360   -0.0005659   -0.0010646
o     0.0683725    4.0173947    0.6451255  0.00    0.0005216    0.0012830    0.0013429
h    -0.9037509    4.1626027    0.3916752  0.00   -0.0012099    0.0000708   -0.0004191
h     1.9702815    1.2888005   -2.3780571  0.00    0.0005723   -0.0002663   -0.0011303
h     0.6140978   -0.3961058    1.2838485  0.00   -0.0001647   -0.0002517    0.0003509
h    -0.1297352    1.8196526    2.0048181  0.00   -0.0006600    0.0002239    0.0011162
h     1.2182100    3.4861967   -1.6202776  0.00    0.0001245    0.0002744   -0.0002982
c     1.7890803   -1.0660377   -1.0554461  0.00    0.0007076    0.0001708    0.0001271
c     0.6133936   -1.8577069   -1.6800476  0.00   -0.0004586    0.0009906   -0.0000830
h     2.2033163   -1.6316766   -0.1912068  0.00    0.0001474   -0.0000595    0.0001187
h     2.6170960   -0.9799359   -1.7984961  0.00    0.0007197    0.0000648   -0.0005479
c     0.0419548   -1.1343059   -2.9053534  0.00    0.0037479   -0.0022008    0.0014074
o     0.8817037   -0.8271458   -3.9760204  0.00    0.0048187    0.0003477   -0.0039042
o    -1.2977306   -0.7229801   -2.9624325  0.00   -0.0034250    0.0032173   -0.0044257
h    -1.8243378   -0.9868013   -2.1383689  0.00   -0.0058030   -0.0007064    0.0062934
n     1.0446824   -3.2255136   -2.0426100  0.00    0.0004207   -0.0007395   -0.0018124
h    -0.1931523   -1.9221946   -0.9127007  0.00   -0.0005510   -0.0004605    0.0012274
h     2.0330704   -3.4328779   -1.7610158  0.00    0.0013186   -0.0004040    0.0002342
h     0.4354731   -3.9339046   -1.5669046  0.00   -0.0009975   -0.0013796    0.0006656
    24
 Energy =       0.0925739476
c     0.4309409    1.7230038    1.0299257  0.00   -0.0006310    0.0009185    0.0009419
c     0.6123196    2.7862063    0.2118984  0.00   -0.0002597   -0.0000945    0.0004158
c     1.1731775    2.6136113   -1.0082072  0.00    0.0001743    0.0007303   -0.0005309
c     0.8037714    0.4801102    0.6268849  0.00   -0.0001805   -0.0006970    0.0005809
c     1.3699575    0.2987842   -0.5997738  0.00    0.0005840   -0.0003082   -0.0006601
c     1.5482633    1.3740983   -1.4183055  0.00    0.0006010   -0.0008141   -0.0009524
o     0.2265611    4.0582494    0.6275778  0.00    0.0005636    0.0017617    0.0014100
h    -0.7449978    4.2326166    0.3905132  0.00   -0.0013706    0.0001675   -0.0004058
h     1.9843417    1.2480227   -2.4082182  0.00    0.0004538   -0.0003201   -0.0009154
h     0.6459327   -0.3662557    1.2908847  0.00   -0.0000889   -0.0002939    0.0002539
h    -0.0134328    1.8777673    2.0081401  0.00   -0.0005281    0.0003151    0.0009223
h     1.3155224    3.4738308   -1.6543796  0.00    0.0000520    0.0003268   -0.0001984
c     1.7534349   -1.0912795   -1.0643226  0.00    0.0008842   -0.0000303    0.0003392
c     0.5408556   -1.8517170   -1.6582137  0.00   -0.0007739    0.0013190   -0.0003113
h     2.1670401   -1.6617581   -0.2030545  0.00    0.0001484   -0.0000348    0.0000723
h     2.5693378   -1.0377540   -1.8238421  0.00    0.0008972   -0.0000014   -0.0006418
c    -0.0292745   -1.1294194   -2.8846170  0.00    0.0026690   -0.0013378    0.0005657
o     0.8168951   -0.7881730   -3.9379348  0.00    0.0027286    0.0001264   -0.0020571
o    -1.3801251   -0.7689684   -2.9670322  0.00   -0.0020297    0.0020595   -0.0029267
h    -1.9144882   -1.0782760   -2.1662513  0.00   -0.0038315   -0.0004481    0.0039971
n     0.9189510   -3.2390242   -2.0067500  0.00    0.0005803   -0.0012497   -0.0021008
h    -0.2541861   -1.8750878   -0.8762582  0.00   -0.0008275   -0.0002387    0.0012382
h     1.9034644   -3.4766418   -1.7355668  0.00    0.0013503   -0.0004613    0.0001974
h     0.2923308   -3.9183982   -1.5115584  0.00   -0.0011651   -0.0013949    0.0007661
    24
 Energy =       0.0923856060
c     0.5111481    1.7577226    1.0208571  0.00   -0.0004118    0.0007354    0.0006343
c     0.7120638    2.8101782    0.1937232  0.00   -0.0001131   -0.0000775    0.0002013
c     1.2505384    2.6139437   -1.0323473  0.00    0.0000214    0.0006747   -0.0002441
c     0.8414779    0.5021019    0.6209336  0.00   -0.0000245   -0.0006660    0.0002881
c     1.3844681    0.2967477   -0.6119880  0.00    0.0004037   -0.0003429   -0.0003688
c     1.5835014    1.3616352   -1.4392215  0.00    0.0003975   -0.0006694   -0.0006896
o     0.3697018    4.0953938    0.6062291  0.00    0.0004601    0.0014969    0.0010219
h    -0.5989112    4.2974622    0.3801307  0.00   -0.0010811    0.0001778   -0.0002898
h     2.0033530    1.2175733   -2.4331575  0.00    0.0002341   -0.0002668   -0.0005682
h     0.6685001   -0.3351484    1.2925658  0.00   -0.0000382   -0.0002734    0.0001617
h     0.0855524    1.9313043    2.0038397  0.00   -0.0003162    0.0002514    0.0005666
h     1.4094952    3.4657457   -1.6856663  0.00    0.0000147    0.0003106   -0.0001262
c     1.7219621   -1.1068306   -1.0712194  0.00    0.0006471    0.0000023    0.0003959
c     0.4781507   -1.8416254   -1.6325976  0.00   -0.0003612    0.0010174   -0.0003094
h     2.1379501   -1.6788897   -0.2122277  0.00    0.0000947    0.0000136    0.0000603
h     2.5236891   -1.0823589   -1.8468560  0.00    0.0007552   -0.0000327   -0.0005707
c    -0.0959360   -1.1277464   -2.8620119  0.00    0.0042689   -0.0012483    0.0007557
o     0.7571410   -0.7263201   -3.8887214  0.00    0.0032416    0.0003124   -0.0019968
o    -1.4654311   -0.8560354   -2.9828411  0.00   -0.0032220    0.0026323   -0.0035726
h    -2.0054760   -1.2370292   -2.2164444  0.00   -0.0049398   -0.0012955    0.0043976
n     0.8091451   -3.2454013   -1.9610616  0.00    0.0006239   -0.0011028   -0.0018398
h    -0.3041025   -1.8249163   -0.8376005  0.00   -0.0005317   -0.0001330    0.0012872
h     1.7892508   -3.5079753   -1.6979660  0.00    0.0009298   -0.0003613    0.0001049
h     0.1693611   -3.8959838   -1.4448123  0.00   -0.0010530   -0.0011554    0.0007006
    24
 Energy =       0.0922349148
c     0.5877900    1.7855796    1.0092326  0.00   -0.0002445    0.0005095    0.0004320
c     0.8169376    2.8275484    0.1761500  0.00    0.0000146   -0.0000367   -0.0000177
c     1.3375063    2.6086126   -1.0533724  0.00   -0.0000704    0.0007078   -0.0000416
c     0.8716520    0.5179992    0.6118293  0.00    0.0000668   -0.0007245    0.0000716
c     1.3960933    0.2896328   -0.6247448  0.00    0.0002273   -0.0004426   -0.0000752
c     1.6243626    1.3442718   -1.4576213  0.00    0.0002553   -0.0004590   -0.0004772
o     0.5225515    4.1252289    0.5862383  0.00    0.0005372    0.0013128    0.0007250
h    -0.4401581    4.3600563    0.3669257  0.00   -0.0009838    0.0002374   -0.0002332
h     2.0319042    1.1830139   -2.4535894  0.00    0.0001152   -0.0001289   -0.0002620
h     0.6770014   -0.3103101    1.2886351  0.00   -0.0000186   -0.0003293    0.0001337
h     0.1775153    1.9771841    1.9950540  0.00   -0.0001515    0.0001783    0.0002883
h     1.5200115    3.4521406   -1.7113205  0.00    0.0000078    0.0003736   -0.0001247
c     1.6847708   -1.1263439   -1.0790020  0.00    0.0004813   -0.0001294    0.0003915
c     0.4105978   -1.8313699   -1.6099144  0.00   -0.0004101    0.0008146   -0.0002738
h     2.1009557   -1.7019035   -0.2224924  0.00    0.0000691    0.0000115    0.0000357
h     2.4719925   -1.1316364   -1.8693340  0.00    0.0005858   -0.0000760   -0.0004225
c    -0.1663800   -1.1225091   -2.8407384  0.00    0.0016490   -0.0003949    0.0002342
o     0.6848908   -0.6837747   -3.8518644  0.00    0.0011380    0.0000391   -0.0007187
o    -1.5406437   -0.9074160   -2.9848164  0.00   -0.0009908    0.0011053   -0.0015856
h    -2.0740120   -1.3367597   -2.2424531  0.00   -0.0020585   -0.0006087    0.0018654
n     0.6931909   -3.2496158   -1.9192815  0.00    0.0004065   -0.0008863   -0.0013386
h    -0.3590200   -1.7762136   -0.8045866  0.00   -0.0005248    0.0000389    0.0007886
h     1.6672827   -3.5390194   -1.6625976  0.00    0.0006845   -0.0003133    0.0000708
h     0.0398000   -3.8708482   -1.3847971  0.00   -0.0007854   -0.0007989    0.0005342
    24
 Energy =       0.0921737708
c     0.6279770    1.8061774    0.9967741  0.00   -0.0000485    0.0000362    0.0001080
c     0.8790304    2.8411794    0.1617001  0.00    0.0000325    0.0000145   -0.0000608
c     1.3936974    2.6091955   -1.0675261  0.00   -0.0000291    0.0002134   -0.0000019
c     0.8840268    0.5327035    0.6016877  0.00    0.0000268   -0.0002287    0.0000071
c     1.4020850    0.2910768   -0.6347710  0.00    0.0000453   -0.0001939    0.0000636
c     1.6529027    1.3388975   -1.4694081  0.00    0.0000361   -0.0000507   -0.0001387
o     0.6138503    4.1450541    0.5696469  0.00    0.0001847    0.0003145    0.0001296
h    -0.3429592    4.4009252    0.3500570  0.00   -0.0002830    0.0000753   -0.0000603
h     2.0575139    1.1678603   -2.4645749  0.00    0.0000032   -0.0000032   -0.0000361
h     0.6729158   -0.2897027    1.2804822  0.00   -0.0000089   -0.0001279    0.0000539
h     0.2231467    2.0080902    1.9824933  0.00   -0.0000182    0.0000181    0.0000357
h     1.5944425    3.4471818   -1.7269363  0.00    0.0000096    0.0001495   -0.0000653
c     1.6635954   -1.1310429   -1.0843439  0.00    0.0000615    0.0000448    0.0001726
c     0.3726173   -1.8228062   -1.5905225  0.00    0.0001762    0.0000556   -0.0000405
h     2.0848406   -1.7054217   -0.2295469  0.00    0.0000110    0.0000236    0.0000379
h     2.4381839   -1.1533978   -1.8860609  0.00    0.0001691   -0.0000250   -0.0001387
c    -0.2142598   -1.1243356   -2.8226168  0.00    0.0018994   -0.0002903    0.0006644
o     0.6314096   -0.6331579   -3.8147223  0.00    0.0016485    0.0003475   -0.0009909
o    -1.5954131   -0.9832787   -2.9918842  0.00   -0.0018039    0.0011131   -0.0015340
h    -2.1165626   -1.4673195   -2.2746337  0.00   -0.0020731   -0.0010659    0.0016914
n     0.6291029   -3.2488429   -1.8825581  0.00    0.0001589   -0.0001745   -0.0003925
h    -0.3867299   -1.7434689   -0.7780660  0.00   -0.0000442    0.0000343    0.0003418
h     1.6000313   -3.5507136   -1.6297555  0.00    0.0000794   -0.0000531   -0.0000031
h    -0.0288515   -3.8513058   -1.3333753  0.00   -0.0002333   -0.0002273    0.0001568
    24
 Energy =       0.0921605255
c     0.6226475    1.8070003    0.9956532  0.00    0.0000007   -0.0000294    0.0000016
c     0.8817465    2.8426192    0.1640769  0.00   -0.0000108    0.0000081    0.0000093
c     1.4023345    2.6114239   -1.0627525  0.00    0.0000106   -0.0000316   -0.0000196
c     0.8767433    0.5337330    0.5994700  0.00   -0.0000142    0.0000354    0.0000208
c     1.4007015    0.2928792   -0.6346348  0.00   -0.0000093    0.0000195   -0.0000028
c     1.6595783    1.3413406   -1.4657224  0.00   -0.0000041    0.0000283    0.0000059
o     0.6190119    4.1463099    0.5732827  0.00   -0.0000069   -0.0000619   -0.0000222
h    -0.3355081    4.4059658    0.3490869  0.00    0.0000194   -0.0000106    0.0000065
h     2.0693839    1.1710534   -2.4588526  0.00    0.0000047    0.0000071   -0.0000085
h     0.6596055   -0.2891381    1.2756056  0.00   -0.0000039    0.0000093    0.0000058
h     0.2132184    2.0082493    1.9795745  0.00   -0.0000041   -0.0000090    0.0000069
h     1.6096042    3.4498765   -1.7193080  0.00    0.0000008   -0.0000107   -0.0000047
c     1.6617840   -1.1289597   -1.0848155  0.00   -0.0000116   -0.0000086   -0.0000328
c     0.3710163   -1.8208841   -1.5906082  0.00   -0.0000180   -0.0000246    0.0000038
h     2.0833594   -1.7032281   -0.2301393  0.00   -0.0000010   -0.0000043   -0.0000076
h     2.4358623   -1.1514345   -1.8866720  0.00   -0.0000313    0.0000058    0.0000286
c    -0.2169333   -1.1244360   -2.8232487  0.00   -0.0002531   -0.0000128   -0.0000365
o     0.6262795   -0.6147602   -3.8065053  0.00   -0.0001075   -0.0000383    0.0000345
o    -1.5965362   -1.0048073   -3.0022222  0.00    0.0002011   -0.0001035    0.0001732
h    -2.1118053   -1.5041287   -2.2937891  0.00    0.0002090    0.0001499   -0.0001452
n     0.6274661   -3.2471454   -1.8802880  0.00   -0.0000325    0.0000374    0.0000720
h    -0.3888950   -1.7403223   -0.7791692  0.00    0.0000204   -0.0000082   -0.0000579
h     1.5975745   -3.5492438   -1.6248258  0.00   -0.0000069    0.0000091    0.0000009
h    -0.0316463   -3.8484148   -1.3316576  0.00    0.0000485    0.0000435   -0.0000319
    24
 Energy =       0.0921597890
c     0.6225755    1.8078086    0.9953888  0.00   -0.0000003   -0.0000046    0.0000018
c     0.8840039    2.8437996    0.1649989  0.00   -0.0000009    0.0000018    0.0000002
c     1.4059016    2.6129406   -1.0613242  0.00    0.0000016   -0.0000017   -0.0000032
c     0.8756494    0.5345153    0.5985068  0.00   -0.0000019    0.0000020    0.0000032
c     1.4008171    0.2939790   -0.6351449  0.00   -0.0000013   -0.0000005    0.0000009
c     1.6621252    1.3428367   -1.4649869  0.00   -0.0000005    0.0000041   -0.0000016
o     0.6223665    4.1475251    0.5749318  0.00    0.0000022   -0.0000053   -0.0000020
h    -0.3315679    4.4085416    0.3497651  0.00   -0.0000003   -0.0000004   -0.0000001
h     2.0731563    1.1728999   -2.4576483  0.00    0.0000007    0.0000011   -0.0000019
h     0.6567796   -0.2886374    1.2737446  0.00   -0.0000009   -0.0000006    0.0000018
h     0.2121740    2.0087829    1.9789550  0.00   -0.0000005   -0.0000012    0.0000014
h     1.6151038    3.4516849   -1.7169009  0.00    0.0000008    0.0000008   -0.0000021
c     1.6612325   -1.1278605   -1.0858775  0.00   -0.0000011   -0.0000005   -0.0000024
c     0.3698577   -1.8200056   -1.5901199  0.00    0.0000034   -0.0000061    0.0000018
h     2.0838369   -1.7020252   -0.2316412  0.00    0.0000001   -0.0000006   -0.0000002
h     2.4343646   -1.1504332   -1.8886805  0.00   -0.0000024    0.0000002    0.0000024
c    -0.2200748   -1.1244280   -2.8223241  0.00    0.0000194   -0.0000092    0.0000282
o     0.6216534   -0.6045094   -3.8016303  0.00    0.0000528    0.0000182   -0.0000387
o    -1.6003759   -1.0171986   -3.0054461  0.00   -0.0000371    0.0000191   -0.0000235
h    -2.1131794   -1.5253312   -2.3011803  0.00   -0.0000371   -0.0000256    0.0000332
n     0.6259799   -3.2464594   -1.8793899  0.00   -0.0000038    0.0000043    0.0000061
h    -0.3894088   -1.7389486   -0.7780386  0.00    0.0000036    0.0000003   -0.0000029
h     1.5962937   -3.5484848   -1.6245979  0.00   -0.0000005    0.0000008    0.0000002
h    -0.0326711   -3.8474445   -1.3298209  0.00    0.0000040    0.0000038   -0.0000027
    24
 Energy =       0.0921597846
c     0.6225687    1.8078244    0.9953810  0.00   -0.0000000   -0.0000000    0.0000000
c     0.8840229    2.8438170    0.1650047  0.00   -0.0000000    0.0000000    0.0000000
c     1.4059393    2.6129556   -1.0613081  0.00   -0.0000000    0.0000000   -0.0000000
c     0.8756337    0.5345270    0.5984947  0.00   -0.0000000   -0.0000000    0.0000000
c     1.4008162    0.2939879   -0.6351487  0.00   -0.0000000   -0.0000000    0.0000000
c     1.6621543    1.3428479   -1.4649749  0.00   -0.0000000    0.0000000   -0.0000000
o     0.6223915    4.1475465    0.5749411  0.00   -0.0000000   -0.0000000    0.0000000
h    -0.3315375    4.4085739    0.3497647  0.00   -0.0000000   -0.0000000    0.0000000
h     2.0732003    1.1729098   -2.4576280  0.00   -0.0000000    0.0000000   -0.0000000
h     0.6567443   -0.2886268    1.2737222  0.00    0.0000000   -0.0000000    0.0000000
h     0.2121539    2.0088007    1.9789399  0.00   -0.0000000   -0.0000000    0.0000000
h     1.6151627    3.4517011   -1.7168735  0.00   -0.0000000    0.0000000   -0.0000000
c     1.6612227   -1.1278557   -1.0858848  0.00    0.0000000    0.0000000    0.0000000
c     0.3698400   -1.8200098   -1.5901108  0.00   -0.0000000   -0.0000000   -0.0000000
h     2.0838378   -1.7020171   -0.2316521  0.00    0.0000000    0.0000000   -0.0000000
h     2.4343461   -1.1504308   -1.8887002  0.00    0.0000000    0.0000000   -0.0000000
c    -0.2201211   -1.1244337   -2.8223026  0.00   -0.0000000   -0.0000000    0.0000000
o     0.6215452   -0.6044017   -3.8015475  0.00    0.0000000   -0.0000000   -0.0000000
o    -1.6003835   -1.0173087   -3.0054730  0.00   -0.0000000    0.0000000   -0.0000000
h    -2.1131277   -1.5254902   -2.3012465  0.00   -0.0000000    0.0000000    0.0000000
n     0.6259684   -3.2464642   -1.8793967  0.00   -0.0000000    0.0000000   -0.0000000
h    -0.3894181   -1.7389641   -0.7780148  0.00    0.0000000   -0.0000000    0.0000000
h     1.5962945   -3.5484798   -1.6246387  0.00    0.0000000   -0.0000000    0.0000000
h    -0.0326610   -3.8474616   -1.3298086  0.00    0.0000000   -0.0000000    0.0000000
