$coord                                                                          
   -0.03973776085755      2.53605589829410      2.29583135036704      c       
   -0.50039381758143      4.66936095913457      0.93885351126967      c       
    0.41886141244770      4.87783887956781     -1.43634510626646      c       
    1.34103487130665      0.63080219636936      1.27464026128872      c       
    2.28501861609746      0.84831476652631     -1.10894193853970      c       
    1.80295057157941      2.97989164012547     -2.46633884890742      c       
   -1.91009339205463      6.66984114676179      1.93695619129254      o       
   -2.55827842616806      6.35772475714321      3.71298538717414      h       
    2.50491634066761      3.17230512138465     -4.38956853503402      h       
    1.68098905648793     -1.06829214201884      2.37793285470675      h       
   -0.77910489906288      2.34774996585627      4.19811998922591      h       
    0.02211387365117      6.58143783066102     -2.50482883650628      h       
    3.78842713013590     -1.29167083339012     -2.26480497879585      c       
    2.05386966275276     -3.25884087792378     -3.55219837791330      c       
    4.93557979506303     -2.21988732986306     -0.76913194359679      h       
    5.16102562261134     -0.53945772726646     -3.67390965343685      h       
    0.65659510302780     -2.13746963088609     -5.79728925518096      c       
   -1.96088570154193     -2.30018852455925     -5.94499761019964      o       
    1.97771816136053     -0.90115682005517     -7.70543354068680      o       
    0.73242143702470     -0.36168305319540     -9.05323497980808      h       
    3.55291484405672     -5.47922029112369     -4.31349754311097      n       
    0.55786814080347     -3.87622382987700     -2.20188878585698      h       
    4.91978467782309     -4.94020381636958     -5.64579602549029      h       
    4.48929410045196     -6.25093794125449     -2.75132066658266      h       
$end                                                                            
