    24
 Energy =       0.1422743200
c     1.6703672    2.6182922    0.2614132  0.00    0.0469661    0.0713449    0.0240817
c     0.3248649    2.9356558    0.1418766  0.00   -0.0070156    0.1044844    0.0285697
c    -0.5827484    1.9945952   -0.3219261  0.00   -0.0888101    0.0438980    0.0043630
c     2.1038063    1.3347474   -0.0833024  0.00    0.0673311   -0.0107192    0.0085782
c     1.2047783    0.3610782   -0.5608861  0.00    0.0189622   -0.0962011   -0.0237350
c    -0.1441045    0.7159142   -0.6796715  0.00   -0.0316210   -0.0461508   -0.0211037
o    -0.1504797    4.1703171    0.4675790  0.00   -0.0524149   -0.0245547   -0.0597866
h    -0.5871159    4.5498648   -0.3125495  0.00    0.0450023   -0.0386535    0.0476307
h    -0.8895274    0.0262790   -1.0546636  0.00   -0.0074138   -0.0054665   -0.0011089
h     3.1621727    1.0964802    0.0165124  0.00    0.0025440    0.0000029   -0.0008122
h     2.3926004    3.3457758    0.6178375  0.00    0.0099928   -0.0069843   -0.0018323
h    -1.6336796    2.2563998   -0.4108671  0.00   -0.0018532    0.0003941   -0.0009023
c     1.7669373   -1.0073413   -0.8964724  0.00    0.0127583   -0.0115534   -0.0188047
c     0.8861134   -2.0194266   -1.6556448  0.00    0.0347635    0.1187784   -0.0545600
h     2.1212937   -1.4658931    0.0371405  0.00   -0.0035087    0.0090078   -0.0124990
h     2.6645729   -0.8285312   -1.5058794  0.00   -0.0139003    0.0012986    0.0103254
c     1.7481012   -3.2276699   -2.0845864  0.00    0.1064410   -0.3532490    0.1796117
o     2.0121944   -4.2017215   -1.3977638  0.00   -0.0629359    0.2365836   -0.1626109
o     2.2274762   -3.0566202   -3.3466422  0.00   -0.0312587    0.0305375    0.0232299
h     1.9686788   -3.8778597   -3.8368213  0.00   -0.0132930    0.0322957    0.0239715
n    -0.2697763   -2.5678537   -0.8742070  0.00   -0.0625757   -0.0430811    0.0119407
h     0.4960411   -1.5757973   -2.5789902  0.00   -0.0046415   -0.0154871    0.0206505
h    -0.1377783   -2.3090138    0.1103184  0.00   -0.0003212    0.0043453   -0.0380374
h    -1.1177682   -2.0693246   -1.1533357  0.00    0.0368024   -0.0008706    0.0128402
    24
 Energy =       0.1251366070
c     1.6171416    2.6042856    0.2579833  0.00    0.0363222    0.0548744    0.0183233
c     0.2809221    2.9130548    0.1178444  0.00   -0.0054345    0.0805176    0.0218994
c    -0.6068156    1.9724688   -0.3616555  0.00   -0.0684350    0.0339784    0.0035785
c     2.0640473    1.3354194   -0.0809853  0.00    0.0518651   -0.0083244    0.0064206
c     1.1849695    0.3648093   -0.5701322  0.00    0.0145035   -0.0739840   -0.0183409
c    -0.1573420    0.7048509   -0.7116581  0.00   -0.0245956   -0.0353552   -0.0160879
o    -0.1977764    4.1525780    0.4474465  0.00   -0.0401212   -0.0198177   -0.0444468
h    -0.6059079    4.5612816   -0.3468597  0.00    0.0345421   -0.0290530    0.0352560
h    -0.8869766    0.0057340   -1.1011888  0.00   -0.0059413   -0.0044643   -0.0010634
h     3.1220940    1.1047708    0.0373149  0.00    0.0021521   -0.0000593   -0.0006250
h     2.3220011    3.3401850    0.6313567  0.00    0.0079115   -0.0052059   -0.0013367
h    -1.6573355    2.2286981   -0.4661928  0.00   -0.0015592    0.0003620   -0.0006875
c     1.7676328   -0.9966321   -0.8988877  0.00    0.0100378   -0.0087434   -0.0144744
c     0.8967077   -2.0349424   -1.6392665  0.00    0.0267165    0.0915722   -0.0413843
h     2.1432170   -1.4431325    0.0369711  0.00   -0.0025233    0.0068346   -0.0094118
h     2.6586571   -0.8071589   -1.5224280  0.00   -0.0106013    0.0010569    0.0077995
c     1.7866514   -3.2144334   -2.0675794  0.00    0.0736755   -0.2745698    0.1456144
o     2.0636243   -4.2064462   -1.3444693  0.00   -0.0473809    0.1818710   -0.1267113
o     2.3862293   -3.0150678   -3.2846164  0.00   -0.0038575    0.0492303    0.0237596
h     2.0032120   -3.7439967   -3.8745778  0.00   -0.0229350    0.0022634    0.0063256
n    -0.2336247   -2.5832103   -0.8300729  0.00   -0.0472579   -0.0345745    0.0099074
h     0.4933793   -1.6083171   -2.5699159  0.00   -0.0036965   -0.0120769    0.0155291
h    -0.0984719   -2.3114271    0.1559662  0.00   -0.0001368    0.0035115   -0.0291619
h    -1.1092150   -2.1250248   -1.1159287  0.00    0.0267498    0.0001562    0.0093187
    24
 Energy =       0.1239833915
c     1.6646379    2.6170366    0.2172755  0.00    0.0357856    0.0543194    0.0181378
c     0.3330991    2.9405701    0.0673408  0.00   -0.0048018    0.0779904    0.0212994
c    -0.5674224    1.9977514   -0.3830225  0.00   -0.0676831    0.0332346    0.0034673
c     2.0960779    1.3350421   -0.0940721  0.00    0.0514217   -0.0084344    0.0063076
c     1.2050469    0.3654661   -0.5632714  0.00    0.0140716   -0.0727951   -0.0182477
c    -0.1336305    0.7183147   -0.7060359  0.00   -0.0242529   -0.0353691   -0.0160199
o    -0.1238958    4.2045405    0.3378857  0.00   -0.0396433   -0.0173057   -0.0419418
h    -0.5299265    4.5761010   -0.4775660  0.00    0.0334218   -0.0281481    0.0335161
h    -0.8738032    0.0206499   -1.0768948  0.00   -0.0059785   -0.0046155   -0.0011529
h     3.1512589    1.0937963    0.0282557  0.00    0.0022036   -0.0000978   -0.0006125
h     2.3798519    3.3554294    0.5664209  0.00    0.0079441   -0.0047813   -0.0011980
h    -1.6144165    2.2653105   -0.4954844  0.00   -0.0016460    0.0004523   -0.0006710
c     1.7633152   -1.0158298   -0.8572632  0.00    0.0095487   -0.0090501   -0.0143580
c     0.8752247   -2.0379569   -1.6011817  0.00    0.0261693    0.0906861   -0.0405436
h     2.1048122   -1.4583517    0.0940029  0.00   -0.0023537    0.0062680   -0.0087850
h     2.6738087   -0.8611304   -1.4634110  0.00   -0.0096992    0.0011523    0.0071952
c     1.7375720   -3.2340337   -2.0404072  0.00    0.0709895   -0.2710439    0.1470346
o     2.0066440   -4.2305375   -1.3175991  0.00   -0.0464830    0.1794215   -0.1254316
o     2.2823447   -3.0756215   -3.2905157  0.00   -0.0007038    0.0506091    0.0221575
h     1.8444589   -3.8005430   -3.8512604  0.00   -0.0239529   -0.0000317    0.0043014
n    -0.2618964   -2.5710392   -0.7911077  0.00   -0.0467149   -0.0343760    0.0097704
h     0.4761674   -1.5989257   -2.5282626  0.00   -0.0038198   -0.0118224    0.0153218
h    -0.1202635   -2.3086685    0.1967272  0.00   -0.0000707    0.0035204   -0.0286970
h    -1.1320446   -2.0990237   -1.0720849  0.00    0.0262480    0.0002168    0.0091500
    24
 Energy =       0.1242620883
c     1.6979892    2.6056902    0.2270807  0.00    0.0350953    0.0532600    0.0177874
c     0.3695415    2.9406197    0.0802774  0.00   -0.0046683    0.0763055    0.0208345
c    -0.5377822    2.0088896   -0.3774477  0.00   -0.0663918    0.0325199    0.0033665
c     2.1193011    1.3223630   -0.0905962  0.00    0.0504463   -0.0082660    0.0061882
c     1.2205265    0.3626158   -0.5634866  0.00    0.0137871   -0.0713243   -0.0179102
c    -0.1143885    0.7282286   -0.7062489  0.00   -0.0238119   -0.0346848   -0.0157086
o    -0.0769055    4.2047861    0.3687077  0.00   -0.0387769   -0.0168438   -0.0407769
h    -0.4811397    4.5944839   -0.4399228  0.00    0.0326223   -0.0274321    0.0325934
h    -0.8606497    0.0397585   -1.0806743  0.00   -0.0059116   -0.0045583   -0.0011546
h     3.1721116    1.0713500    0.0323553  0.00    0.0022134   -0.0001009   -0.0005918
h     2.4183176    3.3360820    0.5828111  0.00    0.0078276   -0.0046331   -0.0011489
h    -1.5827118    2.2853658   -0.4875608  0.00   -0.0016609    0.0004519   -0.0006636
c     1.7633819   -1.0256585   -0.8572788  0.00    0.0094080   -0.0088423   -0.0140938
c     0.8648834   -2.0327855   -1.6102335  0.00    0.0256953    0.0889873   -0.0396097
h     2.0905228   -1.4758317    0.0957816  0.00   -0.0022646    0.0060598   -0.0085091
h     2.6811075   -0.8829675   -1.4557981  0.00   -0.0093879    0.0011717    0.0070061
c     1.7101339   -3.2406097   -2.0515128  0.00    0.0687518   -0.2655544    0.1452604
o     1.9655511   -4.2403691   -1.3239297  0.00   -0.0454368    0.1756092   -0.1230394
o     2.2229303   -3.1127909   -3.3190642  0.00    0.0058069    0.0568705    0.0264282
h     1.6857058   -3.7792619   -3.8798092  0.00   -0.0292278   -0.0073458   -0.0016720
n    -0.2818221   -2.5545123   -0.8065759  0.00   -0.0458278   -0.0339067    0.0095496
h     0.4754530   -1.5822945   -2.5362072  0.00   -0.0038545   -0.0115059    0.0149488
h    -0.1391922   -2.3045975    0.1847021  0.00   -0.0000239    0.0034822   -0.0279923
h    -1.1458448   -2.0702071   -1.0869011  0.00    0.0255905    0.0002804    0.0089078
    24
 Energy =       0.1191982715
c     1.7591494    2.5876156    0.2498166  0.00    0.0339473    0.0514251    0.0172018
c     0.4373829    2.9478560    0.1115150  0.00   -0.0043856    0.0730456    0.0199176
c    -0.4862879    2.0396519   -0.3574288  0.00   -0.0642215    0.0311789    0.0031255
c     2.1571127    1.3006457   -0.0806066  0.00    0.0488469   -0.0079690    0.0060006
c     1.2401674    0.3622328   -0.5589914  0.00    0.0132340   -0.0685587   -0.0174749
c    -0.0868356    0.7556734   -0.6975722  0.00   -0.0231385   -0.0334913   -0.0151718
o     0.0155277    4.2135210    0.4331120  0.00   -0.0371142   -0.0157610   -0.0380664
h    -0.3856415    4.6373419   -0.3616490  0.00    0.0309482   -0.0258131    0.0304857
h    -0.8476059    0.0868382   -1.0756480  0.00   -0.0059273   -0.0044870   -0.0012502
h     3.2047474    1.0281611    0.0413830  0.00    0.0023873   -0.0001421   -0.0005353
h     2.4918810    3.3007867    0.6160642  0.00    0.0077225   -0.0042478   -0.0009986
h    -1.5266732    2.3357060   -0.4607626  0.00   -0.0018337    0.0004891   -0.0006663
c     1.7471910   -1.0416687   -0.8526823  0.00    0.0092116   -0.0081105   -0.0135975
c     0.8297111   -2.0079642   -1.6397545  0.00    0.0245820    0.0858301   -0.0373698
h     2.0318406   -1.5134687    0.1048780  0.00   -0.0018782    0.0051876   -0.0073185
h     2.6863416   -0.9260933   -1.4249803  0.00   -0.0081660    0.0014857    0.0064296
c     1.6366184   -3.2344163   -2.0982649  0.00    0.0640160   -0.2562257    0.1435388
o     1.8953335   -4.2335122   -1.3616882  0.00   -0.0437730    0.1687143   -0.1187935
o     2.0825250   -3.1542905   -3.3973106  0.00    0.0170763    0.0704968    0.0294607
h     1.6139976   -3.9380151   -3.8828926  0.00   -0.0372630   -0.0227153   -0.0096858
n    -0.3387866   -2.5158278   -0.8584916  0.00   -0.0443333   -0.0341780    0.0083201
h     0.4638811   -1.5245175   -2.5601881  0.00   -0.0041844   -0.0105291    0.0138100
h    -0.1965200   -2.3072242    0.1435561  0.00    0.0003884    0.0036339   -0.0255268
h    -1.1880372   -2.0006849   -1.1329447  0.00    0.0238583    0.0007414    0.0081650
    24
 Energy =       0.1046185220
c     1.8142419    2.5616069    0.2574538  0.00    0.0258984    0.0388285    0.0129419
c     0.5112366    2.9570145    0.1020116  0.00   -0.0036964    0.0543949    0.0151034
c    -0.4258997    2.0761636   -0.3732332  0.00   -0.0489354    0.0233766    0.0025450
c     2.1826671    1.2709444   -0.0634394  0.00    0.0371761   -0.0057785    0.0044275
c     1.2509783    0.3616109   -0.5474239  0.00    0.0099555   -0.0510721   -0.0136211
c    -0.0584084    0.7875613   -0.7013681  0.00   -0.0176098   -0.0253766   -0.0114494
o     0.1299954    4.2424593    0.4176663  0.00   -0.0277543   -0.0125406   -0.0263832
h    -0.2268884    4.6988715   -0.3910789  0.00    0.0228475   -0.0176212    0.0207152
h    -0.8317833    0.1381890   -1.0831329  0.00   -0.0046297   -0.0034324   -0.0010383
h     3.2205225    0.9706624    0.0757828  0.00    0.0023942   -0.0002282   -0.0003371
h     2.5563983    3.2600672    0.6327735  0.00    0.0059718   -0.0030299   -0.0006959
h    -1.4566531    2.4000735   -0.4892563  0.00   -0.0019038    0.0005045   -0.0005454
c     1.7142711   -1.0648128   -0.8187604  0.00    0.0065322   -0.0057283   -0.0102983
c     0.7812179   -1.9877888   -1.6464309  0.00    0.0183460    0.0649097   -0.0274271
h     1.9373104   -1.5513001    0.1520359  0.00   -0.0011783    0.0026397   -0.0038813
h     2.6853096   -0.9928028   -1.3517341  0.00   -0.0040781    0.0015621    0.0041462
c     1.5504398   -3.2227075   -2.1292039  0.00    0.0468674   -0.1931827    0.1090332
o     1.8168187   -4.2366743   -1.3625257  0.00   -0.0330586    0.1268374   -0.0888934
o     1.9575974   -3.1946448   -3.4469365  0.00    0.0220836    0.0698562    0.0279510
h     1.6003274   -4.0749095   -3.8694370  0.00   -0.0360441   -0.0342766   -0.0152201
n    -0.4056625   -2.4735981   -0.8848831  0.00   -0.0342163   -0.0275373    0.0035501
h     0.4445045   -1.4669249   -2.5623216  0.00   -0.0036196   -0.0072244    0.0096879
h    -0.2645264   -2.3262268    0.1333536  0.00    0.0011042    0.0031512   -0.0161681
h    -1.2469944   -1.9344868   -1.1514431  0.00    0.0175475    0.0009680    0.0058572
    24
 Energy =       0.0954639043
c     1.8443278    2.5414807    0.2574028  0.00    0.0190379    0.0278438    0.0093628
c     0.5609546    2.9686735    0.0722310  0.00   -0.0031015    0.0383490    0.0111444
c    -0.3861026    2.1086550   -0.4052446  0.00   -0.0356766    0.0169688    0.0021845
c     2.1857032    1.2443674   -0.0408026  0.00    0.0271569   -0.0042461    0.0029859
c     1.2437004    0.3585061   -0.5297388  0.00    0.0071227   -0.0363014   -0.0103059
c    -0.0477605    0.8125097   -0.7086274  0.00   -0.0128450   -0.0184734   -0.0083244
o     0.2156194    4.2758655    0.3589611  0.00   -0.0194700   -0.0105845   -0.0143385
h    -0.0681352    4.7503713   -0.4792765  0.00    0.0154130   -0.0095519    0.0101327
h    -0.8300953    0.1772478   -1.0919617  0.00   -0.0034195   -0.0024915   -0.0007871
h     3.2125149    0.9194838    0.1233205  0.00    0.0023821   -0.0004040   -0.0001818
h     2.5936088    3.2289636    0.6381599  0.00    0.0043951   -0.0020816   -0.0004876
h    -1.4057837    2.4582857   -0.5434024  0.00   -0.0019888    0.0006297   -0.0004263
c     1.6704250   -1.0868710   -0.7685513  0.00    0.0040664   -0.0037340   -0.0075882
c     0.7455933   -1.9784706   -1.6444552  0.00    0.0134257    0.0467433   -0.0199826
h     1.8267144   -1.5772741    0.2168504  0.00   -0.0005648    0.0006853   -0.0008618
h     2.6737720   -1.0545208   -1.2511914  0.00   -0.0005803    0.0013932    0.0021273
c     1.5041298   -3.2121638   -2.1329838  0.00    0.0329980   -0.1387573    0.0778960
o     1.7780771   -4.2348236   -1.3360732  0.00   -0.0236424    0.0910778   -0.0631466
o     1.9126534   -3.2150814   -3.4529782  0.00    0.0200511    0.0598402    0.0243200
h     1.6591127   -4.1450314   -3.8371064  0.00   -0.0297370   -0.0344759   -0.0154672
n    -0.4663199   -2.4512248   -0.9198337  0.00   -0.0259385   -0.0216669   -0.0009146
h     0.4467128   -1.4308041   -2.5617779  0.00   -0.0028221   -0.0046768    0.0061552
h    -0.3374611   -2.3769679    0.1130096  0.00    0.0017258    0.0025130   -0.0071879
h    -1.2949407   -1.8828299   -1.1774618  0.00    0.0120118    0.0014012    0.0036917
    24
 Energy =       0.0911102372
c     1.8612135    2.5326642    0.2428121  0.00    0.0144198    0.0209655    0.0072053
c     0.5948469    2.9857513    0.0295044  0.00   -0.0027054    0.0282057    0.0085561
c    -0.3624636    2.1399723   -0.4419692  0.00   -0.0270749    0.0131680    0.0018931
c     2.1766890    1.2261179   -0.0242790  0.00    0.0206565   -0.0035408    0.0020998
c     1.2241736    0.3559321   -0.5097769  0.00    0.0048856   -0.0265972   -0.0083856
c    -0.0514655    0.8335853   -0.7126588  0.00   -0.0097016   -0.0142309   -0.0063461
o     0.2797295    4.3107394    0.2814574  0.00   -0.0136518   -0.0107136   -0.0034826
h     0.0906179    4.7952862   -0.5869569  0.00    0.0101690   -0.0028657    0.0002928
h    -0.8429499    0.2073238   -1.0883659  0.00   -0.0025793   -0.0019796   -0.0006599
h     3.1925488    0.8809045    0.1646499  0.00    0.0023233   -0.0006156   -0.0000892
h     2.6181649    3.2122024    0.6221358  0.00    0.0033348   -0.0014683   -0.0003527
h    -1.3715590    2.5109986   -0.6007163  0.00   -0.0019472    0.0007659   -0.0003344
c     1.6151065   -1.1079593   -0.7021690  0.00    0.0019471   -0.0019684   -0.0059036
c     0.7233595   -1.9746621   -1.6413555  0.00    0.0107412    0.0353299   -0.0162972
h     1.6856454   -1.5930201    0.2994640  0.00    0.0000575   -0.0011260    0.0026486
h     2.6554916   -1.1178885   -1.1118449  0.00    0.0034331    0.0011632    0.0002293
c     1.4927422   -3.2033370   -2.1175528  0.00    0.0242203   -0.1034796    0.0578452
o     1.7722387   -4.2228424   -1.2904088  0.00   -0.0174394    0.0678795   -0.0464891
o     1.9211059   -3.2292709   -3.4327357  0.00    0.0173014    0.0517855    0.0210194
h     1.7604188   -4.1893639   -3.7845066  0.00   -0.0242061   -0.0331128   -0.0148069
n    -0.5235191   -2.4458735   -0.9789069  0.00   -0.0220216   -0.0187872   -0.0060047
h     0.4738130   -1.4056570   -2.5634732  0.00   -0.0023423   -0.0029375    0.0033580
h    -0.4181941   -2.4673885    0.0645395  0.00    0.0024729    0.0015226    0.0023737
h    -1.3307338   -1.8358678   -1.2184185  0.00    0.0077072    0.0026375    0.0016307
    24
 Energy =       0.0906211924
c     1.8527436    2.5519700    0.1899635  0.00    0.0130930    0.0197503    0.0067808
c     0.5897562    3.0079372   -0.0301162  0.00   -0.0022378    0.0256235    0.0079612
c    -0.3758474    2.1555334   -0.4695099  0.00   -0.0248931    0.0122351    0.0017599
c     2.1569651    1.2364379   -0.0404831  0.00    0.0190359   -0.0032319    0.0020647
c     1.1961088    0.3596811   -0.4960666  0.00    0.0033880   -0.0236228   -0.0083543
c    -0.0767270    0.8395937   -0.7018421  0.00   -0.0087449   -0.0137463   -0.0058270
o     0.2866811    4.3438986    0.1814520  0.00   -0.0122645   -0.0093689   -0.0016034
h     0.1337532    4.8113364   -0.7048473  0.00    0.0090159   -0.0018088   -0.0011411
h    -0.8764202    0.2063371   -1.0453356  0.00   -0.0025946   -0.0024161   -0.0008973
h     3.1705274    0.8896929    0.1567017  0.00    0.0021746   -0.0006342   -0.0000488
h     2.6160508    3.2374850    0.5457124  0.00    0.0031916   -0.0010255   -0.0002130
h    -1.3833449    2.5290870   -0.6315703  0.00   -0.0017962    0.0007326   -0.0002979
c     1.5661584   -1.1178374   -0.6287347  0.00    0.0002889   -0.0006986   -0.0054839
c     0.7328676   -1.9810767   -1.6289461  0.00    0.0102492    0.0334334   -0.0171284
h     1.5483253   -1.5836210    0.3876924  0.00    0.0006062   -0.0023047    0.0062596
h     2.6397938   -1.1613614   -0.9530918  0.00    0.0075055    0.0006590   -0.0012354
c     1.5409120   -3.1955492   -2.0782455  0.00    0.0221468   -0.0944069    0.0530316
o     1.8193591   -4.2037520   -1.2296712  0.00   -0.0157167    0.0616709   -0.0421921
o     2.0119418   -3.2252290   -3.3796599  0.00    0.0165930    0.0478743    0.0187189
h     1.8896204   -4.1918800   -3.7237304  0.00   -0.0222919   -0.0313111   -0.0141879
n    -0.5418070   -2.4759263   -1.0373621  0.00   -0.0224584   -0.0197186   -0.0122217
h     0.5239342   -1.4027384   -2.5563275  0.00   -0.0023493   -0.0025190    0.0021827
h    -0.4553822   -2.6086043    0.0054572  0.00    0.0029845   -0.0003454    0.0121103
h    -1.3289495   -1.8230676   -1.2329706  0.00    0.0050744    0.0051798   -0.0000376
    24
 Energy =       0.0885344945
c     1.8780184    2.5492846    0.1642133  0.00    0.0106090    0.0158035    0.0055124
c     0.6273112    3.0212075   -0.0800383  0.00   -0.0020457    0.0205165    0.0061855
c    -0.3414285    2.1808791   -0.5287881  0.00   -0.0201134    0.0099219    0.0014141
c     2.1662611    1.2296545   -0.0485136  0.00    0.0154363   -0.0027502    0.0016071
c     1.2017192    0.3652384   -0.5121126  0.00    0.0031724   -0.0189789   -0.0066742
c    -0.0583697    0.8612059   -0.7459977  0.00   -0.0072772   -0.0108795   -0.0046613
o     0.3395669    4.3634493    0.1189374  0.00   -0.0093474   -0.0116497    0.0076019
h     0.2925063    4.8471398   -0.7777548  0.00    0.0066538    0.0029052   -0.0096041
h    -0.8598266    0.2373759   -1.1022040  0.00   -0.0021808   -0.0017726   -0.0007471
h     3.1708350    0.8694332    0.1693521  0.00    0.0020605   -0.0006544    0.0000131
h     2.6437379    3.2272169    0.5286717  0.00    0.0026433   -0.0008010   -0.0001527
h    -1.3399926    2.5686251   -0.7115751  0.00   -0.0017722    0.0007433   -0.0002861
c     1.5556729   -1.1168977   -0.6296001  0.00    0.0002963   -0.0001373   -0.0041404
c     0.6993195   -1.9904887   -1.6002512  0.00    0.0086929    0.0277533   -0.0140771
h     1.5502786   -1.5678068    0.3927400  0.00    0.0005264   -0.0018548    0.0052093
h     2.6217944   -1.1741278   -0.9719061  0.00    0.0062848    0.0006484   -0.0010448
c     1.4781657   -3.2351259   -2.0163721  0.00    0.0169680   -0.0753982    0.0422034
o     1.7499307   -4.2187932   -1.1218517  0.00   -0.0123399    0.0482730   -0.0319883
o     1.9397951   -3.3273420   -3.3202219  0.00    0.0148335    0.0438538    0.0146354
h     1.8781481   -4.3176049   -3.6041977  0.00   -0.0184492   -0.0308712   -0.0132815
n    -0.5824402   -2.4348682   -0.9877055  0.00   -0.0176934   -0.0177671   -0.0107301
h     0.5023705   -1.4346185   -2.5449381  0.00   -0.0017332   -0.0017001    0.0013304
h    -0.5088538   -2.5112412    0.0618765  0.00    0.0021657   -0.0007677    0.0123750
h    -1.3674995   -1.7934482   -1.2332941  0.00    0.0026094    0.0055638   -0.0006998
    24
 Energy =       0.0883951213
c     1.8786518    2.5685393    0.1115130  0.00    0.0099046    0.0148367    0.0051882
c     0.6337192    3.0423885   -0.1550613  0.00   -0.0020241    0.0190886    0.0056519
c    -0.3327578    2.2003089   -0.6032092  0.00   -0.0188251    0.0094544    0.0013402
c     2.1623984    1.2445626   -0.0752519  0.00    0.0144563   -0.0028078    0.0014616
c     1.1996305    0.3777980   -0.5362420  0.00    0.0031768   -0.0175663   -0.0061897
c    -0.0535708    0.8766629   -0.7972405  0.00   -0.0069413   -0.0100418   -0.0043782
o     0.3490856    4.3889582    0.0205204  0.00   -0.0088202   -0.0117193    0.0097375
h     0.3598343    4.8687414   -0.8810976  0.00    0.0061702    0.0039049   -0.0114886
h    -0.8525971    0.2523734   -1.1570172  0.00   -0.0020452   -0.0014713   -0.0006816
h     3.1618292    0.8825165    0.1628073  0.00    0.0021109   -0.0007509    0.0000417
h     2.6427298    3.2485420    0.4753164  0.00    0.0024672   -0.0007396   -0.0001417
h    -1.3266636    2.5905946   -0.8054559  0.00   -0.0018273    0.0008212   -0.0002886
c     1.5478310   -1.1084254   -0.6169800  0.00    0.0003950   -0.0000322   -0.0036845
c     0.6924566   -2.0090781   -1.5635735  0.00    0.0079689    0.0267330   -0.0128972
h     1.5400856   -1.5332325    0.4166572  0.00    0.0004859   -0.0018769    0.0052169
h     2.6136547   -1.1771165   -0.9570118  0.00    0.0059411    0.0006386   -0.0010225
c     1.4635220   -3.2799251   -1.9163223  0.00    0.0150518   -0.0693630    0.0390096
o     1.7157808   -4.2230863   -0.9672693  0.00   -0.0109096    0.0427963   -0.0273580
o     1.9454407   -3.4362178   -3.2080907  0.00    0.0148867    0.0422537    0.0116034
h     1.8980034   -4.4389445   -3.4454446  0.00   -0.0171940   -0.0306832   -0.0130976
n    -0.6006363   -2.4145592   -0.9486952  0.00   -0.0165455   -0.0172868   -0.0098899
h     0.5141217   -1.4890548   -2.5332238  0.00   -0.0016231   -0.0010083    0.0002867
h    -0.5378716   -2.4588362    0.1035399  0.00    0.0019143   -0.0008116    0.0124572
h    -1.3776574   -1.7751629   -1.2246994  0.00    0.0018259    0.0056316   -0.0008769
    24
 Energy =       0.0875310793
c     1.8931800    2.5444913    0.1565398  0.00    0.0097067    0.0144350    0.0050705
c     0.6453583    3.0233259   -0.0869480  0.00   -0.0020470    0.0184966    0.0054441
c    -0.3286206    2.1880560   -0.5310441  0.00   -0.0183825    0.0093148    0.0012816
c     2.1730568    1.2229094   -0.0516683  0.00    0.0141158   -0.0028712    0.0014298
c     1.2031536    0.3638883   -0.5111977  0.00    0.0031918   -0.0168769   -0.0059573
c    -0.0540609    0.8667043   -0.7446626  0.00   -0.0069296   -0.0096354   -0.0042935
o     0.3651969    4.3682374    0.1094344  0.00   -0.0086808   -0.0111738    0.0096411
h     0.3672038    4.8595401   -0.7858543  0.00    0.0059811    0.0038743   -0.0113146
h    -0.8597205    0.2464985   -1.0980390  0.00   -0.0020477   -0.0013490   -0.0006595
h     3.1758527    0.8568607    0.1658422  0.00    0.0022533   -0.0008425    0.0000812
h     2.6629857    3.2190708    0.5184078  0.00    0.0024271   -0.0007029   -0.0001230
h    -1.3251396    2.5818528   -0.7133891  0.00   -0.0019618    0.0008988   -0.0003108
c     1.5492715   -1.1206903   -0.6289079  0.00    0.0005389   -0.0000054   -0.0032749
c     0.6811796   -1.9904469   -1.5933914  0.00    0.0072952    0.0268181   -0.0119859
h     1.5488456   -1.5707928    0.3940332  0.00    0.0004939   -0.0019602    0.0054231
h     2.6120097   -1.1837918   -0.9790483  0.00    0.0058580    0.0006045   -0.0010284
c     1.4509430   -3.2402780   -2.0202596  0.00    0.0139208   -0.0662060    0.0377809
o     1.7288296   -4.2315665   -1.1250279  0.00   -0.0097788    0.0386991   -0.0241312
o     1.8999466   -3.3359928   -3.3322507  0.00    0.0155124    0.0419083    0.0083949
h     1.8699316   -4.3307574   -3.6041977  0.00   -0.0166574   -0.0309971   -0.0130046
n    -0.5971922   -2.4263402   -0.9677401  0.00   -0.0160891   -0.0171714   -0.0093128
h     0.4792365   -1.4313469   -2.5379426  0.00   -0.0017658   -0.0002809   -0.0008250
h    -0.5198464   -2.4937001    0.0823211  0.00    0.0018192   -0.0008392    0.0126853
h    -1.3845807   -1.7873847   -1.2165411  0.00    0.0012264    0.0058625   -0.0010111
    24
 Energy =       0.0858883595
c     1.9224196    2.5153423    0.1846249  0.00    0.0084082    0.0122214    0.0043738
c     0.6747094    3.0040333   -0.0341060  0.00   -0.0018000    0.0156515    0.0045628
c    -0.3118427    2.1789653   -0.4659346  0.00   -0.0157489    0.0079552    0.0009661
c     2.1898179    1.1947398   -0.0375227  0.00    0.0120952   -0.0024766    0.0012843
c     1.2073900    0.3473251   -0.4877723  0.00    0.0027149   -0.0141365   -0.0049893
c    -0.0505094    0.8586288   -0.6927434  0.00   -0.0061155   -0.0080722   -0.0037219
o     0.4063532    4.3495190    0.1782696  0.00   -0.0073887   -0.0101937    0.0099944
h     0.4530377    4.8589653   -0.7058161  0.00    0.0050172    0.0042329   -0.0113695
h    -0.8666755    0.2445302   -1.0344032  0.00   -0.0018805   -0.0012087   -0.0006043
h     3.1939802    0.8206705    0.1585960  0.00    0.0021589   -0.0007977    0.0001317
h     2.7019629    3.1824488    0.5392988  0.00    0.0021454   -0.0005410   -0.0000612
h    -1.3087639    2.5806816   -0.6273396  0.00   -0.0019005    0.0008488   -0.0003128
c     1.5428089   -1.1365182   -0.6388640  0.00    0.0006414   -0.0000209   -0.0022527
c     0.6508167   -1.9730226   -1.6111762  0.00    0.0056153    0.0236735   -0.0093586
h     1.5539475   -1.6076491    0.3737210  0.00    0.0004619   -0.0017495    0.0049007
h     2.5990924   -1.2006004   -1.0055581  0.00    0.0051352    0.0004730   -0.0009033
c     1.4098841   -3.1982413   -2.1207230  0.00    0.0111721   -0.0548844    0.0322131
o     1.7208158   -4.2383907   -1.2837810  0.00   -0.0072058    0.0291850   -0.0180553
o     1.8139815   -3.2339297   -3.4528985  0.00    0.0143928    0.0381641    0.0035371
h     1.8363206   -4.2204353   -3.7478833  0.00   -0.0142096   -0.0288627   -0.0112144
n    -0.6069565   -2.4339635   -0.9638677  0.00   -0.0136487   -0.0148653   -0.0075811
h     0.4185686   -1.3754727   -2.5265768  0.00   -0.0018791    0.0006078   -0.0019755
h    -0.5077800   -2.5220813    0.0819482  0.00    0.0015201   -0.0007578    0.0114655
h    -1.4063584   -1.7971981   -1.1810236  0.00    0.0002986    0.0055537   -0.0010294
    24
 Energy =       0.0836037552
c     1.9692125    2.4888890    0.1697209  0.00    0.0057772    0.0082451    0.0031027
c     0.7274218    2.9957299   -0.0280328  0.00   -0.0011769    0.0103260    0.0030284
c    -0.2790968    2.1847116   -0.4336914  0.00   -0.0106455    0.0051445    0.0004220
c     2.2103876    1.1650522   -0.0473594  0.00    0.0082389   -0.0015588    0.0009892
c     1.2074796    0.3332238   -0.4738417  0.00    0.0017215   -0.0094083   -0.0033562
c    -0.0448007    0.8611521   -0.6554894  0.00   -0.0042672   -0.0054956   -0.0026343
o     0.4837733    4.3469997    0.1850303  0.00   -0.0050623   -0.0092113    0.0117034
h     0.6117908    4.8699847   -0.6841647  0.00    0.0035707    0.0056656   -0.0125029
h    -0.8772334    0.2558155   -0.9748911  0.00   -0.0015685   -0.0010846   -0.0005412
h     3.2117278    0.7764735    0.1317667  0.00    0.0016806   -0.0005314    0.0001683
h     2.7645123    3.1461685    0.5072887  0.00    0.0016406   -0.0001265    0.0000800
h    -1.2722352    2.6013443   -0.5772126  0.00   -0.0015314    0.0006035   -0.0002728
c     1.5162822   -1.1544681   -0.6343943  0.00    0.0004819   -0.0001397   -0.0009720
c     0.5994979   -1.9642990   -1.6056300  0.00    0.0034005    0.0158870   -0.0056091
h     1.5286650   -1.6308582    0.3736402  0.00    0.0003067   -0.0011638    0.0032012
h     2.5666880   -1.2354369   -1.0100055  0.00    0.0035598    0.0003516   -0.0006121
c     1.3420071   -3.1683227   -2.1782831  0.00    0.0071204   -0.0355702    0.0211232
o     1.6777022   -4.2437075   -1.3824831  0.00   -0.0041155    0.0169983   -0.0108298
o     1.7132505   -3.1631617   -3.5207063  0.00    0.0097328    0.0329879    0.0018515
h     1.8352790   -4.1394622   -3.8175253  0.00   -0.0091426   -0.0264570   -0.0086790
n    -0.6394593   -2.4367231   -0.9366525  0.00   -0.0083941   -0.0102820   -0.0055828
h     0.3435681   -1.3400746   -2.4968333  0.00   -0.0014971    0.0008601   -0.0020259
h    -0.5149993   -2.5570139    0.1015445  0.00    0.0010498   -0.0005121    0.0088441
h    -1.4444005   -1.7936699   -1.1133265  0.00   -0.0008802    0.0044717   -0.0008959
    24
 Energy =       0.0830145686
c     1.9803476    2.5037456    0.0997572  0.00    0.0057590    0.0083823    0.0031132
c     0.7356251    3.0100567   -0.0771483  0.00   -0.0002782    0.0098323    0.0028388
c    -0.2872694    2.1903818   -0.4237479  0.00   -0.0102318    0.0043463    0.0001778
c     2.2088261    1.1723894   -0.0819877  0.00    0.0082879   -0.0005919    0.0013962
c     1.1888269    0.3317265   -0.4502603  0.00    0.0005079   -0.0084231   -0.0041819
c    -0.0669628    0.8581217   -0.6049868  0.00   -0.0042963   -0.0060009   -0.0024588
o     0.5058002    4.3695795    0.1005316  0.00   -0.0046555   -0.0087062    0.0137987
h     0.5847456    4.8623605   -0.7930679  0.00    0.0035979    0.0065326   -0.0141463
h    -0.9136651    0.2419828   -0.8659124  0.00   -0.0027361   -0.0020940   -0.0009432
h     3.2135033    0.7857788    0.0812803  0.00    0.0017718   -0.0002776    0.0003160
h     2.7885563    3.1684395    0.3922616  0.00    0.0022992    0.0006797    0.0003908
h    -1.2835236    2.6060973   -0.5471637  0.00   -0.0017040    0.0003870   -0.0003381
c     1.4738810   -1.1661207   -0.5590369  0.00   -0.0016219    0.0011758   -0.0010615
c     0.6068388   -1.9644045   -1.5892093  0.00    0.0033741    0.0163514   -0.0078583
h     1.4017789   -1.6217319    0.4588759  0.00    0.0007344   -0.0022353    0.0063514
h     2.5505738   -1.2841202   -0.8521936  0.00    0.0073310   -0.0001939   -0.0017129
c     1.3887621   -3.1371442   -2.1742291  0.00    0.0051159   -0.0310488    0.0172642
o     1.8037932   -4.1873612   -1.3756873  0.00   -0.0022542    0.0121025   -0.0071216
o     1.7196912   -3.1286061   -3.5273754  0.00    0.0087801    0.0318397    0.0006057
h     1.8810865   -4.0995080   -3.8189782  0.00   -0.0082159   -0.0251426   -0.0078936
n    -0.6456296   -2.4804313   -0.9778438  0.00   -0.0085304   -0.0119379   -0.0114385
h     0.3674657   -1.3180695   -2.4694464  0.00   -0.0011762    0.0009916   -0.0022687
h    -0.5285011   -2.7092540    0.0480842  0.00    0.0013193   -0.0030231    0.0171585
h    -1.4375300   -1.8055616   -1.0940473  0.00   -0.0031781    0.0070541   -0.0019880
    24
 Energy =       0.0810301296
c     2.0170947    2.5034748   -0.0046695  0.00    0.0044862    0.0072337    0.0025658
c     0.7770318    3.0248762   -0.1592279  0.00    0.0008744    0.0070573    0.0021678
c    -0.2715085    2.2102133   -0.4345916  0.00   -0.0076747    0.0025715   -0.0001713
c     2.2150329    1.1622901   -0.1377396  0.00    0.0066501    0.0005550    0.0014648
c     1.1676548    0.3266228   -0.4334256  0.00   -0.0012868   -0.0060497   -0.0041906
c    -0.0826445    0.8677964   -0.5639435  0.00   -0.0033424   -0.0057332   -0.0019082
o     0.5776949    4.3957081   -0.0254931  0.00   -0.0026350   -0.0040978    0.0098448
h     0.6548851    4.8584015   -0.9319242  0.00    0.0023960    0.0046986   -0.0097353
h    -0.9492064    0.2523523   -0.7607365  0.00   -0.0033946   -0.0030651   -0.0010309
h     3.2178204    0.7651346    0.0079556  0.00    0.0015419    0.0001578    0.0004134
h     2.8460670    3.1657366    0.2335085  0.00    0.0026680    0.0017072    0.0006757
h    -1.2643744    2.6384733   -0.5382466  0.00   -0.0015027    0.0001103   -0.0003057
c     1.4108828   -1.1818370   -0.4833694  0.00   -0.0034251    0.0008033   -0.0016705
c     0.5779076   -1.9697428   -1.5494153  0.00    0.0018942    0.0116011   -0.0059015
h     1.2594156   -1.6048970    0.5405022  0.00    0.0006350   -0.0027053    0.0072540
h     2.4997352   -1.3481437   -0.7024853  0.00    0.0083004   -0.0010294   -0.0021806
c     1.3846447   -3.1161911   -2.1469383  0.00    0.0029887   -0.0199664    0.0112916
o     1.7960914   -4.1811201   -1.3603742  0.00   -0.0014843    0.0075190   -0.0042492
o     1.7418358   -3.0793010   -3.4922800  0.00    0.0047324    0.0266689    0.0016091
h     1.9963286   -4.0290510   -3.7817000  0.00   -0.0040688   -0.0226795   -0.0073322
n    -0.6784572   -2.5099688   -0.9738933  0.00   -0.0030614   -0.0109177   -0.0140200
h     0.3457872   -1.3084901   -2.4195705  0.00   -0.0006411    0.0007632   -0.0016174
h    -0.5501383   -2.8410731    0.0241553  0.00    0.0016144   -0.0046773    0.0193820
h    -1.4525604   -1.8029172   -1.0076285  0.00   -0.0062649    0.0094744   -0.0023556
    24
 Energy =       0.0792733364
c     2.0276723    2.5065199   -0.1032619  0.00    0.0035700    0.0066568    0.0021145
c     0.7909314    3.0367989   -0.2476675  0.00    0.0013894    0.0053923    0.0017032
c    -0.2734895    2.2247387   -0.4629056  0.00   -0.0061383    0.0018614   -0.0002629
c     2.2061422    1.1588471   -0.1853439  0.00    0.0055534    0.0010568    0.0013672
c     1.1413914    0.3257202   -0.4174718  0.00   -0.0024661   -0.0049520   -0.0042156
c    -0.1045171    0.8759078   -0.5393744  0.00   -0.0026408   -0.0056221   -0.0014917
o     0.6112852    4.4150785   -0.1619030  0.00   -0.0016671   -0.0016538    0.0082063
h     0.6798596    4.8442094   -1.0840098  0.00    0.0018110    0.0038868   -0.0078902
h    -0.9823383    0.2599880   -0.6852313  0.00   -0.0033516   -0.0033412   -0.0009174
h     3.2074347    0.7558245   -0.0485232  0.00    0.0013040    0.0004133    0.0004193
h     2.8697186    3.1680977    0.0875406  0.00    0.0026954    0.0021679    0.0007311
h    -1.2633735    2.6609355   -0.5584134  0.00   -0.0011968    0.0000138   -0.0002389
c     1.3549672   -1.1875369   -0.4067902  0.00   -0.0044514    0.0011470   -0.0023585
c     0.5688274   -1.9774961   -1.5066964  0.00    0.0010016    0.0096827   -0.0053201
h     1.1221782   -1.5741919    0.6174949  0.00    0.0003652   -0.0028276    0.0086872
h     2.4520713   -1.3909366   -0.5437322  0.00    0.0095439   -0.0019396   -0.0022516
c     1.4136660   -3.0947422   -2.1052402  0.00    0.0018913   -0.0144685    0.0079852
o     1.8365561   -4.1603856   -1.3227522  0.00   -0.0009538    0.0051651   -0.0029473
o     1.7954331   -3.0345078   -3.4425599  0.00    0.0027252    0.0222741    0.0017917
h     2.1198866   -3.9623682   -3.7269299  0.00   -0.0018720   -0.0198341   -0.0065960
n    -0.6884225   -2.5488796   -0.9681603  0.00    0.0003887   -0.0112107   -0.0163660
h     0.3400765   -1.3089831   -2.3716242  0.00   -0.0003556    0.0005990   -0.0011941
h    -0.5456768   -2.9746478   -0.0068548  0.00    0.0017574   -0.0068319    0.0210822
h    -1.4432592   -1.8196437   -0.9111212  0.00   -0.0089032    0.0123645   -0.0020375
    24
 Energy =       0.0777724137
c     2.0298449    2.5103320   -0.1803231  0.00    0.0026050    0.0057627    0.0016506
c     0.7998180    3.0489856   -0.3473589  0.00    0.0010191    0.0039482    0.0012830
c    -0.2719455    2.2418866   -0.5367928  0.00   -0.0047214    0.0020775   -0.0001812
c     2.1939790    1.1588833   -0.2112105  0.00    0.0042983    0.0002415    0.0010265
c     1.1213142    0.3308422   -0.4141337  0.00   -0.0020220   -0.0040929   -0.0034105
c    -0.1174079    0.8896744   -0.5634341  0.00   -0.0020410   -0.0048672   -0.0011657
o     0.6342396    4.4317890   -0.3100457  0.00   -0.0014484   -0.0001943    0.0072470
h     0.7270342    4.8308889   -1.2427629  0.00    0.0013748    0.0034489   -0.0069540
h    -1.0000972    0.2766543   -0.6936546  0.00   -0.0024577   -0.0023394   -0.0007660
h     3.1900671    0.7495738   -0.0568437  0.00    0.0011229    0.0001431    0.0003404
h     2.8778824    3.1691295   -0.0111204  0.00    0.0020664    0.0018980    0.0005878
h    -1.2562272    2.6857729   -0.6523928  0.00   -0.0010480    0.0002855   -0.0001793
c     1.3142945   -1.1830806   -0.3466507  0.00   -0.0037782    0.0006169   -0.0025534
c     0.5556442   -1.9913669   -1.4509001  0.00    0.0006040    0.0075727   -0.0041318
h     1.0312792   -1.5314903    0.6782008  0.00    0.0001086   -0.0024725    0.0081351
h     2.4112234   -1.4093541   -0.4297060  0.00    0.0084603   -0.0021308   -0.0019814
c     1.4277291   -3.0888161   -2.0454205  0.00    0.0012549   -0.0106944    0.0058434
o     1.8657639   -4.1480388   -1.2605725  0.00   -0.0005799    0.0035980   -0.0021154
o     1.8227702   -3.0172298   -3.3777317  0.00    0.0013413    0.0186446    0.0019649
h     2.2025433   -3.9251156   -3.6519464  0.00   -0.0005621   -0.0170301   -0.0056864
n    -0.6915539   -2.5835722   -0.9161539  0.00    0.0034796   -0.0111354   -0.0168016
h     0.3145474   -1.3304377   -2.3179629  0.00   -0.0002741    0.0005631   -0.0009491
h    -0.5188276   -3.0732254    0.0088255  0.00    0.0019148   -0.0073021    0.0197234
h    -1.4268949   -1.8443379   -0.7714398  0.00   -0.0107172    0.0134584   -0.0009263
    24
 Energy =       0.0775766672
c     2.0247089    2.5227234   -0.1879235  0.00    0.0036086    0.0048918    0.0017292
c     0.8034584    3.0617495   -0.4168700  0.00    0.0003951    0.0040464    0.0009246
c    -0.2611976    2.2548106   -0.6443077  0.00   -0.0053968    0.0021038   -0.0003617
c     2.1870602    1.1709035   -0.1921994  0.00    0.0050688   -0.0000764    0.0011886
c     1.1224110    0.3425465   -0.4333998  0.00   -0.0008991   -0.0041477   -0.0031247
c    -0.1083731    0.9022999   -0.6480317  0.00   -0.0031524   -0.0037702   -0.0012388
o     0.6385006    4.4451418   -0.4041923  0.00   -0.0022336   -0.0008386    0.0096006
h     0.7918726    4.8348232   -1.3344989  0.00    0.0017071    0.0041922   -0.0092743
h    -0.9864993    0.2907079   -0.8168707  0.00   -0.0028589   -0.0012741   -0.0010144
h     3.1749769    0.7613004    0.0139503  0.00    0.0023538   -0.0003313    0.0005969
h     2.8664779    3.1816832    0.0106650  0.00    0.0024706    0.0017735    0.0006554
h    -1.2390273    2.6995106   -0.8111460  0.00   -0.0022589    0.0007383   -0.0003900
c     1.3141027   -1.1702484   -0.3335285  0.00   -0.0027176    0.0007236   -0.0020038
c     0.5391904   -2.0082285   -1.4038973  0.00    0.0012621    0.0065448   -0.0042012
h     1.0440672   -1.4932761    0.7029475  0.00    0.0000040   -0.0023627    0.0078779
h     2.4092988   -1.3978195   -0.4272633  0.00    0.0078181   -0.0018864   -0.0018018
c     1.4061742   -3.1125648   -1.9929155  0.00    0.0009889   -0.0098182    0.0052998
o     1.8561973   -4.1593288   -1.1975817  0.00   -0.0004911    0.0031279   -0.0017140
o     1.7883326   -3.0574007   -3.3297104  0.00    0.0012251    0.0173170    0.0015366
h     2.1791733   -3.9628690   -3.5932575  0.00   -0.0004630   -0.0157531   -0.0052214
n    -0.6928486   -2.5939671   -0.8278890  0.00    0.0034385   -0.0114419   -0.0166353
h     0.2751967   -1.3697512   -2.2813577  0.00   -0.0003229    0.0008576   -0.0013709
h    -0.4861772   -3.0971966    0.0825273  0.00    0.0020301   -0.0072191    0.0191324
h    -1.4100561   -1.8472028   -0.6347811  0.00   -0.0115767    0.0126028   -0.0001895
    24
 Energy =       0.0762096368
c     2.0390018    2.5026491   -0.2589515  0.00    0.0042265    0.0045035    0.0015632
c     0.8142594    3.0517507   -0.4421662  0.00    0.0012362    0.0038617    0.0005119
c    -0.2724873    2.2535164   -0.5921900  0.00   -0.0057004    0.0005596   -0.0005988
c     2.1832623    1.1495620   -0.2338929  0.00    0.0057513    0.0016070    0.0014094
c     1.0946789    0.3313080   -0.3947129  0.00   -0.0021255   -0.0044768   -0.0040312
c    -0.1384646    0.8999606   -0.5613022  0.00   -0.0037986   -0.0036406   -0.0009834
o     0.6696835    4.4373401   -0.4602015  0.00   -0.0017943   -0.0010024    0.0119343
h     0.7577561    4.7958827   -1.4125202  0.00    0.0019148    0.0044495   -0.0112950
h    -1.0316199    0.2904183   -0.6605104  0.00   -0.0041095   -0.0020358   -0.0008622
h     3.1759411    0.7324011   -0.0689767  0.00    0.0029165    0.0002262    0.0007193
h     2.8990464    3.1556158   -0.1218308  0.00    0.0035845    0.0025232    0.0008075
h    -1.2523632    2.7063169   -0.7216246  0.00   -0.0026057    0.0003852   -0.0004316
c     1.2570638   -1.1804909   -0.2698779  0.00   -0.0037284    0.0029770   -0.0019726
c     0.5465149   -1.9969080   -1.4026767  0.00    0.0016304    0.0062911   -0.0055538
h     0.8950938   -1.4915260    0.7441305  0.00   -0.0009236   -0.0025512    0.0098929
h     2.3527329   -1.4337731   -0.2685102  0.00    0.0102652   -0.0023635   -0.0009928
c     1.4601678   -3.0615294   -1.9951661  0.00    0.0004141   -0.0079930    0.0037122
o     1.9185424   -4.1144804   -1.2115798  0.00   -0.0002786    0.0021213   -0.0010933
o     1.8743276   -2.9668873   -3.3207149  0.00    0.0004919    0.0149134    0.0006205
h     2.3210101   -3.8447996   -3.5858302  0.00    0.0008716   -0.0142090   -0.0050082
n    -0.6975891   -2.6236452   -0.8980454  0.00   -0.0007127   -0.0099815   -0.0126793
h     0.3033364   -1.3332982   -2.2680112  0.00   -0.0000573    0.0010132   -0.0015877
h    -0.5109376   -3.1691501   -0.0100429  0.00    0.0012928   -0.0064664    0.0160116
h    -1.4219368   -1.8918867   -0.6863270  0.00   -0.0087613    0.0092879   -0.0000928
    24
 Energy =       0.0744691426
c     2.0423977    2.4782835   -0.3320651  0.00    0.0036049    0.0034688    0.0010973
c     0.8184520    3.0394551   -0.4769346  0.00    0.0014980    0.0028276    0.0002003
c    -0.2846823    2.2534713   -0.5549107  0.00   -0.0047574   -0.0005230   -0.0005871
c     2.1693630    1.1254104   -0.2741863  0.00    0.0049520    0.0022274    0.0011501
c     1.0629505    0.3214404   -0.3583513  0.00   -0.0029819   -0.0041299   -0.0035291
c    -0.1678518    0.9006080   -0.4881963  0.00   -0.0033309   -0.0030686   -0.0006612
o     0.6927521    4.4257532   -0.5294188  0.00   -0.0009065   -0.0002619    0.0094461
h     0.7345485    4.7542674   -1.4938759  0.00    0.0014740    0.0032805   -0.0088332
h    -1.0703019    0.2961704   -0.5291434  0.00   -0.0037429   -0.0022298   -0.0004941
h     3.1626728    0.6977776   -0.1464773  0.00    0.0026540    0.0005457    0.0005823
h     2.9163763    3.1223603   -0.2535812  0.00    0.0035679    0.0025540    0.0007016
h    -1.2627416    2.7161674   -0.6551053  0.00   -0.0021083    0.0000761   -0.0003307
c     1.2008940   -1.1875306   -0.2151766  0.00   -0.0032679    0.0036400   -0.0016700
c     0.5537334   -1.9859739   -1.3964876  0.00    0.0011397    0.0048997   -0.0049411
h     0.7598234   -1.4889903    0.7691099  0.00   -0.0014348   -0.0020277    0.0087635
h     2.2876849   -1.4590347   -0.1297691  0.00    0.0091781   -0.0021800   -0.0001660
c     1.5114015   -3.0148222   -1.9813925  0.00   -0.0001403   -0.0049616    0.0024370
o     1.9718173   -4.0718221   -1.2031889  0.00   -0.0001506    0.0011115   -0.0004590
o     1.9651761   -2.8841959   -3.2909197  0.00   -0.0008652    0.0118392    0.0001837
h     2.4797632   -3.7262719   -3.5452915  0.00    0.0026258   -0.0119467   -0.0046096
n    -0.6976564   -2.6428419   -0.9561385  0.00   -0.0023583   -0.0069504   -0.0091580
h     0.3287599   -1.3049554   -2.2529700  0.00    0.0000541    0.0007632   -0.0012538
h    -0.5209384   -3.2436016   -0.1050027  0.00    0.0008803   -0.0055983    0.0120943
h    -1.4173735   -1.9227776   -0.7020581  0.00   -0.0055837    0.0066442    0.0000368
    24
 Energy =       0.0730990941
c     2.0377396    2.4496250   -0.3935207  0.00    0.0039214    0.0022693    0.0007822
c     0.8136003    3.0236236   -0.4807747  0.00    0.0012646    0.0024579   -0.0000699
c    -0.3021407    2.2510516   -0.4821935  0.00   -0.0048972   -0.0013838   -0.0005045
c     2.1517870    1.0973420   -0.3172434  0.00    0.0050677    0.0026386    0.0008430
c     1.0317616    0.3090939   -0.3196533  0.00   -0.0033718   -0.0037767   -0.0027453
c    -0.1975848    0.8992296   -0.3953504  0.00   -0.0037185   -0.0021151   -0.0004975
o     0.7019331    4.4096980   -0.5544937  0.00   -0.0003077   -0.0002584    0.0079322
h     0.6926605    4.7177762   -1.5254668  0.00    0.0010415    0.0024696   -0.0073793
h    -1.1062952    0.3012625   -0.3773056  0.00   -0.0036745   -0.0020410   -0.0001746
h     3.1457984    0.6575685   -0.2429831  0.00    0.0032546    0.0004850    0.0004665
h     2.9228578    3.0833449   -0.3781298  0.00    0.0039431    0.0024822    0.0005592
h    -1.2789488    2.7240130   -0.5388349  0.00   -0.0023673    0.0000385   -0.0002676
c     1.1527597   -1.1982224   -0.1790480  0.00   -0.0019314    0.0039822   -0.0009278
c     0.5714974   -1.9700230   -1.4102685  0.00    0.0015085    0.0037182   -0.0045614
h     0.6444990   -1.5055760    0.7693155  0.00   -0.0017451   -0.0015652    0.0074601
h     2.2272793   -1.4799566   -0.0215815  0.00    0.0076023   -0.0017254    0.0005056
c     1.5688714   -2.9691205   -1.9788415  0.00   -0.0005890   -0.0030528    0.0022173
o     2.0158985   -4.0355652   -1.2048652  0.00   -0.0001821    0.0004885    0.0001836
o     2.0736809   -2.8015765   -3.2658494  0.00   -0.0006463    0.0086257   -0.0013040
h     2.6385163   -3.6130498   -3.5062796  0.00    0.0029493   -0.0089425   -0.0039171
n    -0.6919636   -2.6484926   -1.0452786  0.00   -0.0043974   -0.0048265   -0.0063374
h     0.3753428   -1.2683464   -2.2575078  0.00    0.0000514    0.0007219   -0.0013856
h    -0.5375798   -3.2937576   -0.2249879  0.00    0.0005049   -0.0047548    0.0091016
h    -1.4149501   -1.9415955   -0.7703895  0.00   -0.0032811    0.0040648    0.0000207
    24
 Energy =       0.0720110673
c     2.0193041    2.4251205   -0.4458618  0.00    0.0038356    0.0011918    0.0004947
c     0.7965099    3.0087941   -0.4735689  0.00    0.0008056    0.0020744   -0.0001795
c    -0.3238826    2.2466296   -0.4042240  0.00   -0.0046463   -0.0016092   -0.0003230
c     2.1266649    1.0736400   -0.3584892  0.00    0.0046846    0.0023964    0.0004396
c     1.0018969    0.2978206   -0.2854477  0.00   -0.0030871   -0.0029729   -0.0016060
c    -0.2251570    0.8958056   -0.3059523  0.00   -0.0036798   -0.0011969   -0.0003767
o     0.6918042    4.3941545   -0.5613568  0.00    0.0000291   -0.0003477    0.0060247
h     0.6374068    4.6884966   -1.5339057  0.00    0.0006258    0.0017458   -0.0056183
h    -1.1349545    0.3028061   -0.2360421  0.00   -0.0031892   -0.0015813    0.0000392
h     3.1190872    0.6238426   -0.3386701  0.00    0.0034239    0.0002404    0.0002897
h     2.9089955    3.0504730   -0.4893110  0.00    0.0037642    0.0020907    0.0003595
h    -1.2985670    2.7272208   -0.4162854  0.00   -0.0024040    0.0001020   -0.0001760
c     1.1149343   -1.2085705   -0.1570155  0.00   -0.0004685    0.0036178   -0.0002348
c     0.6002286   -1.9534207   -1.4320957  0.00    0.0020980    0.0025703   -0.0038608
h     0.5528738   -1.5307450    0.7538716  0.00   -0.0017551   -0.0011259    0.0058544
h     2.1764922   -1.4927858    0.0598979  0.00    0.0056379   -0.0011749    0.0007910
c     1.6301407   -2.9350759   -1.9707572  0.00   -0.0008728   -0.0015458    0.0023240
o     2.0492918   -4.0116703   -1.1943814  0.00   -0.0001682   -0.0001327    0.0008424
o     2.1945854   -2.7399714   -3.2292292  0.00    0.0000043    0.0059586   -0.0027127
h     2.7972695   -3.5283813   -3.4465258  0.00    0.0026833   -0.0061020   -0.0031015
n    -0.6790587   -2.6392055   -1.1463884  0.00   -0.0058046   -0.0029972   -0.0043831
h     0.4432432   -1.2338793   -2.2730376  0.00   -0.0000593    0.0007389   -0.0016848
h    -0.5562673   -3.3219621   -0.3531731  0.00    0.0002803   -0.0040588    0.0068206
h    -1.4058213   -1.9407893   -0.8635823  0.00   -0.0017378    0.0021182   -0.0000227
    24
 Energy =       0.0711810065
c     1.9836162    2.4107725   -0.4914920  0.00    0.0040179    0.0002367    0.0002437
c     0.7613101    2.9960581   -0.4497401  0.00    0.0002300    0.0019364   -0.0001931
c    -0.3538217    2.2361333   -0.3110013  0.00   -0.0046203   -0.0014731   -0.0000908
c     2.0950102    1.0600981   -0.4044384  0.00    0.0045127    0.0019167    0.0000311
c     0.9761657    0.2878599   -0.2584857  0.00   -0.0022871   -0.0021728   -0.0004040
c    -0.2501988    0.8859719   -0.2131385  0.00   -0.0038623   -0.0002870   -0.0002781
o     0.6521738    4.3806068   -0.5399180  0.00    0.0001517   -0.0006904    0.0052669
h     0.5457060    4.6691846   -1.5094598  0.00    0.0002302    0.0014920   -0.0050065
h    -1.1545247    0.2926690   -0.0919316  0.00   -0.0029364   -0.0010513    0.0002214
h     3.0858073    0.6069636   -0.4458417  0.00    0.0037327   -0.0001522    0.0000819
h     2.8697085    3.0339721   -0.5923571  0.00    0.0035888    0.0016566    0.0001487
h    -1.3275144    2.7178983   -0.2700649  0.00   -0.0027281    0.0003227   -0.0000551
c     1.0949984   -1.2181869   -0.1523767  0.00    0.0009567    0.0028477    0.0003758
c     0.6468072   -1.9351324   -1.4664042  0.00    0.0032991    0.0016236   -0.0029303
h     0.4942129   -1.5671376    0.7218616  0.00   -0.0016230   -0.0008105    0.0045038
h     2.1465394   -1.4950421    0.1097385  0.00    0.0038409   -0.0007033    0.0007292
c     1.6961044   -2.9202752   -1.9584921  0.00   -0.0011711   -0.0001056    0.0026451
o     2.0623336   -4.0099952   -1.1719317  0.00    0.0000442   -0.0014747    0.0021072
o     2.3336187   -2.7133401   -3.1804728  0.00    0.0010798    0.0044043   -0.0046154
h     2.9560226   -3.4931783   -3.3643644  0.00    0.0021872   -0.0039095   -0.0023301
n    -0.6569043   -2.6058390   -1.2673243  0.00   -0.0074609   -0.0015311   -0.0035956
h     0.5477967   -1.2001183   -2.3040778  0.00   -0.0002455    0.0011684   -0.0025400
h    -0.5836320   -3.3172090   -0.4940344  0.00    0.0001868   -0.0040114    0.0057544
h    -1.3843151   -1.9043871   -0.9957844  0.00   -0.0011241    0.0007679   -0.0000700
    24
 Energy =       0.0704965404
c     1.9237558    2.4174325   -0.5308896  0.00    0.0044444   -0.0002857   -0.0000207
c     0.6980750    2.9869363   -0.4141293  0.00   -0.0002467    0.0019638   -0.0000652
c    -0.3969219    2.2124712   -0.2110193  0.00   -0.0048092   -0.0010548    0.0001662
c     2.0579667    1.0682631   -0.4553937  0.00    0.0046225    0.0012931   -0.0003205
c     0.9603973    0.2818514   -0.2437287  0.00   -0.0011643   -0.0017717    0.0005703
c    -0.2697118    0.8633533   -0.1244395  0.00   -0.0043192    0.0003244   -0.0001129
o     0.5650499    4.3700529   -0.4948854  0.00    0.0002328   -0.0008603    0.0054854
h     0.3987708    4.6591631   -1.4561247  0.00   -0.0002402    0.0017701   -0.0054424
h    -1.1577668    0.2576849    0.0468576  0.00   -0.0030386   -0.0006776    0.0004329
h     3.0498778    0.6265591   -0.5603782  0.00    0.0041024   -0.0005768   -0.0001499
h     2.7940600    3.0517688   -0.6839231  0.00    0.0035053    0.0013752   -0.0000601
h    -1.3731460    2.6817108   -0.1113117  0.00   -0.0032973    0.0006655    0.0001175
c     1.1075608   -1.2230177   -0.1656897  0.00    0.0018821    0.0016580    0.0005941
c     0.7173329   -1.9162840   -1.5086596  0.00    0.0048350    0.0013129   -0.0014455
h     0.4908529   -1.6107773    0.6795439  0.00   -0.0014255   -0.0006670    0.0034901
h     2.1571428   -1.4777987    0.1204260  0.00    0.0025304   -0.0004509    0.0004303
c     1.7633269   -2.9337258   -1.9399557  0.00   -0.0011811    0.0013507    0.0025083
o     2.0521705   -4.0342215   -1.1333746  0.00    0.0005889   -0.0039017    0.0039611
o     2.4775088   -2.7441698   -3.1225911  0.00    0.0017782    0.0044224   -0.0063358
h     3.0963220   -3.5350671   -3.2642724  0.00    0.0021852   -0.0031756   -0.0017540
n    -0.6196346   -2.5420518   -1.3954166  0.00   -0.0090132   -0.0005345   -0.0042486
h     0.6958916   -1.1723710   -2.3461807  0.00   -0.0003375    0.0022202   -0.0039189
h    -0.6148691   -3.2697747   -0.6333392  0.00    0.0000784   -0.0049721    0.0060632
h    -1.3369916   -1.8196410   -1.1526562  0.00   -0.0017126    0.0005724    0.0000552
    24
 Energy =       0.0698495213
c     1.8568334    2.4373550   -0.5623347  0.00    0.0044478   -0.0001876   -0.0002241
c     0.6258515    2.9795177   -0.3854016  0.00   -0.0003347    0.0018853    0.0000616
c    -0.4408942    2.1803954   -0.1336105  0.00   -0.0046935   -0.0006968    0.0003416
c     2.0240428    1.0911109   -0.4994035  0.00    0.0045117    0.0008589   -0.0005056
c     0.9556941    0.2799201   -0.2394399  0.00   -0.0005105   -0.0017619    0.0008538
c    -0.2800689    0.8336948   -0.0591273  0.00   -0.0043866    0.0003061    0.0000732
o     0.4585690    4.3598332   -0.4549058  0.00    0.0003319   -0.0005345    0.0053141
h     0.2400177    4.6482276   -1.4058981  0.00   -0.0005554    0.0019686   -0.0054751
h    -1.1455800    0.2078473    0.1514722  0.00   -0.0030703   -0.0006654    0.0005886
h     3.0188547    0.6708414   -0.6539947  0.00    0.0040063   -0.0007322   -0.0002936
h     2.7046595    3.0910306   -0.7540793  0.00    0.0033288    0.0013180   -0.0002121
h    -1.4213856    2.6280272    0.0140144  0.00   -0.0034313    0.0008183    0.0002446
c     1.1420996   -1.2216776   -0.1827645  0.00    0.0017749    0.0006864    0.0003572
c     0.7888504   -1.9013573   -1.5406011  0.00    0.0049425    0.0013316   -0.0003607
h     0.5287870   -1.6455794    0.6466690  0.00   -0.0012312   -0.0006599    0.0027625
h     2.1962034   -1.4480861    0.1085133  0.00    0.0019711   -0.0003961    0.0002701
c     1.8169240   -2.9565037   -1.9223292  0.00   -0.0009569    0.0017721    0.0019654
o     2.0369419   -4.0607008   -1.0982202  0.00    0.0008394   -0.0048698    0.0044777
o     2.5855256   -2.7970299   -3.0746130  0.00    0.0017009    0.0043912   -0.0062959
h     3.1887151   -3.6050468   -3.1823326  0.00    0.0022136   -0.0030073   -0.0013447
n    -0.5736468   -2.4777454   -1.4890589  0.00   -0.0083744   -0.0002659   -0.0044476
h     0.8334928   -1.1567693   -2.3770373  0.00   -0.0002270    0.0026139   -0.0041470
h    -0.6286622   -3.2086438   -0.7321709  0.00   -0.0000785   -0.0051222    0.0058011
h    -1.2748039   -1.7303144   -1.2748776  0.00   -0.0022184    0.0009490    0.0001950
    24
 Energy =       0.0691654141
c     1.7883250    2.4600489   -0.5860627  0.00    0.0044799    0.0000260   -0.0004203
c     0.5526388    2.9702386   -0.3544613  0.00   -0.0003860    0.0018381    0.0001694
c    -0.4820317    2.1431051   -0.0622430  0.00   -0.0046603   -0.0004117    0.0005093
c     1.9917866    1.1179939   -0.5383227  0.00    0.0044931    0.0005493   -0.0006680
c     0.9562611    0.2785874   -0.2388903  0.00   -0.0000724   -0.0018908    0.0009056
c    -0.2843672    0.8001102   -0.0025263  0.00   -0.0044655    0.0001443    0.0002625
o     0.3478135    4.3464790   -0.4095690  0.00    0.0004049   -0.0000966    0.0051285
h     0.0812646    4.6336936   -1.3486113  0.00   -0.0008271    0.0021129   -0.0054347
h    -1.1241732    0.1512208    0.2411405  0.00   -0.0031218   -0.0007521    0.0007696
h     2.9892378    0.7231439   -0.7371189  0.00    0.0039701   -0.0008265   -0.0004343
h     2.6105934    3.1358149   -0.8095640  0.00    0.0032292    0.0013589   -0.0003493
h    -1.4663374    2.5654314    0.1292399  0.00   -0.0035626    0.0009270    0.0003795
c     1.1849635   -1.2180102   -0.2027821  0.00    0.0016260   -0.0000017    0.0001136
c     0.8599088   -1.8857849   -1.5714532  0.00    0.0050810    0.0015225    0.0004586
h     0.5820975   -1.6769928    0.6152506  0.00   -0.0011290   -0.0007547    0.0023830
h     2.2452935   -1.4147243    0.0866336  0.00    0.0017667   -0.0003758    0.0001912
c     1.8610274   -2.9815701   -1.9086027  0.00   -0.0008046    0.0020556    0.0015369
o     2.0111895   -4.0871900   -1.0699098  0.00    0.0009347   -0.0057381    0.0049844
o     2.6765310   -2.8579099   -3.0325656  0.00    0.0016739    0.0046081   -0.0063258
h     3.2567896   -3.6860403   -3.1105745  0.00    0.0023611   -0.0031806   -0.0010745
n    -0.5251813   -2.4080281   -1.5745610  0.00   -0.0077709   -0.0002260   -0.0049469
h     0.9684074   -1.1439144   -2.4047329  0.00   -0.0000161    0.0029778   -0.0042990
h    -0.6397259   -3.1345953   -0.8200723  0.00   -0.0003683   -0.0054530    0.0058550
h    -1.2052917   -1.6327605   -1.3911727  0.00   -0.0028359    0.0015871    0.0003058
    24
 Energy =       0.0684054356
c     1.7169192    2.4828269   -0.6092334  0.00    0.0043289    0.0002792   -0.0005996
c     0.4784216    2.9582037   -0.3250106  0.00   -0.0003766    0.0017310    0.0002399
c    -0.5203958    2.1018085    0.0050846  0.00   -0.0044724   -0.0002347    0.0006623
c     1.9585614    1.1465280   -0.5766699  0.00    0.0043110    0.0003622   -0.0007996
c     0.9594698    0.2777438   -0.2404925  0.00    0.0001906   -0.0020163    0.0008089
c    -0.2840415    0.7641446    0.0495293  0.00   -0.0043289   -0.0000939    0.0004471
o     0.2340893    4.3287570   -0.3651519  0.00    0.0004445    0.0003566    0.0046206
h    -0.0774885    4.6124723   -1.2910550  0.00   -0.0010056    0.0020848   -0.0050161
h    -1.0951598    0.0908017    0.3232422  0.00   -0.0030332   -0.0009025    0.0009089
h     2.9572381    0.7794038   -0.8174016  0.00    0.0037690   -0.0008188   -0.0005532
h     2.5105835    3.1817314   -0.8625088  0.00    0.0030505    0.0014098   -0.0004730
h    -1.5070449    2.4965082    0.2386758  0.00   -0.0035041    0.0009341    0.0004999
c     1.2317390   -1.2119151   -0.2229448  0.00    0.0013450   -0.0005189   -0.0000755
c     0.9308588   -1.8695616   -1.5998106  0.00    0.0048618    0.0016463    0.0010307
h     0.6423985   -1.7038898    0.5854063  0.00   -0.0009811   -0.0008168    0.0019860
h     2.2981372   -1.3782735    0.0623842  0.00    0.0015993   -0.0003394    0.0001368
c     1.8994886   -3.0057275   -1.8953445  0.00   -0.0006918    0.0021825    0.0011374
o     1.9779177   -4.1109620   -1.0459947  0.00    0.0008448   -0.0061894    0.0052123
o     2.7587241   -2.9198630   -2.9895248  0.00    0.0016557    0.0046300   -0.0061015
h     3.3120293   -3.7683647   -3.0402195  0.00    0.0023738   -0.0032666   -0.0008089
n    -0.4726917   -2.3356897   -1.6538634  0.00   -0.0067166   -0.0002418   -0.0051372
h     1.1008551   -1.1337868   -2.4279085  0.00    0.0002218    0.0030718   -0.0041019
h    -0.6456133   -3.0523129   -0.9012433  0.00   -0.0006886   -0.0054287    0.0056268
h    -1.1279747   -1.5322364   -1.5014763  0.00   -0.0031976    0.0021797    0.0003489
    24
 Energy =       0.0676127861
c     1.6421092    2.5048685   -0.6325166  0.00    0.0039963    0.0005189   -0.0007492
c     0.4032486    2.9431128   -0.2961043  0.00   -0.0003367    0.0015612    0.0002736
c    -0.5558024    2.0568562    0.0704550  0.00   -0.0041191   -0.0001507    0.0007890
c     1.9235074    1.1760057   -0.6154679  0.00    0.0039557    0.0002729   -0.0008901
c     0.9645969    0.2773507   -0.2439520  0.00    0.0003264   -0.0020875    0.0006082
c    -0.2793574    0.7262949    0.0986559  0.00   -0.0039753   -0.0003438    0.0006240
o     0.1178392    4.3062189   -0.3202771  0.00    0.0004297    0.0007649    0.0038556
h    -0.2362417    4.5843951   -1.2319951  0.00   -0.0010785    0.0018944   -0.0042806
h    -1.0588937    0.0277286    0.4000548  0.00   -0.0027898   -0.0010707    0.0009538
h     2.9215840    0.8384683   -0.8972197  0.00    0.0034156   -0.0007296   -0.0006426
h     2.4039984    3.2274409   -0.9145807  0.00    0.0027742    0.0014357   -0.0005739
h    -1.5429120    2.4219856    0.3456035  0.00   -0.0032694    0.0008548    0.0005973
c     1.2812611   -1.2034647   -0.2435693  0.00    0.0010035   -0.0008690   -0.0001843
c     1.0020030   -1.8525424   -1.6267881  0.00    0.0043443    0.0016646    0.0013546
h     0.7074037   -1.7264891    0.5560729  0.00   -0.0007927   -0.0008255    0.0015562
h     2.3530726   -1.3390484    0.0367071  0.00    0.0014098   -0.0002838    0.0000921
c     1.9333026   -3.0284270   -1.8825228  0.00   -0.0006374    0.0022396    0.0007769
o     1.9358260   -4.1320645   -1.0273888  0.00    0.0005784   -0.0063227    0.0052534
o     2.8359532   -2.9813914   -2.9431440  0.00    0.0016986    0.0044871   -0.0057347
h     3.3583282   -3.8503280   -2.9683950  0.00    0.0022432   -0.0032388   -0.0005423
n    -0.4160526   -2.2609188   -1.7296928  0.00   -0.0053316   -0.0002706   -0.0050076
h     1.2318982   -1.1261995   -2.4479304  0.00    0.0004422    0.0029173   -0.0036232
h    -0.6467453   -2.9620507   -0.9785511  0.00   -0.0010009   -0.0050677    0.0051436
h    -1.0429066   -1.4294547   -1.6089851  0.00   -0.0032865    0.0026490    0.0003501
    24
 Energy =       0.0668551211
c     1.5635929    2.5253628   -0.6564797  0.00    0.0034913    0.0007009   -0.0008498
c     0.3274101    2.9247889   -0.2675031  0.00   -0.0002774    0.0013383    0.0002703
c    -0.5878861    2.0088082    0.1349620  0.00   -0.0036003   -0.0001596    0.0008725
c     1.8858667    1.2056996   -0.6552811  0.00    0.0034342    0.0002699   -0.0009278
c     0.9709625    0.2774050   -0.2488800  0.00    0.0003668   -0.0020506    0.0003562
c    -0.2704997    0.6872252    0.1460060  0.00   -0.0034237   -0.0005447    0.0007855
o    -0.0001230    4.2785765   -0.2747427  0.00    0.0003832    0.0010314    0.0029795
h    -0.3949948    4.5491145   -1.1712657  0.00   -0.0010597    0.0015872   -0.0033770
h    -1.0156464   -0.0365091    0.4737093  0.00   -0.0024059   -0.0011949    0.0008784
h     2.8810846    0.8991043   -0.9778958  0.00    0.0029294   -0.0005761   -0.0006910
h     2.2904618    3.2715544   -0.9670435  0.00    0.0023998    0.0014096   -0.0006393
h    -1.5731045    2.3429138    0.4518044  0.00   -0.0028746    0.0007010    0.0006593
c     1.3323497   -1.1927497   -0.2646235  0.00    0.0006597   -0.0010353   -0.0002046
c     1.0731238   -1.8348287   -1.6528947  0.00    0.0035733    0.0015214    0.0014067
h     0.7751490   -1.7448044    0.5269468  0.00   -0.0005852   -0.0007665    0.0011094
h     2.4085963   -1.2974230    0.0105509  0.00    0.0011723   -0.0002155    0.0000525
c     1.9634199   -3.0487218   -1.8704448  0.00   -0.0006560    0.0022634    0.0004828
o     1.8849439   -4.1500262   -1.0160882  0.00    0.0001361   -0.0061347    0.0051187
o     2.9110508   -3.0400631   -2.8915844  0.00    0.0018503    0.0041598   -0.0052797
h     3.3989185   -3.9289796   -2.8935091  0.00    0.0019449   -0.0030347   -0.0002842
n    -0.3552438   -2.1851913   -1.8032203  0.00   -0.0037236   -0.0002863   -0.0045412
h     1.3609419   -1.1210597   -2.4655237  0.00    0.0005922    0.0025184   -0.0029207
h    -0.6427023   -2.8651198   -1.0530429  0.00   -0.0012418   -0.0043806    0.0044252
h    -0.9506511   -1.3267301   -1.7154879  0.00   -0.0030852    0.0028783    0.0003183
    24
 Energy =       0.0662079321
c     1.4814332    2.5434029   -0.6816047  0.00    0.0028369    0.0007890   -0.0008778
c     0.2515298    2.9031805   -0.2394146  0.00   -0.0001995    0.0010843    0.0002323
c    -0.6160433    1.9584841    0.1992008  0.00   -0.0029316   -0.0002522    0.0008918
c     1.8451405    1.2347094   -0.6962899  0.00    0.0027733    0.0003320   -0.0009023
c     0.9780529    0.2778347   -0.2546431  0.00    0.0003405   -0.0018543    0.0001230
c    -0.2574787    0.6477485    0.1926929  0.00   -0.0027259   -0.0006557    0.0008934
o    -0.1185458    4.2457649   -0.2292431  0.00    0.0003614    0.0010594    0.0021752
h    -0.5537479    4.5060998   -1.1093572  0.00   -0.0009913    0.0012358   -0.0025033
h    -0.9654368   -0.1001103    0.5468260  0.00   -0.0019277   -0.0012055    0.0007175
h     2.8348087    0.9597524   -1.0600389  0.00    0.0023424   -0.0003812   -0.0006850
h     2.1700562    3.3124764   -1.0209690  0.00    0.0019426    0.0013091   -0.0006551
h    -1.5965197    2.2608157    0.5582696  0.00   -0.0023477    0.0004919    0.0006705
c     1.3839339   -1.1800087   -0.2858580  0.00    0.0003695   -0.0010086   -0.0001565
c     1.1435721   -1.8165251   -1.6783376  0.00    0.0026440    0.0012061    0.0012042
h     0.8441376   -1.7590177    0.4982356  0.00   -0.0003882   -0.0006408    0.0006912
h     2.4635149   -1.2539678   -0.0153986  0.00    0.0008902   -0.0001461    0.0000201
c     1.9904799   -3.0657526   -1.8597698  0.00   -0.0007553    0.0022499    0.0002907
o     1.8256957   -4.1645835   -1.0150502  0.00   -0.0004506   -0.0056146    0.0047921
o     2.9860191   -3.0933899   -2.8333438  0.00    0.0021476    0.0036270   -0.0047735
h     3.4364669   -4.0012788   -2.8147980  0.00    0.0014822   -0.0026019   -0.0000592
n    -0.2908889   -2.1100660   -1.8747408  0.00   -0.0020692   -0.0003018   -0.0037787
h     1.4866184   -1.1179849   -2.4811448  0.00    0.0006271    0.0019222   -0.0020892
h    -0.6334394   -2.7629311   -1.1247612  0.00   -0.0013474   -0.0034405    0.0035331
h    -0.8523385   -1.2263058   -1.8219933  0.00   -0.0026232    0.0027965    0.0002453
    24
 Energy =       0.0657346096
c     1.3959045    2.5581002   -0.7095342  0.00    0.0020380    0.0007464   -0.0007978
c     0.1765677    2.8785467   -0.2131373  0.00   -0.0000979    0.0008124    0.0001572
c    -0.6391229    1.9072267    0.2633061  0.00   -0.0021085   -0.0003983    0.0008134
c     1.8010631    1.2620823   -0.7393524  0.00    0.0019789    0.0004244   -0.0007920
c     0.9857904    0.2787081   -0.2607246  0.00    0.0002568   -0.0014545   -0.0000209
c    -0.2396724    0.6090987    0.2399018  0.00   -0.0019230   -0.0006513    0.0008510
o    -0.2359052    4.2081226   -0.1861518  0.00    0.0004197    0.0007885    0.0015459
h    -0.7125010    4.4545638   -1.0481197  0.00   -0.0009019    0.0008871   -0.0017828
h    -0.9073142   -0.1607743    0.6227309  0.00   -0.0013941   -0.0010500    0.0005463
h     2.7819051    1.0185759   -1.1450567  0.00    0.0016613   -0.0001679   -0.0006017
h     2.0429289    3.3484556   -1.0790803  0.00    0.0014080    0.0011034   -0.0006008
h    -1.6113603    2.1780020    0.6656065  0.00   -0.0016916    0.0002485    0.0006037
c     1.4353934   -1.1653912   -0.3068297  0.00    0.0001457   -0.0007864   -0.0000879
c     1.2119930   -1.7979521   -1.7026948  0.00    0.0016088    0.0007722    0.0007873
h     0.9140259   -1.7690221    0.4709645  0.00   -0.0002184   -0.0004527    0.0003424
h     2.5173843   -1.2090337   -0.0412120  0.00    0.0005780   -0.0000855    0.0000043
c     2.0144061   -3.0791574   -1.8509713  0.00   -0.0009415    0.0021168    0.0002209
o     1.7579972   -4.1762284   -1.0279762  0.00   -0.0010868   -0.0046831    0.0041676
o     3.0621162   -3.1392723   -2.7660049  0.00    0.0025583    0.0028251   -0.0041564
h     3.4731807   -4.0646197   -2.7308867  0.00    0.0008822   -0.0018796    0.0000982
n    -0.2247037   -2.0371860   -1.9426090  0.00   -0.0005763   -0.0003411   -0.0026773
h     1.6063217   -1.1168412   -2.4950751  0.00    0.0005074    0.0011794   -0.0011966
h    -0.6193403   -2.6572037   -1.1917068  0.00   -0.0012149   -0.0022767    0.0024459
h    -0.7500376   -1.1304535   -1.9269179  0.00   -0.0018881    0.0023229    0.0001300
    24
 Energy =       0.0654800314
c     1.3071577    2.5685230   -0.7468935  0.00    0.0010452    0.0004748   -0.0005370
c     0.1047540    2.8521211   -0.1925933  0.00    0.0000192    0.0004962    0.0000290
c    -0.6533623    1.8582686    0.3278723  0.00   -0.0010485   -0.0005408    0.0005598
c     1.7531162    1.2867160   -0.7895571  0.00    0.0009723    0.0005004   -0.0005298
c     0.9951386    0.2808351   -0.2678293  0.00    0.0000860   -0.0007821   -0.0000331
c    -0.2139235    0.5742802    0.2899792  0.00   -0.0009890   -0.0004339    0.0005149
o    -0.3493566    4.1670743   -0.1512931  0.00    0.0005807    0.0001579    0.0010423
h    -0.8712541    4.3934286   -0.9917916  0.00   -0.0007427    0.0005025   -0.0011724
h    -0.8366676   -0.2138934    0.7079039  0.00   -0.0007730   -0.0006697    0.0003917
h     2.7200967    1.0727631   -1.2404747  0.00    0.0008184    0.0000468   -0.0003859
h     1.9080691    3.3769756   -1.1515760  0.00    0.0007532    0.0007035   -0.0004243
h    -1.6120873    2.0995019    0.7766367  0.00   -0.0008346   -0.0000113    0.0003939
c     1.4869524   -1.1484186   -0.3273491  0.00   -0.0000666   -0.0003171   -0.0000519
c     1.2748992   -1.7805938   -1.7244580  0.00    0.0003599    0.0003154    0.0001502
h     0.9869836   -1.7730764    0.4477282  0.00   -0.0000673   -0.0001850    0.0000807
h     2.5711839   -1.1619371   -0.0695892  0.00    0.0002343   -0.0000349    0.0000241
c     2.0330303   -3.0899831   -1.8432297  0.00   -0.0012830    0.0016510    0.0002902
o     1.6773512   -4.1879251   -1.0610591  0.00   -0.0015662   -0.0030497    0.0029583
o     3.1412716   -3.1760086   -2.6808630  0.00    0.0029573    0.0015648   -0.0032145
h     3.5120489   -4.1169301   -2.6343479  0.00    0.0001815   -0.0007379    0.0001368
n    -0.1613083   -1.9696198   -2.0007393  0.00    0.0004803   -0.0003231   -0.0009131
h     1.7137385   -1.1195804   -2.5083449  0.00    0.0001668    0.0002853   -0.0002241
h    -0.6018340   -2.5510436   -1.2463983  0.00   -0.0005890   -0.0007434    0.0008852
h    -0.6489776   -1.0431306   -2.0232649  0.00   -0.0006950    0.0011303    0.0000290
    24
 Energy =       0.0654369498
c     1.2853404    2.5686168   -0.7778437  0.00   -0.0001691   -0.0001385    0.0001210
c     0.0950816    2.8490710   -0.1990681  0.00   -0.0000066   -0.0000772   -0.0000325
c    -0.6428378    1.8554046    0.3464229  0.00    0.0002025    0.0000245   -0.0001262
c     1.7392309    1.2900493   -0.8198996  0.00   -0.0001899   -0.0000187    0.0001193
c     1.0011868    0.2842403   -0.2735732  0.00   -0.0000372    0.0001784    0.0000181
c    -0.1956995    0.5746033    0.3088599  0.00    0.0001526    0.0001388   -0.0001233
o    -0.3671992    4.1606699   -0.1583883  0.00   -0.0000386   -0.0001438   -0.0001129
h    -0.9083153    4.3754825   -0.9885017  0.00    0.0001430   -0.0001087    0.0001547
h    -0.8024866   -0.2133915    0.7472207  0.00    0.0001195    0.0001268   -0.0000746
h     2.6963743    1.0786289   -1.2903708  0.00   -0.0001569    0.0000155    0.0000873
h     1.8702524    3.3770277   -1.2025133  0.00   -0.0001210   -0.0001401    0.0000935
h    -1.5916926    2.0941927    0.8147864  0.00    0.0001641   -0.0000229   -0.0000930
c     1.5008062   -1.1419362   -0.3328073  0.00   -0.0000110    0.0001681    0.0000286
c     1.2790683   -1.7815887   -1.7250942  0.00   -0.0001608   -0.0001105   -0.0001095
h     1.0122171   -1.7664790    0.4493691  0.00   -0.0000026    0.0000361    0.0000190
h     2.5874379   -1.1476756   -0.0860789  0.00   -0.0000300    0.0000190    0.0000217
c     2.0284148   -3.0957756   -1.8378483  0.00   -0.0000076   -0.0003692    0.0000852
o     1.6394636   -4.1990722   -1.0850287  0.00    0.0003405    0.0007463   -0.0005040
o     3.1637739   -3.1801853   -2.6338456  0.00   -0.0003976   -0.0004403    0.0003663
h     3.5257181   -4.1239372   -2.5876219  0.00   -0.0000760    0.0002847   -0.0000371
n    -0.1587026   -1.9631379   -1.9954012  0.00   -0.0001871    0.0001363    0.0003635
h     1.7191957   -1.1290575   -2.5145397  0.00   -0.0000630   -0.0000990    0.0000858
h    -0.6005238   -2.5331348   -1.2345998  0.00    0.0002278    0.0002758   -0.0003603
h    -0.6390839   -1.0342681   -2.0251665  0.00    0.0003050   -0.0004814    0.0000094
    24
 Energy =       0.0654347061
c     1.2816071    2.5683381   -0.7849920  0.00   -0.0000101   -0.0000253    0.0000096
c     0.0945940    2.8489030   -0.1992232  0.00   -0.0000053   -0.0000053   -0.0000069
c    -0.6392857    1.8555233    0.3526954  0.00    0.0000208   -0.0000083   -0.0000113
c     1.7362582    1.2899415   -0.8275481  0.00   -0.0000202    0.0000089    0.0000107
c     1.0021938    0.2843954   -0.2749288  0.00   -0.0000015    0.0000245    0.0000025
c    -0.1914367    0.5748650    0.3144980  0.00    0.0000076    0.0000264   -0.0000113
o    -0.3684746    4.1603315   -0.1579708  0.00    0.0000081   -0.0000332    0.0000017
h    -0.9146725    4.3736161   -0.9852941  0.00    0.0000117   -0.0000159    0.0000067
h    -0.7950487   -0.2129004    0.7579839  0.00    0.0000094    0.0000156   -0.0000049
h     2.6908073    1.0784193   -1.3035410  0.00   -0.0000140    0.0000044    0.0000067
h     1.8633603    3.3765268   -1.2147985  0.00   -0.0000104   -0.0000174    0.0000085
h    -1.5855022    2.0944281    0.8266458  0.00    0.0000149   -0.0000052   -0.0000079
c     1.5026035   -1.1415973   -0.3347693  0.00   -0.0000024    0.0000336    0.0000060
c     1.2778644   -1.7819494   -1.7261286  0.00   -0.0000248   -0.0000210   -0.0000223
h     1.0164310   -1.7663254    0.4487625  0.00   -0.0000017    0.0000047    0.0000067
h     2.5899448   -1.1463027   -0.0910107  0.00   -0.0000014    0.0000040    0.0000057
c     2.0272480   -3.0962549   -1.8394452  0.00   -0.0000701   -0.0000261    0.0000395
o     1.6300431   -4.2043010   -1.0970629  0.00   -0.0000029    0.0000662   -0.0000229
o     3.1717776   -3.1756774   -2.6233213  0.00    0.0000585   -0.0000493   -0.0000276
h     3.5331136   -4.1199014   -2.5787226  0.00   -0.0000168    0.0000517   -0.0000060
n    -0.1606639   -1.9632607   -1.9934121  0.00   -0.0000402    0.0000256    0.0000676
h     1.7165300   -1.1299129   -2.5169168  0.00   -0.0000126   -0.0000180    0.0000153
h    -0.6007826   -2.5343125   -1.2320752  0.00    0.0000452    0.0000528   -0.0000689
h    -0.6414891   -1.0342451   -2.0209561  0.00    0.0000582   -0.0000931    0.0000029
    24
 Energy =       0.0654346849
c     1.2815609    2.5683251   -0.7851511  0.00    0.0000000   -0.0000000   -0.0000000
c     0.0946353    2.8489574   -0.1991953  0.00   -0.0000000    0.0000000   -0.0000000
c    -0.6392053    1.8555991    0.3528709  0.00   -0.0000000   -0.0000000    0.0000000
c     1.7361644    1.2898838   -0.8277370  0.00    0.0000000    0.0000000   -0.0000000
c     1.0021358    0.2843585   -0.2749774  0.00    0.0000000   -0.0000000   -0.0000000
c    -0.1914076    0.5748936    0.3146305  0.00   -0.0000000    0.0000000    0.0000000
o    -0.3683826    4.1604333   -0.1579005  0.00    0.0000000    0.0000000    0.0000000
h    -0.9146671    4.3737920   -0.9851577  0.00   -0.0000000    0.0000000   -0.0000000
h    -0.7949908   -0.2128551    0.7582235  0.00   -0.0000000   -0.0000000    0.0000000
h     2.6906507    1.0783073   -1.3038627  0.00    0.0000000   -0.0000000   -0.0000000
h     1.8632877    3.3764959   -1.2150745  0.00    0.0000000    0.0000000   -0.0000000
h    -1.5853501    2.0945594    0.8269705  0.00   -0.0000000    0.0000000    0.0000000
c     1.5025123   -1.1416712   -0.3348274  0.00    0.0000000   -0.0000000   -0.0000000
c     1.2778316   -1.7819744   -1.7261925  0.00    0.0000000    0.0000000    0.0000000
h     1.0162915   -1.7664279    0.4486465  0.00   -0.0000000   -0.0000000    0.0000000
h     2.5898487   -1.1464036   -0.0910445  0.00   -0.0000000    0.0000000    0.0000000
c     2.0272801   -3.0962911   -1.8394894  0.00   -0.0000001    0.0000001    0.0000001
o     1.6297848   -4.2045801   -1.0975566  0.00   -0.0000001   -0.0000001    0.0000001
o     3.1721755   -3.1754799   -2.6228024  0.00    0.0000002    0.0000000   -0.0000002
h     3.5335404   -4.1197297   -2.5782283  0.00    0.0000000   -0.0000000   -0.0000000
n    -0.1607231   -1.9632561   -1.9935294  0.00    0.0000000    0.0000000   -0.0000000
h     1.7165391   -1.1298963   -2.5169557  0.00    0.0000000    0.0000000    0.0000000
h    -0.6008704   -2.5344922   -1.2322680  0.00   -0.0000000   -0.0000000    0.0000000
h    -0.6416212   -1.0342010   -2.0209229  0.00   -0.0000000    0.0000000    0.0000000
    24
 Energy =       0.0654346849
c     1.2815609    2.5683253   -0.7851509  0.00    0.0000000    0.0000000   -0.0000000
c     0.0946352    2.8489573   -0.1991952  0.00    0.0000000    0.0000000   -0.0000000
c    -0.6392053    1.8555988    0.3528707  0.00   -0.0000000   -0.0000000    0.0000000
c     1.7361645    1.2898841   -0.8277370  0.00    0.0000000   -0.0000000   -0.0000000
c     1.0021361    0.2843586   -0.2749776  0.00   -0.0000000   -0.0000000   -0.0000000
c    -0.1914075    0.5748934    0.3146301  0.00   -0.0000000   -0.0000000    0.0000000
o    -0.3683829    4.1604331   -0.1579001  0.00    0.0000000    0.0000000    0.0000000
h    -0.9146673    4.3737919   -0.9851574  0.00   -0.0000000   -0.0000000   -0.0000000
h    -0.7949906   -0.2128555    0.7582229  0.00   -0.0000000   -0.0000000   -0.0000000
h     2.6906509    1.0783077   -1.3038626  0.00    0.0000000   -0.0000000   -0.0000000
h     1.8632877    3.3764963   -1.2150741  0.00    0.0000000    0.0000000   -0.0000000
h    -1.5853503    2.0945589    0.8269702  0.00   -0.0000000    0.0000000    0.0000000
c     1.5025128   -1.1416711   -0.3348278  0.00   -0.0000000    0.0000000   -0.0000000
c     1.2778314   -1.7819745   -1.7261927  0.00    0.0000000    0.0000000   -0.0000000
h     1.0162925   -1.7664277    0.4486465  0.00   -0.0000000   -0.0000000    0.0000000
h     2.5898493   -1.1464033   -0.0910455  0.00    0.0000000    0.0000000    0.0000000
c     2.0272798   -3.0962914   -1.8394895  0.00   -0.0000000    0.0000000    0.0000000
o     1.6297841   -4.2045804   -1.0975572  0.00   -0.0000000   -0.0000000    0.0000000
o     3.1721756   -3.1754801   -2.6228015  0.00    0.0000000    0.0000000   -0.0000000
h     3.5335404   -4.1197300   -2.5782273  0.00    0.0000000   -0.0000000    0.0000000
n    -0.1607233   -1.9632560   -1.9935290  0.00    0.0000000   -0.0000000   -0.0000000
h     1.7165388   -1.1298966   -2.5169562  0.00    0.0000000    0.0000000   -0.0000000
h    -0.6008708   -2.5344910   -1.2322668  0.00   -0.0000000   -0.0000000    0.0000000
h    -0.6416211   -1.0342008   -2.0209238  0.00   -0.0000000    0.0000000   -0.0000000
