$coord                                                                          
   -0.78399384909648      2.06083302414703      2.18111383601234      c       
   -0.82121822983571      4.36651093014474      1.07617613348606      c       
    0.60910415314761      4.81639041094509     -0.99366208368249      c       
    0.67881383919953      0.18949451866841      1.21173702860907      c       
    2.13046561737755      0.62970643109036     -0.86844847035451      c       
    2.07785732671588      2.95636724135232     -1.97336404682955      c       
   -2.32250858584211      6.27907918617569      2.07522215600215      o       
   -4.08437559443632      6.21662375184230      1.32249597556577      h       
    3.19506766622858      3.33876613844517     -3.65704666117982      h       
    0.67794328953252     -1.65786620153367      2.11074496697837      h       
   -1.93379948649374      1.73165839443327      3.84585804005673      h       
    0.56303964341881      6.67279596776822     -1.86310990085365      h       
    3.72240829664657     -1.47180144130762     -1.98153091253601      c       
    2.22142414561722     -3.09340182135207     -3.87019257743166      c       
    4.44225526255200     -2.70484106823382     -0.43805930413316      h       
    5.42834468437539     -0.68988574235583     -2.93256417402411      h       
    1.40248293213950     -1.56519897606358     -6.17709537983008      c       
   -1.02593997202335     -1.82539374562129     -7.12701943375018      o       
    3.08165233173644      0.04726646469426     -7.39492496552221      o       
    4.21772943142961     -0.98912007486905     -8.52251889490841      h       
    3.79019047953749     -5.31304562728693     -4.52004366673701      n       
    0.43774230076095     -3.72635637213599     -2.93660458689009      h       
    2.79682759150023     -6.96955989765683     -4.08273266734563      h       
    4.16723963992056     -5.40501045178849     -6.46217612072680      h       
$end                                                                            
