$ufftopology
nxtnei12
    1     3
          2     4    11
    2     3
          1     3     7
    3     3
          2     6    12
    4     3
          1     5    10
    5     3
          4     6    13
    6     3
          3     5     9
    7     2
          2     8
    8     1
          7
    9     1
          6
   10     2
          4    18
   11     1
          1
   12     1
          3
   13     4
          5    14    15    16
   14     4
         13    17    21    22
   15     1
         13
   16     1
         13
   17     3
         14    18    19
   18     2
         10    17
   19     2
         17    20
   20     1
         19
   21     3
         14    23    24
   22     1
         14
   23     1
         21
   24     1
         21
nxtnei13
    1     4
          3     7     5    10
    2     5
          4    11     6    12     8
    3     4
          1     7     5     9
    4     5
          2    11     6    13    18
    5     7
          1    10     3     9    14    15    16
    6     4
          2    12     4    13
    7     2
          1     3
    8     1
          2
    9     2
          3     5
   10     3
          1     5    17
   11     2
          2     4
   12     2
          2     6
   13     5
          4     6    17    21    22
   14     7
          5    15    16    18    19    23    24
   15     3
          5    14    16
   16     3
          5    14    15
   17     5
         13    21    22    10    20
   18     3
          4    14    19
   19     2
         14    18
   20     1
         17
   21     3
         13    17    22
   22     3
         13    17    21
   23     2
         14    24
   24     2
         14    23
nxtnei14
    1     5
          6    12     8    13    18
    2     3
          5    10     9
    3     4
          4    11     8    13
    4     7
          3     7     9    14    15    16    17
    5     7
          2    11    18    12    17    21    22
    6     6
          1     7    10    14    15    16
    7     4
          4    11     6    12
    8     2
          1     3
    9     4
          2    12     4    13
   10     6
          2    11     6    13    14    19
   11     4
          3     7     5    10
   12     4
          1     7     5     9
   13     8
          1    10     3     9    18    19    23    24
   14     4
          4     6    10    20
   15     5
          4     6    17    21    22
   16     5
          4     6    17    21    22
   17     6
          5    15    16    23    24     4
   18     6
          1     5    13    21    22    20
   19     4
         13    21    22    10
   20     2
         14    18
   21     5
          5    15    16    18    19
   22     7
          5    15    16    18    19    23    24
   23     3
         13    17    22
   24     3
         13    17    22
connectivity (= bond)
                    25
     1     2   2.570332   2.000000
     1     4   2.560663   2.000000
     1    11   2.048980   1.000000
     2     3   2.561042   2.000000
     2     7   2.642570   1.000000
     3     6   2.569700   2.000000
     3    12   2.049726   1.000000
     4     5   2.559670   2.000000
     4    10   2.232097   1.000000
     5     6   2.570870   2.000000
     5    13   2.878911   1.000000
     6     9   2.054036   1.000000
     7     8   1.917061   1.000000
    10    18   2.080918   1.000000
    13    14   2.938083   1.000000
    13    15   2.103918   1.000000
    13    16   2.101425   1.000000
    14    17   2.921393   1.000000
    14    21   2.784286   1.000000
    14    22   2.106924   1.000000
    17    18   2.634860   1.000000
    17    19   2.616497   1.000000
    19    20   1.913137   1.000000
    21    23   1.980857   1.000000
    21    24   1.983234   1.000000
angle
                    40
     1     2     3     2     119.61       1.00       4.00
     1     2     7     2     121.61       1.00       5.00
     1     4     5     2     121.20       2.00       8.00
     1     4    10     2     125.54       2.00       9.00
     2     1     4     2     119.57       1.00       2.00
     2     1    11     2     120.68       1.00       3.00
     2     3     6     2     120.54       4.00       6.00
     2     3    12     2     118.83       4.00       7.00
     2     7     8     9     114.04       5.00      13.00
     3     2     7     2     118.77       4.00       5.00
     3     6     5     2     119.97       6.00      10.00
     3     6     9     2     119.41       6.00      12.00
     4     1    11     2     119.75       2.00       3.00
     4     5     6     2     119.10       8.00      10.00
     4     5    13     2     119.38       8.00      11.00
     4    10    18     9     179.12       9.00      14.00
     5     4    10     2     113.24       8.00       9.00
     5     6     9     2     120.62      10.00      12.00
     5    13    14     9     114.18      11.00      15.00
     5    13    15     9     109.36      11.00      16.00
     5    13    16     9     108.94      11.00      17.00
     6     3    12     2     120.63       6.00       7.00
     6     5    13     2     121.42      10.00      11.00
    10    18    17     9     105.59      14.00      21.00
    13    14    17     9     113.91      15.00      18.00
    13    14    21     9     107.84      15.00      19.00
    13    14    22     9     108.15      15.00      20.00
    14    13    15     9     107.82      15.00      16.00
    14    13    16     9     109.48      15.00      17.00
    14    17    18     2     121.56      18.00      21.00
    14    17    19     2     120.43      18.00      22.00
    14    21    23     9     108.30      19.00      24.00
    14    21    24     9     109.13      19.00      25.00
    15    13    16     9     106.80      16.00      17.00
    17    14    21     9     112.41      18.00      19.00
    17    14    22     9     105.86      18.00      20.00
    17    19    20     9     108.64      22.00      23.00
    18    17    19     2     117.98      21.00      22.00
    21    14    22     9     108.48      19.00      20.00
    23    21    24     9     104.90      24.00      25.00
torsion
                    60
     4     1     2     3     1     3 359.99852639 119.57378248 119.61191313
     4     1     2     7     1     3 179.93679291 119.57378248 121.61387313
    11     1     2     3     1     3 179.97279613 120.67691216 119.61191313
    11     1     2     7     1     3 359.91106266 120.67691216 121.61387313
     2     1     4     5     2     3   0.71106727 119.57378248 121.19655457
     2     1     4    10     2     3 179.04553728 119.57378248 125.54335977
    11     1     4     5     2     3 180.73655608 119.74930039 121.19655457
    11     1     4    10     2     3 359.07102609 119.74930039 125.54335977
     1     2     3     6     4     3 359.92290849 119.61191313 120.53652028
     1     2     3    12     4     3 179.68241454 119.61191313 118.82831957
     7     2     3     6     4     3 179.98288660 118.77418566 120.53652028
     7     2     3    12     4     3 359.74239265 118.77418566 118.82831957
     1     2     7     8     5     3   0.01118268 121.61387313 114.04365623
     3     2     7     8     5     3 179.94995147 118.77418566 114.04365623
     2     3     6     5     6     3 359.45795420 120.53652028 119.97179496
     2     3     6     9     6     3 179.35690768 120.53652028 119.41092661
    12     3     6     5     6     3 179.70281821 120.63471753 119.97179496
    12     3     6     9     6     3 359.60177170 120.63471753 119.41092661
     1     4     5     6     8     3 358.67891495 121.19655457 119.09700042
     1     4     5    13     8     3 182.19170276 121.19655457 119.38353877
    10     4     5     6     8     3 180.15376195 113.24174875 119.09700042
    10     4     5    13     8     3   3.66654976 113.24174875 119.38353877
     1     4    10    18     9     9   6.18496951 125.54335977 179.12094844
     5     4    10    18     9     9 184.63448470 113.24174875 179.12094844
     4     5     6     3    10     3   1.22620155 119.09700042 119.97179496
     4     5     6     9    10     3 181.32848457 119.09700042 120.61720030
    13     5     6     3    10     3 177.63915227 121.42336098 119.97179496
    13     5     6     9    10     3 357.74143529 121.42336098 120.61720030
     4     5    13    14    11    22 317.93397955 119.38353877 114.18421358
     4     5    13    15    11    22 197.04567362 119.38353877 109.36234248
     4     5    13    16    11    22  80.65824374 119.38353877 108.94180832
     6     5    13    14    11    22 141.53109845 121.42336098 114.18421358
     6     5    13    15    11    22  20.64279252 121.42336098 109.36234248
     6     5    13    16    11    22 264.25536264 121.42336098 108.94180832
     4    10    18    17    14     9 188.36408474 179.12094844 105.59207235
     5    13    14    17    15     1  69.25648728 114.18421358 113.90817292
     5    13    14    21    15     1 194.75687265 114.18421358 107.84064353
     5    13    14    22    15     1 311.87946746 114.18421358 108.14995703
    15    13    14    17    15     1 190.99848426 107.81829262 113.90817292
    15    13    14    21    15     1 316.49886962 107.81829262 107.84064353
    15    13    14    22    15     1  73.62146444 107.81829262 108.14995703
    16    13    14    17    15     1 306.82520922 109.47909060 113.90817292
    16    13    14    21    15     1  72.32559459 109.47909060 107.84064353
    16    13    14    22    15     1 189.44818940 109.47909060 108.14995703
    13    14    17    18    18    22 310.04950173 113.90817292 121.55604481
    13    14    17    19    18    22 132.33876560 113.90817292 120.42717637
    21    14    17    18    18    22 187.00564580 112.40735850 121.55604481
    21    14    17    19    18    22   9.29490967 112.40735850 120.42717637
    22    14    17    18    18    22  68.74373741 105.85634921 121.55604481
    22    14    17    19    18    22 251.03300128 105.85634921 120.42717637
    13    14    21    23    19     1 168.24821742 107.84064353 108.29951366
    13    14    21    24    19     1 281.90864322 107.84064353 109.12513849
    17    14    21    23    19     1 294.63403910 112.40735850 108.29951366
    17    14    21    24    19     1  48.29446490 112.40735850 109.12513849
    22    14    21    23    19     1  51.33872700 108.47823485 108.29951366
    22    14    21    24    19     1 164.99915280 108.47823485 109.12513849
    14    17    18    10    21     3  10.77034207 121.55604481 105.59207235
    19    17    18    10    21     3 188.53514976 117.97872593 105.59207235
    14    17    19    20    22     3 177.78724913 120.42717637 108.63867649
    18    17    19    20    22     3 359.99613068 117.97872593 108.63867649
inversion
                     8
     1     2     4    11    11    11    11    0.022    0.022    0.022
     2     1     3     7    10    11    11    0.053    0.054    0.052
     3     2     6    12    11    11    11    0.211    0.207    0.211
     4     1     5    10    11    11    11    1.355    1.425    1.262
     5     4     6    13    11    11    11   -3.060   -3.069   -3.134
     6     3     5     9    11    11    11    0.088    0.088    0.089
    17    14    18    19    10    10    11   -1.974   -1.951   -1.905
    21    14    23    24     9     9     9   59.927   60.414   58.234
nonbond
                   211
    1     6    5.137
    1     8    4.791
    1     9    7.191
    1    12    6.283
    1    13    7.081
    1    14    8.123
    1    15    8.531
    1    16    7.866
    1    17    7.969
    1    18    6.153
    1    19   10.428
    1    20   10.645
    1    21   10.854
    1    22    7.910
    1    23   11.901
    1    24   11.613
    2     5    5.155
    2     9    6.306
    2    10    6.534
    2    13    8.032
    2    14    9.629
    2    15    8.991
    2    16    8.890
    2    17   10.057
    2    18    8.546
    2    19   12.612
    2    20   13.013
    2    21   12.203
    2    22    9.302
    2    23   13.409
    2    24   13.072
    3     4    5.100
    3     8    6.136
    3    10    7.323
    3    11    6.304
    3    13    7.113
    3    14    9.209
    3    15    7.531
    3    16    8.047
    3    17   10.320
    3    18    9.401
    3    19   12.917
    3    20   13.652
    3    21   11.464
    3    22    8.968
    3    23   12.862
    3    24   12.387
    4     7    6.877
    4     8    7.338
    4     9    6.298
    4    12    7.149
    4    14    5.638
    4    15    6.382
    4    16    5.540
    4    17    5.641
    4    19    8.186
    4    20    8.673
    4    21    8.348
    4    22    5.734
    4    23    9.471
    4    24    9.052
    5     7    7.797
    5     8    8.783
    5    11    6.308
    5    12    6.318
    5    17    6.096
    5    18    5.832
    5    19    8.643
    5    20    9.600
    5    21    7.217
    5    22    5.165
    5    23    8.667
    5    24    8.028
    6     7    6.850
    6     8    8.295
    6    10    6.362
    6    11    7.186
    6    14    7.114
    6    15    4.978
    6    16    5.802
    6    17    8.647
    6    18    8.313
    6    19   11.180
    6    20   12.171
    6    21    9.126
    6    22    7.124
    6    23   10.650
    6    24   10.024
    7     9    8.478
    7    10    8.805
    7    11    5.025
    7    12    4.849
    7    13   10.675
    7    14   12.201
    7    15   11.576
    7    16   11.477
    7    17   12.457
    7    18   10.697
    7    19   14.960
    7    20   15.188
    7    21   14.809
    7    22   11.747
    7    23   15.948
    7    24   15.694
    8     9   10.081
    8    10    8.945
    8    11    4.433
    8    12    6.742
    8    13   11.611
    8    14   12.829
    8    15   12.751
    8    16   12.355
    8    17   12.677
    8    18   10.632
    8    19   15.056
    8    20   15.053
    8    21   15.542
    8    22   12.355
    8    23   16.549
    8    24   16.375
    9    10    8.026
    9    11    9.239
    9    12    4.623
    9    13    5.165
    9    14    7.729
    9    15    4.545
    9    16    6.116
    9    17    9.725
    9    18    9.836
    9    19   12.122
    9    20   13.322
    9    21    9.213
    9    22    7.832
    9    23   10.848
    9    24   10.106
   10    11    4.875
   10    12    9.373
   10    13    4.877
   10    14    4.766
   10    15    6.865
   10    16    5.471
   10    19    6.170
   10    20    6.484
   10    21    7.456
   10    22    5.139
   10    23    8.331
   10    24    7.967
   11    12    7.983
   11    13    8.693
   11    14    9.297
   11    15   10.314
   11    16    9.356
   11    17    8.559
   11    18    6.306
   11    19   10.787
   11    20   10.655
   11    21   12.073
   11    22    9.035
   11    23   12.923
   11    24   12.755
   12    13    8.774
   12    14   11.003
   12    15    8.840
   12    16    9.662
   12    17   12.302
   12    18   11.450
   12    19   14.894
   12    20   15.679
   12    21   13.090
   12    22   10.700
   12    23   14.526
   12    24   14.045
   13    18    5.886
   13    19    7.073
   13    20    8.435
   13    23    6.341
   13    24    5.287
   14    20    6.397
   15    17    6.660
   15    18    7.904
   15    19    8.592
   15    20   10.148
   15    21    4.796
   15    22    4.870
   15    23    6.571
   15    24    5.680
   16    17    5.289
   16    18    6.204
   16    19    7.062
   16    20    8.282
   16    21    5.286
   16    22    5.849
   16    23    7.133
   16    24    5.143
   17    23    5.199
   17    24    4.975
   18    20    4.494
   18    21    7.203
   18    22    5.443
   18    23    7.740
   18    24    7.462
   19    21    5.332
   19    22    5.952
   19    23    5.151
   19    24    4.952
   20    21    7.227
   20    22    7.389
   20    23    7.014
   20    24    6.769
   22    23    4.408
   22    24    5.618
qpartial
                    24
        -0.09100    0.24455   -0.03373   -0.08528   -0.01621   -0.14261
        -0.69211    0.35439    0.12319    0.35207    0.13208    0.16255
        -0.22703   -0.01629    0.13838    0.18409    0.50803   -0.65670
        -0.69289    0.36121   -0.62582    0.14650    0.23339    0.33927
$end
