$coord                                                                          
   -7.14082076741444      3.29881811399130      0.48722600619992      c       
   -4.92144515678494      5.15670302217139      0.59504254769629      c       
   -9.42251057609781      4.42084095495571     -0.89978394355947      c       
  -10.12082624447540      6.14562072083486      0.07351706077799      h       
  -10.98051064442809      3.01126156698369     -0.97023268732746      h       
   -8.90986615327571      4.92433490497416     -2.87634929121480      h       
   -6.49178760397217      0.89349066363130     -0.74984017136117      n       
   -7.68482562241981      2.90705274255414      2.48627666338845      h       
   -5.85593480858901      1.24531452320724     -2.59586240012756      h       
   -4.95622029617469      0.06297158424716      0.18903092424487      h       
   -2.89081107092435      4.87510877195654     -1.04595423311419      o       
   -4.91265075299715      7.17395699343050      2.28939138966771      o       
   -6.51677776213057      7.25554149728146      3.31630761448226      h       
$end                                                                            
