$coord                                                                          
   -1.13199745235741      4.48187465444628     -1.02122594987092      c       
   -1.10657834284588      4.07337879122487      1.51532400494641      c       
    0.50958675833133      2.35635897157192      2.50205098227808      c       
    0.45305046839008      3.17381492790148     -2.55271650051219      c       
    2.08122078372733      1.44417508243899     -1.56224994739774      c       
    2.10298262942123      1.04621521585265      0.97896419182368      c       
   -2.72005306618985      5.38736883820924      3.14647874508073      o       
   -3.86815207289744      6.64596254877123      2.26809770007776      h       
    3.38060454217619     -0.33605288887974      1.80703476239649      h       
    0.40865109358319      3.51982032806995     -4.57738230715044      h       
   -2.41906485602818      5.85472197392793     -1.83164964658260      h       
    0.50725474131129      2.04184520748102      4.52743623225834      h       
    3.84754689040922     -0.02946278261119     -3.26506866970126      c       
    2.77901399365581     -2.60245411499063     -4.14618790039115      c       
    5.67639411374573     -0.34193061372491     -2.26941219049426      h       
    4.32182297779937      1.12012166364729     -4.96404619601163      h       
    2.13855232090870     -4.40602290605924     -1.97387515780551      c       
    3.89564791849151     -6.23281724869848     -1.29625413322044      o       
   -0.11728227204791     -4.27336443606478     -0.61747367677083      o       
   -1.16583845439036     -2.77279523828477     -1.13409249222551      h       
    0.69515304966093     -2.20655885585713     -5.95645103786490      n       
    4.34056706458209     -3.57785519144073     -5.17680411762669      h       
    0.00128227021192     -3.95961687945522     -6.56904420691459      h       
   -0.81396576869203     -1.25481361898867     -5.10920682805310      h       
$end                                                                            
