    24
 Energy =       0.1399383485
c     0.0448833    2.3534058   -1.3813971  0.00   -0.0371458    0.0566763   -0.0571586
c     0.1418476    2.9248573   -0.1206726  0.00   -0.0432941    0.0990449   -0.0104576
c     0.7555652    2.2402731    0.9181560  0.00   -0.0059587    0.0578547    0.0791670
c     0.5800579    1.0803682   -1.5985351  0.00   -0.0072661   -0.0250999   -0.0652914
c     1.2047783    0.3610782   -0.5608861  0.00    0.0892495   -0.0847028    0.0468602
c     1.2772621    0.9610456    0.7017654  0.00    0.0250147   -0.0328901    0.0380796
o    -0.3596449    4.1638607    0.1435223  0.00    0.0654411   -0.0037970    0.0482104
h     0.3725708    4.7444238    0.4083143  0.00   -0.0444580   -0.0527795   -0.0304232
h     1.7275121    0.4624698    1.5506282  0.00   -0.0073597    0.0129518    0.0059890
h     0.4997167    0.6426498   -2.5929302  0.00   -0.0016044   -0.0095060   -0.0020961
h    -0.4370006    2.8749235   -2.2021886  0.00    0.0015578   -0.0086530   -0.0083061
h     0.8245662    2.6993933    1.9006814  0.00    0.0025324    0.0009590    0.0014877
c     1.7669373   -1.0073413   -0.8964724  0.00   -0.0214771   -0.0168283   -0.0552046
c     0.8861134   -2.0194266   -1.6556448  0.00    0.0383082    0.1180354   -0.0580668
h     2.1212937   -1.4658931    0.0371405  0.00   -0.0059526    0.0129768   -0.0091791
h     2.6645729   -0.8285312   -1.5058794  0.00   -0.0152230   -0.0034123    0.0057634
c     1.7481012   -3.2276699   -2.0845864  0.00    0.1063130   -0.3529669    0.1792862
o     2.0121944   -4.2017215   -1.3977638  0.00   -0.0629404    0.2366656   -0.1626173
o     2.2274762   -3.0566202   -3.3466422  0.00   -0.0313384    0.0302066    0.0235289
h     1.9686788   -3.8778597   -3.8368213  0.00   -0.0132896    0.0324036    0.0239093
n    -0.2697763   -2.5678537   -0.8742070  0.00   -0.0635102   -0.0453461    0.0120267
h     0.4960411   -1.5757973   -2.5789902  0.00   -0.0031828   -0.0065634    0.0195880
h    -0.1377783   -2.3090138    0.1103184  0.00    0.0003671    0.0029952   -0.0368332
h    -1.1177682   -2.0693246   -1.1533357  0.00    0.0352170   -0.0182246    0.0117376
    24
 Energy =       0.1154861934
c     0.0203567    2.3295899   -1.3629051  0.00   -0.0250953    0.0380015   -0.0386173
c     0.1313905    2.9047431   -0.1182525  0.00   -0.0295937    0.0631990   -0.0074372
c     0.7158738    2.2122692    0.9176114  0.00   -0.0041933    0.0385174    0.0538864
c     0.5318422    1.0608731   -1.5784925  0.00   -0.0048885   -0.0171927   -0.0443108
c     1.1381952    0.3455867   -0.5461963  0.00    0.0605961   -0.0569409    0.0320726
c     1.2154230    0.9379926    0.7063032  0.00    0.0174777   -0.0224641    0.0257343
o    -0.2995419    4.1902254    0.1083874  0.00    0.0409142    0.0011247    0.0332345
h     0.4812734    4.7487944    0.3401517  0.00   -0.0268744   -0.0344429   -0.0209589
h     1.6733131    0.4296800    1.5470033  0.00   -0.0049558    0.0086855    0.0039582
h     0.4638926    0.6364627   -2.5774740  0.00   -0.0011392   -0.0065242   -0.0015727
h    -0.4371497    2.8734315   -2.1834240  0.00    0.0008885   -0.0054573   -0.0059842
h     0.7976452    2.6776241    1.8957095  0.00    0.0016760    0.0008080    0.0010783
c     1.7471897   -1.0093853   -0.8520632  0.00   -0.0152531   -0.0114384   -0.0370402
c     0.9025007   -2.0253756   -1.6538540  0.00    0.0256135    0.0801576   -0.0397186
h     2.0667598   -1.4787719    0.0951201  0.00   -0.0039270    0.0090166   -0.0054196
h     2.6765265   -0.8114004   -1.4177235  0.00   -0.0090324   -0.0020968    0.0032902
c     1.7957811   -3.1906825   -2.1027129  0.00    0.0668217   -0.2438643    0.1250098
o     2.0851297   -4.2032070   -1.3875749  0.00   -0.0417912    0.1613996   -0.1127495
o     2.3625172   -3.0000385   -3.3361545  0.00    0.0025952    0.0536383    0.0332009
h     1.9373598   -3.7191066   -3.9251342  0.00   -0.0282498   -0.0079573   -0.0023728
n    -0.2557725   -2.5834041   -0.8955439  0.00   -0.0419087   -0.0320579    0.0078984
h     0.5313947   -1.5702387   -2.5846855  0.00   -0.0020158   -0.0046471    0.0130194
h    -0.1640625   -2.3384493    0.1047976  0.00    0.0000063    0.0024850   -0.0235871
h    -1.1196374   -2.1155166   -1.2093196  0.00    0.0223289   -0.0119496    0.0073860
    24
 Energy =       0.1136343555
c     0.0766058    2.3521358   -1.3338568  0.00   -0.0243695    0.0369150   -0.0371440
c     0.1950895    2.9210223   -0.0881070  0.00   -0.0282918    0.0594430   -0.0076106
c     0.7435691    2.2061249    0.9516988  0.00   -0.0038673    0.0367252    0.0523020
c     0.5546917    1.0708629   -1.5491658  0.00   -0.0047347   -0.0165918   -0.0430457
c     1.1280795    0.3335701   -0.5133651  0.00    0.0582693   -0.0550552    0.0309132
c     1.2077763    0.9190910    0.7414203  0.00    0.0171091   -0.0221129    0.0248751
o    -0.1727722    4.2298907    0.1310092  0.00    0.0366514    0.0027474    0.0315060
h     0.6400266    4.7464793    0.3622910  0.00   -0.0239811   -0.0319560   -0.0196663
h     1.6400494    0.3931310    1.5855577  0.00   -0.0045623    0.0080397    0.0041657
h     0.4887744    0.6588367   -2.5524628  0.00   -0.0011062   -0.0064591   -0.0016782
h    -0.3495615    2.9159166   -2.1585694  0.00    0.0005504   -0.0047474   -0.0062227
h     0.8322650    2.6673187    1.9311838  0.00    0.0016072    0.0008269    0.0010856
c     1.6998019   -1.0432011   -0.8068907  0.00   -0.0158283   -0.0091011   -0.0357320
c     0.8697103   -2.0106612   -1.6879478  0.00    0.0253986    0.0770328   -0.0398443
h     1.9322783   -1.5477697    0.1525049  0.00   -0.0027325    0.0065604   -0.0016097
h     2.6785119   -0.8706786   -1.3004469  0.00   -0.0051254   -0.0006577    0.0017584
c     1.7589150   -3.1709906   -2.1535716  0.00    0.0639087   -0.2359462    0.1204383
o     2.0626335   -4.1887959   -1.4440426  0.00   -0.0402417    0.1555754   -0.1087067
o     2.3100041   -2.9782546   -3.3947381  0.00    0.0042460    0.0549883    0.0338308
h     1.9334812   -3.7407179   -3.9643479  0.00   -0.0287812   -0.0106530   -0.0040926
n    -0.3259391   -2.5813956   -0.9956677  0.00   -0.0424917   -0.0338352    0.0067303
h     0.5433012   -1.5123673   -2.6149286  0.00   -0.0022482   -0.0034691    0.0107854
h    -0.2788180   -2.3761655    0.0186726  0.00    0.0000431    0.0027389   -0.0196622
h    -1.1702729   -2.0916857   -1.3326556  0.00    0.0205782   -0.0110082    0.0066242
    24
 Energy =       0.1101364318
c     0.0120690    2.3305285   -1.3373796  0.00   -0.0233714    0.0355371   -0.0354683
c     0.1211042    2.9015444   -0.0929111  0.00   -0.0265874    0.0556724   -0.0075997
c     0.6987594    2.2034868    0.9416335  0.00   -0.0035271    0.0348994    0.0502174
c     0.5189244    1.0618923   -1.5553044  0.00   -0.0045299   -0.0159808   -0.0413497
c     1.1154689    0.3399229   -0.5233761  0.00    0.0555719   -0.0525439    0.0296405
c     1.1923160    0.9284434    0.7291422  0.00    0.0165051   -0.0215409    0.0238102
o    -0.3050735    4.1932734    0.1323112  0.00    0.0323103    0.0035260    0.0296885
h     0.4840736    4.7549028    0.3486775  0.00   -0.0211173   -0.0292415   -0.0182845
h     1.6471542    0.4142088    1.5691383  0.00   -0.0041965    0.0074560    0.0042038
h     0.4556516    0.6466461   -2.5575809  0.00   -0.0010791   -0.0061511   -0.0016355
h    -0.4393371    2.8818688   -2.1574778  0.00    0.0003255   -0.0042186   -0.0061933
h     0.7796810    2.6665484    1.9208369  0.00    0.0015247    0.0008468    0.0010679
c     1.7273595   -1.0180866   -0.8213038  0.00   -0.0150873   -0.0089033   -0.0341883
c     0.9085056   -2.0138272   -1.6813882  0.00    0.0242815    0.0737410   -0.0380580
h     1.9962510   -1.5121182    0.1350804  0.00   -0.0023792    0.0057887   -0.0010488
h     2.6900921   -0.8162141   -1.3369562  0.00   -0.0042015   -0.0003384    0.0014265
c     1.8178980   -3.1581917   -2.1440929  0.00    0.0604965   -0.2259066    0.1160298
o     2.1328932   -4.1765314   -1.4312555  0.00   -0.0383076    0.1488046   -0.1040863
o     2.3983766   -2.9453734   -3.3702150  0.00    0.0060921    0.0562332    0.0343177
h     2.0922343   -3.7385902   -3.9426254  0.00   -0.0289550   -0.0138911   -0.0066811
n    -0.2684483   -2.5979182   -0.9696023  0.00   -0.0406865   -0.0329892    0.0066487
h     0.5627084   -1.5327300   -2.6115986  0.00   -0.0023377   -0.0031445    0.0100634
h    -0.2125647   -2.3815379    0.0426434  0.00    0.0000633    0.0026314   -0.0186329
h    -1.1278968   -2.1304514   -1.3028217  0.00    0.0191926   -0.0102867    0.0061119
    24
 Energy =       0.1073936760
c    -0.0461350    2.3104000   -1.3307948  0.00   -0.0222362    0.0339078   -0.0336672
c     0.0554623    2.8820793   -0.0873394  0.00   -0.0249838    0.0523529   -0.0073771
c     0.6531714    2.1965668    0.9427811  0.00   -0.0032716    0.0330883    0.0477928
c     0.4820064    1.0523068   -1.5514811  0.00   -0.0043140   -0.0152254   -0.0393650
c     1.0947826    0.3416669   -0.5229244  0.00    0.0526602   -0.0497485    0.0282636
c     1.1685410    0.9316773    0.7279624  0.00    0.0157581   -0.0206866    0.0226133
o    -0.4111748    4.1601541    0.1422854  0.00    0.0292231    0.0036620    0.0279893
h     0.3600658    4.7537103    0.3450298  0.00   -0.0190984   -0.0270220   -0.0171102
h     1.6402676    0.4263138    1.5643741  0.00   -0.0038845    0.0069477    0.0041117
h     0.4219889    0.6370150   -2.5537218  0.00   -0.0010356   -0.0057763   -0.0015662
h    -0.5148652    2.8529632   -2.1471497  0.00    0.0002064   -0.0038491   -0.0059947
h     0.7281156    2.6603898    1.9220199  0.00    0.0014403    0.0008365    0.0010296
c     1.7408051   -1.0000635   -0.8224833  0.00   -0.0141340   -0.0086609   -0.0322923
c     0.9475766   -2.0132939   -1.6867755  0.00    0.0229337    0.0701667   -0.0361173
h     2.0206255   -1.4909420    0.1327193  0.00   -0.0022162    0.0054145   -0.0009712
h     2.6996352   -0.7729061   -1.3360834  0.00   -0.0036907   -0.0002194    0.0012563
c     1.8843930   -3.1350392   -2.1471865  0.00    0.0567637   -0.2148271    0.1110728
o     2.2136646   -4.1553737   -1.4337491  0.00   -0.0361201    0.1412890   -0.0989569
o     2.4945529   -2.8957543   -3.3560085  0.00    0.0074077    0.0560247    0.0336023
h     2.2509874   -3.7063760   -3.9350833  0.00   -0.0283361   -0.0158841   -0.0083863
n    -0.2207066   -2.6191960   -0.9799611  0.00   -0.0386793   -0.0316435    0.0064337
h     0.5970983   -1.5392679   -2.6193776  0.00   -0.0023069   -0.0030094    0.0095460
h    -0.1731447   -2.4049586    0.0337482  0.00    0.0000176    0.0025084   -0.0176362
h    -1.0895127   -2.1703758   -1.3172268  0.00    0.0178965   -0.0096462    0.0057291
    24
 Energy =       0.1056225979
c    -0.1041798    2.2894475   -1.3186130  0.00   -0.0212765    0.0325193   -0.0321468
c    -0.0091007    2.8616017   -0.0760240  0.00   -0.0236845    0.0496930   -0.0071569
c     0.6052049    2.1871614    0.9503264  0.00   -0.0030809    0.0315905    0.0457193
c     0.4426232    1.0409425   -1.5418393  0.00   -0.0041367   -0.0145543   -0.0376632
c     1.0694236    0.3403055   -0.5162135  0.00    0.0501685   -0.0473492    0.0271499
c     1.1397974    0.9316718    0.7333323  0.00    0.0151251   -0.0199349    0.0215904
o    -0.5084050    4.1275365    0.1571367  0.00    0.0269266    0.0036713    0.0266091
h     0.2471933    4.7465821    0.3484447  0.00   -0.0176114   -0.0252825   -0.0161838
h     1.6262019    0.4346372    1.5666173  0.00   -0.0036273    0.0065304    0.0040177
h     0.3857903    0.6266918   -2.5443200  0.00   -0.0009941   -0.0054112   -0.0015076
h    -0.5871417    2.8242803   -2.1318372  0.00    0.0001225   -0.0035665   -0.0058024
h     0.6750203    2.6515602    1.9296050  0.00    0.0013695    0.0008217    0.0009948
c     1.7475875   -0.9856573   -0.8160902  0.00   -0.0132995   -0.0082873   -0.0304514
c     0.9897723   -2.0103828   -1.6996856  0.00    0.0218193    0.0671931   -0.0347066
h     2.0245016   -1.4783059    0.1392777  0.00   -0.0020961    0.0051966   -0.0008977
h     2.7093361   -0.7335290   -1.3136446  0.00   -0.0031279   -0.0000905    0.0010454
c     1.9594246   -3.1047361   -2.1562307  0.00    0.0534873   -0.2055484    0.1069697
o     2.3043687   -4.1267389   -1.4441134  0.00   -0.0341914    0.1348648   -0.0945925
o     2.5992882   -2.8337742   -3.3450801  0.00    0.0085180    0.0553906    0.0323703
h     2.4097405   -3.6514083   -3.9346504  0.00   -0.0275361   -0.0171160   -0.0095326
n    -0.1754928   -2.6447657   -1.0132159  0.00   -0.0373284   -0.0306615    0.0060908
h     0.6433828   -1.5376532   -2.6346919  0.00   -0.0022497   -0.0029847    0.0090914
h    -0.1460685   -2.4415196    0.0040954  0.00   -0.0000773    0.0024464   -0.0164685
h    -1.0500679   -2.2122511   -1.3590121  0.00    0.0167812   -0.0091306    0.0054614
    24
 Energy =       0.1048849514
c    -0.1636609    2.2668003   -1.3024849  0.00   -0.0205948    0.0315315   -0.0310507
c    -0.0741153    2.8399342   -0.0608174  0.00   -0.0227610    0.0478002   -0.0070018
c     0.5550102    2.1760559    0.9624228  0.00   -0.0029494    0.0305167    0.0442269
c     0.4001350    1.0270136   -1.5276840  0.00   -0.0040192   -0.0140353   -0.0364356
c     1.0401684    0.3359700   -0.5045059  0.00    0.0483083   -0.0455858    0.0264305
c     1.1072479    0.9293041    0.7437149  0.00    0.0146883   -0.0194034    0.0208454
o    -0.6010943    4.0947632    0.1750654  0.00    0.0253140    0.0036757    0.0256226
h     0.1402599    4.7347231    0.3577170  0.00   -0.0165826   -0.0240406   -0.0155292
h     1.6070913    0.4408085    1.5743513  0.00   -0.0034286    0.0062167    0.0039612
h     0.3456427    0.6139128   -2.5302801  0.00   -0.0009649   -0.0050624   -0.0014674
h    -0.6592429    2.7940448   -2.1131381  0.00    0.0000555   -0.0033574   -0.0056690
h     0.6205497    2.6413517    1.9415228  0.00    0.0013184    0.0008090    0.0009704
c     1.7490256   -0.9745459   -0.8034050  0.00   -0.0126950   -0.0077349   -0.0287737
c     1.0357139   -2.0053234   -1.7185632  0.00    0.0211233    0.0651549   -0.0340731
h     2.0117183   -1.4734835    0.1530057  0.00   -0.0019801    0.0050823   -0.0006841
h     2.7188971   -0.6972945   -1.2728663  0.00   -0.0023724    0.0001266    0.0007451
c     2.0430418   -3.0677445   -2.1685990  0.00    0.0508832   -0.1990692    0.1042570
o     2.4046179   -4.0904585   -1.4595284  0.00   -0.0326853    0.1301617   -0.0914330
o     2.7130044   -2.7595863   -3.3339422  0.00    0.0097106    0.0549172    0.0309207
h     2.5684937   -3.5751181   -3.9389598  0.00   -0.0268593   -0.0179668   -0.0103776
n    -0.1304831   -2.6743333   -1.0660363  0.00   -0.0369672   -0.0303655    0.0055919
h     0.7007117   -1.5289361   -2.6558906  0.00   -0.0021895   -0.0030669    0.0086538
h    -0.1268574   -2.4905115   -0.0438257  0.00   -0.0002399    0.0024578   -0.0150374
h    -1.0076747   -2.2556502   -1.4236994  0.00    0.0158876   -0.0087620    0.0053072
    24
 Energy =       0.1054122577
c    -0.2259701    2.2415282   -1.2836094  0.00   -0.0203001    0.0311088   -0.0305414
c    -0.1403928    2.8172012   -0.0433198  0.00   -0.0223153    0.0468708   -0.0069617
c     0.5027130    2.1642121    0.9776871  0.00   -0.0028796    0.0300054    0.0435562
c     0.3531563    1.0092233   -1.5095195  0.00   -0.0039899   -0.0137277   -0.0358810
c     1.0065998    0.3282403   -0.4880958  0.00    0.0472974   -0.0447232    0.0262564
c     1.0711381    0.9252532    0.7583690  0.00    0.0145332   -0.0191988    0.0204906
o    -0.6910336    4.0619558    0.1940186  0.00    0.0244116    0.0037309    0.0251374
h     0.0372477    4.7187939    0.3717266  0.00   -0.0160253   -0.0233755   -0.0152043
h     1.5837172    0.4462216    1.5869922  0.00   -0.0032972    0.0060298    0.0039772
h     0.2989955    0.5961667   -2.5115655  0.00   -0.0009648   -0.0047121   -0.0014516
h    -0.7334319    2.7605014   -2.0923650  0.00   -0.0000053   -0.0032248   -0.0056400
h     0.5652428    2.6314941    1.9560142  0.00    0.0012952    0.0008023    0.0009638
c     1.7444956   -0.9675086   -0.7840014  0.00   -0.0124510   -0.0069065   -0.0273121
c     1.0863421   -1.9983074   -1.7426845  0.00    0.0210527    0.0644556   -0.0345128
h     1.9809986   -1.4774908    0.1739167  0.00   -0.0018436    0.0050465   -0.0001792
h     2.7273522   -0.6652627   -1.2121287  0.00   -0.0012497    0.0005253    0.0003169
c     2.1368177   -3.0236290   -2.1817820  0.00    0.0491159   -0.1965308    0.1035948
o     2.5154004   -4.0456494   -1.4775504  0.00   -0.0317627    0.1278608   -0.0899614
o     2.8387668   -2.6712211   -3.3180782  0.00    0.0113604    0.0552354    0.0293984
h     2.7272468   -3.4741370   -3.9466940  0.00   -0.0265604   -0.0188160   -0.0111638
n    -0.0838602   -2.7084483   -1.1390459  0.00   -0.0380336   -0.0311343    0.0048186
h     0.7703322   -1.5131205   -2.6819880  0.00   -0.0021334   -0.0032879    0.0081872
h    -0.1133147   -2.5539457   -0.1113683  0.00   -0.0005284    0.0025412   -0.0131669
h    -0.9603585   -2.3003750   -1.5113542  0.00    0.0152737   -0.0085751    0.0052787
    24
 Energy =       0.1029255185
c    -0.1587430    2.2708776   -1.3035393  0.00   -0.0200511    0.0307105   -0.0301122
c    -0.0720761    2.8401590   -0.0605477  0.00   -0.0219688    0.0460930   -0.0069201
c     0.5573754    2.1747097    0.9609694  0.00   -0.0028090    0.0295348    0.0429807
c     0.4076879    1.0335819   -1.5317884  0.00   -0.0039870   -0.0133606   -0.0354045
c     1.0465945    0.3406435   -0.5100748  0.00    0.0462681   -0.0440470    0.0262346
c     1.1117942    0.9299028    0.7395068  0.00    0.0144269   -0.0189823    0.0201932
o    -0.6036396    4.0932704    0.1781113  0.00    0.0237540    0.0037861    0.0247116
h     0.1361743    4.7381383    0.3547122  0.00   -0.0156154   -0.0228750   -0.0149412
h     1.6121789    0.4392601    1.5688936  0.00   -0.0031704    0.0058604    0.0040185
h     0.3573800    0.6240363   -2.5361626  0.00   -0.0009361   -0.0042484   -0.0014727
h    -0.6544989    2.8001479   -2.1129482  0.00   -0.0000679   -0.0031031   -0.0056410
h     0.6206732    2.6372593    1.9414951  0.00    0.0012807    0.0007896    0.0009696
c     1.7583731   -0.9678440   -0.8132076  0.00   -0.0122882   -0.0052306   -0.0253658
c     1.0287180   -2.0067449   -1.7132372  0.00    0.0213593    0.0640499   -0.0358367
h     2.0384496   -1.4608900    0.1430288  0.00   -0.0014790    0.0049260    0.0009931
h     2.7219603   -0.6892718   -1.3020012  0.00    0.0007047    0.0012089   -0.0005979
c     2.0276619   -3.0762786   -2.1722063  0.00    0.0471459   -0.1947213    0.1037151
o     2.3905981   -4.1009597   -1.4608289  0.00   -0.0308848    0.1257574   -0.0887046
o     2.6916209   -2.7793308   -3.3482130  0.00    0.0138757    0.0563124    0.0269639
h     2.5684937   -3.6120943   -3.9368575  0.00   -0.0264179   -0.0203756   -0.0121710
n    -0.1342051   -2.6672744   -1.0392496  0.00   -0.0407714   -0.0329500    0.0036450
h     0.6828954   -1.5369721   -2.6512263  0.00   -0.0021427   -0.0036311    0.0073408
h    -0.1214323   -2.4686309   -0.0168049  0.00   -0.0008672    0.0028797   -0.0098885
h    -1.0158334   -2.2539991   -1.3942501  0.00    0.0146417   -0.0083835    0.0052900
    24
 Energy =       0.0975753763
c    -0.0991017    2.2930578   -1.3161069  0.00   -0.0183444    0.0280057   -0.0274998
c    -0.0134929    2.8521204   -0.0701795  0.00   -0.0200512    0.0420309   -0.0063312
c     0.6058056    2.1752068    0.9479327  0.00   -0.0025409    0.0269523    0.0392331
c     0.4588950    1.0557090   -1.5510953  0.00   -0.0036984   -0.0120588   -0.0323249
c     1.0856317    0.3517827   -0.5326684  0.00    0.0418558   -0.0401746    0.0242460
c     1.1504825    0.9291324    0.7204309  0.00    0.0132402   -0.0173054    0.0184475
o    -0.5353042    4.1093107    0.1733401  0.00    0.0213590    0.0033716    0.0224974
h     0.2117652    4.7529688    0.3330876  0.00   -0.0139793   -0.0207051   -0.0136077
h     1.6419814    0.4257309    1.5476647  0.00   -0.0028319    0.0052897    0.0037602
h     0.4127146    0.6529871   -2.5588919  0.00   -0.0008181   -0.0035888   -0.0014115
h    -0.5870381    2.8331180   -2.1229469  0.00   -0.0001055   -0.0027883   -0.0052149
h     0.6677658    2.6302726    1.9319667  0.00    0.0011743    0.0007303    0.0009208
c     1.7760581   -0.9660784   -0.8435212  0.00   -0.0109924   -0.0032352   -0.0216637
c     0.9783036   -2.0063789   -1.6851902  0.00    0.0200174    0.0590737   -0.0341169
h     2.0990617   -1.4469835    0.1065913  0.00   -0.0009440    0.0044516    0.0019500
h     2.7168588   -0.7091232   -1.3889809  0.00    0.0023711    0.0016430   -0.0014793
c     1.9218245   -3.1135625   -2.1718572  0.00    0.0414759   -0.1788736    0.0970895
o     2.2801596   -4.1431349   -1.4501945  0.00   -0.0279515    0.1145164   -0.0810327
o     2.5328678   -2.8751963   -3.3922133  0.00    0.0162147    0.0563374    0.0225741
h     2.4397669   -3.7525165   -3.9213963  0.00   -0.0247446   -0.0233353   -0.0133262
n    -0.1692060   -2.6179754   -0.9418157  0.00   -0.0406937   -0.0322330    0.0025623
h     0.5996267   -1.5459935   -2.6171228  0.00   -0.0022024   -0.0036583    0.0059833
h    -0.1184458   -2.3735587    0.0718540  0.00   -0.0009504    0.0031119   -0.0060491
h    -1.0587798   -2.2091989   -1.2851130  0.00    0.0131403   -0.0075583    0.0047937
    24
 Energy =       0.0905697168
c    -0.0464536    2.3086853   -1.3246051  0.00   -0.0152657    0.0231343   -0.0228456
c     0.0334369    2.8534788   -0.0751509  0.00   -0.0165587    0.0348519   -0.0052263
c     0.6438932    2.1655925    0.9368809  0.00   -0.0020548    0.0224250    0.0325006
c     0.5074211    1.0757510   -1.5696723  0.00   -0.0031434   -0.0099267   -0.0268110
c     1.1220933    0.3614085   -0.5568030  0.00    0.0343335   -0.0333443    0.0203521
c     1.1832758    0.9225938    0.7003684  0.00    0.0110300   -0.0142819    0.0153454
o    -0.4886698    4.1105567    0.1760659  0.00    0.0167212    0.0021852    0.0185674
h     0.2603491    4.7645083    0.3024328  0.00   -0.0106834   -0.0165726   -0.0112277
h     1.6673663    0.4050275    1.5235187  0.00   -0.0022873    0.0043357    0.0032245
h     0.4675227    0.6828212   -2.5819127  0.00   -0.0006289   -0.0027885   -0.0012793
h    -0.5287872    2.8603086   -2.1265786  0.00   -0.0001298   -0.0022808   -0.0043959
h     0.7004670    2.6101711    1.9259015  0.00    0.0009816    0.0006445    0.0008367
c     1.7962274   -0.9627505   -0.8741326  0.00   -0.0087380   -0.0012628   -0.0166194
c     0.9366655   -2.0000872   -1.6578546  0.00    0.0172451    0.0496994   -0.0294451
h     2.1601346   -1.4349897    0.0666377  0.00   -0.0003585    0.0036331    0.0025187
h     2.7117100   -0.7249282   -1.4709551  0.00    0.0034354    0.0017958   -0.0020983
c     1.8240833   -3.1372839   -2.1752953  0.00    0.0329152   -0.1496504    0.0830836
o     2.1864402   -4.1746453   -1.4404869  0.00   -0.0230508    0.0947072   -0.0671905
o     2.3741147   -2.9557209   -3.4373080  0.00    0.0168632    0.0549579    0.0170404
h     2.3439211   -3.8760708   -3.8993280  0.00   -0.0212171   -0.0271277   -0.0139102
n    -0.1872753   -2.5644913   -0.8471620  0.00   -0.0370422   -0.0289364    0.0017718
h     0.5239242   -1.5442094   -2.5799911  0.00   -0.0022132   -0.0033105    0.0042679
h    -0.1048853   -2.2713256    0.1538431  0.00   -0.0007587    0.0031806   -0.0021177
h    -1.0887746   -2.1727040   -1.1848394  0.00    0.0106054   -0.0060680    0.0036578
    24
 Energy =       0.0838577886
c     0.0079599    2.3230626   -1.3316793  0.00   -0.0114994    0.0170999   -0.0171998
c     0.0755724    2.8482776   -0.0768149  0.00   -0.0122045    0.0260353   -0.0038478
c     0.6731154    2.1463626    0.9282548  0.00   -0.0014045    0.0168936    0.0242528
c     0.5591548    1.0966102   -1.5893799  0.00   -0.0024791   -0.0073681   -0.0200912
c     1.1576426    0.3693788   -0.5828759  0.00    0.0252501   -0.0249555    0.0153640
c     1.2092737    0.9089336    0.6800746  0.00    0.0082987   -0.0105680    0.0115845
o    -0.4515896    4.1030022    0.1849728  0.00    0.0105844    0.0004199    0.0137989
h     0.2948812    4.7736099    0.2654006  0.00   -0.0062472   -0.0111871   -0.0083362
h     1.6827827    0.3737946    1.4985900  0.00   -0.0016150    0.0031627    0.0025906
h     0.5288146    0.7163906   -2.6071095  0.00   -0.0004080   -0.0019798   -0.0011385
h    -0.4666207    2.8889838   -2.1278380  0.00   -0.0001646   -0.0016585   -0.0034020
h     0.7187883    2.5762009    1.9242609  0.00    0.0007522    0.0005651    0.0008013
c     1.8159530   -0.9604537   -0.9057507  0.00   -0.0060236    0.0003573   -0.0111225
c     0.8993373   -1.9904760   -1.6315675  0.00    0.0136195    0.0378356   -0.0231249
h     2.2177363   -1.4268529    0.0233076  0.00    0.0001415    0.0026594    0.0026453
h     2.7046387   -0.7417590   -1.5491612  0.00    0.0038554    0.0017044   -0.0023792
c     1.7302209   -3.1529569   -2.1783720  0.00    0.0233459   -0.1131173    0.0644770
o     2.1009242   -4.1995527   -1.4287985  0.00   -0.0170981    0.0704420   -0.0500168
o     2.2153615   -3.0254932   -3.4761717  0.00    0.0151457    0.0502550    0.0106863
h     2.2644875   -3.9748817   -3.8732808  0.00   -0.0161255   -0.0288653   -0.0128654
n    -0.1947579   -2.5083318   -0.7563331  0.00   -0.0305202   -0.0240170    0.0013049
h     0.4534593   -1.5347237   -2.5409136  0.00   -0.0021251   -0.0026967    0.0025485
h    -0.0874487   -2.1622574    0.2274515  0.00   -0.0003580    0.0031528    0.0014278
h    -1.1114868   -2.1451721   -1.0926923  0.00    0.0072792   -0.0041696    0.0020424
    24
 Energy =       0.0786981624
c     0.0745593    2.3423671   -1.3389279  0.00   -0.0079404    0.0112366   -0.0120042
c     0.1207651    2.8412340   -0.0755189  0.00   -0.0080655    0.0175702   -0.0025335
c     0.6943875    2.1179692    0.9237492  0.00   -0.0006654    0.0114543    0.0164869
c     0.6208220    1.1214818   -1.6107490  0.00   -0.0019228   -0.0048190   -0.0138071
c     1.1935685    0.3751219   -0.6098137  0.00    0.0165952   -0.0168098    0.0103184
c     1.2263266    0.8862414    0.6617828  0.00    0.0056986   -0.0069970    0.0081328
o    -0.4099333    4.0935517    0.1995375  0.00    0.0050325   -0.0009812    0.0092725
h     0.3308496    4.7801064    0.2323209  0.00   -0.0023251   -0.0062468   -0.0056002
h     1.6802009    0.3278223    1.4765947  0.00   -0.0009004    0.0019561    0.0021540
h     0.6047336    0.7571967   -2.6350422  0.00   -0.0002174   -0.0013182   -0.0010817
h    -0.3844636    2.9276560   -2.1299176  0.00   -0.0002521   -0.0010053   -0.0025614
h     0.7216353    2.5273500    1.9291204  0.00    0.0005578    0.0005070    0.0009554
c     1.8314361   -0.9621381   -0.9382425  0.00   -0.0034193    0.0013351   -0.0062105
c     0.8614351   -1.9787441   -1.6087577  0.00    0.0097575    0.0260364   -0.0166611
h     2.2655838   -1.4262702   -0.0222756  0.00    0.0004451    0.0017599    0.0023474
h     2.6938500   -0.7647239   -1.6224870  0.00    0.0036925    0.0014223   -0.0023164
c     1.6356688   -3.1650647   -2.1789771  0.00    0.0148134   -0.0771704    0.0454040
o     2.0142755   -4.2199055   -1.4141618  0.00   -0.0113815    0.0469731   -0.0333051
o     2.0566084   -3.0888169   -3.5048282  0.00    0.0116727    0.0421083    0.0047754
h     2.1890420   -4.0504173   -3.8446872  0.00   -0.0106021   -0.0271950   -0.0103943
n    -0.2008930   -2.4501910   -0.6753520  0.00   -0.0226884   -0.0185745    0.0009735
h     0.3873242   -1.5183405   -2.5037464  0.00   -0.0019143   -0.0019758    0.0012250
h    -0.0761206   -2.0488414    0.2866933  0.00    0.0001043    0.0030798    0.0040064
h    -1.1334609   -2.1229486   -1.0127402  0.00    0.0039251   -0.0023462    0.0004237
    24
 Energy =       0.0747479506
c     0.1710278    2.3725889   -1.3582865  0.00   -0.0046286    0.0055899   -0.0075662
c     0.1785129    2.8377435   -0.0836611  0.00   -0.0043082    0.0094731   -0.0013741
c     0.7061760    2.0832241    0.9141343  0.00    0.0003062    0.0057292    0.0094717
c     0.7068857    1.1541249   -1.6420065  0.00   -0.0015885   -0.0019961   -0.0081770
c     1.2339432    0.3803797   -0.6426964  0.00    0.0083379   -0.0088007    0.0051249
c     1.2304117    0.8557459    0.6398313  0.00    0.0032167   -0.0036469    0.0051943
o    -0.3520026    4.0893461    0.2035386  0.00    0.0010941   -0.0013668    0.0047949
h     0.3811380    4.7886976    0.1964474  0.00    0.0001657   -0.0023598   -0.0029190
h     1.6466728    0.2662763    1.4542927  0.00   -0.0000526    0.0005358    0.0021843
h     0.7149006    0.8085082   -2.6733922  0.00   -0.0001192   -0.0008031   -0.0011799
h    -0.2563339    2.9842153   -2.1473196  0.00   -0.0004776   -0.0001861   -0.0020838
h     0.7007868    2.4657521    1.9308337  0.00    0.0004253    0.0004192    0.0015013
c     1.8416236   -0.9693431   -0.9719117  0.00   -0.0008223    0.0017868   -0.0018652
c     0.8179579   -1.9645600   -1.5872348  0.00    0.0053642    0.0148036   -0.0103566
h     2.2991343   -1.4336407   -0.0675222  0.00    0.0004822    0.0009217    0.0015474
h     2.6800838   -0.8016895   -1.6914806  0.00    0.0029894    0.0010040   -0.0018881
c     1.5302981   -3.1879455   -2.1521208  0.00    0.0068960   -0.0413088    0.0255501
o     1.9012717   -4.2405967   -1.3507635  0.00   -0.0058439    0.0236609   -0.0162526
o     1.8978553   -3.1853738   -3.4969709  0.00    0.0064636    0.0323475   -0.0001705
h     2.1248796   -4.1488715   -3.7681796  0.00   -0.0042300   -0.0242448   -0.0075745
n    -0.2236371   -2.3693554   -0.6058654  0.00   -0.0133225   -0.0137919   -0.0002283
h     0.3339572   -1.5002544   -2.4766793  0.00   -0.0012706   -0.0010615    0.0005449
h    -0.0999169   -1.8930950    0.3235711  0.00    0.0005973    0.0037364    0.0072261
h    -1.1674257   -2.0901806   -0.9629844  0.00    0.0003253   -0.0004417   -0.0015045
    24
 Energy =       0.0729506566
c     0.2868826    2.4101340   -1.3556463  0.00   -0.0029837    0.0032465   -0.0053696
c     0.2594830    2.8382151   -0.0695724  0.00   -0.0026124    0.0053643   -0.0011804
c     0.7288947    2.0416066    0.9237003  0.00    0.0008470    0.0020845    0.0061908
c     0.7968872    1.1861291   -1.6545587  0.00   -0.0014392   -0.0001345   -0.0055017
c     1.2671377    0.3734331   -0.6602075  0.00    0.0042685   -0.0045579    0.0027353
c     1.2303791    0.8107299    0.6334969  0.00    0.0020209   -0.0023082    0.0038522
o    -0.2517611    4.0953841    0.2336717  0.00    0.0002607   -0.0002268    0.0021135
h     0.4883174    4.7881002    0.2285546  0.00    0.0001799   -0.0011165   -0.0014131
h     1.5996894    0.1843238    1.4444837  0.00    0.0005701   -0.0006657    0.0025721
h     0.8264800    0.8637884   -2.6934199  0.00   -0.0001370   -0.0003690   -0.0012829
h    -0.0975808    3.0555437   -2.1407267  0.00   -0.0007993    0.0006948   -0.0022603
h     0.6946895    2.3945210    1.9506606  0.00    0.0003752    0.0001963    0.0017702
c     1.8316145   -0.9917362   -1.0003533  0.00    0.0006147    0.0010101    0.0003680
c     0.7576253   -1.9515751   -1.5811581  0.00    0.0024068    0.0076351   -0.0059019
h     2.3022120   -1.4680952   -0.1092905  0.00    0.0004864    0.0004863    0.0009706
h     2.6521435   -0.8515720   -1.7447117  0.00    0.0022184    0.0005471   -0.0013557
c     1.4114199   -3.1930431   -2.1713618  0.00    0.0039752   -0.0196496    0.0120598
o     1.7481922   -4.2784150   -1.3820660  0.00   -0.0026846    0.0098610   -0.0078338
o     1.7507026   -3.2009270   -3.5217560  0.00    0.0032016    0.0183410   -0.0001255
h     2.0342310   -4.1474816   -3.7774716  0.00   -0.0018363   -0.0146333   -0.0042166
n    -0.2578691   -2.3203890   -0.5634003  0.00   -0.0078819   -0.0074276    0.0001813
h     0.2591602   -1.4654247   -2.4523163  0.00   -0.0012244   -0.0004984   -0.0000799
h    -0.1103412   -1.8238609    0.3494785  0.00    0.0003164    0.0022437    0.0046211
h    -1.2103888   -2.0476928   -0.9024556  0.00   -0.0001430   -0.0001231   -0.0009134
    24
 Energy =       0.0729002438
c     0.3128999    2.4161819   -1.3557116  0.00   -0.0027207    0.0029769   -0.0048682
c     0.2810596    2.8402281   -0.0687082  0.00   -0.0023716    0.0048524   -0.0010991
c     0.7374398    2.0365104    0.9244183  0.00    0.0007835    0.0018478    0.0056225
c     0.8138640    1.1888896   -1.6556104  0.00   -0.0013167   -0.0000876   -0.0050007
c     1.2710525    0.3693106   -0.6613951  0.00    0.0038585   -0.0041131    0.0024986
c     1.2303058    0.8026816    0.6331729  0.00    0.0018457   -0.0021241    0.0034951
o    -0.2219037    4.1006005    0.2355472  0.00    0.0001791   -0.0001834    0.0018868
h     0.5228406    4.7884084    0.2334279  0.00    0.0001952   -0.0009724   -0.0012723
h     1.5892047    0.1703577    1.4440403  0.00    0.0005409   -0.0006461    0.0023664
h     0.8463086    0.8691697   -2.6951161  0.00   -0.0001282   -0.0003234   -0.0011685
h    -0.0614716    3.0673706   -2.1406975  0.00   -0.0007470    0.0006693   -0.0020822
h     0.6997063    2.3862793    1.9521858  0.00    0.0003433    0.0001704    0.0016097
c     1.8235783   -1.0005376   -1.0019472  0.00    0.0006220    0.0008913    0.0003496
c     0.7405792   -1.9499979   -1.5820498  0.00    0.0022072    0.0069640   -0.0054244
h     2.2904658   -1.4812501   -0.1113864  0.00    0.0004472    0.0004231    0.0008809
h     2.6444604   -0.8676955   -1.7470481  0.00    0.0020199    0.0004957   -0.0012322
c     1.3825959   -3.1972896   -2.1723229  0.00    0.0028102   -0.0158425    0.0105175
o     1.6496841   -4.3133965   -1.3942014  0.00   -0.0019852    0.0061442   -0.0043797
o     1.7753125   -3.1865505   -3.5092366  0.00    0.0032293    0.0173180   -0.0023174
h     2.0573517   -4.1316095   -3.7689516  0.00   -0.0016484   -0.0132118   -0.0038437
n    -0.2781688   -2.3075543   -0.5640887  0.00   -0.0071645   -0.0067247    0.0002012
h     0.2475119   -1.4590991   -2.4535763  0.00   -0.0011217   -0.0004401   -0.0000862
h    -0.1279213   -1.8099948    0.3473764  0.00    0.0002782    0.0020187    0.0041700
h    -1.2285555   -2.0293166   -0.9045472  0.00   -0.0001561   -0.0001027   -0.0008235
    24
 Energy =       0.0725174699
c     0.3177062    2.4213119   -1.3528340  0.00   -0.0022632    0.0024450   -0.0041188
c     0.2738551    2.8370047   -0.0638513  0.00   -0.0019683    0.0040314   -0.0008878
c     0.7230590    2.0280133    0.9273737  0.00    0.0006585    0.0015564    0.0047264
c     0.8228656    1.1970027   -1.6564994  0.00   -0.0010966   -0.0000922   -0.0042056
c     1.2737328    0.3728571   -0.6642354  0.00    0.0032044   -0.0034427    0.0020093
c     1.2211834    0.7976999    0.6322525  0.00    0.0015326   -0.0017479    0.0029649
o    -0.2352606    4.0941057    0.2442730  0.00    0.0001108   -0.0001443    0.0015975
h     0.5060727    4.7856853    0.2470292  0.00    0.0001897   -0.0007784   -0.0010527
h     1.5747042    0.1608348    1.4415268  0.00    0.0004510   -0.0005382    0.0019958
h     0.8632832    0.8830128   -2.6973982  0.00   -0.0001083   -0.0002984   -0.0010199
h    -0.0517450    3.0766383   -2.1362887  0.00   -0.0006270    0.0005568   -0.0017534
h     0.6754739    2.3709610    1.9568585  0.00    0.0002848    0.0001645    0.0014075
c     1.8308159   -0.9938849   -1.0082044  0.00    0.0005657    0.0006945    0.0002705
c     0.7490451   -1.9469075   -1.5829810  0.00    0.0022059    0.0058753   -0.0043518
h     2.3041509   -1.4735016   -0.1203602  0.00    0.0003652    0.0003121    0.0007332
h     2.6474800   -0.8573851   -1.7565588  0.00    0.0016636    0.0004023   -0.0010441
c     1.3939234   -3.1905251   -2.1747016  0.00   -0.0027264   -0.0061379    0.0082400
o     1.8084372   -4.2466729   -1.3598703  0.00    0.0023021   -0.0056160    0.0093777
o     1.6612959   -3.2268305   -3.5480222  0.00    0.0034305    0.0196794   -0.0149786
h     1.9778967   -4.1658165   -3.7864723  0.00   -0.0011952   -0.0125746   -0.0028165
n    -0.2600596   -2.3116176   -0.5590888  0.00   -0.0060290   -0.0056748    0.0002501
h     0.2480215   -1.4560696   -2.4503384  0.00   -0.0009576   -0.0003235   -0.0000956
h    -0.1123575   -1.8075225    0.3486689  0.00    0.0002760    0.0016959    0.0034893
h    -1.2153791   -2.0466971   -0.8967040  0.00   -0.0002691   -0.0000448   -0.0007375
    24
 Energy =       0.0716527651
c     0.4249786    2.4554358   -1.3475679  0.00   -0.0009950    0.0010241   -0.0028190
c     0.3338995    2.8375356   -0.0513300  0.00   -0.0008663    0.0016351   -0.0006762
c     0.7152280    1.9903562    0.9357235  0.00    0.0008410   -0.0008267    0.0028024
c     0.9067039    1.2255707   -1.6621004  0.00   -0.0008541    0.0009937   -0.0025495
c     1.2918927    0.3656572   -0.6740875  0.00    0.0010362   -0.0013455    0.0005481
c     1.1938441    0.7568592    0.6293203  0.00    0.0006153   -0.0008813    0.0022314
o    -0.1582387    4.0992436    0.2678813  0.00   -0.0007405   -0.0002667   -0.0000013
h     0.5941311    4.7791308    0.2994976  0.00    0.0006816    0.0004982   -0.0001524
h     1.4939982    0.0881552    1.4350373  0.00    0.0006055   -0.0011428    0.0020201
h     0.9790772    0.9343801   -2.7080916  0.00   -0.0001686   -0.0000018   -0.0011501
h     0.1070081    3.1414375   -2.1278280  0.00   -0.0006895    0.0010777   -0.0018421
h     0.6293219    2.3063748    1.9713862  0.00    0.0001990   -0.0000446    0.0015389
c     1.8169958   -1.0104837   -1.0267603  0.00    0.0005705   -0.0000639    0.0006572
c     0.7069424   -1.9352267   -1.5882486  0.00    0.0003243    0.0010315   -0.0006006
h     2.2913403   -1.5022221   -0.1463760  0.00    0.0001824    0.0000231    0.0001810
h     2.6262128   -0.8917464   -1.7843314  0.00    0.0005442    0.0000883   -0.0002854
c     1.3168185   -3.1898894   -2.1872458  0.00   -0.0008796   -0.0019002    0.0027485
o     1.7610298   -4.2304454   -1.3751056  0.00    0.0001927   -0.0014224    0.0024087
o     1.5263402   -3.2601959   -3.5627763  0.00    0.0006102    0.0083465   -0.0051732
h     1.9079701   -4.1753435   -3.7832745  0.00    0.0006123   -0.0062177   -0.0006230
n    -0.2919628   -2.2778279   -0.5507545  0.00   -0.0014139   -0.0012154    0.0000742
h     0.2069824   -1.4273613   -2.4468635  0.00   -0.0004175    0.0000979   -0.0000965
h    -0.1331302   -1.7663935    0.3485886  0.00    0.0000964    0.0005065    0.0009104
h    -1.2491830   -2.0113046   -0.8811194  0.00   -0.0000869    0.0000065   -0.0001517
    24
 Energy =       0.0713795706
c     0.4868079    2.4737573   -1.3352535  0.00   -0.0003747    0.0003936   -0.0013370
c     0.3631879    2.8394028   -0.0378327  0.00   -0.0003280    0.0006745   -0.0002894
c     0.7007428    1.9728155    0.9463460  0.00    0.0004406   -0.0006204    0.0013178
c     0.9562846    1.2405120   -1.6537244  0.00   -0.0004186    0.0006183   -0.0011999
c     1.2985010    0.3616633   -0.6684398  0.00    0.0004145   -0.0006467    0.0002378
c     1.1686856    0.7367036    0.6360821  0.00    0.0002558   -0.0003304    0.0011419
o    -0.1185864    4.1041747    0.2850149  0.00   -0.0008845   -0.0005170   -0.0001388
h     0.6424563    4.7725129    0.3460145  0.00    0.0008040    0.0006898   -0.0000030
h     1.4347909    0.0525885    1.4394666  0.00    0.0003245   -0.0005931    0.0010174
h     1.0532512    0.9620240   -2.7008090  0.00   -0.0001005    0.0000495   -0.0006850
h     0.2032055    3.1754918   -2.1135374  0.00   -0.0003657    0.0005988   -0.0009831
h     0.5888879    2.2757926    1.9827986  0.00    0.0000994   -0.0000445    0.0007966
c     1.8109629   -1.0176949   -1.0251411  0.00    0.0002538   -0.0000581    0.0001942
c     0.6960044   -1.9262064   -1.6019461  0.00    0.0002734    0.0001681    0.0000233
h     2.2718170   -1.5199964   -0.1434099  0.00    0.0000927   -0.0000930    0.0001307
h     2.6286781   -0.9040880   -1.7736500  0.00    0.0001675    0.0000619   -0.0001070
c     1.2974266   -3.1829010   -2.2025437  0.00   -0.0027647    0.0022615    0.0040806
o     1.8450082   -4.1740270   -1.3854075  0.00    0.0025120   -0.0048453    0.0075317
o     1.3910052   -3.3059587   -3.5903573  0.00   -0.0001982    0.0048821   -0.0122418
h     1.8061163   -4.2053851   -3.8046063  0.00    0.0004007   -0.0025492    0.0003438
n    -0.3123608   -2.2677699   -0.5743373  0.00   -0.0003378   -0.0004124    0.0000828
h     0.2075951   -1.4057623   -2.4598773  0.00   -0.0002121    0.0001436   -0.0000888
h    -0.1571000   -1.7635701    0.3290514  0.00    0.0000503    0.0001395    0.0002449
h    -1.2651674   -1.9923827   -0.9103270  0.00   -0.0001044    0.0000289   -0.0000697
    24
 Energy =       0.0711908297
c     0.5691129    2.4953469   -1.3044680  0.00   -0.0000799    0.0003136   -0.0024046
c     0.3825644    2.8346941   -0.0064822  0.00   -0.0002771    0.0010215   -0.0000807
c     0.6478236    1.9392414    0.9751356  0.00    0.0004377   -0.0012986    0.0022436
c     1.0291815    1.2593890   -1.6257158  0.00   -0.0004274    0.0013021   -0.0021119
c     1.2996957    0.3519413   -0.6429161  0.00    0.0004906   -0.0010161    0.0000211
c     1.1067878    0.7006378    0.6620703  0.00    0.0000460   -0.0002011    0.0023318
o    -0.0900136    4.1022364    0.3189716  0.00   -0.0024991   -0.0017397   -0.0004482
h     0.6812431    4.7528056    0.4368256  0.00    0.0023592    0.0019000    0.0002667
h     1.3151616   -0.0066357    1.4634154  0.00    0.0003334   -0.0009861    0.0018029
h     1.1764646    1.0019205   -2.6731730  0.00   -0.0000091    0.0001610   -0.0016834
h     0.3428541    3.2203045   -2.0812549  0.00   -0.0003679    0.0010302   -0.0017481
h     0.4857455    2.2213914    2.0115891  0.00   -0.0000157   -0.0000871    0.0016676
c     1.8029304   -1.0296358   -1.0032275  0.00    0.0003423    0.0008615    0.0002946
c     0.6960725   -1.9087541   -1.6416044  0.00    0.0006668   -0.0004196   -0.0012104
h     2.2193286   -1.5549540   -0.1115227  0.00    0.0005209   -0.0005107    0.0010590
h     2.6537009   -0.9175137   -1.7154612  0.00    0.0009305    0.0003431   -0.0006781
c     1.2996437   -3.1632647   -2.2440357  0.00   -0.0005989    0.0001073    0.0009407
o     1.8872061   -4.1321800   -1.4350862  0.00    0.0001766   -0.0008179    0.0011668
o     1.3433041   -3.3124000   -3.6264062  0.00    0.0002569    0.0008823   -0.0021741
h     1.7745048   -4.2022689   -3.8428576  0.00    0.0000630   -0.0003275    0.0001286
n    -0.3563001   -2.2561638   -0.6595639  0.00   -0.0007880   -0.0017603    0.0011024
h     0.2487192   -1.3624619   -2.5071304  0.00   -0.0004020    0.0004837   -0.0010506
h    -0.2259510   -1.7760398    0.2612698  0.00    0.0001482    0.0004255    0.0011750
h    -1.2915794   -1.9559400   -1.0247980  0.00   -0.0013071    0.0003326   -0.0006106
    24
 Energy =       0.0711049516
c     0.5860798    2.5004377   -1.3028331  0.00   -0.0000378    0.0000910   -0.0008001
c     0.3870317    2.8368266   -0.0071161  0.00   -0.0000932    0.0003381   -0.0000219
c     0.6390573    1.9380117    0.9728504  0.00    0.0001604   -0.0004249    0.0007460
c     1.0454166    1.2640421   -1.6233771  0.00   -0.0001537    0.0004206   -0.0006972
c     1.3033187    0.3534755   -0.6421311  0.00    0.0001619   -0.0003380   -0.0000104
c     1.0976825    0.6991309    0.6605179  0.00    0.0000255   -0.0000526    0.0007780
o    -0.0848425    4.1047902    0.3176102  0.00   -0.0008210   -0.0005746   -0.0001244
h     0.6860580    4.7520860    0.4450095  0.00    0.0007727    0.0006246    0.0000689
h     1.2956974   -0.0107558    1.4605465  0.00    0.0001192   -0.0003218    0.0005956
h     1.2023635    1.0087570   -2.6690166  0.00   -0.0000139    0.0000441   -0.0005610
h     0.3702577    3.2280872   -2.0784274  0.00   -0.0001333    0.0003347   -0.0005790
h     0.4668767    2.2177811    2.0073741  0.00    0.0000036   -0.0000234    0.0005612
c     1.8061630   -1.0282927   -1.0018389  0.00    0.0001298    0.0002374    0.0000777
c     0.7002094   -1.9062361   -1.6412560  0.00    0.0002458   -0.0000787   -0.0004062
h     2.2210740   -1.5533057   -0.1102585  0.00    0.0001534   -0.0001686    0.0003110
h     2.6578536   -0.9177480   -1.7119382  0.00    0.0002712    0.0001044   -0.0002028
c     1.3021992   -3.1593892   -2.2481551  0.00   -0.0013070    0.0020098    0.0030047
o     1.9691036   -4.0884841   -1.4498955  0.00    0.0021236   -0.0027935    0.0045980
o     1.2528458   -3.3514647   -3.6280304  0.00   -0.0009400    0.0009632   -0.0076760
h     1.6927329   -4.2362830   -3.8471724  0.00    0.0000795   -0.0002595    0.0001200
n    -0.3498183   -2.2570495   -0.6594362  0.00   -0.0002294   -0.0005895    0.0003266
h     0.2515061   -1.3574445   -2.5036291  0.00   -0.0001498    0.0001855   -0.0002965
h    -0.2160728   -1.7839847    0.2639836  0.00    0.0000545    0.0001596    0.0003958
h    -1.2845933   -1.9512916   -1.0198069  0.00   -0.0004221    0.0001121   -0.0002079
    24
 Energy =       0.0710425725
c     0.6385379    2.5121805   -1.2850371  0.00    0.0000406    0.0000924   -0.0008521
c     0.3950979    2.8347365    0.0066807  0.00   -0.0000692    0.0003517    0.0000196
c     0.5986192    1.9203728    0.9835390  0.00    0.0000835   -0.0004392    0.0007805
c     1.0938160    1.2739755   -1.6043859  0.00   -0.0000881    0.0004393   -0.0007336
c     1.3037195    0.3480432   -0.6260993  0.00    0.0001325   -0.0003536   -0.0000631
c     1.0534120    0.6797876    0.6723906  0.00   -0.0000488   -0.0000574    0.0008345
o    -0.0726330    4.1045422    0.3301740  0.00   -0.0007874   -0.0005176   -0.0001564
h     0.7010440    4.7401585    0.4940104  0.00    0.0007374    0.0005507    0.0001165
h     1.2125560   -0.0425546    1.4699278  0.00    0.0000619   -0.0003314    0.0006130
h     1.2862631    1.0296360   -2.6467590  0.00    0.0000342    0.0000508   -0.0006104
h     0.4612355    3.2523166   -2.0585785  0.00   -0.0000749    0.0003444   -0.0005901
h     0.3909659    2.1892195    2.0144872  0.00   -0.0000463   -0.0000272    0.0006076
c     1.8022354   -1.0353781   -0.9850978  0.00    0.0000465    0.0002555    0.0001092
c     0.7044883   -1.8958763   -1.6616544  0.00    0.0001276   -0.0000889   -0.0003686
h     2.1885501   -1.5721691   -0.0877332  0.00    0.0001551   -0.0001436    0.0003105
h     2.6739055   -0.9277395   -1.6709928  0.00    0.0003082    0.0000924   -0.0002111
c     1.3086506   -3.1461007   -2.2726520  0.00    0.0001233   -0.0004147   -0.0003546
o     2.0054389   -4.0583609   -1.4866188  0.00   -0.0004687    0.0003433   -0.0006584
o     1.2217969   -3.3574454   -3.6431264  0.00    0.0003349   -0.0000224    0.0010358
h     1.6656616   -4.2393477   -3.8652426  0.00   -0.0000107    0.0000357   -0.0000011
n    -0.3701507   -2.2515468   -0.7087629  0.00   -0.0002474   -0.0005087    0.0002385
h     0.2799145   -1.3314967   -2.5261722  0.00   -0.0000856    0.0001187   -0.0002755
h    -0.2514660   -1.7958287    0.2252932  0.00    0.0000645    0.0001441    0.0003750
h    -1.2934582   -1.9294280   -1.0840164  0.00   -0.0003232    0.0000857   -0.0001660
    24
 Energy =       0.0710329830
c     0.6291841    2.5129486   -1.2838818  0.00    0.0000267    0.0000787   -0.0006140
c     0.3910316    2.8338126    0.0090601  0.00   -0.0000480    0.0002568    0.0000077
c     0.6028917    1.9196453    0.9840549  0.00    0.0000585   -0.0003189    0.0005680
c     1.0874555    1.2766512   -1.6063592  0.00   -0.0000626    0.0003217   -0.0005359
c     1.3059559    0.3510164   -0.6299468  0.00    0.0000922   -0.0002614   -0.0000381
c     1.0608988    0.6810192    0.6697970  0.00   -0.0000326   -0.0000515    0.0006023
o    -0.0798358    4.1016398    0.3357780  0.00   -0.0005786   -0.0003573   -0.0001156
h     0.6921104    4.7401048    0.4957176  0.00    0.0005356    0.0003955    0.0000862
h     1.2268851   -0.0411423    1.4658796  0.00    0.0000456   -0.0002490    0.0004489
h     1.2753916    1.0335858   -2.6497047  0.00    0.0000249    0.0000380   -0.0004407
h     0.4451860    3.2528574   -2.0558605  0.00   -0.0000551    0.0002574   -0.0004312
h     0.3993650    2.1870795    2.0160447  0.00   -0.0000341   -0.0000211    0.0004374
c     1.8077302   -1.0302802   -0.9924869  0.00    0.0000541    0.0002003    0.0000696
c     0.7079985   -1.8960669   -1.6590161  0.00    0.0001448   -0.0000465   -0.0003431
h     2.2043561   -1.5646377   -0.0982344  0.00    0.0001325   -0.0001301    0.0002619
h     2.6730761   -0.9193391   -1.6857019  0.00    0.0002558    0.0000717   -0.0001745
c     1.3117914   -3.1428314   -2.2775454  0.00   -0.0002036    0.0003684    0.0004042
o     2.0526407   -4.0340882   -1.5058656  0.00    0.0004873   -0.0005633    0.0008256
o     1.1749685   -3.3740054   -3.6419606  0.00   -0.0002911    0.0001744   -0.0012261
h     1.6242299   -4.2518041   -3.8695038  0.00    0.0000368   -0.0000513    0.0000274
n    -0.3552043   -2.2582680   -0.6958661  0.00   -0.0001999   -0.0004484    0.0002628
h     0.2719141   -1.3329937   -2.5186523  0.00   -0.0000885    0.0001270   -0.0002524
h    -0.2283129   -1.8050261    0.2382600  0.00    0.0000308    0.0001151    0.0003238
h    -1.2835074   -1.9381811   -1.0604322  0.00   -0.0003314    0.0000939   -0.0001542
    24
 Energy =       0.0710285702
c     0.6342310    2.5140700   -1.2831817  0.00   -0.0000042   -0.0000090    0.0000481
c     0.3907501    2.8341676    0.0084470  0.00    0.0000035   -0.0000208    0.0000013
c     0.5975620    1.9191477    0.9829070  0.00   -0.0000024    0.0000275   -0.0000454
c     1.0927533    1.2776646   -1.6048458  0.00    0.0000028   -0.0000277    0.0000430
c     1.3062917    0.3512061   -0.6289221  0.00   -0.0000072    0.0000210    0.0000000
c     1.0558899    0.6804455    0.6694769  0.00    0.0000045    0.0000066   -0.0000474
o    -0.0804116    4.1020858    0.3343317  0.00    0.0000470    0.0000291    0.0000135
h     0.6909253    4.7396944    0.4978647  0.00   -0.0000442   -0.0000326   -0.0000098
h     1.2178500   -0.0423779    1.4651348  0.00   -0.0000019    0.0000215   -0.0000365
h     1.2848908    1.0351797   -2.6471530  0.00   -0.0000036   -0.0000043    0.0000337
h     0.4542346    3.2546660   -2.0547929  0.00    0.0000025   -0.0000222    0.0000349
h     0.3897711    2.1859745    2.0137949  0.00    0.0000041    0.0000029   -0.0000331
c     1.8082651   -1.0302080   -0.9906344  0.00   -0.0000045   -0.0000193   -0.0000070
c     0.7099348   -1.8953169   -1.6595941  0.00   -0.0000152    0.0000062    0.0000273
h     2.2026796   -1.5647051   -0.0958906  0.00   -0.0000115    0.0000117   -0.0000246
h     2.6750148   -0.9197957   -1.6816614  0.00   -0.0000236   -0.0000067    0.0000152
c     1.3141473   -3.1415772   -2.2787266  0.00   -0.0000105    0.0000305    0.0000466
o     2.0684390   -4.0244450   -1.5114148  0.00    0.0000224   -0.0000320    0.0000589
o     1.1618355   -3.3819096   -3.6393037  0.00   -0.0000121    0.0000072   -0.0001046
h     1.6126851   -4.2587322   -3.8672967  0.00   -0.0000013   -0.0000004    0.0000004
n    -0.3544392   -2.2583088   -0.6986435  0.00    0.0000183    0.0000400   -0.0000248
h     0.2752252   -1.3314047   -2.5190119  0.00    0.0000076   -0.0000110    0.0000250
h    -0.2284781   -1.8069965    0.2362879  0.00   -0.0000016   -0.0000089   -0.0000289
h    -1.2818465   -1.9368278   -1.0635979  0.00    0.0000312   -0.0000092    0.0000142
    24
 Energy =       0.0710284800
c     0.6351018    2.5144216   -1.2832529  0.00    0.0000001   -0.0000000   -0.0000005
c     0.3905835    2.8342578    0.0082817  0.00   -0.0000000    0.0000002    0.0000001
c     0.5965059    1.9189986    0.9827681  0.00   -0.0000000   -0.0000001    0.0000004
c     1.0937691    1.2780358   -1.6047898  0.00    0.0000000    0.0000001   -0.0000004
c     1.3064546    0.3513525   -0.6288332  0.00    0.0000001   -0.0000002   -0.0000002
c     1.0550031    0.6803252    0.6694667  0.00   -0.0000001    0.0000000    0.0000005
o    -0.0807334    4.1021527    0.3340368  0.00   -0.0000004   -0.0000002   -0.0000000
h     0.6905602    4.7396815    0.4982890  0.00    0.0000003    0.0000002    0.0000001
h     1.2162642   -0.0426834    1.4651461  0.00    0.0000000   -0.0000001    0.0000003
h     1.2867156    1.0357474   -2.6470225  0.00    0.0000000   -0.0000000   -0.0000004
h     0.4558062    3.2552065   -2.0548958  0.00   -0.0000000    0.0000001   -0.0000003
h     0.3878778    2.1856158    2.0135702  0.00   -0.0000000    0.0000000    0.0000004
c     1.8085910   -1.0300271   -0.9904318  0.00    0.0000001   -0.0000000   -0.0000001
c     0.7103656   -1.8952156   -1.6595648  0.00   -0.0000001    0.0000002   -0.0000005
h     2.2029345   -1.5644635   -0.0955882  0.00    0.0000000   -0.0000000   -0.0000000
h     2.6754899   -0.9195908   -1.6813079  0.00   -0.0000000    0.0000000   -0.0000000
c     1.3146641   -3.1412210   -2.2791498  0.00   -0.0000029    0.0000065    0.0000071
o     2.0731854   -4.0217177   -1.5133206  0.00    0.0000080   -0.0000079    0.0000129
o     1.1575536   -3.3839877   -3.6387013  0.00   -0.0000052    0.0000019   -0.0000201
h     1.6089804   -4.2604217   -3.8670371  0.00    0.0000004   -0.0000007    0.0000004
n    -0.3538698   -2.2587110   -0.6986034  0.00   -0.0000000   -0.0000003   -0.0000000
h     0.2754653   -1.3311346   -2.5188115  0.00   -0.0000001    0.0000001    0.0000001
h    -0.2277256   -1.8079296    0.2365753  0.00    0.0000001    0.0000001    0.0000003
h    -1.2813420   -1.9369954   -1.0632495  0.00   -0.0000001    0.0000001    0.0000000
    24
 Energy =       0.0710284797
c     0.6351139    2.5144279   -1.2832490  0.00   -0.0000000   -0.0000000   -0.0000000
c     0.3905792    2.8342589    0.0082834  0.00   -0.0000000    0.0000000    0.0000000
c     0.5964886    1.9189956    0.9827682  0.00    0.0000000   -0.0000000    0.0000000
c     1.0937847    1.2780432   -1.6047851  0.00   -0.0000000    0.0000000   -0.0000000
c     1.3064575    0.3513559   -0.6288301  0.00    0.0000000   -0.0000000   -0.0000000
c     1.0549894    0.6803232    0.6694676  0.00    0.0000000    0.0000000    0.0000000
o    -0.0807409    4.1021527    0.3340377  0.00   -0.0000000   -0.0000000    0.0000000
h     0.6905507    4.7396801    0.4983031  0.00    0.0000000    0.0000000   -0.0000000
h     1.2162401   -0.0426886    1.4651458  0.00    0.0000000    0.0000000    0.0000000
h     1.2867446    1.0357591   -2.6470160  0.00   -0.0000000   -0.0000000   -0.0000000
h     0.4558287    3.2552162   -2.0548907  0.00   -0.0000000   -0.0000000   -0.0000000
h     0.3878474    2.1856085    2.0135683  0.00    0.0000000    0.0000000    0.0000000
c     1.8085984   -1.0300222   -0.9904279  0.00    0.0000000    0.0000000   -0.0000000
c     0.7103793   -1.8952106   -1.6595724  0.00   -0.0000000    0.0000000   -0.0000000
h     2.2029350   -1.5644600   -0.0955821  0.00    0.0000000    0.0000000   -0.0000000
h     2.6755036   -0.9195843   -1.6812956  0.00   -0.0000000    0.0000000   -0.0000000
c     1.3146803   -3.1412145   -2.2791586  0.00   -0.0000000    0.0000000    0.0000000
o     2.0733044   -4.0216418   -1.5133679  0.00    0.0000000   -0.0000000    0.0000000
o     1.1574516   -3.3840585   -3.6386716  0.00   -0.0000000    0.0000000   -0.0000000
h     1.6088924   -4.2604842   -3.8670095  0.00    0.0000000   -0.0000000    0.0000000
n    -0.3538632   -2.2587096   -0.6986206  0.00    0.0000000   -0.0000000    0.0000000
h     0.2754855   -1.3311274   -2.5188208  0.00   -0.0000000    0.0000000    0.0000000
h    -0.2277195   -1.8079419    0.2365646  0.00    0.0000000    0.0000000    0.0000000
h    -1.2813310   -1.9369815   -1.0632670  0.00   -0.0000000   -0.0000000    0.0000000
