$ufftopology
nxtnei12
    1     3
          2     4    11
    2     3
          1     3     7
    3     3
          2     6    12
    4     3
          1     5    10
    5     3
          4     6    13
    6     3
          3     5     9
    7     2
          2     8
    8     1
          7
    9     1
          6
   10     1
          4
   11     1
          1
   12     1
          3
   13     4
          5    14    15    16
   14     4
         13    17    21    22
   15     1
         13
   16     1
         13
   17     3
         14    18    19
   18     1
         17
   19     2
         17    20
   20     1
         19
   21     3
         14    23    24
   22     1
         14
   23     1
         21
   24     1
         21
nxtnei13
    1     4
          3     7     5    10
    2     5
          4    11     6    12     8
    3     4
          1     7     5     9
    4     4
          2    11     6    13
    5     7
          1    10     3     9    14    15    16
    6     4
          2    12     4    13
    7     2
          1     3
    8     1
          2
    9     2
          3     5
   10     2
          1     5
   11     2
          2     4
   12     2
          2     6
   13     5
          4     6    17    21    22
   14     7
          5    15    16    18    19    23    24
   15     3
          5    14    16
   16     3
          5    14    15
   17     4
         13    21    22    20
   18     2
         14    19
   19     2
         14    18
   20     1
         17
   21     3
         13    17    22
   22     3
         13    17    21
   23     2
         14    24
   24     2
         14    23
nxtnei14
    1     4
          6    12     8    13
    2     3
          5    10     9
    3     4
          4    11     8    13
    4     6
          3     7     9    14    15    16
    5     6
          2    11    12    17    21    22
    6     6
          1     7    10    14    15    16
    7     4
          4    11     6    12
    8     2
          1     3
    9     4
          2    12     4    13
   10     4
          2    11     6    13
   11     4
          3     7     5    10
   12     4
          1     7     5     9
   13     8
          1    10     3     9    18    19    23    24
   14     3
          4     6    20
   15     5
          4     6    17    21    22
   16     5
          4     6    17    21    22
   17     5
          5    15    16    23    24
   18     4
         13    21    22    20
   19     3
         13    21    22
   20     2
         14    18
   21     5
          5    15    16    18    19
   22     7
          5    15    16    18    19    23    24
   23     3
         13    17    22
   24     3
         13    17    22
connectivity (= bond)
                    24
     1     2   2.556208   2.000000
     1     4   2.565668   2.000000
     1    11   2.049783   1.000000
     2     3   2.556324   2.000000
     2     7   2.628994   1.000000
     3     6   2.565123   2.000000
     3    12   2.050336   1.000000
     4     5   2.574660   2.000000
     4    10   2.056997   1.000000
     5     6   2.573988   2.000000
     5    13   2.861169   1.000000
     6     9   2.054393   1.000000
     7     8   1.917033   1.000000
    13    14   2.928022   1.000000
    13    15   2.102887   1.000000
    13    16   2.106589   1.000000
    14    17   2.892369   1.000000
    14    21   2.791718   1.000000
    14    22   2.107019   1.000000
    17    18   2.630682   1.000000
    17    19   2.637483   1.000000
    19    20   1.905966   1.000000
    21    23   1.979142   1.000000
    21    24   1.978802   1.000000
angle
                    38
     1     2     3     2     120.03       1.00       4.00
     1     2     7     2     119.98       1.00       5.00
     1     4     5     2     120.15       2.00       8.00
     1     4    10     2     119.47       2.00       9.00
     2     1     4     2     120.16       1.00       2.00
     2     1    11     2     119.08       1.00       3.00
     2     3     6     2     120.15       4.00       6.00
     2     3    12     2     119.30       4.00       7.00
     2     7     8     9     110.66       5.00      13.00
     3     2     7     2     119.98       4.00       5.00
     3     6     5     2     120.18       6.00      10.00
     3     6     9     2     119.38       6.00      12.00
     4     1    11     2     120.76       2.00       3.00
     4     5     6     2     119.33       8.00      10.00
     4     5    13     2     120.51       8.00      11.00
     5     4    10     2     120.38       8.00       9.00
     5     6     9     2     120.44      10.00      12.00
     5    13    14     9     111.80      11.00      14.00
     5    13    15     9     108.95      11.00      15.00
     5    13    16     9     110.71      11.00      16.00
     6     3    12     2     120.55       6.00       7.00
     6     5    13     2     120.15      10.00      11.00
    13    14    17     9     112.22      14.00      17.00
    13    14    21     9     110.54      14.00      18.00
    13    14    22     9     107.48      14.00      19.00
    14    13    15     9     109.58      14.00      15.00
    14    13    16     9     109.52      14.00      16.00
    14    17    18     2     120.09      17.00      20.00
    14    17    19     2     121.47      17.00      21.00
    14    21    23     9     113.09      18.00      23.00
    14    21    24     9     110.00      18.00      24.00
    15    13    16     9     106.11      15.00      16.00
    17    14    21     9     110.18      17.00      18.00
    17    14    22     9     106.76      17.00      19.00
    17    19    20     9     111.98      21.00      22.00
    18    17    19     2     118.44      20.00      21.00
    21    14    22     9     109.52      18.00      19.00
    23    21    24     9     107.01      23.00      24.00
torsion
                    55
     4     1     2     3     1     3   0.25585875 120.15840356 120.03326827
     4     1     2     7     1     3 179.95577896 120.15840356 119.98392409
    11     1     2     3     1     3 180.16161516 119.08106226 120.03326827
    11     1     2     7     1     3 359.86153537 119.08106226 119.98392409
     2     1     4     5     2     3 359.77608308 120.15840356 120.15073821
     2     1     4    10     2     3 179.20430434 120.15840356 119.47059419
    11     1     4     5     2     3 179.87193009 120.76046602 120.15073821
    11     1     4    10     2     3 359.30015135 120.76046602 119.47059419
     1     2     3     6     4     3 359.60362349 120.03326827 120.14934226
     1     2     3    12     4     3 179.63451878 120.03326827 119.30265761
     7     2     3     6     4     3 179.90369785 119.98212734 120.14934226
     7     2     3    12     4     3 359.93459314 119.98212734 119.30265761
     1     2     7     8     5     3  88.88157482 119.98392409 110.65940270
     3     2     7     8     5     3 268.58164968 119.98212734 110.65940270
     2     3     6     5     6     3   0.50531893 120.14934226 120.18030832
     2     3     6     9     6     3 180.50131184 120.14934226 119.37818962
    12     3     6     5     6     3 180.47403465 120.54799284 120.18030832
    12     3     6     9     6     3   0.47002756 120.54799284 119.37818962
     1     4     5     6     8     3   0.32909880 120.15073821 119.32569945
     1     4     5    13     8     3 178.60092685 120.15073821 120.50589800
    10     4     5     6     8     3 180.90610313 120.37617803 119.32569945
    10     4     5    13     8     3 359.17793118 120.37617803 120.50589800
     4     5     6     3    10     3 359.53070080 119.32569945 120.18030832
     4     5     6     9    10     3 179.53475089 119.32569945 120.44150193
    13     5     6     3    10     3 181.25252836 120.14576221 120.18030832
    13     5     6     9    10     3   1.25657845 120.14576221 120.44150193
     4     5    13    14    11    22 265.95210223 120.50589800 111.79602178
     4     5    13    15    11    22 144.69584427 120.50589800 108.95468596
     4     5    13    16    11    22  28.36528387 120.50589800 110.71180949
     6     5    13    14    11    22  84.20973866 120.14576221 111.79602178
     6     5    13    15    11    22 322.95348069 120.14576221 108.95468596
     6     5    13    16    11    22 206.62292030 120.14576221 110.71180949
     5    13    14    17    14     1  63.43763878 111.79602178 112.21912266
     5    13    14    21    14     1 186.87669280 111.79602178 110.54267607
     5    13    14    22    14     1 306.35905645 111.79602178 107.47842581
    15    13    14    17    14     1 184.33406814 109.57515420 112.21912266
    15    13    14    21    14     1 307.77312217 109.57515420 110.54267607
    15    13    14    22    14     1  67.25548582 109.57515420 107.47842581
    16    13    14    17    14     1 300.34857758 109.52498419 112.21912266
    16    13    14    21    14     1  63.78763160 109.52498419 110.54267607
    16    13    14    22    14     1 183.26999525 109.52498419 107.47842581
    13    14    17    18    17    22  37.66521995 112.21912266 120.08734887
    13    14    17    19    17    22 217.19320406 112.21912266 121.47137270
    21    14    17    18    17    22 274.02403924 110.18166365 120.08734887
    21    14    17    19    17    22  93.55202335 110.18166365 121.47137270
    22    14    17    18    17    22 155.17216578 106.76084958 120.08734887
    22    14    17    19    17    22 334.70014989 106.76084958 121.47137270
    13    14    21    23    18     1   3.72350303 110.54267607 113.09026728
    13    14    21    24    18     1 123.30152912 110.54267607 110.00044427
    17    14    21    23    18     1 128.33322418 110.18166365 113.09026728
    17    14    21    24    18     1 247.91125027 110.18166365 110.00044427
    22    14    21    23    18     1 245.48263989 109.52322898 113.09026728
    22    14    21    24    18     1   5.06066598 109.52322898 110.00044427
    14    17    19    20    21     3 352.80180092 121.47137270 111.97557723
    18    17    19    20    21     3 172.33733100 118.43964666 111.97557723
inversion
                     8
     1     2     4    11    11    11    11    0.082    0.081    0.083
     2     1     3     7    10    11    11    0.260    0.260    0.260
     3     2     6    12    11    11    11   -0.027   -0.027   -0.027
     4     1     5    10    11    11    11    0.498    0.494    0.499
     5     4     6    13    11    11    11    1.489    1.507    1.501
     6     3     5     9    11    11    11    0.003    0.003    0.004
    17    14    18    19    10    10    11    0.403    0.408    0.396
    21    14    23    24     9     9     9   54.809   53.131   51.828
nonbond
                   214
    1     6    5.124
    1     8    5.382
    1     9    7.178
    1    12    6.279
    1    13    7.085
    1    14    8.600
    1    15    8.431
    1    16    7.558
    1    17    8.305
    1    18    8.079
    1    19    9.480
    1    20   10.380
    1    21   11.234
    1    22    8.815
    1    23   11.686
    1    24   12.454
    2     5    5.143
    2     9    6.292
    2    10    6.296
    2    13    8.004
    2    14    9.455
    2    15    8.924
    2    16    8.983
    2    17    9.621
    2    18    9.974
    2    19   10.514
    2    20   11.016
    2    21   12.138
    2    22    9.129
    2    23   12.612
    2    24   13.043
    3     4    5.125
    3     8    5.415
    3    10    7.181
    3    11    6.276
    3    13    7.078
    3    14    8.474
    3    15    7.533
    3    16    8.514
    3    17    9.321
    3    18   10.228
    3    19   10.257
    3    20   10.361
    3    21   11.011
    3    22    7.779
    3    23   11.423
    3    24   11.637
    4     7    6.843
    4     8    7.688
    4     9    6.317
    4    12    7.175
    4    14    6.386
    4    15    6.294
    4    16    5.025
    4    17    6.287
    4    18    5.999
    4    19    7.976
    4    20    8.940
    4    21    8.877
    4    22    7.011
    4    23    9.236
    4    24   10.255
    5     7    7.772
    5     8    8.639
    5    11    6.323
    5    12    6.320
    5    17    5.806
    5    18    6.405
    5    19    7.626
    5    20    8.109
    5    21    7.238
    5    22    5.113
    5    23    7.507
    5    24    8.371
    6     7    6.842
    6     8    7.709
    6    10    6.318
    6    11    7.174
    6    14    6.212
    6    15    5.024
    6    16    6.378
    6    17    7.580
    6    18    8.685
    6    19    8.885
    6    20    8.913
    6    21    8.591
    6    22    5.645
    6    23    8.899
    6    24    9.240
    7     9    8.484
    7    10    8.489
    7    11    4.891
    7    12    4.898
    7    13   10.633
    7    14   11.992
    7    15   11.503
    7    16   11.564
    7    17   11.964
    7    18   12.241
    7    19   12.564
    7    20   13.050
    7    21   14.708
    7    22   11.534
    7    23   15.232
    7    24   15.549
    8     9    9.277
    8    10    9.246
    8    11    5.582
    8    12    5.648
    8    13   11.443
    8    14   12.382
    8    15   12.468
    8    16   12.480
    8    17   12.066
    8    18   12.480
    8    19   12.262
    8    20   12.695
    8    21   15.156
    8    22   11.762
    8    23   15.905
    8    24   15.891
    9    10    8.031
    9    11    9.228
    9    12    4.615
    9    13    5.101
    9    14    6.280
    9    15    4.679
    9    16    7.016
    9    17    8.237
    9    18    9.726
    9    19    9.460
    9    20    9.109
    9    21    8.243
    9    22    5.329
    9    23    8.451
    9    24    8.517
   10    11    4.626
   10    12    9.232
   10    13    5.114
   10    14    6.580
   10    15    6.919
   10    16    4.620
   10    17    5.943
   10    18    4.819
   10    19    7.848
   10    20    9.145
   10    21    8.767
   10    22    7.715
   10    23    9.077
   10    24   10.400
   11    12    7.949
   11    13    8.740
   11    14   10.156
   11    15   10.219
   11    16    8.877
   11    17    9.416
   11    18    8.739
   11    19   10.453
   11    20   11.578
   11    21   12.742
   11    22   10.535
   11    23   13.219
   11    24   14.077
   12    13    8.727
   12    14    9.962
   12    15    8.865
   12    16   10.310
   12    17   10.991
   12    18   12.122
   12    19   11.697
   12    20   11.548
   12    21   12.384
   12    22    8.950
   12    23   12.795
   12    24   12.757
   13    18    5.572
   13    19    7.144
   13    20    7.533
   13    23    4.689
   13    24    6.065
   14    20    4.918
   15    17    6.634
   15    18    7.561
   15    19    8.806
   15    20    8.861
   15    21    5.068
   15    22    4.804
   15    23    4.458
   15    24    6.043
   16    17    5.298
   16    18    5.054
   16    19    7.892
   16    20    8.650
   16    21    5.240
   16    22    5.843
   16    23    4.833
   16    24    6.991
   17    23    6.137
   17    24    5.880
   18    20    6.146
   18    21    6.163
   18    22    6.388
   18    23    7.129
   18    24    7.802
   19    21    6.327
   19    22    4.971
   19    23    8.132
   19    24    6.907
   20    21    6.173
   20    22    4.366
   20    23    8.094
   20    24    6.195
   22    23    5.339
   22    24    4.178
qpartial
                    24
        -0.03926    0.24281   -0.08599   -0.11188   -0.01853   -0.12695
        -0.68582    0.35431    0.13006    0.22755    0.17152    0.13954
        -0.28921   -0.06247    0.13594    0.17339    0.57740   -0.40893
        -0.68107    0.31723   -0.58753    0.12483    0.25749    0.24558
$end
