$coord                                                                          
    0.09648103059111      4.80493291785010     -1.39658867429069      c       
    0.47768926336348      4.73730392494702      1.13089632658774      c       
    1.77931975972273      2.80101593741463      2.17716254218961      c       
    1.02941975171430      2.93952852760964     -2.89005032039299      c       
    2.35360891241178      0.99287012647312     -1.85198748364622      c       
    2.72346244524747      0.93314491761632      0.69414709149551      c       
   -0.49079538945928      6.64772935061076      2.65574448221390      o       
    0.75552728435270      8.09622570840665      2.80310702176788      h       
    3.75293330274316     -0.62204781425570      1.56161322479315      h       
    0.70335175010797      2.99637782247065     -4.91949180386157      h       
   -0.97194776700517      6.35681785720587     -2.20395973335539      h       
    2.04846109711371      2.75301766591968      4.20943731943014      h       
    3.38175832004293     -1.09572356265242     -3.51165058428741      c       
    1.50518323963729     -3.28121850806467     -3.96593447565999      c       
    5.15255502582814     -1.86715562740699     -2.67346966093682      h       
    3.94503668787622     -0.30407818779903     -5.37795495276837      h       
    0.85792594896668     -4.78102994631101     -1.56776447176336      c       
    2.05653681619216     -7.07965919557177     -1.15956880874046      o       
   -0.84135181573013     -3.92125960006501      0.25551436742268      o       
   -1.48081899890302     -2.17518779958261     -0.13457816688752      h       
   -0.70850730264580     -2.36145308569471     -5.39336664022346      n       
    2.51706233949073     -4.67104637452360     -5.18907351815516      h       
   -1.76748372075863     -3.91896314670971     -6.01032749115084      h       
   -1.90996274103597     -1.29475983472360     -4.24499638592591      h       
$end                                                                            
