$coord                                                                          
    1.50337474199787      4.72242138956619     -2.38074290094190      c       
    1.11344649880755      5.35758537658512      0.06462559126056      c       
    1.44328641562990      3.61623970261420      1.90646008205909      c       
    2.23728217770344      2.34199051008465     -2.99322148040322      c       
    2.57814592714180      0.57806251219445     -1.14886717489245      c       
    2.17770757516600      1.23197536661595      1.30957089843109      c       
    0.35721668098972      7.79795934541284      0.68465029006874      o       
    1.87914330239050      8.92975937606372      0.95916982450226      h       
    2.43799279282730     -0.14325613873122      2.81347910303016      h       
    2.54715973453618      1.86048686625508     -4.96568986696478      h       
    1.21401763798109      6.13431434351420     -3.83807241444894      h       
    1.10864970444651      4.14612623149211      3.85875708881927      h       
    3.37888515019566     -2.08069273954735     -1.83619615149214      c       
    1.19845577699017     -3.61461007178436     -3.05087115445234      c       
    4.10087794320949     -3.11914107437494     -0.15073301688775      h       
    5.00394172864521     -1.95980163140270     -3.16755720580289      h       
    2.19661065516256     -6.04014586758100     -4.21961986914191      c       
    3.32381243698367     -7.88122537660256     -2.72587627939668      o       
    2.15316620570340     -6.36324643349858     -6.82629880201501      o       
    3.54593036864676     -5.32563927708592     -7.61198649755990      h       
   -0.80874031903414     -4.18198111023122     -1.19039696226261      n       
    0.39526580826604     -2.51971106881886     -4.66344142908877      h       
   -0.51087175679031     -3.30754630780644      0.55665659542792      h       
   -2.55319782546277     -3.53377696205156     -1.86321099121270      h       
$end                                                                            
