$coord                                                                          
    1.68178209976087      4.86800098189428     -1.43018209635138      c       
   -0.69428829848232      4.97100069405964     -0.49063867165561      c       
   -1.76815267662444      2.87569412577436      0.50485515592969      c       
    2.99054952957840      2.66163426739246     -1.38906195135594      c       
    1.92262483602506      0.54484047060933     -0.38638511656018      c       
   -0.47158543173845      0.66324538818408      0.55477169279828      c       
   -2.02985282553641      7.23495180377472     -0.53627588562192      o       
   -3.00969346237738      7.41211650883353     -2.17353333930162      h       
   -1.36455687948576     -1.01031371591490      1.34585981664426      h       
    4.89626513381650      2.60540383825521     -2.15688680545477      h       
    2.52355224580483      6.56812388679128     -2.20694049808089      h       
   -3.66996720133617      2.98596981384739      1.26326972904237      h       
    3.36996608293126     -1.92029820538398     -0.36534717834173      c       
    3.19632628483966     -3.31713148243332     -2.91713058396260      c       
    2.66211010458455     -3.19137608801622      1.15540134487173      h       
    5.38423411241674     -1.53293301932002      0.10766427733255      h       
    5.12812651192145     -5.43977652439510     -3.02467967914802      c       
    6.47029319451707     -5.87653073802708     -5.23313050179553      o       
    5.50631264745648     -7.01689175266883     -0.96296697506781      o       
    4.14083763369025     -8.34991044293594     -0.97662611826777      h       
    0.60692232404862     -4.28519111190264     -3.26531103387994      n       
    3.69951654238710     -1.99787424859705     -4.48415311841797      h       
   -0.60112792783823     -2.76317704480109     -3.63921274987148      h       
    0.55059702388393     -5.39939885405606     -4.90520233610173      h       
$end                                                                            
