$ufftopology
nxtnei12
    1     4
          2     3     7     8
    2     3
          1    11    12
    3     4
          1     4     5     6
    4     1
          3
    5     1
          3
    6     1
          3
    7     3
          1     9    10
    8     1
          1
    9     1
          7
   10     1
          7
   11     1
          2
   12     2
          2    13
   13     1
         12
nxtnei13
    1     7
         11    12     4     5     6     9    10
    2     4
          3     7     8    13
    3     3
          2     7     8
    4     3
          1     5     6
    5     3
          1     4     6
    6     3
          1     4     5
    7     3
          2     3     8
    8     3
          2     3     7
    9     2
          1    10
   10     2
          1     9
   11     2
          1    12
   12     2
          1    11
   13     1
          2
nxtnei14
    1     1
         13
    2     5
          4     5     6     9    10
    3     4
         11    12     9    10
    4     3
          2     7     8
    5     3
          2     7     8
    6     3
          2     7     8
    7     5
         11    12     4     5     6
    8     7
         11    12     4     5     6     9    10
    9     3
          2     3     8
   10     3
          2     3     8
   11     4
          3     7     8    13
   12     3
          3     7     8
   13     2
          1    11
connectivity (= bond)
                    12
     1     2   2.885998   1.000000
     1     3   2.918071   1.000000
     1     7   2.784221   1.000000
     1     8   2.108633   1.000000
     2    11   2.624664   1.000000
     2    12   2.625357   1.000000
     3     4   2.100823   1.000000
     3     5   2.103518   1.000000
     3     6   2.098818   1.000000
     7     9   1.982276   1.000000
     7    10   1.982501   1.000000
    12    13   1.913354   1.000000
angle
                    19
     1     2    11     2     119.98       1.00       5.00
     1     2    12     2     120.93       1.00       6.00
     1     3     4     9     111.68       2.00       7.00
     1     3     5     9     111.96       2.00       8.00
     1     3     6     9     110.15       2.00       9.00
     1     7     9     9     108.64       3.00      10.00
     1     7    10     9     108.69       3.00      11.00
     2     1     3     9     112.65       1.00       2.00
     2     1     7     9     112.94       1.00       3.00
     2     1     8     9     104.64       1.00       4.00
     2    12    13     9     108.52       6.00      12.00
     3     1     7     9     108.58       2.00       3.00
     3     1     8     9     108.77       2.00       4.00
     4     3     5     9     107.71       7.00       8.00
     4     3     6     9     107.51       7.00       9.00
     5     3     6     9     107.64       8.00       9.00
     7     1     8     9     109.09       3.00       4.00
     9     7    10     9     104.58      10.00      11.00
    11     2    12     2     119.07       5.00       6.00
torsion
                    23
     3     1     2    11     1    22  55.74196644 112.65360059 119.97809147
     3     1     2    12     1    22 233.84774937 112.65360059 120.92699034
     7     1     2    11     1    22 179.21695151 112.93791898 119.97809147
     7     1     2    12     1    22 357.32273444 112.93791898 120.92699034
     8     1     2    11     1    22 297.74526798 104.63700348 119.97809147
     8     1     2    12     1    22 115.85105092 104.63700348 120.92699034
     2     1     3     4     2     1 122.32644003 112.65360059 111.68195681
     2     1     3     5     2     1   1.44858076 112.65360059 111.95692241
     2     1     3     6     2     1 241.71456723 112.65360059 110.14815077
     7     1     3     4     2     1 356.46326836 108.58194012 111.68195681
     7     1     3     5     2     1 235.58540910 108.58194012 111.95692241
     7     1     3     6     2     1 115.85139556 108.58194012 110.14815077
     8     1     3     4     2     1 237.86159777 108.77293133 111.68195681
     8     1     3     5     2     1 116.98373850 108.77293133 111.95692241
     8     1     3     6     2     1 357.24972497 108.77293133 110.14815077
     2     1     7     9     3     1 303.56822949 112.93791898 108.63652722
     2     1     7    10     3     1  56.80972707 112.93791898 108.69201066
     3     1     7     9     3     1  69.26560132 108.58194012 108.63652722
     3     1     7    10     3     1 182.50709891 108.58194012 108.69201066
     8     1     7     9     3     1 187.66628614 109.09109828 108.63652722
     8     1     7    10     3     1 300.90778373 109.09109828 108.69201066
     1     2    12    13     6     3 180.61410598 120.92699034 108.51739081
    11     2    12    13     6     3 358.73685256 119.06829773 108.51739081
inversion
                     2
     2     1    11    12    10    10    11    1.625    1.641    1.610
     7     1     9    10     9     9     9   60.503   60.537   58.452
nonbond
                    47
    1    13    6.375
    2     4    6.290
    2     5    4.869
    2     6    6.208
    2     9    5.070
    2    10    5.077
    3     9    5.138
    3    10    6.362
    3    11    5.818
    3    12    6.943
    3    13    8.296
    4     7    4.635
    4     8    5.574
    4     9    4.710
    4    10    6.602
    4    11    7.667
    4    12    7.917
    4    13    9.434
    5     7    6.138
    5     8    5.526
    5     9    6.172
    5    10    7.752
    5    11    5.167
    5    12    6.948
    5    13    7.916
    6     7    5.991
    6     8    4.321
    6     9    6.917
    6    10    7.583
    6    11    6.688
    6    12    8.580
    6    13    9.857
    7    11    7.163
    7    12    5.331
    7    13    7.226
    8     9    5.638
    8    10    4.532
    8    11    5.233
    8    12    5.998
    8    13    7.403
    9    11    7.563
    9    12    5.074
    9    13    6.907
   10    11    7.582
   10    12    5.020
   10    13    6.870
   11    13    4.534
qpartial
                    13
        -0.01976    0.53049   -0.37899    0.16468    0.18751    0.14599
        -0.62141    0.19343    0.27799    0.32847   -0.47748   -0.71742
         0.38649
$end
