$coord                                                                          
   -0.58961449811945      2.47279647973428      1.96215882413499      c       
    0.07989333507495      4.77778888934775      1.08517410435079      c       
    1.81104172971042      4.98062778006712     -0.78359671236347      c       
    0.48854453859854      0.35924472728928      0.98750791641760      c       
    2.23156364574812      0.54279017496143     -0.90054183962121      c       
    2.89141291729853      2.87560771501059     -1.77435622739363      c       
   -1.01616259076132      6.94165829823313      2.10081277704907      o       
   -0.01355316523763      7.56522533920895      3.60939169501462      h       
    4.28159393310883      3.07693204318191     -3.27233977255493      h       
   -0.07009080401864     -1.47767387505452      1.71594695458714      h       
   -2.00273519016605      2.33809844691293      3.44008220321052      h       
    2.31817581258597      6.84005571043004     -1.48291635609953      h       
    3.44788244192390     -1.81381361407888     -1.99881739472946      c       
    1.72729402581594     -3.31111939384613     -3.84707636892532      c       
    4.02928166743215     -3.08026975861831     -0.42097803662540      h       
    5.22751066880210     -1.31462194659467     -3.00027441142686      h       
   -0.52806818335008     -4.49748035653359     -2.52587479172144      c       
   -2.82254071908374     -3.23210634688604     -2.30759888458984      o       
   -0.24947686071182     -6.82930559425894     -1.35018097790700      o       
   -1.93219153453641     -7.34242136807106     -0.59921643866385      h       
    0.95040673833065     -1.77490503196476     -6.04955027480813      n       
    2.84366921954372     -4.96945612228495     -4.51682973774314      h       
    1.67383984719866      0.06173096857926     -5.99733929471393      h       
    1.60363881190926     -2.60664133316837     -7.72080599283962      h       
$end                                                                            
