$hessian
        0.7842714940   0.0042687978  -0.0182434465  -0.2189435724  -0.0803294484
       -0.0268056776  -0.2935699324   0.0519086873  -0.0331974747   0.0066127454
       -0.0004504621  -0.0016423988   0.0012684529  -0.0002876400   0.0005505795
       -0.0067683632   0.0051064898   0.0002159330  -0.2183691517   0.0183630933
        0.0845887312  -0.0884537882   0.0143550913  -0.0040597153   0.0204834809
       -0.0156542452  -0.0219432326  -0.0016267496   0.0184444488   0.0187949151
        0.0017993484  -0.0124198004  -0.0023497391   0.0153164163  -0.0018399927
        0.0013551681  -0.0020203803  -0.0014650195   0.0027363578
        0.0042687978   0.7450108132   0.0830253858  -0.0882913068  -0.2535044129
       -0.0073583119   0.0564332146  -0.1410434409  -0.0152180937   0.0177845110
       -0.0013377492  -0.0045387083   0.0083193638  -0.0016864815   0.0035210626
       -0.0225606719   0.0170221570   0.0007160661   0.0234235167  -0.1781954637
       -0.1618605271   0.0184442372  -0.2081604283   0.0867526061  -0.0044203527
       -0.0016613023   0.0049205937   0.0018418501   0.0153524455   0.0213729177
        0.0075217910   0.0248774565  -0.0013458853  -0.0212008621  -0.0057250109
       -0.0145301052  -0.0015640886  -0.0109485825   0.0045429998
       -0.0182434465   0.0830253858   0.8766197497  -0.0368591913  -0.0147475260
       -0.2066959836  -0.0159164280  -0.0206733588  -0.1435130484  -0.0215235907
        0.0006935094   0.0046016832   0.0259061340  -0.0046503329   0.0106939048
       -0.0046369728   0.0035041284   0.0001253322   0.0721202118  -0.1276256242
       -0.3701907167  -0.0093235166   0.0985563376  -0.1950128324   0.0086577799
       -0.0042618521  -0.0093613232  -0.0013841671  -0.0012374567  -0.0039377787
       -0.0212908912  -0.0342835333   0.0077980316   0.0199092755   0.0171303513
        0.0316262408   0.0025848028   0.0045699718  -0.0027532593
       -0.2189435724  -0.0882913068  -0.0368591913   0.4982996549   0.2283901632
        0.2665093573  -0.0080825131  -0.0276886834  -0.0101124181  -0.0028818258
        0.0001707148  -0.0018406704  -0.0064993352  -0.0006571878   0.0011723345
       -0.0005387819  -0.0004506176  -0.0002693201   0.0240753512   0.0207954111
       -0.0019684963   0.0059549288   0.0040865374   0.0034525579   0.0003447990
       -0.0003721421  -0.0007206134   0.0028187477   0.0013534771   0.0026791107
       -0.1698746906  -0.0447865490  -0.1756734229  -0.1368856270  -0.1191975604
       -0.0381236309   0.0122128644   0.0266477435  -0.0082455973
       -0.0803294484  -0.2535044129  -0.0147475260   0.2283901632   0.7776772032
       -0.1741992776   0.0063348016   0.0218050185   0.0085595250   0.0001572963
        0.0007139136   0.0001315389  -0.0006454070   0.0008621832   0.0001228470
       -0.0004487949   0.0001592174  -0.0001980029  -0.0041345123  -0.0060459240
        0.0014943699  -0.0122912716  -0.0102336449  -0.0089163603  -0.0005217646
       -0.0001147061  -0.0008696196   0.0013283217  -0.0030393194  -0.0114573303
       -0.0352145584  -0.1572807364   0.0560848753  -0.1078994644  -0.3847742456
        0.1475502452   0.0052746388   0.0137754535  -0.0035552846
       -0.0268056776  -0.0073583119  -0.2066959836   0.2665093573  -0.1741992776
        0.8407109555   0.0009470033   0.0029997902  -0.0003108429  -0.0019227863
       -0.0001329814  -0.0005167390   0.0012444282   0.0003550825   0.0007238985
       -0.0002581664  -0.0001620734   0.0005911019  -0.0375959572  -0.0266336537
        0.0003450369   0.0172952634   0.0161140932   0.0142522101  -0.0006507011
       -0.0008214656  -0.0006647590   0.0026908648  -0.0114492344  -0.0178155455
       -0.1846843027   0.0405992728  -0.3793851879  -0.0481634290   0.1323602264
       -0.2435504012   0.0113941033   0.0283285329  -0.0076837440
       -0.2935699324   0.0564332146  -0.0159164280  -0.0080825131   0.0063348016
        0.0009470033   0.6168693960  -0.0129865266  -0.0021359841  -0.0757773734
        0.0213907912  -0.0170951035  -0.0897847007   0.0298896128   0.0532630720
       -0.1505728635  -0.1022011560  -0.0278304683   0.0026728618  -0.0007170663
        0.0011952799   0.0072369369  -0.0004616754  -0.0012058309  -0.0048219097
        0.0056575882   0.0098768287   0.0003588796  -0.0002221169  -0.0005290050
       -0.0009902103  -0.0002447818  -0.0008674789  -0.0029012993  -0.0029912565
        0.0003658272  -0.0006372719   0.0001185712  -0.0000677124
        0.0519086873  -0.1410434409  -0.0206733588  -0.0276886834   0.0218050185
        0.0029997902  -0.0129865266   0.6005889737   0.0221670395   0.0214076435
       -0.1681479075   0.1185745501   0.0300449604  -0.0929344972  -0.0810952314
       -0.1015481581  -0.2096666145  -0.0366306418   0.0168790147  -0.0037723053
        0.0071949253   0.0197056631  -0.0011090346  -0.0031360346   0.0056527006
       -0.0043878496  -0.0097390859  -0.0000457870  -0.0006807222   0.0002133364
       -0.0003496665   0.0005992837  -0.0001039120  -0.0030984192  -0.0005863157
        0.0002889833   0.0001185712  -0.0006645883  -0.0000603604
       -0.0331974747  -0.0152180937  -0.1435130484  -0.0101124181   0.0085595250
       -0.0003108429  -0.0021359841   0.0221670395   0.6205963761  -0.0171768971
        0.1186065516  -0.1787135452   0.0529824677  -0.0803468261  -0.2422998925
       -0.0280894476  -0.0372596771  -0.0647819582   0.0506026126  -0.0089494356
        0.0204674701  -0.0220716519   0.0023142057   0.0045793841   0.0098791125
       -0.0097375129  -0.0161939338  -0.0006113966   0.0001565870  -0.0002842303
       -0.0006199462  -0.0003102088  -0.0000797515   0.0006187361   0.0000782059
        0.0012697878  -0.0000677124  -0.0000603604  -0.0007358154
        0.0066127454   0.0177845110  -0.0215235907  -0.0028818258   0.0001572963
       -0.0019227863  -0.0757773734   0.0214076435  -0.0171768971   0.0673311377
       -0.0232838029   0.0193259508   0.0027364299  -0.0081090119   0.0045569122
        0.0065133244  -0.0087582053   0.0150436936  -0.0012819327   0.0007536710
        0.0002069360   0.0000198829   0.0002133262  -0.0000724617  -0.0003579749
        0.0011910409   0.0007246970  -0.0002141974   0.0001726387   0.0001145431
        0.0000980227  -0.0000153478   0.0001668661   0.0002494413   0.0002576716
        0.0001437110  -0.0030476801  -0.0017714314   0.0004124260
       -0.0004504621  -0.0013377492   0.0006935094   0.0001707148   0.0007139136
       -0.0001329814   0.0213907912  -0.1681479075   0.1186065516  -0.0232838029
        0.1639945469  -0.1238726312  -0.0039989557   0.0153152702  -0.0082182825
        0.0053845746  -0.0075155362   0.0135281554   0.0007398358  -0.0013019239
       -0.0000902160   0.0002127322   0.0001714588   0.0003640264   0.0011910409
       -0.0013033087  -0.0010672755   0.0001726387   0.0000812480  -0.0000527411
       -0.0000153478  -0.0001102987  -0.0000122276   0.0002576716  -0.0003255261
        0.0000549783  -0.0017714314  -0.0002341871   0.0001991342
       -0.0016423988  -0.0045387083   0.0046016832  -0.0018406704   0.0001315389
       -0.0005167390  -0.0170951035   0.1185745501  -0.1787135452   0.0193259508
       -0.1238726312   0.1730916687  -0.0043511686   0.0162308352  -0.0087471508
        0.0039949739  -0.0056368197   0.0102782483   0.0001222700  -0.0003629508
       -0.0003288832  -0.0000760966   0.0003523174   0.0002047597   0.0007246970
       -0.0010672755  -0.0001986303   0.0001145431  -0.0000527411   0.0001257462
        0.0001668661  -0.0000122276   0.0000215192   0.0001437110   0.0000549783
       -0.0003934383   0.0004124260   0.0001991342   0.0005747615
        0.0012684529   0.0083193638   0.0259061340  -0.0064993352  -0.0006454070
        0.0012444282  -0.0897847007   0.0300449604   0.0529824677   0.0027364299
       -0.0039989557  -0.0043511686   0.0824229958  -0.0316356914  -0.0587997412
        0.0102867514  -0.0035877212  -0.0168855021   0.0000840095  -0.0001809559
       -0.0004224626  -0.0012208626   0.0013600662   0.0000059984   0.0000690564
        0.0000655211   0.0001244609  -0.0000532918   0.0000477152   0.0001288017
        0.0003795175   0.0000161748   0.0001394065   0.0003914849   0.0003502867
       -0.0002987512  -0.0000805080  -0.0001553570   0.0002259284
       -0.0002876400  -0.0016864815  -0.0046503329  -0.0006571878   0.0008621832
        0.0003550825   0.0298896128  -0.0929344972  -0.0803468261  -0.0081090119
        0.0153152702   0.0162308352  -0.0316356914   0.0824955481   0.0855782980
        0.0092781240  -0.0028372963  -0.0168114720  -0.0001806826   0.0001062834
        0.0001692661   0.0013781360  -0.0011509752  -0.0003461484   0.0000655211
        0.0000611815  -0.0001321647   0.0000477152   0.0000783731  -0.0000417689
        0.0000161748  -0.0002164641   0.0000037807   0.0003502867  -0.0001873716
       -0.0001406912  -0.0001553570   0.0000942464   0.0001321419
        0.0005505795   0.0035210626   0.0106939048   0.0011723345   0.0001228470
        0.0007238985   0.0532630720  -0.0810952314  -0.2422998925   0.0045569122
       -0.0082182825  -0.0087471508  -0.0587997412   0.0855782980   0.2376507295
       -0.0007587921   0.0000852902   0.0019571263  -0.0004207901   0.0001746537
        0.0000799925   0.0001165789   0.0000100646   0.0005043049   0.0001244609
       -0.0001321647  -0.0001202958   0.0001288017  -0.0000417689  -0.0000189036
        0.0001394065   0.0000037807  -0.0001843181  -0.0002987512  -0.0001406912
       -0.0002323403   0.0002259284   0.0001321419  -0.0000070555
       -0.0067683632  -0.0225606719  -0.0046369728  -0.0005387819  -0.0004487949
       -0.0002581664  -0.1505728635  -0.1015481581  -0.0280894476   0.0065133244
        0.0053845746   0.0039949739   0.0102867514   0.0092781240  -0.0007587921
        0.1465867745   0.1088801976   0.0281242588  -0.0017349939   0.0000558484
        0.0004579988  -0.0022424161   0.0004996556  -0.0013244384  -0.0015616882
        0.0002699330   0.0021171070  -0.0002315019  -0.0000386693   0.0001679645
        0.0001407681   0.0000988188   0.0001402481   0.0001845386   0.0003376074
        0.0000016048  -0.0000615482  -0.0002084651   0.0000636614
        0.0051064898   0.0170221570   0.0035041284  -0.0004506176   0.0001592174
       -0.0001620734  -0.1022011560  -0.2096666145  -0.0372596771  -0.0087582053
       -0.0075155362  -0.0056368197  -0.0035877212  -0.0028372963   0.0000852902
        0.1088801976   0.2023141124   0.0393313433   0.0000695004  -0.0006361053
       -0.0000156030   0.0004822875   0.0004874990   0.0002785614   0.0002699330
        0.0006120242  -0.0002589699  -0.0000386693   0.0001549689   0.0000166411
        0.0000988188  -0.0000858323   0.0000525684   0.0003376074   0.0000505310
        0.0000013176  -0.0002084651  -0.0000591254   0.0000632925
        0.0002159330   0.0007160661   0.0001253322  -0.0002693201  -0.0001980029
        0.0005911019  -0.0278304683  -0.0366306418  -0.0647819582   0.0150436936
        0.0135281554   0.0102782483  -0.0168855021  -0.0168114720   0.0019571263
        0.0281242588   0.0393313433   0.0545646823   0.0005415436   0.0002535202
       -0.0008585492  -0.0014307245  -0.0000638182  -0.0004303091   0.0021171070
       -0.0002589699  -0.0013860796   0.0001679645   0.0000166411   0.0000865174
        0.0001402481   0.0000525684  -0.0000482646   0.0000016048   0.0000013176
       -0.0002266511   0.0000636614   0.0000632925   0.0001288034
       -0.2183691517   0.0234235167   0.0721202118   0.0240753512  -0.0041345123
       -0.0375959572   0.0026728618   0.0168790147   0.0506026126  -0.0012819327
        0.0007398358   0.0001222700   0.0000840095  -0.0001806826  -0.0004207901
       -0.0017349939   0.0000695004   0.0005415436   0.7620816652   0.1459818404
       -0.0193906507   0.0038626580  -0.0047458349  -0.0051212125  -0.3042480647
        0.0230249235  -0.1898239116  -0.2676779706  -0.1994839948   0.1299492806
        0.0003172066  -0.0002567964  -0.0005632277   0.0013247430  -0.0014229986
       -0.0004265820  -0.0011063817   0.0001061882   0.0000064132
        0.0183630933  -0.1781954637  -0.1276256242   0.0207954111  -0.0060459240
       -0.0266336537  -0.0007170663  -0.0037723053  -0.0089494356   0.0007536710
       -0.0013019239  -0.0003629508  -0.0001809559   0.0001062834   0.0001746537
        0.0000558484  -0.0006361053   0.0002535202   0.1459818404   0.3464864870
        0.0780995511  -0.0125978287   0.0269696735   0.0281382443  -0.0020360825
       -0.0196571335  -0.0106183603  -0.1690656147  -0.1606540728   0.0706834057
       -0.0001473438   0.0001547436  -0.0010264880  -0.0013111604  -0.0042932370
       -0.0022507012   0.0001061882   0.0008389781   0.0001178388
        0.0845887312  -0.1618605271  -0.3701907167  -0.0019684963   0.0014943699
        0.0003450369   0.0011952799   0.0071949253   0.0204674701   0.0002069360
       -0.0000902160  -0.0003288832  -0.0004224626   0.0001692661   0.0000799925
        0.0004579988  -0.0000156030  -0.0008585492  -0.0193906507   0.0780995511
        0.7818658403   0.0071295831  -0.0141291837  -0.0147960182  -0.1880351028
        0.0121707037  -0.2590875795   0.1177438363   0.0796908091  -0.1567902877
       -0.0008215409  -0.0008112065  -0.0008388356  -0.0006905252  -0.0020307277
        0.0012375741   0.0000064132   0.0001178388  -0.0011050439
       -0.0884537882   0.0184442372  -0.0093235166   0.0059549288  -0.0122912716
        0.0172952634   0.0072369369   0.0197056631  -0.0220716519   0.0000198829
        0.0002127322  -0.0000760966  -0.0012208626   0.0013781360   0.0001165789
       -0.0022424161   0.0004822875  -0.0014307245   0.0038626580  -0.0125978287
        0.0071295831   0.0771849945  -0.0117430523   0.0102972605   0.0002735205
       -0.0002545788  -0.0001212088  -0.0000109754   0.0000324190   0.0003581519
       -0.0027414933  -0.0035407332  -0.0018890140  -0.0000675281   0.0002441077
       -0.0003294586   0.0002041420  -0.0000721181   0.0000448331
        0.0143550913  -0.2081604283   0.0985563376   0.0040865374  -0.0102336449
        0.0161140932  -0.0004616754  -0.0011090346   0.0023142057   0.0002133262
        0.0001714588   0.0003523174   0.0013600662  -0.0011509752   0.0000100646
        0.0004996556   0.0004874990  -0.0000638182  -0.0047458349   0.0269696735
       -0.0141291837  -0.0117430523   0.1958073352  -0.1015897055  -0.0000109784
        0.0003072589   0.0001076116  -0.0001965139   0.0003686149   0.0002723181
       -0.0035346876  -0.0040146184  -0.0019036220   0.0002501840   0.0007923139
       -0.0003210655  -0.0000721181  -0.0002354526   0.0002804466
       -0.0040597153   0.0867526061  -0.1950128324   0.0034525579  -0.0089163603
        0.0142522101  -0.0012058309  -0.0031360346   0.0045793841  -0.0000724617
        0.0003640264   0.0002047597   0.0000059984  -0.0003461484   0.0005043049
       -0.0013244384   0.0002785614  -0.0004303091  -0.0051212125   0.0281382443
       -0.0147960182   0.0102972605  -0.1015897055   0.1936779061  -0.0002350331
        0.0000292120  -0.0009770544   0.0004651227   0.0003459971  -0.0007405657
       -0.0019032818  -0.0018917310  -0.0010581174  -0.0003437989  -0.0003091141
       -0.0002449957   0.0000448331   0.0002804466   0.0000413280
        0.0204834809  -0.0044203527   0.0086577799   0.0003447990  -0.0005217646
       -0.0006507011  -0.0048219097   0.0056527006   0.0098791125  -0.0003579749
        0.0011910409   0.0007246970   0.0000690564   0.0000655211   0.0001244609
       -0.0015616882   0.0002699330   0.0021171070  -0.3042480647  -0.0020360825
       -0.1880351028   0.0002735205  -0.0000109784  -0.0002350331   0.3020274886
       -0.0032079855   0.1856022131  -0.0121797581   0.0027839283  -0.0185557115
       -0.0000725752   0.0000829809   0.0001893734  -0.0002477652   0.0004734774
        0.0002793700   0.0002913905  -0.0003224185  -0.0000975654
       -0.0156542452  -0.0016613023  -0.0042618521  -0.0003721421  -0.0001147061
       -0.0008214656   0.0056575882  -0.0043878496  -0.0097375129   0.0011910409
       -0.0013033087  -0.0010672755   0.0000655211   0.0000611815  -0.0001321647
        0.0002699330   0.0006120242  -0.0002589699   0.0230249235  -0.0196571335
        0.0121707037  -0.0002545788   0.0003072589   0.0000292120  -0.0032079855
        0.0239653398   0.0204155552  -0.0109540948   0.0024691236  -0.0167292205
        0.0000829809  -0.0001046006   0.0001563239   0.0004734774   0.0004241780
        0.0005407932  -0.0003224185  -0.0006102052  -0.0003041268
       -0.0219432326   0.0049205937  -0.0093613232  -0.0007206134  -0.0008696196
       -0.0006647590   0.0098768287  -0.0097390859  -0.0161939338   0.0007246970
       -0.0010672755  -0.0001986303   0.0001244609  -0.0001321647  -0.0001202958
        0.0021171070  -0.0002589699  -0.0013860796  -0.1898239116  -0.0106183603
       -0.2590875795  -0.0001212088   0.0001076116  -0.0009770544   0.1856022131
        0.0204155552   0.2666623056   0.0137924817  -0.0031512750   0.0210141753
        0.0001893734   0.0001563239   0.0001836523   0.0002793700   0.0005407932
       -0.0001732714  -0.0000975654  -0.0003041268   0.0003027938
       -0.0016267496   0.0018418501  -0.0013841671   0.0028187477   0.0013283217
        0.0026908648   0.0003588796  -0.0000457870  -0.0006113966  -0.0002141974
        0.0001726387   0.0001145431  -0.0000532918   0.0000477152   0.0001288017
       -0.0002315019  -0.0000386693   0.0001679645  -0.2676779706  -0.1690656147
        0.1177438363  -0.0000109754  -0.0001965139   0.0004651227  -0.0121797581
       -0.0109540948   0.0137924817   0.2796182715   0.1758201767  -0.1334812252
       -0.0003475858   0.0000339768   0.0001090547  -0.0011335328  -0.0000350978
       -0.0000216257   0.0006796646   0.0010910984   0.0002857450
        0.0184444488   0.0153524455  -0.0012374567   0.0013534771  -0.0030393194
       -0.0114492344  -0.0002221169  -0.0006807222   0.0001565870   0.0001726387
        0.0000812480  -0.0000527411   0.0000477152   0.0000783731  -0.0000417689
       -0.0000386693   0.0001549689   0.0000166411  -0.1994839948  -0.1606540728
        0.0796908091   0.0000324190   0.0003686149   0.0003459971   0.0027839283
        0.0024691236  -0.0031512750   0.1758201767   0.1491526466  -0.0642464217
        0.0000339768  -0.0002657170   0.0003021353  -0.0000350978   0.0000374742
        0.0007221682   0.0010910984  -0.0030550634  -0.0010554400
        0.0187949151   0.0213729177  -0.0039377787   0.0026791107  -0.0114573303
       -0.0178155455  -0.0005290050   0.0002133364  -0.0002842303   0.0001145431
       -0.0000527411   0.0001257462   0.0001288017  -0.0000417689  -0.0000189036
        0.0001679645   0.0000166411   0.0000865174   0.1299492806   0.0706834057
       -0.1567902877   0.0003581519   0.0002723181  -0.0007405657  -0.0185557115
       -0.0167292205   0.0210141753  -0.1334812252  -0.0642464217   0.1577419244
        0.0001090547   0.0003021353   0.0006099080  -0.0000216257   0.0007221682
       -0.0006896171   0.0002857450  -0.0010554400   0.0006986571
        0.0017993484   0.0075217910  -0.0212908912  -0.1698746906  -0.0352145584
       -0.1846843027  -0.0009902103  -0.0003496665  -0.0006199462   0.0000980227
       -0.0000153478   0.0001668661   0.0003795175   0.0000161748   0.0001394065
        0.0001407681   0.0000988188   0.0001402481   0.0003172066  -0.0001473438
       -0.0008215409  -0.0027414933  -0.0035346876  -0.0019032818  -0.0000725752
        0.0000829809   0.0001893734  -0.0003475858   0.0000339768   0.0001090547
        0.1442660769   0.0254613575   0.1911538385   0.0252308371   0.0076043044
        0.0185022105   0.0017947777  -0.0015578003  -0.0010810349
       -0.0124198004   0.0248774565  -0.0342835333  -0.0447865490  -0.1572807364
        0.0405992728  -0.0002447818   0.0005992837  -0.0003102088  -0.0000153478
       -0.0001102987  -0.0000122276   0.0000161748  -0.0002164641   0.0000037807
        0.0000988188  -0.0000858323   0.0000525684  -0.0002567964   0.0001547436
       -0.0008112065  -0.0035407332  -0.0040146184  -0.0018917310   0.0000829809
       -0.0001046006   0.0001563239   0.0000339768  -0.0002657170   0.0003021353
        0.0254613575   0.1119022665  -0.0510348583   0.0370210858   0.0240643705
        0.0468926100  -0.0014503862   0.0004801468   0.0003370744
       -0.0023497391  -0.0013458853   0.0077980316  -0.1756734229   0.0560848753
       -0.3793851879  -0.0008674789  -0.0001039120  -0.0000797515   0.0001668661
       -0.0000122276   0.0000215192   0.0001394065   0.0000037807  -0.0001843181
        0.0001402481   0.0000525684  -0.0000482646  -0.0005632277  -0.0010264880
       -0.0008388356  -0.0018890140  -0.0019036220  -0.0010581174   0.0001893734
        0.0001563239   0.0001836523   0.0001090547   0.0003021353   0.0006099080
        0.1911538385  -0.0510348583   0.3763745281  -0.0096391908  -0.0014805208
       -0.0048892037  -0.0009167138   0.0003078304   0.0014960396
        0.0153164163  -0.0212008621   0.0199092755  -0.1368856270  -0.1078994644
       -0.0481634290  -0.0029012993  -0.0030984192   0.0006187361   0.0002494413
        0.0002576716   0.0001437110   0.0003914849   0.0003502867  -0.0002987512
        0.0001845386   0.0003376074   0.0000016048   0.0013247430  -0.0013111604
       -0.0006905252  -0.0000675281   0.0002501840  -0.0003437989  -0.0002477652
        0.0004734774   0.0002793700  -0.0011335328  -0.0000350978  -0.0000216257
        0.0252308371   0.0370210858  -0.0096391908   0.2725451739   0.1401843654
        0.2389341331  -0.1740068827  -0.0453296743  -0.2007295098
       -0.0018399927  -0.0057250109   0.0171303513  -0.1191975604  -0.3847742456
        0.1323602264  -0.0029912565  -0.0005863157   0.0000782059   0.0002576716
       -0.0003255261   0.0000549783   0.0003502867  -0.0001873716  -0.0001406912
        0.0003376074   0.0000505310   0.0000013176  -0.0014229986  -0.0042932370
       -0.0020307277   0.0002441077   0.0007923139  -0.0003091141   0.0004734774
        0.0004241780   0.0005407932  -0.0000350978   0.0000374742   0.0007221682
        0.0076043044   0.0240643705  -0.0014805208   0.1401843654   0.4353969432
       -0.1622227546  -0.0239649146  -0.0648741038   0.0152957675
        0.0013551681  -0.0145301052   0.0316262408  -0.0381236309   0.1475502452
       -0.2435504012   0.0003658272   0.0002889833   0.0012697878   0.0001437110
        0.0000549783  -0.0003934383  -0.0002987512  -0.0001406912  -0.0002323403
        0.0000016048   0.0000013176  -0.0002266511  -0.0004265820  -0.0022507012
        0.0012375741  -0.0003294586  -0.0003210655  -0.0002449957   0.0002793700
        0.0005407932  -0.0001732714  -0.0000216257   0.0007221682  -0.0006896171
        0.0185022105   0.0468926100  -0.0048892037   0.2389341331  -0.1622227546
        0.5341664750  -0.2203819765  -0.0165857780  -0.3179001589
       -0.0020203803  -0.0015640886   0.0025848028   0.0122128644   0.0052746388
        0.0113941033  -0.0006372719   0.0001185712  -0.0000677124  -0.0030476801
       -0.0017714314   0.0004124260  -0.0000805080  -0.0001553570   0.0002259284
       -0.0000615482  -0.0002084651   0.0000636614  -0.0011063817   0.0001061882
        0.0000064132   0.0002041420  -0.0000721181   0.0000448331   0.0002913905
       -0.0003224185  -0.0000975654   0.0006796646   0.0010910984   0.0002857450
        0.0017947777  -0.0014503862  -0.0009167138  -0.1740068827  -0.0239649146
       -0.2203819765   0.1657778135   0.0229186829   0.2064460549
       -0.0014650195  -0.0109485825   0.0045699718   0.0266477435   0.0137754535
        0.0283285329   0.0001185712  -0.0006645883  -0.0000603604  -0.0017714314
       -0.0002341871   0.0001991342  -0.0001553570   0.0000942464   0.0001321419
       -0.0002084651  -0.0000591254   0.0000632925   0.0001061882   0.0008389781
        0.0001178388  -0.0000721181  -0.0002354526   0.0002804466  -0.0003224185
       -0.0006102052  -0.0003041268   0.0010910984  -0.0030550634  -0.0010554400
       -0.0015578003   0.0004801468   0.0003078304  -0.0453296743  -0.0648741038
       -0.0165857780   0.0229186829   0.0654924834  -0.0159934840
        0.0027363578   0.0045429998  -0.0027532593  -0.0082455973  -0.0035552846
       -0.0076837440  -0.0000677124  -0.0000603604  -0.0007358154   0.0004124260
        0.0001991342   0.0005747615   0.0002259284   0.0001321419  -0.0000070555
        0.0000636614   0.0000632925   0.0001288034   0.0000064132   0.0001178388
       -0.0011050439   0.0000448331   0.0002804466   0.0000413280  -0.0000975654
       -0.0003041268   0.0003027938   0.0002857450  -0.0010554400   0.0006986571
       -0.0010810349   0.0003370744   0.0014960396  -0.2007295098   0.0152957675
       -0.3179001589   0.2064460549  -0.0159934840   0.3269426937
$hessian (projected)
        0.7842714940   0.0042687978  -0.0182434465  -0.2189435724  -0.0803294484
       -0.0268056776  -0.2935699324   0.0519086873  -0.0331974747   0.0066127454
       -0.0004504621  -0.0016423988   0.0012684529  -0.0002876400   0.0005505795
       -0.0067683632   0.0051064898   0.0002159330  -0.2183691517   0.0183630933
        0.0845887312  -0.0884537882   0.0143550913  -0.0040597153   0.0204834809
       -0.0156542452  -0.0219432326  -0.0016267496   0.0184444488   0.0187949151
        0.0017993484  -0.0124198004  -0.0023497391   0.0153164163  -0.0018399927
        0.0013551681  -0.0020203803  -0.0014650195   0.0027363578
        0.0042687978   0.7450108132   0.0830253858  -0.0882913068  -0.2535044129
       -0.0073583119   0.0564332146  -0.1410434409  -0.0152180937   0.0177845110
       -0.0013377492  -0.0045387083   0.0083193638  -0.0016864815   0.0035210626
       -0.0225606719   0.0170221570   0.0007160661   0.0234235167  -0.1781954637
       -0.1618605271   0.0184442372  -0.2081604283   0.0867526061  -0.0044203527
       -0.0016613023   0.0049205937   0.0018418501   0.0153524455   0.0213729177
        0.0075217910   0.0248774565  -0.0013458853  -0.0212008621  -0.0057250109
       -0.0145301052  -0.0015640886  -0.0109485825   0.0045429998
       -0.0182434465   0.0830253858   0.8766197497  -0.0368591913  -0.0147475260
       -0.2066959836  -0.0159164280  -0.0206733588  -0.1435130484  -0.0215235907
        0.0006935094   0.0046016832   0.0259061340  -0.0046503329   0.0106939048
       -0.0046369728   0.0035041284   0.0001253322   0.0721202118  -0.1276256242
       -0.3701907167  -0.0093235166   0.0985563376  -0.1950128324   0.0086577799
       -0.0042618521  -0.0093613232  -0.0013841671  -0.0012374567  -0.0039377787
       -0.0212908912  -0.0342835333   0.0077980316   0.0199092755   0.0171303513
        0.0316262408   0.0025848028   0.0045699718  -0.0027532593
       -0.2189435724  -0.0882913068  -0.0368591913   0.4982996549   0.2283901632
        0.2665093573  -0.0080825131  -0.0276886834  -0.0101124181  -0.0028818258
        0.0001707148  -0.0018406704  -0.0064993352  -0.0006571878   0.0011723345
       -0.0005387819  -0.0004506176  -0.0002693201   0.0240753512   0.0207954111
       -0.0019684963   0.0059549288   0.0040865374   0.0034525579   0.0003447990
       -0.0003721421  -0.0007206134   0.0028187477   0.0013534771   0.0026791107
       -0.1698746906  -0.0447865490  -0.1756734229  -0.1368856270  -0.1191975604
       -0.0381236309   0.0122128644   0.0266477435  -0.0082455973
       -0.0803294484  -0.2535044129  -0.0147475260   0.2283901632   0.7776772032
       -0.1741992776   0.0063348016   0.0218050185   0.0085595250   0.0001572963
        0.0007139136   0.0001315389  -0.0006454070   0.0008621832   0.0001228470
       -0.0004487949   0.0001592174  -0.0001980029  -0.0041345123  -0.0060459240
        0.0014943699  -0.0122912716  -0.0102336449  -0.0089163603  -0.0005217646
       -0.0001147061  -0.0008696196   0.0013283217  -0.0030393194  -0.0114573303
       -0.0352145584  -0.1572807364   0.0560848753  -0.1078994644  -0.3847742456
        0.1475502452   0.0052746388   0.0137754535  -0.0035552846
       -0.0268056776  -0.0073583119  -0.2066959836   0.2665093573  -0.1741992776
        0.8407109555   0.0009470033   0.0029997902  -0.0003108429  -0.0019227863
       -0.0001329814  -0.0005167390   0.0012444282   0.0003550825   0.0007238985
       -0.0002581664  -0.0001620734   0.0005911019  -0.0375959572  -0.0266336537
        0.0003450369   0.0172952634   0.0161140932   0.0142522101  -0.0006507011
       -0.0008214656  -0.0006647590   0.0026908648  -0.0114492344  -0.0178155455
       -0.1846843027   0.0405992728  -0.3793851879  -0.0481634290   0.1323602264
       -0.2435504012   0.0113941033   0.0283285329  -0.0076837440
       -0.2935699324   0.0564332146  -0.0159164280  -0.0080825131   0.0063348016
        0.0009470033   0.6168693960  -0.0129865266  -0.0021359841  -0.0757773734
        0.0213907912  -0.0170951035  -0.0897847007   0.0298896128   0.0532630720
       -0.1505728635  -0.1022011560  -0.0278304683   0.0026728618  -0.0007170663
        0.0011952799   0.0072369369  -0.0004616754  -0.0012058309  -0.0048219097
        0.0056575882   0.0098768287   0.0003588796  -0.0002221169  -0.0005290050
       -0.0009902103  -0.0002447818  -0.0008674789  -0.0029012993  -0.0029912565
        0.0003658272  -0.0006372719   0.0001185712  -0.0000677124
        0.0519086873  -0.1410434409  -0.0206733588  -0.0276886834   0.0218050185
        0.0029997902  -0.0129865266   0.6005889737   0.0221670395   0.0214076435
       -0.1681479075   0.1185745501   0.0300449604  -0.0929344972  -0.0810952314
       -0.1015481581  -0.2096666145  -0.0366306418   0.0168790147  -0.0037723053
        0.0071949253   0.0197056631  -0.0011090346  -0.0031360346   0.0056527006
       -0.0043878496  -0.0097390859  -0.0000457870  -0.0006807222   0.0002133364
       -0.0003496665   0.0005992837  -0.0001039120  -0.0030984192  -0.0005863157
        0.0002889833   0.0001185712  -0.0006645883  -0.0000603604
       -0.0331974747  -0.0152180937  -0.1435130484  -0.0101124181   0.0085595250
       -0.0003108429  -0.0021359841   0.0221670395   0.6205963761  -0.0171768971
        0.1186065516  -0.1787135452   0.0529824677  -0.0803468261  -0.2422998925
       -0.0280894476  -0.0372596771  -0.0647819582   0.0506026126  -0.0089494356
        0.0204674701  -0.0220716519   0.0023142057   0.0045793841   0.0098791125
       -0.0097375129  -0.0161939338  -0.0006113966   0.0001565870  -0.0002842303
       -0.0006199462  -0.0003102088  -0.0000797515   0.0006187361   0.0000782059
        0.0012697878  -0.0000677124  -0.0000603604  -0.0007358154
        0.0066127454   0.0177845110  -0.0215235907  -0.0028818258   0.0001572963
       -0.0019227863  -0.0757773734   0.0214076435  -0.0171768971   0.0673311377
       -0.0232838029   0.0193259508   0.0027364299  -0.0081090119   0.0045569122
        0.0065133244  -0.0087582053   0.0150436936  -0.0012819327   0.0007536710
        0.0002069360   0.0000198829   0.0002133262  -0.0000724617  -0.0003579749
        0.0011910409   0.0007246970  -0.0002141974   0.0001726387   0.0001145431
        0.0000980227  -0.0000153478   0.0001668661   0.0002494413   0.0002576716
        0.0001437110  -0.0030476801  -0.0017714314   0.0004124260
       -0.0004504621  -0.0013377492   0.0006935094   0.0001707148   0.0007139136
       -0.0001329814   0.0213907912  -0.1681479075   0.1186065516  -0.0232838029
        0.1639945469  -0.1238726312  -0.0039989557   0.0153152702  -0.0082182825
        0.0053845746  -0.0075155362   0.0135281554   0.0007398358  -0.0013019239
       -0.0000902160   0.0002127322   0.0001714588   0.0003640264   0.0011910409
       -0.0013033087  -0.0010672755   0.0001726387   0.0000812480  -0.0000527411
       -0.0000153478  -0.0001102987  -0.0000122276   0.0002576716  -0.0003255261
        0.0000549783  -0.0017714314  -0.0002341871   0.0001991342
       -0.0016423988  -0.0045387083   0.0046016832  -0.0018406704   0.0001315389
       -0.0005167390  -0.0170951035   0.1185745501  -0.1787135452   0.0193259508
       -0.1238726312   0.1730916687  -0.0043511686   0.0162308352  -0.0087471508
        0.0039949739  -0.0056368197   0.0102782483   0.0001222700  -0.0003629508
       -0.0003288832  -0.0000760966   0.0003523174   0.0002047597   0.0007246970
       -0.0010672755  -0.0001986303   0.0001145431  -0.0000527411   0.0001257462
        0.0001668661  -0.0000122276   0.0000215192   0.0001437110   0.0000549783
       -0.0003934383   0.0004124260   0.0001991342   0.0005747615
        0.0012684529   0.0083193638   0.0259061340  -0.0064993352  -0.0006454070
        0.0012444282  -0.0897847007   0.0300449604   0.0529824677   0.0027364299
       -0.0039989557  -0.0043511686   0.0824229958  -0.0316356914  -0.0587997412
        0.0102867514  -0.0035877212  -0.0168855021   0.0000840095  -0.0001809559
       -0.0004224626  -0.0012208626   0.0013600662   0.0000059984   0.0000690564
        0.0000655211   0.0001244609  -0.0000532918   0.0000477152   0.0001288017
        0.0003795175   0.0000161748   0.0001394065   0.0003914849   0.0003502867
       -0.0002987512  -0.0000805080  -0.0001553570   0.0002259284
       -0.0002876400  -0.0016864815  -0.0046503329  -0.0006571878   0.0008621832
        0.0003550825   0.0298896128  -0.0929344972  -0.0803468261  -0.0081090119
        0.0153152702   0.0162308352  -0.0316356914   0.0824955481   0.0855782980
        0.0092781240  -0.0028372963  -0.0168114720  -0.0001806826   0.0001062834
        0.0001692661   0.0013781360  -0.0011509752  -0.0003461484   0.0000655211
        0.0000611815  -0.0001321647   0.0000477152   0.0000783731  -0.0000417689
        0.0000161748  -0.0002164641   0.0000037807   0.0003502867  -0.0001873716
       -0.0001406912  -0.0001553570   0.0000942464   0.0001321419
        0.0005505795   0.0035210626   0.0106939048   0.0011723345   0.0001228470
        0.0007238985   0.0532630720  -0.0810952314  -0.2422998925   0.0045569122
       -0.0082182825  -0.0087471508  -0.0587997412   0.0855782980   0.2376507295
       -0.0007587921   0.0000852902   0.0019571263  -0.0004207901   0.0001746537
        0.0000799925   0.0001165789   0.0000100646   0.0005043049   0.0001244609
       -0.0001321647  -0.0001202958   0.0001288017  -0.0000417689  -0.0000189036
        0.0001394065   0.0000037807  -0.0001843181  -0.0002987512  -0.0001406912
       -0.0002323403   0.0002259284   0.0001321419  -0.0000070555
       -0.0067683632  -0.0225606719  -0.0046369728  -0.0005387819  -0.0004487949
       -0.0002581664  -0.1505728635  -0.1015481581  -0.0280894476   0.0065133244
        0.0053845746   0.0039949739   0.0102867514   0.0092781240  -0.0007587921
        0.1465867745   0.1088801976   0.0281242588  -0.0017349939   0.0000558484
        0.0004579988  -0.0022424161   0.0004996556  -0.0013244384  -0.0015616882
        0.0002699330   0.0021171070  -0.0002315019  -0.0000386693   0.0001679645
        0.0001407681   0.0000988188   0.0001402481   0.0001845386   0.0003376074
        0.0000016048  -0.0000615482  -0.0002084651   0.0000636614
        0.0051064898   0.0170221570   0.0035041284  -0.0004506176   0.0001592174
       -0.0001620734  -0.1022011560  -0.2096666145  -0.0372596771  -0.0087582053
       -0.0075155362  -0.0056368197  -0.0035877212  -0.0028372963   0.0000852902
        0.1088801976   0.2023141124   0.0393313433   0.0000695004  -0.0006361053
       -0.0000156030   0.0004822875   0.0004874990   0.0002785614   0.0002699330
        0.0006120242  -0.0002589699  -0.0000386693   0.0001549689   0.0000166411
        0.0000988188  -0.0000858323   0.0000525684   0.0003376074   0.0000505310
        0.0000013176  -0.0002084651  -0.0000591254   0.0000632925
        0.0002159330   0.0007160661   0.0001253322  -0.0002693201  -0.0001980029
        0.0005911019  -0.0278304683  -0.0366306418  -0.0647819582   0.0150436936
        0.0135281554   0.0102782483  -0.0168855021  -0.0168114720   0.0019571263
        0.0281242588   0.0393313433   0.0545646823   0.0005415436   0.0002535202
       -0.0008585492  -0.0014307245  -0.0000638182  -0.0004303091   0.0021171070
       -0.0002589699  -0.0013860796   0.0001679645   0.0000166411   0.0000865174
        0.0001402481   0.0000525684  -0.0000482646   0.0000016048   0.0000013176
       -0.0002266511   0.0000636614   0.0000632925   0.0001288034
       -0.2183691517   0.0234235167   0.0721202118   0.0240753512  -0.0041345123
       -0.0375959572   0.0026728618   0.0168790147   0.0506026126  -0.0012819327
        0.0007398358   0.0001222700   0.0000840095  -0.0001806826  -0.0004207901
       -0.0017349939   0.0000695004   0.0005415436   0.7620816652   0.1459818404
       -0.0193906507   0.0038626580  -0.0047458349  -0.0051212125  -0.3042480647
        0.0230249235  -0.1898239116  -0.2676779706  -0.1994839948   0.1299492806
        0.0003172066  -0.0002567964  -0.0005632277   0.0013247430  -0.0014229986
       -0.0004265820  -0.0011063817   0.0001061882   0.0000064132
        0.0183630933  -0.1781954637  -0.1276256242   0.0207954111  -0.0060459240
       -0.0266336537  -0.0007170663  -0.0037723053  -0.0089494356   0.0007536710
       -0.0013019239  -0.0003629508  -0.0001809559   0.0001062834   0.0001746537
        0.0000558484  -0.0006361053   0.0002535202   0.1459818404   0.3464864870
        0.0780995511  -0.0125978287   0.0269696735   0.0281382443  -0.0020360825
       -0.0196571335  -0.0106183603  -0.1690656147  -0.1606540728   0.0706834057
       -0.0001473438   0.0001547436  -0.0010264880  -0.0013111604  -0.0042932370
       -0.0022507012   0.0001061882   0.0008389781   0.0001178388
        0.0845887312  -0.1618605271  -0.3701907167  -0.0019684963   0.0014943699
        0.0003450369   0.0011952799   0.0071949253   0.0204674701   0.0002069360
       -0.0000902160  -0.0003288832  -0.0004224626   0.0001692661   0.0000799925
        0.0004579988  -0.0000156030  -0.0008585492  -0.0193906507   0.0780995511
        0.7818658403   0.0071295831  -0.0141291837  -0.0147960182  -0.1880351028
        0.0121707037  -0.2590875795   0.1177438363   0.0796908091  -0.1567902877
       -0.0008215409  -0.0008112065  -0.0008388356  -0.0006905252  -0.0020307277
        0.0012375741   0.0000064132   0.0001178388  -0.0011050439
       -0.0884537882   0.0184442372  -0.0093235166   0.0059549288  -0.0122912716
        0.0172952634   0.0072369369   0.0197056631  -0.0220716519   0.0000198829
        0.0002127322  -0.0000760966  -0.0012208626   0.0013781360   0.0001165789
       -0.0022424161   0.0004822875  -0.0014307245   0.0038626580  -0.0125978287
        0.0071295831   0.0771849945  -0.0117430523   0.0102972605   0.0002735205
       -0.0002545788  -0.0001212088  -0.0000109754   0.0000324190   0.0003581519
       -0.0027414933  -0.0035407332  -0.0018890140  -0.0000675281   0.0002441077
       -0.0003294586   0.0002041420  -0.0000721181   0.0000448331
        0.0143550913  -0.2081604283   0.0985563376   0.0040865374  -0.0102336449
        0.0161140932  -0.0004616754  -0.0011090346   0.0023142057   0.0002133262
        0.0001714588   0.0003523174   0.0013600662  -0.0011509752   0.0000100646
        0.0004996556   0.0004874990  -0.0000638182  -0.0047458349   0.0269696735
       -0.0141291837  -0.0117430523   0.1958073352  -0.1015897055  -0.0000109784
        0.0003072589   0.0001076116  -0.0001965139   0.0003686149   0.0002723181
       -0.0035346876  -0.0040146184  -0.0019036220   0.0002501840   0.0007923139
       -0.0003210655  -0.0000721181  -0.0002354526   0.0002804466
       -0.0040597153   0.0867526061  -0.1950128324   0.0034525579  -0.0089163603
        0.0142522101  -0.0012058309  -0.0031360346   0.0045793841  -0.0000724617
        0.0003640264   0.0002047597   0.0000059984  -0.0003461484   0.0005043049
       -0.0013244384   0.0002785614  -0.0004303091  -0.0051212125   0.0281382443
       -0.0147960182   0.0102972605  -0.1015897055   0.1936779061  -0.0002350331
        0.0000292120  -0.0009770544   0.0004651227   0.0003459971  -0.0007405657
       -0.0019032818  -0.0018917310  -0.0010581174  -0.0003437989  -0.0003091141
       -0.0002449957   0.0000448331   0.0002804466   0.0000413280
        0.0204834809  -0.0044203527   0.0086577799   0.0003447990  -0.0005217646
       -0.0006507011  -0.0048219097   0.0056527006   0.0098791125  -0.0003579749
        0.0011910409   0.0007246970   0.0000690564   0.0000655211   0.0001244609
       -0.0015616882   0.0002699330   0.0021171070  -0.3042480647  -0.0020360825
       -0.1880351028   0.0002735205  -0.0000109784  -0.0002350331   0.3020274886
       -0.0032079855   0.1856022131  -0.0121797581   0.0027839283  -0.0185557115
       -0.0000725752   0.0000829809   0.0001893734  -0.0002477652   0.0004734774
        0.0002793700   0.0002913905  -0.0003224185  -0.0000975654
       -0.0156542452  -0.0016613023  -0.0042618521  -0.0003721421  -0.0001147061
       -0.0008214656   0.0056575882  -0.0043878496  -0.0097375129   0.0011910409
       -0.0013033087  -0.0010672755   0.0000655211   0.0000611815  -0.0001321647
        0.0002699330   0.0006120242  -0.0002589699   0.0230249235  -0.0196571335
        0.0121707037  -0.0002545788   0.0003072589   0.0000292120  -0.0032079855
        0.0239653398   0.0204155552  -0.0109540948   0.0024691236  -0.0167292205
        0.0000829809  -0.0001046006   0.0001563239   0.0004734774   0.0004241780
        0.0005407932  -0.0003224185  -0.0006102052  -0.0003041268
       -0.0219432326   0.0049205937  -0.0093613232  -0.0007206134  -0.0008696196
       -0.0006647590   0.0098768287  -0.0097390859  -0.0161939338   0.0007246970
       -0.0010672755  -0.0001986303   0.0001244609  -0.0001321647  -0.0001202958
        0.0021171070  -0.0002589699  -0.0013860796  -0.1898239116  -0.0106183603
       -0.2590875795  -0.0001212088   0.0001076116  -0.0009770544   0.1856022131
        0.0204155552   0.2666623056   0.0137924817  -0.0031512750   0.0210141753
        0.0001893734   0.0001563239   0.0001836523   0.0002793700   0.0005407932
       -0.0001732714  -0.0000975654  -0.0003041268   0.0003027938
       -0.0016267496   0.0018418501  -0.0013841671   0.0028187477   0.0013283217
        0.0026908648   0.0003588796  -0.0000457870  -0.0006113966  -0.0002141974
        0.0001726387   0.0001145431  -0.0000532918   0.0000477152   0.0001288017
       -0.0002315019  -0.0000386693   0.0001679645  -0.2676779706  -0.1690656147
        0.1177438363  -0.0000109754  -0.0001965139   0.0004651227  -0.0121797581
       -0.0109540948   0.0137924817   0.2796182715   0.1758201767  -0.1334812252
       -0.0003475858   0.0000339768   0.0001090547  -0.0011335328  -0.0000350978
       -0.0000216257   0.0006796646   0.0010910984   0.0002857450
        0.0184444488   0.0153524455  -0.0012374567   0.0013534771  -0.0030393194
       -0.0114492344  -0.0002221169  -0.0006807222   0.0001565870   0.0001726387
        0.0000812480  -0.0000527411   0.0000477152   0.0000783731  -0.0000417689
       -0.0000386693   0.0001549689   0.0000166411  -0.1994839948  -0.1606540728
        0.0796908091   0.0000324190   0.0003686149   0.0003459971   0.0027839283
        0.0024691236  -0.0031512750   0.1758201767   0.1491526466  -0.0642464217
        0.0000339768  -0.0002657170   0.0003021353  -0.0000350978   0.0000374742
        0.0007221682   0.0010910984  -0.0030550634  -0.0010554400
        0.0187949151   0.0213729177  -0.0039377787   0.0026791107  -0.0114573303
       -0.0178155455  -0.0005290050   0.0002133364  -0.0002842303   0.0001145431
       -0.0000527411   0.0001257462   0.0001288017  -0.0000417689  -0.0000189036
        0.0001679645   0.0000166411   0.0000865174   0.1299492806   0.0706834057
       -0.1567902877   0.0003581519   0.0002723181  -0.0007405657  -0.0185557115
       -0.0167292205   0.0210141753  -0.1334812252  -0.0642464217   0.1577419244
        0.0001090547   0.0003021353   0.0006099080  -0.0000216257   0.0007221682
       -0.0006896171   0.0002857450  -0.0010554400   0.0006986571
        0.0017993484   0.0075217910  -0.0212908912  -0.1698746906  -0.0352145584
       -0.1846843027  -0.0009902103  -0.0003496665  -0.0006199462   0.0000980227
       -0.0000153478   0.0001668661   0.0003795175   0.0000161748   0.0001394065
        0.0001407681   0.0000988188   0.0001402481   0.0003172066  -0.0001473438
       -0.0008215409  -0.0027414933  -0.0035346876  -0.0019032818  -0.0000725752
        0.0000829809   0.0001893734  -0.0003475858   0.0000339768   0.0001090547
        0.1442660769   0.0254613575   0.1911538385   0.0252308371   0.0076043044
        0.0185022105   0.0017947777  -0.0015578003  -0.0010810349
       -0.0124198004   0.0248774565  -0.0342835333  -0.0447865490  -0.1572807364
        0.0405992728  -0.0002447818   0.0005992837  -0.0003102088  -0.0000153478
       -0.0001102987  -0.0000122276   0.0000161748  -0.0002164641   0.0000037807
        0.0000988188  -0.0000858323   0.0000525684  -0.0002567964   0.0001547436
       -0.0008112065  -0.0035407332  -0.0040146184  -0.0018917310   0.0000829809
       -0.0001046006   0.0001563239   0.0000339768  -0.0002657170   0.0003021353
        0.0254613575   0.1119022665  -0.0510348583   0.0370210858   0.0240643705
        0.0468926100  -0.0014503862   0.0004801468   0.0003370744
       -0.0023497391  -0.0013458853   0.0077980316  -0.1756734229   0.0560848753
       -0.3793851879  -0.0008674789  -0.0001039120  -0.0000797515   0.0001668661
       -0.0000122276   0.0000215192   0.0001394065   0.0000037807  -0.0001843181
        0.0001402481   0.0000525684  -0.0000482646  -0.0005632277  -0.0010264880
       -0.0008388356  -0.0018890140  -0.0019036220  -0.0010581174   0.0001893734
        0.0001563239   0.0001836523   0.0001090547   0.0003021353   0.0006099080
        0.1911538385  -0.0510348583   0.3763745281  -0.0096391908  -0.0014805208
       -0.0048892037  -0.0009167138   0.0003078304   0.0014960396
        0.0153164163  -0.0212008621   0.0199092755  -0.1368856270  -0.1078994644
       -0.0481634290  -0.0029012993  -0.0030984192   0.0006187361   0.0002494413
        0.0002576716   0.0001437110   0.0003914849   0.0003502867  -0.0002987512
        0.0001845386   0.0003376074   0.0000016048   0.0013247430  -0.0013111604
       -0.0006905252  -0.0000675281   0.0002501840  -0.0003437989  -0.0002477652
        0.0004734774   0.0002793700  -0.0011335328  -0.0000350978  -0.0000216257
        0.0252308371   0.0370210858  -0.0096391908   0.2725451739   0.1401843654
        0.2389341331  -0.1740068827  -0.0453296743  -0.2007295098
       -0.0018399927  -0.0057250109   0.0171303513  -0.1191975604  -0.3847742456
        0.1323602264  -0.0029912565  -0.0005863157   0.0000782059   0.0002576716
       -0.0003255261   0.0000549783   0.0003502867  -0.0001873716  -0.0001406912
        0.0003376074   0.0000505310   0.0000013176  -0.0014229986  -0.0042932370
       -0.0020307277   0.0002441077   0.0007923139  -0.0003091141   0.0004734774
        0.0004241780   0.0005407932  -0.0000350978   0.0000374742   0.0007221682
        0.0076043044   0.0240643705  -0.0014805208   0.1401843654   0.4353969432
       -0.1622227546  -0.0239649146  -0.0648741038   0.0152957675
        0.0013551681  -0.0145301052   0.0316262408  -0.0381236309   0.1475502452
       -0.2435504012   0.0003658272   0.0002889833   0.0012697878   0.0001437110
        0.0000549783  -0.0003934383  -0.0002987512  -0.0001406912  -0.0002323403
        0.0000016048   0.0000013176  -0.0002266511  -0.0004265820  -0.0022507012
        0.0012375741  -0.0003294586  -0.0003210655  -0.0002449957   0.0002793700
        0.0005407932  -0.0001732714  -0.0000216257   0.0007221682  -0.0006896171
        0.0185022105   0.0468926100  -0.0048892037   0.2389341331  -0.1622227546
        0.5341664750  -0.2203819765  -0.0165857780  -0.3179001589
       -0.0020203803  -0.0015640886   0.0025848028   0.0122128644   0.0052746388
        0.0113941033  -0.0006372719   0.0001185712  -0.0000677124  -0.0030476801
       -0.0017714314   0.0004124260  -0.0000805080  -0.0001553570   0.0002259284
       -0.0000615482  -0.0002084651   0.0000636614  -0.0011063817   0.0001061882
        0.0000064132   0.0002041420  -0.0000721181   0.0000448331   0.0002913905
       -0.0003224185  -0.0000975654   0.0006796646   0.0010910984   0.0002857450
        0.0017947777  -0.0014503862  -0.0009167138  -0.1740068827  -0.0239649146
       -0.2203819765   0.1657778135   0.0229186829   0.2064460549
       -0.0014650195  -0.0109485825   0.0045699718   0.0266477435   0.0137754535
        0.0283285329   0.0001185712  -0.0006645883  -0.0000603604  -0.0017714314
       -0.0002341871   0.0001991342  -0.0001553570   0.0000942464   0.0001321419
       -0.0002084651  -0.0000591254   0.0000632925   0.0001061882   0.0008389781
        0.0001178388  -0.0000721181  -0.0002354526   0.0002804466  -0.0003224185
       -0.0006102052  -0.0003041268   0.0010910984  -0.0030550634  -0.0010554400
       -0.0015578003   0.0004801468   0.0003078304  -0.0453296743  -0.0648741038
       -0.0165857780   0.0229186829   0.0654924834  -0.0159934840
        0.0027363578   0.0045429998  -0.0027532593  -0.0082455973  -0.0035552846
       -0.0076837440  -0.0000677124  -0.0000603604  -0.0007358154   0.0004124260
        0.0001991342   0.0005747615   0.0002259284   0.0001321419  -0.0000070555
        0.0000636614   0.0000632925   0.0001288034   0.0000064132   0.0001178388
       -0.0011050439   0.0000448331   0.0002804466   0.0000413280  -0.0000975654
       -0.0003041268   0.0003027938   0.0002857450  -0.0010554400   0.0006986571
       -0.0010810349   0.0003370744   0.0014960396  -0.2007295098   0.0152957675
       -0.3179001589   0.2064460549  -0.0159934840   0.3269426937
$end
