$ufftopology
nxtnei12
    1     3
          2     4    11
    2     3
          1     3     7
    3     3
          2     6    12
    4     3
          1     5    10
    5     3
          4     6    13
    6     3
          3     5     9
    7     2
          2     8
    8     1
          7
    9     1
          6
   10     1
          4
   11     1
          1
   12     1
          3
   13     4
          5    14    15    16
   14     4
         13    17    21    22
   15     1
         13
   16     1
         13
   17     3
         14    18    19
   18     1
         17
   19     2
         17    20
   20     1
         19
   21     3
         14    23    24
   22     1
         14
   23     1
         21
   24     1
         21
nxtnei13
    1     4
          3     7     5    10
    2     5
          4    11     6    12     8
    3     4
          1     7     5     9
    4     4
          2    11     6    13
    5     7
          1    10     3     9    14    15    16
    6     4
          2    12     4    13
    7     2
          1     3
    8     1
          2
    9     2
          3     5
   10     2
          1     5
   11     2
          2     4
   12     2
          2     6
   13     5
          4     6    17    21    22
   14     7
          5    15    16    18    19    23    24
   15     3
          5    14    16
   16     3
          5    14    15
   17     4
         13    21    22    20
   18     2
         14    19
   19     2
         14    18
   20     1
         17
   21     3
         13    17    22
   22     3
         13    17    21
   23     2
         14    24
   24     2
         14    23
nxtnei14
    1     4
          6    12     8    13
    2     3
          5    10     9
    3     4
          4    11     8    13
    4     6
          3     7     9    14    15    16
    5     6
          2    11    12    17    21    22
    6     6
          1     7    10    14    15    16
    7     4
          4    11     6    12
    8     2
          1     3
    9     4
          2    12     4    13
   10     4
          2    11     6    13
   11     4
          3     7     5    10
   12     4
          1     7     5     9
   13     8
          1    10     3     9    18    19    23    24
   14     3
          4     6    20
   15     5
          4     6    17    21    22
   16     5
          4     6    17    21    22
   17     5
          5    15    16    23    24
   18     4
         13    21    22    20
   19     3
         13    21    22
   20     2
         14    18
   21     5
          5    15    16    18    19
   22     7
          5    15    16    18    19    23    24
   23     3
         13    17    22
   24     3
         13    17    22
connectivity (= bond)
                    24
     1     2   2.569374   2.000000
     1     4   2.565209   2.000000
     1    11   2.048336   1.000000
     2     3   2.555137   2.000000
     2     7   2.643203   1.000000
     3     6   2.563761   2.000000
     3    12   2.050796   1.000000
     4     5   2.573750   2.000000
     4    10   2.054791   1.000000
     5     6   2.573967   2.000000
     5    13   2.863674   1.000000
     6     9   2.055631   1.000000
     7     8   1.915871   1.000000
    13    14   2.922865   1.000000
    13    15   2.103370   1.000000
    13    16   2.106113   1.000000
    14    17   2.901946   1.000000
    14    21   2.783571   1.000000
    14    22   2.102676   1.000000
    17    18   2.630514   1.000000
    17    19   2.636655   1.000000
    19    20   1.907073   1.000000
    21    23   1.981173   1.000000
    21    24   1.972823   1.000000
angle
                    38
     1     2     3     2     119.60       1.00       4.00
     1     2     7     2     121.65       1.00       5.00
     1     4     5     2     120.25       2.00       8.00
     1     4    10     2     119.42       2.00       9.00
     2     1     4     2     120.22       1.00       2.00
     2     1    11     2     119.92       1.00       3.00
     2     3     6     2     120.45       4.00       6.00
     2     3    12     2     119.13       4.00       7.00
     2     7     8     9     114.61       5.00      13.00
     3     2     7     2     118.75       4.00       5.00
     3     6     5     2     120.25       6.00      10.00
     3     6     9     2     119.18       6.00      12.00
     4     1    11     2     119.85       2.00       3.00
     4     5     6     2     119.23       8.00      10.00
     4     5    13     2     120.00       8.00      11.00
     5     4    10     2     120.33       8.00       9.00
     5     6     9     2     120.58      10.00      12.00
     5    13    14     9     112.64      11.00      14.00
     5    13    15     9     108.58      11.00      15.00
     5    13    16     9     111.45      11.00      16.00
     6     3    12     2     120.43       6.00       7.00
     6     5    13     2     120.76      10.00      11.00
    13    14    17     9     113.49      14.00      17.00
    13    14    21     9     107.68      14.00      18.00
    13    14    22     9     108.65      14.00      19.00
    14    13    15     9     109.25      14.00      15.00
    14    13    16     9     109.28      14.00      16.00
    14    17    18     2     120.81      17.00      20.00
    14    17    19     2     121.03      17.00      21.00
    14    21    23     9     110.54      18.00      23.00
    14    21    24     9     110.77      18.00      24.00
    15    13    16     9     105.36      15.00      16.00
    17    14    21     9     112.16      17.00      18.00
    17    14    22     9     105.71      17.00      19.00
    17    19    20     9     111.02      21.00      22.00
    18    17    19     2     118.10      20.00      21.00
    21    14    22     9     109.03      18.00      19.00
    23    21    24     9     107.23      23.00      24.00
torsion
                    55
     4     1     2     3     1     3   0.00805918 120.22181879 119.59652528
     4     1     2     7     1     3 180.08206617 120.22181879 121.65438076
    11     1     2     3     1     3 179.96035388 119.92371525 119.59652528
    11     1     2     7     1     3   0.03436087 119.92371525 121.65438076
     2     1     4     5     2     3   0.01583316 120.22181879 120.25262298
     2     1     4    10     2     3 179.87494988 120.22181879 119.41724471
    11     1     4     5     2     3 180.06350532 119.85444881 120.25262298
    11     1     4    10     2     3 359.92262204 119.85444881 119.41724471
     1     2     3     6     4     3 359.90458323 119.59652528 120.44633894
     1     2     3    12     4     3 179.76607850 119.59652528 119.12560788
     7     2     3     6     4     3 179.83272921 118.74905361 120.44633894
     7     2     3    12     4     3 359.69422448 118.74905361 119.12560788
     1     2     7     8     5     3 359.45860596 121.65438076 114.60825932
     3     2     7     8     5     3 179.53200435 118.74905361 114.60825932
     2     3     6     5     6     3   0.15918294 120.44633894 120.24795228
     2     3     6     9     6     3 179.82941736 120.44633894 119.17577460
    12     3     6     5     6     3 180.29950080 120.42790697 120.24795228
    12     3     6     9     6     3 359.96973521 120.42790697 119.17577460
     1     4     5     6     8     3   0.04664718 120.25262298 119.23457354
     1     4     5    13     8     3 180.16873148 120.25262298 120.00146731
    10     4     5     6     8     3 180.18882558 120.32998131 119.23457354
    10     4     5    13     8     3   0.31090987 120.32998131 120.00146731
     4     5     6     3    10     3 359.86642530 119.23457354 120.24795228
     4     5     6     9    10     3 180.20085159 119.23457354 120.57544175
    13     5     6     3    10     3 179.74338486 120.76384476 120.24795228
    13     5     6     9    10     3   0.07781115 120.76384476 120.57544175
     4     5    13    14    11    22  75.82911184 120.00146731 112.64088419
     4     5    13    15    11    22 314.69366363 120.00146731 108.58393834
     4     5    13    16    11    22 199.07231727 120.00146731 111.44767424
     6     5    13    14    11    22 255.95309211 120.76384476 112.64088419
     6     5    13    15    11    22 134.81764390 120.76384476 108.58393834
     6     5    13    16    11    22  19.19629754 120.76384476 111.44767424
     5    13    14    17    14     1  73.10585753 112.64088419 113.48620845
     5    13    14    21    14     1 197.86946842 112.64088419 107.67895692
     5    13    14    22    14     1 315.82494070 112.64088419 108.65245255
    15    13    14    17    14     1 193.86201253 109.24756087 113.48620845
    15    13    14    21    14     1 318.62562342 109.24756087 107.67895692
    15    13    14    22    14     1  76.58109570 109.24756087 108.65245255
    16    13    14    17    14     1 308.66163588 109.27806267 113.48620845
    16    13    14    21    14     1  73.42524676 109.27806267 107.67895692
    16    13    14    22    14     1 191.38071905 109.27806267 108.65245255
    13    14    17    18    17    22   0.02518956 113.48620845 120.80868571
    13    14    17    19    17    22 182.99701000 113.48620845 121.03050756
    21    14    17    18    17    22 237.71371374 112.16227453 120.80868571
    21    14    17    19    17    22  60.68553418 112.16227453 121.03050756
    22    14    17    18    17    22 119.00574450 105.71435089 120.80868571
    22    14    17    19    17    22 301.97756494 105.71435089 121.03050756
    13    14    21    23    18     1 123.61760453 107.67895692 110.53750938
    13    14    21    24    18     1 242.32994974 107.67895692 110.76934307
    17    14    21    23    18     1 249.17230163 112.16227453 110.53750938
    17    14    21    24    18     1   7.88464684 112.16227453 110.76934307
    22    14    21    23    18     1   5.90602210 109.02982563 110.53750938
    22    14    21    24    18     1 124.61836731 109.02982563 110.76934307
    14    17    19    20    21     3 346.83049091 121.03050756 111.02441999
    18    17    19    20    21     3 169.72384008 118.09650238 111.02441999
inversion
                     8
     1     2     4    11    11    11    11    0.041    0.041    0.041
     2     1     3     7    10    11    11   -0.063   -0.064   -0.062
     3     2     6    12    11    11    11    0.121    0.119    0.121
     4     1     5    10    11    11    11    0.123    0.122    0.123
     5     4     6    13    11    11    11   -0.106   -0.107   -0.107
     6     3     5     9    11    11    11    0.288    0.285    0.289
    17    14    18    19    10    10    11   -2.546   -2.552   -2.479
    21    14    23    24     9     9     9   55.090   55.215   53.516
nonbond
                   214
    1     6    5.123
    1     8    4.810
    1     9    7.179
    1    12    6.282
    1    13    7.080
    1    14    8.413
    1    15    7.569
    1    16    8.556
    1    17    9.586
    1    18    9.603
    1    19   11.462
    1    20   12.042
    1    21   10.762
    1    22    7.588
    1    23   11.262
    1    24   12.308
    2     5    5.155
    2     9    6.293
    2    10    6.307
    2    13    8.019
    2    14    9.528
    2    15    8.913
    2    16    9.011
    2    17   10.085
    2    18    9.432
    2    19   12.029
    2    20   12.963
    2    21   12.084
    2    22    9.057
    2    23   12.881
    2    24   13.393
    3     4    5.123
    3     8    6.137
    3    10    7.177
    3    11    6.287
    3    13    7.090
    3    14    8.764
    3    15    8.362
    3    16    7.550
    3    17    8.886
    3    18    7.689
    3    19   11.013
    3    20   12.198
    3    21   11.339
    3    22    8.831
    3    23   12.476
    3    24   12.382
    4     7    6.891
    4     8    7.364
    4     9    6.317
    4    12    7.173
    4    14    6.094
    4    15    5.092
    4    16    6.425
    4    17    7.720
    4    18    8.114
    4    19    9.746
    4    20   10.153
    4    21    8.280
    4    22    5.423
    4    23    8.829
    4    24    9.898
    5     7    7.798
    5     8    8.796
    5    11    6.311
    5    12    6.319
    5    17    6.069
    5    18    5.995
    5    19    8.459
    5    20    9.156
    5    21    7.147
    5    22    5.047
    5    23    8.229
    5    24    8.476
    6     7    6.839
    6     8    8.293
    6    10    6.313
    6    11    7.172
    6    14    6.574
    6    15    6.214
    6    16    5.005
    6    17    6.833
    6    18    5.718
    6    19    9.216
    6    20   10.342
    6    21    9.021
    6    22    7.065
    6    23   10.339
    6    24    9.993
    7     9    8.465
    7    10    8.545
    7    11    5.001
    7    12    4.853
    7    13   10.661
    7    14   12.089
    7    15   11.511
    7    16   11.595
    7    17   12.466
    7    18   11.673
    7    19   14.236
    7    20   15.229
    7    21   14.680
    7    22   11.488
    7    23   15.406
    7    24   15.973
    8     9   10.076
    8    10    8.677
    8    11    4.427
    8    12    6.747
    8    13   11.619
    8    14   12.924
    8    15   12.255
    8    16   12.786
    8    17   13.533
    8    18   13.035
    8    19   15.185
    8    20   16.008
    8    21   15.436
    8    22   12.059
    8    23   15.949
    8    24   16.857
    9    10    8.030
    9    11    9.227
    9    12    4.605
    9    13    5.131
    9    14    6.878
    9    15    6.806
    9    16    4.563
    9    17    6.602
    9    18    4.868
    9    19    9.020
    9    20   10.339
    9    21    9.106
    9    22    7.873
    9    23   10.691
    9    24    9.723
   10    11    4.594
   10    12    9.228
   10    13    5.093
   10    14    6.023
   10    15    4.824
   10    16    7.075
   10    17    8.182
   10    18    9.146
   10    19    9.979
   10    20    9.996
   10    21    7.723
   10    22    4.989
   10    23    7.868
   10    24    9.540
   11    12    7.969
   11    13    8.711
   11    14    9.823
   11    15    8.911
   11    16   10.350
   11    17   11.165
   11    18   11.433
   11    19   12.831
   11    20   13.226
   11    21   12.010
   11    22    8.679
   11    23   12.226
   11    24   13.667
   12    13    8.741
   12    14   10.371
   12    15   10.121
   12    16    8.846
   12    17   10.079
   12    18    8.445
   12    19   12.111
   12    20   13.489
   12    21   12.944
   12    22   10.594
   12    23   14.201
   12    24   13.801
   13    18    5.430
   13    19    7.337
   13    20    7.739
   13    23    5.999
   13    24    5.919
   14    20    4.892
   15    17    6.638
   15    18    7.479
   15    19    8.902
   15    20    8.943
   15    21    4.794
   15    22    4.947
   15    23    5.855
   15    24    6.425
   16    17    5.218
   16    18    5.054
   16    19    7.776
   16    20    8.418
   16    21    5.282
   16    22    5.839
   16    23    7.057
   16    24    6.037
   17    23    5.927
   17    24    4.665
   18    20    6.122
   18    21    6.786
   18    22    6.071
   18    23    8.297
   18    24    6.631
   19    21    5.853
   19    22    5.262
   19    23    6.464
   19    24    5.283
   20    21    5.195
   20    22    5.029
   20    23    5.282
   20    24    4.642
   22    23    4.171
   22    24    5.376
qpartial
                    24
        -0.04350    0.24617   -0.06915   -0.12249    0.01520   -0.08143
        -0.68587    0.36148    0.14601    0.12392    0.15937    0.14657
        -0.24193   -0.01008    0.13888    0.16653    0.63336   -0.44742
        -0.53962    0.31434   -0.38508    0.11490    0.27152   -0.21167
$end
