$grad          cartesian gradients
  cycle =      1    UFF energy =      5.6759719381   |dE/dxyz| = 43.511376
   -7.01729009392409      3.20319916480816      0.59970836510224      c       
   -4.71726663311957      4.97852126984908      0.45731372215944      c       
   -9.36652202301386      4.52101857507718     -0.40736826068558      c       
  -10.97420652353924      3.21519892569953     -0.42021650860691      h       
   -9.08414024821103      5.17667795127734     -2.35042245654829      h       
   -9.89757285855620      6.14480354218437      0.76141033986034      h       
   -6.44356924248771      0.85406928092912     -0.85967231888863      n       
   -7.28973190931139      2.67910252140445      2.58312333153470      h       
   -8.00121379523299      0.42306810532897     -1.92878676362178      h       
   -5.07930036407538      1.26500723426411     -2.17070950209638      h       
   -4.64341613616920      7.13568143563189      1.26264507660833      o       
   -2.71918361250776      3.82123409386702     -0.67072049341342      o       
   -3.37559887915777      2.17150318706872     -1.26030937511829      h       
  0.62105516740180D-02  -.21574110224817D-01  -.80341597699096D-02
  0.32778540495179D-01  0.17579275998534D+00  0.44111310226552D-01
  0.10571106612173D-01  0.47383293298416D-02  0.45800622059237D-02
  0.74072466100766D-02  0.48043981519004D-02  -.17817757420317D-02
  -.29034898645519D-02  -.34760152452169D-02  0.89729237603857D-02
  -.14795406358730D-03  -.83451107601239D-02  -.64453714057622D-02
  0.44377562174710D+00  0.16344559051803D+00  -.79591940760964D-01
  -.53816242827500D-03  -.16975514228361D-02  -.12641271011843D-01
  0.13316197523678D-01  0.17668908471373D-01  0.12001744806053D-01
  0.24410116690324D+02  0.13021467934287D+02  0.13074166541594D+02
  -.49797267582954D-02  -.14486848133298D+00  -.56189794692649D-01
  -.86020863640340D-01  -.84337085299324D-01  -.23420634177938D-01
  -.24829585758231D+02  -.13123619566458D+02  -.12955727635032D+02
  cycle =      2    UFF energy =      4.0515256330   |dE/dxyz| = 30.098723
   -7.00699922821372      3.21175929466905      0.62428630905099      c       
   -4.66615930132394      4.90472164142501      0.44934318356429      c       
   -9.33601572874906      4.57771179553255     -0.39688485515816      c       
  -11.00112930666269      3.32652959417224     -0.36614727053058      h       
   -9.03150195623109      5.20253986172655     -2.35958599553761      h       
   -9.78746541405928      6.25098131667633      0.76228226551139      h       
   -6.51568139182227      0.84224392937625     -0.82345920926791      n       
   -7.27030210577010      2.72966534428537      2.63435587337205      h       
   -8.21178885164211      0.19120066487407     -1.62878676362178      h       
   -5.14335125707605      1.21817170991011     -2.35025904602646      h       
   -4.55985902321887      7.18902224682669      1.25414080443599      o       
   -2.68637479737056      3.79369841309431     -0.79290266530400      o       
   -3.39238395716562      2.15083947482261     -1.41038747420218      h       
  0.42633657378344D-02  -.13059518168951D-01  -.50836345593570D-02
  0.19519035598618D-01  0.10945042500406D+00  0.29380106679620D-01
  0.70010234726839D-02  0.32262087651796D-02  0.27103895006489D-02
  0.41027713489060D-02  0.28150319404258D-02  -.12677488894638D-02
  -.16095830187316D-02  -.15926165288699D-02  0.58961910367375D-02
  -.34259198548560D-03  -.50279389859790D-02  -.31202709740169D-02
  0.30225443528321D+00  0.11228181707270D+00  -.32287062520506D-01
  -.20333580740805D-03  -.11867255546761D-02  -.77800896921588D-02
  -.56319047878070D-02  0.55552784195738D-02  0.22764325591775D-02
  0.16899845553185D+02  0.90103525456949D+01  0.90241354032931D+01
  -.24999325966065D-02  -.90096440640797D-01  -.36469076050985D-01
  -.54812390292075D-01  -.55586089453977D-01  -.17123953096108D-01
  -.17171886446138D+02  -.90771319775636D+01  -.89612666872866D+01
  cycle =      3    UFF energy =      3.4665325724   |dE/dxyz| = 25.447844
   -7.01979473492144      3.19301108760874      0.56505260777783      c       
   -4.73027742742253      4.94452930835039      0.49178319983064      c       
   -9.40128769552806      4.51253056280871     -0.40657750170918      c       
  -11.03822472606419      3.21970892884889     -0.30945670993884      h       
   -9.16194525137433      5.12665851447316     -2.38539393260129      h       
   -9.85328379560227      6.18772259946944      0.75590651839742      h       
   -6.45400746150831      0.89182916210049     -0.94259387334020      n       
   -7.27756829361182      2.63558983582622      2.56247882234911      h       
   -8.08063546711341      0.28674923567330     -1.92878676362178      h       
   -4.99102185413041      1.25507160935466     -2.25828358038854      h       
   -4.76417448509769      7.24432702892942      1.37287533362660      o       
   -2.62125804767232      3.89128687856844     -0.61106885865106      o       
   -3.21553307925897      2.20007053537962     -1.30994010544513      h       
  0.30284115018729D-02  -.10610587722239D-01  -.44005129089350D-02
  0.14161775569551D-01  0.90626650996711D-01  0.24568866789533D-01
  0.57697075434458D-02  0.34095278866025D-02  0.26309428450981D-02
  0.29537363359507D-02  0.19485077736899D-02  -.53243596879853D-03
  -.15335257848401D-02  -.14360879463013D-02  0.46852218486311D-02
  -.26211510610684D-03  -.42115664211896D-02  -.24972320571748D-02
  0.25526186292882D+00  0.93880048891503D-01  -.25500135406878D-01
  -.11774614813271D-03  -.10539951659739D-02  -.60278372835088D-02
  -.83691420844057D-02  0.26294360638322D-02  -.18181417839183D-03
  0.14287965751047D+02  0.76195766449741D+01  0.76308887240589D+01
  -.26474590145738D-02  -.72743875615011D-01  -.29651745453630D-01
  -.41769630185662D-01  -.44238443677529D-01  -.14601517485583D-01
  -.14514441626602D+02  -.76777762600382D+01  -.75793805247993D+01
  cycle =      4    UFF energy =      2.6636773557   |dE/dxyz| = 19.060752
   -7.03804694091347      3.15198418878670      0.52120919978919      c       
   -4.78218234034417      4.94155837762496      0.58853047608100      c       
   -9.44767845056132      4.45659441712920     -0.41736085497350      c       
  -11.08617908912307      3.16837622509981     -0.20085501602353      h       
   -9.27418945548693      4.98804106411339     -2.43399853076225      h       
   -9.84441581175501      6.18808980165703      0.69439306202577      h       
   -6.41313690922952      0.93644512102433     -1.07874683145163      n       
   -7.31181250695448      2.50003017519570      2.49615706964257      h       
   -7.96255699820576      0.40338480117285     -2.22878676362178      h       
   -4.87326796430715      1.31978097130442     -2.20614914191142      h       
   -4.96712088953910      7.29162848965557      1.46764384998037      o       
   -2.55226831274659      3.95729884344806     -0.36619473626374      o       
   -3.05615665013637      2.28587281118022     -1.23984662622544      h       
  0.15694302955286D-02  -.68059689097103D-02  -.31928485849602D-02
  0.89920415122981D-02  0.63690501751940D-01  0.17636313481766D-01
  0.45434682750868D-02  0.27913309302107D-02  0.23574193566376D-02
  0.13471994190330D-02  0.63092810558167D-03  0.40691299454689D-03
  -.11931033624069D-02  -.13716119665573D-02  0.24488373232889D-02
  0.11834047062718D-03  -.23186465569537D-02  -.14527616347740D-02
  0.19362367097496D+00  0.70142737869663D-01  -.19047930007020D-01
  -.12195504662957D-03  -.88086626277513D-03  -.35706058655226D-02
  -.93877875927366D-02  0.19689668360024D-03  -.25640368861912D-02
  0.10698545925807D+02  0.57069909979581D+01  0.57169182837280D+01
  -.34216813433733D-02  -.49389621913589D-01  -.20670371815263D-01
  -.24690475591537D-01  -.28318746228869D-01  -.86643057037025D-02
  -.10869925073818D+02  -.57553579314607D+01  -.56806049063868D+01
  cycle =      5    UFF energy =      1.5535024354   |dE/dxyz| = 10.430096
   -7.05991287029900      3.10291764401992      0.51480013059933      c       
   -4.86098594066123      4.97130595066749      0.67924887143916      c       
   -9.49979584590036      4.34365152391126     -0.46470740700135      c       
  -11.07760191052566      2.93120617381784     -0.50085501602353      h       
   -9.20417890851398      5.10839605055418     -2.41488274180210      h       
  -10.08005214163182      5.93916037339638      0.80339862043423      h       
   -6.34609228680061      0.93601425138509     -1.10958090303126      n       
   -7.36558083394533      2.41233110451812      2.47899153566850      h       
   -7.78134314696873      0.44804007657754     -2.41322932260014      h       
   -4.73795443728073      1.40509255449658     -2.10026290884105      h       
   -5.26183487344464      7.45442312971039      1.35678394288908      o       
   -2.50138302694508      4.12102560184376     -0.14291832202676      o       
   -2.83229609638582      2.41552085249362     -1.09079132341806      h       
  0.41621125517620D-03  -.26308334596199D-02  -.15516983725430D-02
  0.53914733334069D-02  0.16337642895341D-01  0.85400999649262D-02
  0.50728951050737D-02  -.20401228008003D-03  0.21602695433854D-02
  -.36067399165221D-02  -.38735684328523D-02  0.13618397856625D-03
  0.10904551717190D-02  0.11607422825792D-02  -.35971866363338D-02
  -.13470826729585D-02  0.28260972481728D-02  0.31952136628699D-02
  0.10469579341109D+00  0.36891463036599D-01  -.97366554327502D-02
  -.20326419687135D-03  -.33367218384194D-03  -.11608409523860D-02
  -.68833633718302D-02  -.13363854771038D-02  -.36331040490594D-02
  0.58511271597439D+01  0.31250946288559D+01  0.31293465303928D+01
  -.59090189260898D-02  -.93697803046334D-02  -.83086278677629D-02
  -.61234280730524D-02  -.85764743674028D-02  -.23772548570128D-02
  -.59437210908630D+01  -.31559858478130D+01  -.31130129293747D+01
  cycle =      6    UFF energy =      0.7459236308   |dE/dxyz| =  4.464635
   -7.05559873804913      3.10619169186927      0.48478683234062      c       
   -4.88802458935874      5.02396283964134      0.63280209511187      c       
   -9.54037188751928      4.26824271037218     -0.48609554172835      c       
  -11.08658341434743      2.83807467159121     -0.39752599599344      h       
   -9.32748847875507      4.92159449361521     -2.47815984164647      h       
  -10.10531366134231      5.91379503638472      0.70288590542568      h       
   -6.33687800749474      0.92297027676748     -1.11279573909050      n       
   -7.32187965697948      2.44996090816064      2.47083067365989      h       
   -7.76505159472853      0.37003016202930     -2.37591730162075      h       
   -4.72326174819627      1.48053436303569     -2.18033604519167      h       
   -5.28286490897685      7.43089327561055      1.65678394288908      o       
   -2.48860116919693      4.30722343974462     -0.22055989212342      o       
   -2.68709446435837      2.55561141856993     -1.10070393574653      h       
  0.39445648519652D-03  0.41322323417015D-04  0.19676700563345D-03
  0.14454319159864D-02  -.69423787891698D-02  -.57973433588889D-02
  0.90472120135173D-03  -.51995733561869D-03  0.91919859051205D-03
  -.11729598722555D-02  -.20751073811077D-02  0.30896800181173D-03
  -.13280980743740D-03  -.90230783629225D-05  -.17041837221857D-02
  -.55760961066001D-03  0.40304738444681D-03  0.74783478090826D-03
  0.27902763245537D-01  0.77396522584929D-02  0.14186175404720D-02
  0.48195786870917D-03  0.62488315278304D-03  0.41915236471824D-03
  -.10503752790932D-02  -.70568586288194D-03  -.25119744703954D-04
  0.25118887134356D+01  0.13445398306170D+01  0.13315179231319D+01
  -.34260919303386D-02  0.92470154459728D-02  0.24576949443273D-02
  0.98279774141564D-03  0.80522338271393D-03  0.28378167648727D-03
  -.25376609953941D+01  -.13531488221177D+01  -.13307432912110D+01
  cycle =      7    UFF energy =      0.4677061164   |dE/dxyz| =  2.525930
   -7.08245042020391      3.05366113935227      0.44166044497456      c       
   -4.83218315687851      4.86564690986531      0.73636387526577      c       
   -9.50650115426211      4.41582813936298     -0.44619446442775      c       
  -11.12695925951261      3.06598039684748     -0.46103332070176      h       
   -9.25706953341650      5.20482970464636     -2.38600656742380      h       
   -9.98457350614354      6.00463914943083      0.85983939726231      h       
   -6.49182655638789      0.92504738190958     -1.28805377102083      n       
   -7.39233657435795      2.27885827684820      2.38216546228036      h       
   -7.91133772653125      0.60136930845830     -2.65898140260025      h       
   -4.78014967113312      1.34972083297122     -2.25035027717423      h       
   -5.13645619386007      7.19072827065337      1.95678394288908      o       
   -2.45475523705220      4.15916875335142     -0.16710510723068      o       
   -2.65241332956375      2.47360702369470     -1.12309305580684      h       
  0.14645051638221D-02  0.11003170886827D-04  0.86057344874461D-03
  0.17873213879910D-02  -.48847168318966D-02  -.33909510273330D-02
  -.41525261966741D-03  0.56230774725308D-03  -.13777323593988D-03
  -.15422547191899D-02  -.22058486508727D-02  0.29201464572956D-04
  -.48276950471841D-03  0.73886941664291D-03  -.21051150987015D-02
  -.41940441517131D-03  0.15459679774220D-02  0.14162214535989D-02
  0.16857641453525D-01  0.13968953197367D-02  0.49390410474772D-02
  0.57927633384090D-03  -.62753585512726D-03  0.12801905951461D-02
  -.59371670687259D-02  -.20533543008469D-02  -.50667914329637D-02
  0.14239629675231D+01  0.76092324087612D+00  0.75193257449325D+00
  -.16412746117622D-02  0.84433707440415D-02  0.28540624219358D-02
  0.17014061933973D-03  0.30663426811999D-03  -.60283860547780D-04
  -.14343837295424D+01  -.76415683388148D+00  -.75255095026924D+00
  cycle =      8    UFF energy =      0.3199719012   |dE/dxyz| =  1.535362
   -7.15372759289860      3.05898897830253      0.44276888677591      c       
   -4.83089322935845      4.75255115117771      0.89671345050493      c       
   -9.42018048916872      4.56030286668098     -0.64992522651740      c       
  -11.12760622884322      3.32315760146642     -0.76103332070176      h       
   -8.97170447087661      5.29660028216322     -2.58146403346345      h       
   -9.89346973196391      6.20105068246089      0.58917684026044      h       
   -6.56608245128035      0.87543675825869     -1.21317423474354      n       
   -7.66644910982025      2.32849732759712      2.36602055418368      h       
   -7.97039238416836      0.52405024796043     -2.58060051001923      h       
   -4.84131410816549      1.22731743145044     -2.16796388355010      h       
   -5.08555291325117      7.00806806643754      2.24156210755617      o       
   -2.45139017410666      4.03801443373808      0.00998261126002      o       
   -2.63024943540078      2.39504945969846     -0.99606808525923      h       
  0.21323939582753D-02  -.19268319717909D-02  -.17351560738116D-03
  0.29407464251183D-02  -.32501796913168D-02  -.28328272095075D-02
  -.26304542353832D-02  0.23302614520627D-02  0.71311540259329D-03
  -.26666493726789D-02  -.20845951185764D-02  0.27677805694554D-03
  0.31208680433084D-03  0.16599847108598D-02  -.37173697351009D-02
  -.88774938847612D-03  0.11931995966165D-02  0.86974491639976D-03
  0.95951471484497D-02  0.53922747558253D-03  0.23769748377725D-02
  -.40968883931929D-03  -.16934823089235D-02  0.32946013717465D-02
  -.27618879724683D-02  -.14371656173242D-02  -.28444832085779D-02
  0.86617912405390D+00  0.46221877388205D+00  0.45709563234623D+00
  -.32984577916014D-03  0.62088111769046D-02  0.22852848594252D-02
  0.84481776428817D-04  0.35393043078790D-03  0.64119939106784D-04
  -.87155770457902D+00  -.46411193401693D+00  -.45740805596965D+00
  cycle =      9    UFF energy =      0.2639960365   |dE/dxyz| =  1.175596
   -7.17099208051618      3.03236616727685      0.45010285442907      c       
   -4.85747761629382      4.70099800606277      1.02482992809154      c       
   -9.36657378524769      4.57350558288273     -0.72008255219057      c       
  -11.09262653451197      3.37287106465929     -0.89018726506177      h       
   -8.83771810449783      5.29696825534257     -2.63386756837637      h       
   -9.85042693284383      6.22302206087182      0.50128342804301      h       
   -6.53423786639293      0.87510727797804     -1.21750285329280      n       
   -7.77239210911918      2.28015596489219      2.33797078370043      h       
   -7.99914460632814      0.41742043415968     -2.49193700609348      h       
   -4.88803567591596      1.33777381404836     -2.27268893125364      h       
   -5.12904526191762      6.84760393331835      2.54156210755617      o       
   -2.47985961730722      4.10230628672435      0.04085614080491      o       
   -2.63048212841038      2.52898643917549     -1.07434391007007      h       
  0.17448019305312D-02  -.19943765799404D-02  -.57775439665695D-03
  0.17796879420758D-02  -.31086868015136D-02  -.23113576200871D-02
  -.22931611211626D-02  0.18942734377913D-02  0.49628173799999D-03
  -.22867730353146D-02  -.16744239110028D-02  0.23362282089261D-03
  0.30950932758021D-03  0.13819017883785D-02  -.31626808320760D-02
  -.72617950080832D-03  0.88958771022803D-03  0.66622637549441D-03
  0.64807254079371D-02  -.46148977116237D-03  0.47069052509275D-02
  -.45401270266288D-03  -.14376424711296D-02  0.30261337212035D-02
  -.42911979972766D-02  -.15876687946493D-02  -.36724576011600D-02
  0.66500078341955D+00  0.35424499196035D+00  0.34755928717631D+00
  -.78021469642801D-03  0.76669953986262D-02  0.38139801830915D-02
  0.13143449379750D-02  0.50191727472896D-03  -.31233774476933D-04
  -.66579831391199D+00  -.35631537924070D+00  -.35074695304146D+00
  cycle =     10    UFF energy =      0.1882585102   |dE/dxyz| =  0.701803
   -7.21935615200281      3.02661721009812      0.45244295704171      c       
   -4.88577571362493      4.60539371817589      1.17403759248850      c       
   -9.26438980703790      4.65500351429694     -0.86260937647661      c       
  -11.03338967232813      3.53874077007862     -1.12880735235610      h       
   -8.58586780856627      5.33170911610865     -2.74604405442893      h       
   -9.74283332432839      6.33752509892218      0.31297701421470      h       
   -6.56612721743781      0.84926376089570     -1.17329007730549      n       
   -7.97354150639614      2.30350873332219      2.29689382238134      h       
   -8.06216547152235      0.31036271420022     -2.37249293465466      h       
   -4.98286778139615      1.33829245112491     -2.29883820583539      h       
   -5.15047555921343      6.63471943555033      2.84156210755617      o       
   -2.50926308785463      4.08133572179716      0.14924173835759      o       
   -2.63295921759373      2.57661304282168     -1.04907807469631      h       
  0.20340535569601D-02  -.25748054791978D-02  -.90187300011891D-03
  0.20586514707556D-02  -.24728876210831D-02  -.18883239301541D-02
  -.24503661426250D-02  0.21272967535589D-02  0.46618648496789D-03
  -.23202686032882D-02  -.12990242522208D-02  0.17699485071017D-03
  0.60351101707011D-03  0.13579468152323D-02  -.31043121095343D-02
  -.69174793146159D-03  0.62813327247728D-03  0.38282304654692D-03
  0.38068198056394D-02  -.26343196331068D-03  0.34326893562297D-02
  -.75661782353988D-03  -.14441427912851D-02  0.30205833720963D-02
  -.30650920885726D-02  -.14378373149378D-02  -.28062936107398D-02
  0.39729194697768D+00  0.21157836937678D+00  0.20711709471405D+00
  -.42278851260392D-03  0.64447376500498D-02  0.36951683895248D-02
  0.74475266520872D-03  0.47674949281088D-03  0.67569513720334D-04
  -.39683285439123D+00  -.21312110393887D+00  -.20965830707730D+00
  cycle =     11    UFF energy =      0.1355017545   |dE/dxyz| =  0.388969
   -7.26571305963435      3.02201414819077      0.45222419467325      c       
   -4.91976151654198      4.50104257995805      1.31724092456643      c       
   -9.14663835782668      4.73455399590330     -0.98965167001418      c       
  -10.94617062901782      3.70283070035029     -1.36401515436151      h       
   -8.32296574760337      5.36850912809248     -2.82842595228319      h       
   -9.61595019266934      6.44274141870220      0.15014475301377      h       
   -6.60471176167302      0.82744341837165     -1.13702009062241      n       
   -8.16431717169171      2.33197846877880      2.24310652001973      h       
   -8.14258329713215      0.20765204168753     -2.23824127168958      h       
   -5.10738306718249      1.34955134967860     -2.35493965317933      h       
   -5.18067181012733      6.38982514696129      3.14156210755617      o       
   -2.54589747892771      4.06762108697474      0.24595817122195      o       
   -2.64624822927465      2.64332180374308     -1.04194772261466      h       
  0.19619833471683D-02  -.27278871602547D-02  -.10762754401419D-02
  0.19186513917742D-02  -.22320768181148D-02  -.16532457374793D-02
  -.20896713873205D-02  0.21568874177160D-02  0.33592110065364D-03
  -.22668868793020D-02  -.10052848567383D-02  0.31640547443873D-04
  0.78133036777547D-03  0.11771515306290D-02  -.27754039281685D-02
  -.54025198997323D-03  0.40161567956900D-03  0.17742748140376D-03
  0.20473490078289D-02  -.19203138440303D-03  0.34229933304634D-02
  -.93049890854990D-03  -.13141277082365D-02  0.26490975580836D-02
  -.27505264578897D-02  -.14720997231547D-02  -.23228945358974D-02
  0.22076282017206D+00  0.11765610284878D+00  0.11372505448442D+00
  -.36461403571687D-03  0.57123914050916D-02  0.40126028212879D-02
  0.50725346517619D-03  0.48061477620840D-03  0.58988257537089D-04
  -.21903693809304D+00  -.11864125600709D+00  -.11658590593960D+00
  cycle =     12    UFF energy =      0.0971408274   |dE/dxyz| =  0.174799
   -7.31586510437201      3.02811009640407      0.44538251513273      c       
   -4.95547614595188      4.38044572831180      1.45168450463760      c       
   -9.00180569608215      4.83149078334291     -1.11612969667261      c       
  -10.82092220728512      3.89483145997383     -1.61952152661335      h       
   -8.02296574760337      5.42081868494529     -2.89096452492311      h       
   -9.45731837656539      6.56178735125087     -0.00627255313297      h       
   -6.67605738088852      0.80094028828882     -1.09776368240544      n       
   -8.36175393781181      2.39505678856605      2.17490799810472      h       
   -8.26301124394210      0.11599745920962     -2.08127253804957      h       
   -5.28230587191249      1.32379447116920     -2.42437178234894      h       
   -5.20985355064323      6.10994087790684      3.42458063900597      o       
   -2.58131690412703      4.03015991233759      0.35506973673999      o       
   -2.66036015211719      2.69571138568575     -1.01933393318888      h       
  0.15131116578771D-02  -.23781900949222D-02  -.88696275790426D-03
  0.18228781001021D-02  -.19521168610080D-02  -.16055798323157D-02
  -.14946461977871D-02  0.21648045350368D-02  0.31005800409641D-03
  -.21642795741054D-02  -.75298707885967D-03  -.19245920152999D-03
  0.91531536036951D-03  0.94489183733407D-03  -.23173749009129D-02
  -.34257200741128D-03  0.21771040185050D-03  0.29974258287240D-04
  0.10743479350103D-02  -.19493040955275D-03  0.32580002723543D-02
  -.10526586341259D-02  -.11519625388534D-02  0.20375181409354D-02
  -.22461026606000D-02  -.13725594656487D-02  -.17083021985642D-02
  0.99674626810705D-01  0.53361140247689D-01  0.49985842275804D-01
  -.16148639588029D-03  0.42343985180179D-02  0.35787822788601D-02
  0.47742732288109D-04  0.52817365811676D-03  0.18991193636545D-03
  -.97586277126442D-01  -.53648372749201D-01  -.52679408275476D-01
  cycle =     13    UFF energy =      0.0753269879   |dE/dxyz| =  0.061702
   -7.35687308120455      3.04280129374532      0.42922622315975      c       
   -4.98494710671726      4.25597990676024      1.56447619539359      c       
   -8.84521775643290      4.93164462775186     -1.21987359861578      c       
  -10.66259407475953      4.08452287926240     -1.86105140074814      h       
   -7.72296574760337      5.48979254108939     -2.91441982746663      h       
   -9.29256598710325      6.67121332244265     -0.12287684741312      h       
   -6.77145645533836      0.77667142438390     -1.07355574753197      n       
   -8.52992668408175      2.48149394862623      2.09772411174566      h       
   -8.42149825997673      0.03855481276715     -1.90327000301138      h       
   -5.51491964121335      1.27159247439308     -2.53595985145224      h       
   -5.23615512212406      5.81114165161829      3.67408675171080      o       
   -2.60551964905500      3.98306150276678      0.46121870536510      o       
   -2.66437275369215      2.75061490178529     -0.99972955484966      h       
  0.61713711644184D-03  -.13855594214675D-02  -.48576053817812D-03
  0.12830535238350D-02  -.15890303005134D-02  -.16739038330257D-02
  -.65317792984299D-03  0.15632120026319D-02  0.32452494415426D-03
  -.15959542604862D-02  -.48078439211469D-03  -.34718933472183D-03
  0.69959345087342D-03  0.57779966923762D-03  -.14701051020938D-02
  -.93453128101359D-04  0.41429910881412D-04  -.30883593379035D-05
  0.77159463324508D-03  -.19834578304916D-03  0.40672008063006D-02
  -.81204626983764D-03  -.78730096586489D-03  0.10838038000695D-02
  -.26185575998942D-02  -.13880812960053D-02  -.14997349196933D-02
  0.35962282072527D-01  0.19318022430406D-01  0.15441448391093D-01
  -.13049742313809D-04  0.27384796995773D-02  0.28764102060068D-02
  -.11908890176938D-03  0.68352568187554D-03  0.51948276518235D-03
  -.33428332964677D-01  -.19093367235595D-01  -.18833088825756D-01
  cycle =     14    UFF energy =      0.0665914549   |dE/dxyz| =  0.018477
   -7.38912299864189      3.07064317761045      0.40632050471453      c       
   -5.00777695407614      4.14175334998849      1.65590516670737      c       
   -8.68116755671203      5.03064429505576     -1.31958638008921      c       
  -10.47887387011661      4.26271629388587     -2.09660652314926      h       
   -7.42296574760337      5.55703068430216     -2.92507748036113      h       
   -9.13093728636458      6.77798486330030     -0.23655093673557      h       
   -6.88838961323677      0.75023478061103     -1.04591995261134      n       
   -8.67330391159671      2.60660503824591      2.02219717324495      h       
   -8.60216401923128     -0.03360504635021     -1.68539943684571      h       
   -5.80280889511807      1.17814858587849     -2.65750173996966      h       
   -5.26398741886042      5.53726841462480      3.86948557445349      o       
   -2.61485940369469      3.91931535824738      0.57309921308619      o       
   -2.65265464404951      2.79034549199244     -0.96437002615851      h       
  0.25295724452254D-03  -.45389708045708D-03  -.97112765186679D-04
  0.95169865702814D-03  -.94312391584905D-03  -.11507776755860D-02
  -.58212331273798D-03  0.12214539415585D-02  0.36098111092723D-03
  -.11465378721986D-02  -.25301765338543D-03  -.40460567624372D-03
  0.68130913839983D-03  0.47796350310919D-03  -.11154365671541D-02
  -.62410159146994D-04  0.26094310720000D-04  0.28446714739195D-04
  0.10484301767476D-02  -.39518745901910D-03  0.50050767127220D-02
  -.83545878105957D-03  -.58634732568309D-03  0.81521838009127D-03
  -.32998941501839D-02  -.15863605705456D-02  -.14712953885771D-02
  0.11138616137176D-01  0.56787806628245D-02  0.96620928574232D-03
  0.16786763147944D-03  0.13273345279303D-02  0.16053654284709D-02
  0.14846597671335D-04  0.76316926102055D-03  0.82931093644329D-03
  -.83293013076976D-02  -.52768622022238D-02  -.53713804963888D-02
  cycle =     15    UFF energy =      0.0650527996   |dE/dxyz| =  0.010578
   -7.38752471129438      3.10025381184362      0.41350309045790      c       
   -4.93785553370304      4.04698171021788      1.63369514585875      c       
   -8.59402693856617      5.11557668290597     -1.30500035930921      c       
  -10.41756423274459      4.42177795464140     -2.08625845011299      h       
   -7.31397718791940      5.59182139357765     -2.90461716219017      h       
   -8.97141635140848      6.87935217782923     -0.21891369819333      h       
   -7.03919995113290      0.73993394861630     -1.02618844225867      n       
   -8.67544195420106      2.72345953715336      2.04749330376971      h       
   -8.81474583084258     -0.02708506027211     -1.49793672595043      h       
   -6.10280889511807      1.10263228379894     -2.74299829888332      h       
   -5.09265685316155      5.36190466301219      3.90576075497128      o       
   -2.58013067258923      3.79992534868993      0.47731731866287      o       
   -2.68166320662009      2.73255083537794     -1.09986132053591      h       
  -.61632923904761D-03  0.73312881054926D-03  0.32637331413821D-03
  0.63405826983229D-03  -.50774338140640D-03  -.83138666737835D-03
  -.18286087748984D-03  0.59376275406857D-03  0.92500566136916D-04
  -.55965502492122D-03  -.18582304916500D-03  -.17602962605630D-03
  0.23893893358891D-03  0.21271822494636D-03  -.27579651423205D-03
  -.11861520008082D-03  0.38447180726073D-03  0.11901692486227D-03
  0.16611397707977D-02  -.10350422397945D-02  0.43619941935897D-02
  -.64863187290205D-03  -.26432563873187D-03  0.40497913626174D-03
  -.37569063099395D-02  -.17430730951765D-02  -.13962802270017D-02
  0.54043707592824D-02  0.22894313094114D-02  -.23085756509886D-02
  0.41026117767783D-05  0.12261729282138D-02  0.17900941816578D-02
  0.56325468399239D-03  0.67711561169225D-03  0.64155346600837D-03
  -.26228665048894D-02  -.23807940418681D-02  -.27484430969979D-02
  cycle =     16    UFF energy =      0.0645510624   |dE/dxyz| =  0.003956
   -7.42429257682400      3.10967486704739      0.37562594075252      c       
   -5.03629752879941      4.00164951814565      1.74967929128536      c       
   -8.47822789768143      5.14051570403608     -1.42579336522915      c       
  -10.25837466756050      4.47553294651458     -2.32714444978401      h       
   -7.08485432829709      5.58994447704611     -2.94045936659925      h       
   -8.89666397175573      6.91114818977382     -0.36867650578404      h       
   -7.04480069223808      0.73453524909305     -1.02542215981793      n       
   -8.81848075734185      2.77677653003933      1.93291903991529      h       
   -8.80523134675631     -0.07949677466271     -1.42714104822567      h       
   -6.17884740049319      1.07108084928051     -2.77205753724274      h       
   -5.29745236625746      5.20258208782924      4.07402393091915      o       
   -2.62743445867022      3.82071243728613      0.69022223411566      o       
   -2.65805432662620      2.83442920596302     -0.93978084801859      h       
  0.19076265139234D-03  -.99212762656749D-03  -.48318493518421D-03
  -.68413953483872D-04  -.78656333070870D-03  -.36798238942312D-03
  -.56203164043675D-03  0.41387934711077D-03  0.48755674720184D-04
  -.92245001157823D-03  -.13832025578493D-03  -.49296173910833D-03
  0.83504727362877D-03  0.25774622318336D-03  -.10575604413607D-02
  -.96836365339072D-04  -.59321781732515D-05  0.16568644168816D-03
  -.73567216260260D-04  0.10804953810837D-03  -.67528079982586D-03
  -.66808711349523D-03  -.21629759339823D-03  0.92935580230745D-03
  0.32358269391091D-03  0.35078408399542D-03  0.44789962017670D-04
  -.13047493424013D-03  0.36590458118318D-04  0.59022829003740D-03
  0.13410780474811D-03  0.97103296685890D-03  0.16307815840379D-02
  0.13206651120710D-02  0.68742606570689D-03  0.62287806936656D-03
  -.28230430091761D-03  -.68626769844943D-03  -.95550551927318D-03
  cycle =     17    UFF energy =      0.0645195314   |dE/dxyz| =  0.000521
   -7.42460319231415      3.12012279619328      0.38579872582981      c       
   -5.03641747556251      4.02503664944961      1.74125324060896      c       
   -8.46470171357903      5.12106704376044     -1.45051728416202      c       
  -10.23987728961382      4.44381624237523     -2.34465748617649      h       
   -7.06808768976375      5.53937240565752     -2.96505193213086      h       
   -8.88111793095378      6.91234904872062     -0.42781107906836      h       
   -7.05314709596508      0.71495441780181     -0.96770820611612      n       
   -8.82057171672099      2.82421788528768      1.94434477425422      h       
   -8.81502159467149     -0.11551164487702     -1.33428567139452      h       
   -6.20086079726010      1.01151485628216     -2.73013767249902      h       
   -5.28667240564675      5.19881319254253      4.07660889603178      o       
   -2.63979533169937      3.87945007025900      0.65396469705678      o       
   -2.67813808555080      2.91388232393919     -0.98580584594782      h       
  0.38681636002867D-04  0.15193035251706D-03  0.10489545362474D-03
  -.87960749408742D-04  -.14372385915304D-04  0.45686840689574D-04
  -.30183195273559D-04  0.26105473625410D-05  -.56517520427914D-04
  -.11282678593415D-04  0.16963181764745D-05  -.15520227128820D-04
  0.34463004128877D-04  0.36080444161026D-04  -.57522791666302D-04
  -.21796725420905D-04  0.93407081933506D-04  0.57684521973996D-04
  0.50300098675153D-04  -.17820176665186D-03  0.14498087109051D-03
  -.42585393304554D-04  -.24192449654300D-04  0.95017228104441D-04
  -.14232204193864D-03  -.11169300366254D-03  -.56528792700999D-04
  0.79203644946414D-04  0.23372188061414D-05  -.22927393109102D-03
  -.59929002106030D-04  0.52269151653700D-04  0.64113732321674D-04
  0.15553002320175D-03  0.12453715482866D-04  -.39324915226154D-04
  0.37881379090775D-04  -.24325224209316D-04  -.57690469563749D-04
  cycle =     18    UFF energy =      0.0645188255   |dE/dxyz| =  0.000055
   -7.42622921736665      3.12015450144892      0.38722039678939      c       
   -5.03753263551582      4.02173021645699      1.74372038166723      c       
   -8.46026678867352      5.11961903931316     -1.45351152390934      c       
  -10.23685946169639      4.44498730615523     -2.34672177902273      h       
   -7.06220051726102      5.53078120411770     -2.96828546564747      h       
   -8.87243605656658      6.91388002279683     -0.43516754596610      h       
   -7.05745508907894      0.71280369406541     -0.96173076048540      n       
   -8.82478466695371      2.82934604806026      1.94395298625013      h       
   -8.82034751885961     -0.11246117727116     -1.33293217993817      h       
   -6.19808454728110      1.00433895014567     -2.72090266008178      h       
   -5.28435360091410      5.17708606543247      4.08848151596260      o       
   -2.64384531561546      3.89027657048806      0.64917329014252      o       
   -2.68461690351869      2.93654284618254     -0.99730149947453      h       
  -.37297853432408D-05  -.14305985606489D-04  -.12360584628889D-04
  0.12055504570408D-05  -.10123431932805D-04  -.19006078691906D-04
  0.14184997013402D-05  -.24481331554463D-06  0.56986384042009D-05
  0.42649614834006D-06  -.66034376942453D-06  0.16363635128263D-05
  -.61028255456922D-06  -.26060116474446D-05  0.33122108082460D-05
  0.10437875544383D-05  -.66200686206125D-05  -.43354086113654D-05
  -.58108603177842D-06  0.14490858930303D-04  -.66198717711438D-05
  0.22460724865662D-05  0.13470352176314D-05  -.78858360943457D-05
  0.85042501560767D-05  0.91356034620342D-05  0.60089138225341D-05
  -.50672829300159D-05  0.19563677735493D-05  0.13231649274373D-04
  -.38249571791031D-05  0.13012277306554D-04  0.28772147955591D-04
  -.11506959091360D-05  0.35391445373197D-05  0.56606749617933D-05
  0.11943344403395D-06  -.89206323350692D-05  -.14112818941916D-04
  cycle =     19    UFF energy =      0.0645188218   |dE/dxyz| =  0.000000
   -7.42624567006601      3.12014281047953      0.38725255015716      c       
   -5.03752702164733      4.02168542492621      1.74374080258790      c       
   -8.46021440323934      5.11962711441100     -1.45354195995116      c       
  -10.23680856421812      4.44503622119346     -2.34678518535040      h       
   -7.06212706774143      5.53076450870867     -2.96831701040418      h       
   -8.87235931819552      6.91392490782005     -0.43519841047140      h       
   -7.05756178664025      0.71269808833139     -0.96165343033421      n       
   -8.82480645463555      2.82940503659069      1.94402578726084      h       
   -8.82048304696687     -0.11250704317506     -1.33298524876673      h       
   -6.19803057102647      1.00412003164801     -2.72079624894728      h       
   -5.28431677896473      5.17684858894679      4.08852740694854      o       
   -2.64386251695917      3.89042878234894      0.64914232606058      o       
   -2.68466911900083      2.93691081516240     -0.99741622250329      h       
  0.13234431411012D-09  0.43950786488277D-09  -.11913027313758D-09
  -.15084255591564D-08  -.17709483254857D-08  0.62910337746483D-09
  0.25308076684674D-09  -.76756492438032D-10  -.24140290135789D-10
  -.25054825813879D-09  0.86016746243117D-10  0.21227332727951D-09
  0.29746294403360D-11  0.10585951473047D-09  0.33502287012308D-09
  -.18395000930468D-09  0.13811572653795D-10  0.58401786823205D-09
  0.24960179149242D-09  -.11564131006947D-08  0.39262697602946D-08
  -.10481511947442D-09  -.41759675858483D-09  0.14436651049957D-09
  -.22975268066088D-08  -.80383487735015D-10  -.86728139479916D-09
  0.25965113596531D-08  0.11872283570743D-08  -.39180873500060D-08
  -.13486109332137D-08  0.27910745899803D-08  0.19583260698827D-08
  0.19834841026578D-08  0.33802803603086D-08  0.20651037893615D-08
  0.47587971757634D-09  -.45016808444993D-08  -.49258442572260D-08
$end
