$hessian
        0.7806951454  -0.0170191408  -0.0080436282  -0.2124002221  -0.0846042983
        0.0039372636  -0.2854817242   0.0322318162  -0.0666343910   0.0094152420
       -0.0012350526  -0.0007259261  -0.0008132358  -0.0000651920  -0.0004064765
       -0.0066772204   0.0047192243  -0.0024918245  -0.2255609612   0.0672929102
        0.0616057032  -0.0862695022   0.0067172298   0.0037913795   0.0181317923
       -0.0233112866  -0.0084430309  -0.0017606257   0.0275421991   0.0114059245
        0.0125081046   0.0013730479   0.0027493813  -0.0012490841  -0.0143384030
        0.0056579667  -0.0005377087   0.0006969456  -0.0024023416
       -0.0170191408   0.8340850529   0.0991172830  -0.0976553192  -0.2560601790
        0.0192042466   0.0414512512  -0.1564762078  -0.0056705352   0.0082393053
       -0.0012705472  -0.0007045958   0.0174930952   0.0002711554   0.0100879426
       -0.0221105082   0.0156142999  -0.0083910981   0.0735989866  -0.3334408764
       -0.1759654178   0.0086666442  -0.1292766149   0.0542706080  -0.0027443301
       -0.0001899359   0.0024252351   0.0001477084   0.0186267238   0.0101709183
       -0.0086358931  -0.0002707123  -0.0014862802   0.0004595414   0.0098233908
       -0.0036392071  -0.0018913410  -0.0014355495   0.0005809006
       -0.0080436282   0.0991172830   0.7795170224  -0.0028079825   0.0098803985
       -0.2036724016  -0.0514575879  -0.0118265346  -0.1381489576  -0.0270099056
        0.0033671161   0.0020182082   0.0192120649   0.0004913244   0.0108492277
        0.0040725442  -0.0028900402   0.0013901520   0.0493702311  -0.1372543400
       -0.2100431171  -0.0026695907   0.0651258383  -0.2743713900   0.0142519203
       -0.0134183059  -0.0081498702  -0.0012272106  -0.0084213378  -0.0067287451
        0.0276409759   0.0317077411   0.0235166694  -0.0198158914  -0.0349110306
        0.0238150930  -0.0015159394  -0.0009681123   0.0000081090
       -0.2124002221  -0.0976553192  -0.0028079825   0.4843643701   0.2941178703
        0.1506549582  -0.0083583073  -0.0297624614   0.0031644048  -0.0038285149
       -0.0009006244  -0.0028143260  -0.0066793203  -0.0002302876   0.0008941698
       -0.0003946233  -0.0004145495  -0.0001288947   0.0269621846   0.0198008936
       -0.0103103171   0.0041035245   0.0035283873   0.0011092444   0.0004432211
       -0.0005767015  -0.0004783170   0.0022206216   0.0049320158   0.0032095848
       -0.1014042456  -0.0908111455   0.0016516495  -0.1766396629  -0.0855569804
       -0.1181757652  -0.0083890256  -0.0164710977  -0.0259684089
       -0.0846042983  -0.2560601790   0.0098803985   0.2941178703   0.6642642238
       -0.1019099202   0.0061384688   0.0218434750  -0.0023374613  -0.0009720333
        0.0007149229  -0.0005889719  -0.0001630518   0.0010527093  -0.0000156012
       -0.0004101833   0.0000593877   0.0000172264  -0.0207377210  -0.0151399596
        0.0078117364  -0.0025618806  -0.0020252512  -0.0006366275  -0.0006968358
       -0.0009603314  -0.0009137144   0.0049299957  -0.0182565594  -0.0135849342
       -0.0975389531  -0.2168840569   0.1471847205  -0.1063082116  -0.1966059088
       -0.0755554877   0.0088068339   0.0179975277   0.0306486368
        0.0039372636   0.0192042466  -0.2036724016   0.1506549582  -0.1019099202
        0.9471603087  -0.0029035791  -0.0109543815   0.0005288323  -0.0028805350
       -0.0008517655  -0.0008166696   0.0009565095   0.0002318346   0.0007332216
       -0.0001248465   0.0000332944   0.0005596284  -0.0302726877  -0.0184336982
        0.0065656571   0.0205537066   0.0251904505   0.0079220635  -0.0003198444
       -0.0008432721  -0.0000435206   0.0032122496  -0.0135837497  -0.0050174258
        0.0147412832   0.1620133304  -0.3840426910  -0.1595590134  -0.0637902780
       -0.3749221866   0.0020045353   0.0036939088   0.0050451837
       -0.2854817242   0.0414512512  -0.0514575879  -0.0083583073   0.0061384688
       -0.0029035791   0.6167125286  -0.0102620112   0.0006397688  -0.0732823687
        0.0038072132  -0.0040866665  -0.0986477621   0.0601271044   0.0437647236
       -0.1491398022  -0.1067208500   0.0063989488  -0.0007310229  -0.0001999920
       -0.0001648291   0.0095501852  -0.0012975061  -0.0004113986  -0.0068067970
        0.0108016553   0.0076300314   0.0003960905  -0.0004041853  -0.0002295708
       -0.0034468944  -0.0027828759   0.0014795228  -0.0012194435  -0.0007857894
       -0.0009813013   0.0004553180   0.0001275168   0.0003219380
        0.0322318162  -0.1564762078  -0.0118265346  -0.0297624614   0.0218434750
       -0.0109543815  -0.0102620112   0.6266897558   0.0219065129   0.0034019151
       -0.0838974016   0.0766270391   0.0594396721  -0.1781569364  -0.1039137454
       -0.1058298963  -0.2163117792   0.0176094773   0.0362107253   0.0006915025
        0.0203204177   0.0074799524  -0.0002697243  -0.0000872563   0.0108176343
       -0.0132735916  -0.0104344196  -0.0002988796  -0.0004105736   0.0002395014
       -0.0027764654  -0.0006324569   0.0008913108  -0.0007795183   0.0004836544
       -0.0004321861   0.0001275168  -0.0002797162   0.0000542644
       -0.0666343910  -0.0056705352  -0.1381489576   0.0031644048  -0.0023374613
        0.0005288323   0.0006397688   0.0219065129   0.5957718332  -0.0029696020
        0.0770706418  -0.2674825278   0.0431822831  -0.1038724481  -0.1476647297
        0.0059664474   0.0171526053  -0.0578991056   0.0362641357   0.0013771424
        0.0194472885  -0.0282105701   0.0045248962   0.0014330944   0.0076089530
       -0.0104437891  -0.0061685889  -0.0003684826   0.0001777541  -0.0005399948
        0.0017509204   0.0006897653   0.0006141787  -0.0007158055  -0.0006293488
        0.0002728875   0.0003219380   0.0000542644  -0.0001642101
        0.0094152420   0.0082393053  -0.0270099056  -0.0038285149  -0.0009720333
       -0.0028805350  -0.0732823687   0.0034019151  -0.0029696020   0.0631938035
       -0.0056968804   0.0072771926   0.0021801639  -0.0061260493   0.0085785482
        0.0042141938  -0.0015945107   0.0168963821  -0.0009870475   0.0002841784
       -0.0000699538   0.0000676160   0.0001653175  -0.0002324330  -0.0004992909
        0.0017996703   0.0001537212  -0.0002885938   0.0002867725  -0.0000191878
       -0.0002842744   0.0000919980   0.0000179645   0.0001958645   0.0001335332
        0.0003916589  -0.0000967937  -0.0000132168  -0.0001338503
       -0.0012350526  -0.0012705472   0.0033671161  -0.0009006244   0.0007149229
       -0.0008517655   0.0038072132  -0.0838974016   0.0770706418  -0.0056968804
        0.0751444919  -0.0804281976  -0.0032481010   0.0143858617  -0.0190312912
        0.0045934393  -0.0016485778   0.0194071135   0.0002112651  -0.0011306570
        0.0002924675   0.0001699834   0.0004978444   0.0003004321   0.0017996703
       -0.0022793271  -0.0002475143   0.0002867725   0.0000640317   0.0000107272
        0.0000919980  -0.0004390035   0.0000083652   0.0001335332  -0.0002371829
        0.0001110598  -0.0000132168   0.0000955444  -0.0000091547
       -0.0007259261  -0.0007045958   0.0020182082  -0.0028143260  -0.0005889719
       -0.0008166696  -0.0040866665   0.0766270391  -0.2674825278   0.0072771926
       -0.0804281976   0.2672658504  -0.0012504741   0.0054353965  -0.0072044093
        0.0015555580  -0.0005558941   0.0065986736  -0.0001375577   0.0000241375
       -0.0005971899  -0.0002281069   0.0003176032  -0.0001770675   0.0001537212
       -0.0002475143   0.0005972707  -0.0000191878   0.0000107272   0.0002236385
        0.0000179645   0.0000083652  -0.0004802091   0.0003916589   0.0001110598
        0.0000506957  -0.0001338503  -0.0000091547   0.0000037362
       -0.0008132358   0.0174930952   0.0192120649  -0.0066793203  -0.0001630518
        0.0009565095  -0.0986477621   0.0594396721   0.0431822831   0.0021801639
       -0.0032481010  -0.0012504741   0.0923035978  -0.0648816065  -0.0476058201
        0.0120575415  -0.0101376988  -0.0133919999   0.0001641656  -0.0004364412
       -0.0003256117  -0.0013595033   0.0013470595  -0.0008278348   0.0000510089
        0.0001392963   0.0001050534  -0.0000842280   0.0001181991   0.0000943489
        0.0003535051   0.0001767040  -0.0003352302   0.0006801973   0.0001416409
        0.0002594777  -0.0002061310   0.0000112321  -0.0000727666
       -0.0000651920   0.0002711554   0.0004913244  -0.0002302876   0.0010527093
        0.0002318346   0.0601271044  -0.1781569364  -0.1038724481  -0.0061260493
        0.0143858617   0.0054353965  -0.0648816065   0.1718474745   0.1085411535
        0.0095813907  -0.0081062504  -0.0112003179  -0.0004317508   0.0002452007
        0.0000945890   0.0014393185  -0.0009896403   0.0005474123   0.0001392963
       -0.0000656922  -0.0001579045   0.0001181991   0.0000317317  -0.0000588079
        0.0001767040  -0.0002628289  -0.0000892922   0.0001416409  -0.0003661094
        0.0000345049   0.0000112321   0.0001133244   0.0000025553
       -0.0004064765   0.0100879426   0.0108492277   0.0008941698  -0.0000156012
        0.0007332216   0.0437647236  -0.1039137454  -0.1476647297   0.0085785482
       -0.0190312912  -0.0072044093  -0.0476058201   0.1085411535   0.1381306489
       -0.0042124712   0.0036016992   0.0053425063  -0.0003212629   0.0001118502
       -0.0001442990  -0.0007422940   0.0008869366   0.0002398411   0.0001050534
       -0.0001579045   0.0000245952   0.0000943489  -0.0000588079   0.0000584639
       -0.0003352302  -0.0000892922  -0.0001404972   0.0002594777   0.0000345049
       -0.0003217336  -0.0000727666   0.0000025553   0.0000971643
       -0.0066772204  -0.0221105082   0.0040725442  -0.0003946233  -0.0004101833
       -0.0001248465  -0.1491398022  -0.1058298963   0.0059664474   0.0042141938
        0.0045934393   0.0015555580   0.0120575415   0.0095813907  -0.0042124712
        0.1458075519   0.1125027575  -0.0080892596  -0.0024846987   0.0004164857
        0.0004591339  -0.0015800665  -0.0001027077  -0.0012871739  -0.0017875336
        0.0009858679   0.0015597201  -0.0002134061   0.0000320146   0.0000995239
        0.0001189573   0.0002027609  -0.0000733887   0.0001683412   0.0001907995
        0.0001269179  -0.0000892350  -0.0000522206  -0.0000527055
        0.0047192243   0.0156142999  -0.0028900402  -0.0004145495   0.0000593877
        0.0000332944  -0.1067208500  -0.2163117792   0.0171526053  -0.0015945107
       -0.0016485778  -0.0005558941  -0.0101376988  -0.0081062504   0.0036016992
        0.1125027575   0.2103408033  -0.0163719090   0.0004849287  -0.0004831590
       -0.0001440487  -0.0001985239   0.0003016747  -0.0001492265   0.0009858679
        0.0001003951  -0.0006659834   0.0000320146   0.0001247122  -0.0000093404
        0.0002027609   0.0000131424  -0.0000566963   0.0001907995  -0.0000502376
        0.0000735659  -0.0000522206   0.0000455886  -0.0000180262
       -0.0024918245  -0.0083910981   0.0013901520  -0.0001288947   0.0000172264
        0.0005596284   0.0063989488   0.0176094773  -0.0578991056   0.0168963821
        0.0194071135   0.0065986736  -0.0133919999  -0.0112003179   0.0053425063
       -0.0080892596  -0.0163719090   0.0459165088   0.0005225929   0.0001078299
       -0.0007183389  -0.0013760128  -0.0005018417  -0.0005667972   0.0015597201
       -0.0006659834  -0.0005322879   0.0000995239  -0.0000093404   0.0000986803
       -0.0000733887  -0.0000566963  -0.0001229790   0.0001269179   0.0000735659
       -0.0001118962  -0.0000527055  -0.0000180262   0.0000452554
       -0.2255609612   0.0735989866   0.0493702311   0.0269621846  -0.0207377210
       -0.0302726877  -0.0007310229   0.0362107253   0.0362641357  -0.0009870475
        0.0002112651  -0.0001375577   0.0001641656  -0.0004317508  -0.0003212629
       -0.0024846987   0.0004849287   0.0005225929   0.7763871283   0.0631347678
       -0.0408487793   0.0028021828  -0.0043503708  -0.0013701399  -0.2428991077
       -0.0204621333  -0.1963435197  -0.3354962621  -0.1264569006   0.1829369724
        0.0011175540  -0.0009947401   0.0001796210   0.0008398324  -0.0009613586
       -0.0007196955  -0.0001139476   0.0007543017   0.0007400895
        0.0672929102  -0.3334408764  -0.1372543400   0.0198008936  -0.0151399596
       -0.0184336982  -0.0001999920   0.0006915025   0.0013771424   0.0002841784
       -0.0011306570   0.0000241375  -0.0004364412   0.0002452007   0.0001118502
        0.0004164857  -0.0004831590   0.0001078299   0.0631347678   0.4791262734
        0.2134676897  -0.0090053091   0.0237310941   0.0074720735  -0.0395691485
       -0.0516753321  -0.0903387165  -0.1005029967  -0.0963392193   0.0239508778
       -0.0010015642  -0.0043119401   0.0006418754  -0.0009680859  -0.0013303988
       -0.0019556685   0.0007543017   0.0000574718   0.0008289467
        0.0616057032  -0.1759654178  -0.2100431171  -0.0103103171   0.0078117364
        0.0065656571  -0.0001648291   0.0203204177   0.0194472885  -0.0000699538
        0.0002924675  -0.0005971899  -0.0003256117   0.0000945890  -0.0001442990
        0.0004591339  -0.0001440487  -0.0007183389  -0.0408487793   0.2134676897
        0.6437853797   0.0135222529  -0.0338552530  -0.0106600225  -0.1816841787
       -0.0628591181  -0.2916811821   0.1581902841   0.0308957278  -0.1575953747
       -0.0001092890   0.0008564259   0.0014860815  -0.0010045048  -0.0017441633
        0.0001291831   0.0007400895   0.0008289467   0.0000259345
       -0.0862695022   0.0086666442  -0.0026695907   0.0041035245  -0.0025618806
        0.0205537066   0.0095501852   0.0074799524  -0.0282105701   0.0000676160
        0.0001699834  -0.0002281069  -0.0013595033   0.0014393185  -0.0007422940
       -0.0015800665  -0.0001985239  -0.0013760128   0.0028021828  -0.0090053091
        0.0135222529   0.0760513039  -0.0025222859  -0.0007674197   0.0002369599
       -0.0002139538   0.0000970322  -0.0000949942   0.0002503384   0.0004520528
        0.0000314516   0.0000148016  -0.0003445651  -0.0024537586  -0.0025636572
       -0.0001623883  -0.0010853992  -0.0009554281  -0.0001240969
        0.0067172298  -0.1292766149   0.0651258383   0.0035283873  -0.0020252512
        0.0251904505  -0.0012975061  -0.0002697243   0.0045248962   0.0001653175
        0.0004978444   0.0003176032   0.0013470595  -0.0009896403   0.0008869366
       -0.0001027077   0.0003016747  -0.0005018417  -0.0043503708   0.0237310941
       -0.0338552530  -0.0025222859   0.1106261567  -0.0604723576  -0.0000742282
        0.0001419406  -0.0003684068   0.0000921279   0.0004328750  -0.0003349173
        0.0000152998   0.0002963900  -0.0004500489  -0.0025628950  -0.0035413648
        0.0000069391  -0.0009554281   0.0000746199  -0.0000698386
        0.0037913795   0.0542706080  -0.2743713900   0.0011092444  -0.0006366275
        0.0079220635  -0.0004113986  -0.0000872563   0.0014330944  -0.0002324330
        0.0003004321  -0.0001770675  -0.0008278348   0.0005474123   0.0002398411
       -0.0012871739  -0.0001492265  -0.0005667972  -0.0013701399   0.0074720735
       -0.0106600225  -0.0007674197  -0.0604723576   0.2777538690  -0.0000872839
       -0.0004503367  -0.0007416022   0.0006607528  -0.0002421487  -0.0007447058
       -0.0003234738  -0.0004657117   0.0001403817  -0.0001301223  -0.0000170223
       -0.0008309040  -0.0001240969  -0.0000698386   0.0006032396
        0.0181317923  -0.0027443301   0.0142519203   0.0004432211  -0.0006968358
       -0.0003198444  -0.0068067970   0.0108176343   0.0076089530  -0.0004992909
        0.0017996703   0.0001537212   0.0000510089   0.0001392963   0.0001050534
       -0.0017875336   0.0009858679   0.0015597201  -0.2428991077  -0.0395691485
       -0.1816841787   0.0002369599  -0.0000742282  -0.0000872839   0.2458814539
        0.0341287512   0.1837837930  -0.0123498476  -0.0052929294  -0.0254854561
       -0.0002504205   0.0003933304   0.0000492682  -0.0001571373   0.0002496935
        0.0002297347   0.0000056984  -0.0001367718  -0.0001654010
       -0.0233112866  -0.0001899359  -0.0134183059  -0.0005767015  -0.0009603314
       -0.0008432721   0.0108016553  -0.0132735916  -0.0104437891   0.0017996703
       -0.0022793271  -0.0002475143   0.0001392963  -0.0000656922  -0.0001579045
        0.0009858679   0.0001003951  -0.0006659834  -0.0204621333  -0.0516753321
       -0.0628591181  -0.0002139538   0.0001419406  -0.0004503367   0.0341287512
        0.0675282635   0.0957453392  -0.0037974177  -0.0000943785  -0.0070216182
        0.0003933304   0.0006256789   0.0001286128   0.0002496935   0.0001143091
        0.0003863542  -0.0001367718   0.0000280017  -0.0001524640
       -0.0084430309   0.0024252351  -0.0081498702  -0.0004783170  -0.0009137144
       -0.0000435206   0.0076300314  -0.0104344196  -0.0061685889   0.0001537212
       -0.0002475143   0.0005972707   0.0001050534  -0.0001579045   0.0000245952
        0.0015597201  -0.0006659834  -0.0005322879  -0.1963435197  -0.0903387165
       -0.2916811821   0.0000970322  -0.0003684068  -0.0007416022   0.1837837930
        0.0957453392   0.2829160479   0.0118219143   0.0045935821   0.0241445644
        0.0000492682   0.0001286128  -0.0003849853   0.0002297347   0.0003863542
        0.0000498612  -0.0001654010  -0.0001524640  -0.0000303021
       -0.0017606257   0.0001477084  -0.0012272106   0.0022206216   0.0049299957
        0.0032122496   0.0003960905  -0.0002988796  -0.0003684826  -0.0002885938
        0.0002867725  -0.0000191878  -0.0000842280   0.0001181991   0.0000943489
       -0.0002134061   0.0000320146   0.0000995239  -0.3354962621  -0.1005029967
        0.1581902841  -0.0000949942   0.0000921279   0.0006607528  -0.0123498476
       -0.0037974177   0.0118219143   0.3488544877   0.0992346613  -0.1722465777
       -0.0008023244  -0.0001124493  -0.0000050714  -0.0006936123   0.0000867610
        0.0000858377   0.0003126944  -0.0002164973  -0.0002983813
        0.0275421991   0.0186267238  -0.0084213378   0.0049320158  -0.0182565594
       -0.0135837497  -0.0004041853  -0.0004105736   0.0001777541   0.0002867725
        0.0000640317   0.0000107272   0.0001181991   0.0000317317  -0.0000588079
        0.0000320146   0.0001247122  -0.0000093404  -0.1264569006  -0.0963392193
        0.0308957278   0.0002503384   0.0004328750  -0.0002421487  -0.0052929294
       -0.0000943785   0.0045935821   0.0992346613   0.0952110412  -0.0138917038
       -0.0001124493   0.0002359228   0.0000473669   0.0000867610   0.0003473830
        0.0010370226  -0.0002164973   0.0000263095  -0.0005550923
        0.0114059245   0.0101709183  -0.0067287451   0.0032095848  -0.0135849342
       -0.0050174258  -0.0002295708   0.0002395014  -0.0005399948  -0.0000191878
        0.0000107272   0.0002236385   0.0000943489  -0.0000588079   0.0000584639
        0.0000995239  -0.0000093404   0.0000986803   0.1829369724   0.0239508778
       -0.1575953747   0.0004520528  -0.0003349173  -0.0007447058  -0.0254854561
       -0.0070216182   0.0241445644  -0.1722465777  -0.0138917038   0.1469239046
       -0.0000050714   0.0000473669  -0.0008122276   0.0000858377   0.0010370226
        0.0003251934  -0.0002983813  -0.0005550923  -0.0003359713
        0.0125081046  -0.0086358931   0.0276409759  -0.1014042456  -0.0975389531
        0.0147412832  -0.0034468944  -0.0027764654   0.0017509204  -0.0002842744
        0.0000919980   0.0000179645   0.0003535051   0.0001767040  -0.0003352302
        0.0001189573   0.0002027609  -0.0000733887   0.0011175540  -0.0010015642
       -0.0001092890   0.0000314516   0.0000152998  -0.0003234738  -0.0002504205
        0.0003933304   0.0000492682  -0.0008023244  -0.0001124493  -0.0000050714
        0.0664561848   0.0794902772  -0.0182298943   0.0276655209   0.0316935358
       -0.0274109788  -0.0020631191  -0.0019985811   0.0022869141
        0.0013730479  -0.0002707123   0.0317077411  -0.0908111455  -0.2168840569
        0.1620133304  -0.0027828759  -0.0006324569   0.0006897653   0.0000919980
       -0.0004390035   0.0000083652   0.0001767040  -0.0002628289  -0.0000892922
        0.0002027609   0.0000131424  -0.0000566963  -0.0009947401  -0.0043119401
        0.0008564259   0.0000148016   0.0002963900  -0.0004657117   0.0003933304
        0.0006256789   0.0001286128  -0.0001124493   0.0002359228   0.0000473669
        0.0794902772   0.1850441309  -0.1735515749   0.0120562405   0.0359918482
       -0.0195413158   0.0009020501   0.0005938855  -0.0017470167
        0.0027493813  -0.0014862802   0.0235166694   0.0016516495   0.1471847205
       -0.3840426910   0.0014795228   0.0008913108   0.0006141787   0.0000179645
        0.0000083652  -0.0004802091  -0.0003352302  -0.0000892922  -0.0001404972
       -0.0000733887  -0.0000566963  -0.0001229790   0.0001796210   0.0006418754
        0.0014860815  -0.0003445651  -0.0004500489   0.0001403817   0.0000492682
        0.0001286128  -0.0003849853  -0.0000050714   0.0000473669  -0.0008122276
       -0.0182298943  -0.1735515749   0.3762679559   0.0115671983   0.0267427158
       -0.0160811178   0.0012935442  -0.0000110748   0.0000394397
       -0.0012490841   0.0004595414  -0.0198158914  -0.1766396629  -0.1063082116
       -0.1595590134  -0.0012194435  -0.0007795183  -0.0007158055   0.0001958645
        0.0001335332   0.0003916589   0.0006801973   0.0001416409   0.0002594777
        0.0001683412   0.0001907995   0.0001269179   0.0008398324  -0.0009680859
       -0.0010045048  -0.0024537586  -0.0025628950  -0.0001301223  -0.0001571373
        0.0002496935   0.0002297347  -0.0006936123   0.0000867610   0.0000858377
        0.0276655209   0.0120562405   0.0115671983   0.4370028386  -0.1359683877
        0.2074413239  -0.2841398964   0.2332688886  -0.0388768118
       -0.0143384030   0.0098233908  -0.0349110306  -0.0855569804  -0.1966059088
       -0.0637902780  -0.0007857894   0.0004836544  -0.0006293488   0.0001335332
       -0.0002371829   0.0001110598   0.0001416409  -0.0003661094   0.0000345049
        0.0001907995  -0.0000502376   0.0000735659  -0.0009613586  -0.0013303988
       -0.0017441633  -0.0025636572  -0.0035413648  -0.0000170223   0.0002496935
        0.0001143091   0.0003863542   0.0000867610   0.0003473830   0.0010370226
        0.0316935358   0.0359918482   0.0267427158  -0.1359683877   0.3557784579
        0.0977386438   0.2076786124  -0.2004078410  -0.0250320242
        0.0056579667  -0.0036392071   0.0238150930  -0.1181757652  -0.0755554877
       -0.3749221866  -0.0009813013  -0.0004321861   0.0002728875   0.0003916589
        0.0001110598   0.0000506957   0.0002594777   0.0000345049  -0.0003217336
        0.0001269179   0.0000735659  -0.0001118962  -0.0007196955  -0.0019556685
        0.0001291831  -0.0001623883   0.0000069391  -0.0008309040   0.0002297347
        0.0003863542   0.0000498612   0.0000858377   0.0010370226   0.0003251934
       -0.0274109788  -0.0195413158  -0.0160811178   0.2074413239   0.0977386438
        0.4222133168  -0.0667427885   0.0017357748  -0.0545883924
       -0.0005377087  -0.0018913410  -0.0015159394  -0.0083890256   0.0088068339
        0.0020045353   0.0004553180   0.0001275168   0.0003219380  -0.0000967937
       -0.0000132168  -0.0001338503  -0.0002061310   0.0000112321  -0.0000727666
       -0.0000892350  -0.0000522206  -0.0000527055  -0.0001139476   0.0007543017
        0.0007400895  -0.0010853992  -0.0009554281  -0.0001240969   0.0000056984
       -0.0001367718  -0.0001654010   0.0003126944  -0.0002164973  -0.0002983813
       -0.0020631191   0.0009020501   0.0012935442  -0.2841398964   0.2076786124
       -0.0667427885   0.2959475454  -0.2150150714   0.0647458224
        0.0006969456  -0.0014355495  -0.0009681123  -0.0164710977   0.0179975277
        0.0036939088   0.0001275168  -0.0002797162   0.0000542644  -0.0000132168
        0.0000955444  -0.0000091547   0.0000112321   0.0001133244   0.0000025553
       -0.0000522206   0.0000455886  -0.0000180262   0.0007543017   0.0000574718
        0.0008289467  -0.0009554281   0.0000746199  -0.0000698386  -0.0001367718
        0.0000280017  -0.0001524640  -0.0002164973   0.0000263095  -0.0005550923
       -0.0019985811   0.0005938855  -0.0000110748   0.2332688886  -0.2004078410
        0.0017357748  -0.2150150714   0.1830908332  -0.0045316872
       -0.0024023416   0.0005809006   0.0000081090  -0.0259684089   0.0306486368
        0.0050451837   0.0003219380   0.0000542644  -0.0001642101  -0.0001338503
       -0.0000091547   0.0000037362  -0.0000727666   0.0000025553   0.0000971643
       -0.0000527055  -0.0000180262   0.0000452554   0.0007400895   0.0008289467
        0.0000259345  -0.0001240969  -0.0000698386   0.0006032396  -0.0001654010
       -0.0001524640  -0.0000303021  -0.0002983813  -0.0005550923  -0.0003359713
        0.0022869141  -0.0017470167   0.0000394397  -0.0388768118  -0.0250320242
       -0.0545883924   0.0647458224  -0.0045316872   0.0492508135
$hessian (projected)
        0.7806951454  -0.0170191408  -0.0080436282  -0.2124002221  -0.0846042983
        0.0039372636  -0.2854817242   0.0322318162  -0.0666343910   0.0094152420
       -0.0012350526  -0.0007259261  -0.0008132358  -0.0000651920  -0.0004064765
       -0.0066772204   0.0047192243  -0.0024918245  -0.2255609612   0.0672929102
        0.0616057032  -0.0862695022   0.0067172298   0.0037913795   0.0181317923
       -0.0233112866  -0.0084430309  -0.0017606257   0.0275421991   0.0114059245
        0.0125081046   0.0013730479   0.0027493813  -0.0012490841  -0.0143384030
        0.0056579667  -0.0005377087   0.0006969456  -0.0024023416
       -0.0170191408   0.8340850529   0.0991172830  -0.0976553192  -0.2560601790
        0.0192042466   0.0414512512  -0.1564762078  -0.0056705352   0.0082393053
       -0.0012705472  -0.0007045958   0.0174930952   0.0002711554   0.0100879426
       -0.0221105082   0.0156142999  -0.0083910981   0.0735989866  -0.3334408764
       -0.1759654178   0.0086666442  -0.1292766149   0.0542706080  -0.0027443301
       -0.0001899359   0.0024252351   0.0001477084   0.0186267238   0.0101709183
       -0.0086358931  -0.0002707123  -0.0014862802   0.0004595414   0.0098233908
       -0.0036392071  -0.0018913410  -0.0014355495   0.0005809006
       -0.0080436282   0.0991172830   0.7795170224  -0.0028079825   0.0098803985
       -0.2036724016  -0.0514575879  -0.0118265346  -0.1381489576  -0.0270099056
        0.0033671161   0.0020182082   0.0192120649   0.0004913244   0.0108492277
        0.0040725442  -0.0028900402   0.0013901520   0.0493702311  -0.1372543400
       -0.2100431171  -0.0026695907   0.0651258383  -0.2743713900   0.0142519203
       -0.0134183059  -0.0081498702  -0.0012272106  -0.0084213378  -0.0067287451
        0.0276409759   0.0317077411   0.0235166694  -0.0198158914  -0.0349110306
        0.0238150930  -0.0015159394  -0.0009681123   0.0000081090
       -0.2124002221  -0.0976553192  -0.0028079825   0.4843643701   0.2941178703
        0.1506549582  -0.0083583073  -0.0297624614   0.0031644048  -0.0038285149
       -0.0009006244  -0.0028143260  -0.0066793203  -0.0002302876   0.0008941698
       -0.0003946233  -0.0004145495  -0.0001288947   0.0269621846   0.0198008936
       -0.0103103171   0.0041035245   0.0035283873   0.0011092444   0.0004432211
       -0.0005767015  -0.0004783170   0.0022206216   0.0049320158   0.0032095848
       -0.1014042456  -0.0908111455   0.0016516495  -0.1766396629  -0.0855569804
       -0.1181757652  -0.0083890256  -0.0164710977  -0.0259684089
       -0.0846042983  -0.2560601790   0.0098803985   0.2941178703   0.6642642238
       -0.1019099202   0.0061384688   0.0218434750  -0.0023374613  -0.0009720333
        0.0007149229  -0.0005889719  -0.0001630518   0.0010527093  -0.0000156012
       -0.0004101833   0.0000593877   0.0000172264  -0.0207377210  -0.0151399596
        0.0078117364  -0.0025618806  -0.0020252512  -0.0006366275  -0.0006968358
       -0.0009603314  -0.0009137144   0.0049299957  -0.0182565594  -0.0135849342
       -0.0975389531  -0.2168840569   0.1471847205  -0.1063082116  -0.1966059088
       -0.0755554877   0.0088068339   0.0179975277   0.0306486368
        0.0039372636   0.0192042466  -0.2036724016   0.1506549582  -0.1019099202
        0.9471603087  -0.0029035791  -0.0109543815   0.0005288323  -0.0028805350
       -0.0008517655  -0.0008166696   0.0009565095   0.0002318346   0.0007332216
       -0.0001248465   0.0000332944   0.0005596284  -0.0302726877  -0.0184336982
        0.0065656571   0.0205537066   0.0251904505   0.0079220635  -0.0003198444
       -0.0008432721  -0.0000435206   0.0032122496  -0.0135837497  -0.0050174258
        0.0147412832   0.1620133304  -0.3840426910  -0.1595590134  -0.0637902780
       -0.3749221866   0.0020045353   0.0036939088   0.0050451837
       -0.2854817242   0.0414512512  -0.0514575879  -0.0083583073   0.0061384688
       -0.0029035791   0.6167125286  -0.0102620112   0.0006397688  -0.0732823687
        0.0038072132  -0.0040866665  -0.0986477621   0.0601271044   0.0437647236
       -0.1491398022  -0.1067208500   0.0063989488  -0.0007310229  -0.0001999920
       -0.0001648291   0.0095501852  -0.0012975061  -0.0004113986  -0.0068067970
        0.0108016553   0.0076300314   0.0003960905  -0.0004041853  -0.0002295708
       -0.0034468944  -0.0027828759   0.0014795228  -0.0012194435  -0.0007857894
       -0.0009813013   0.0004553180   0.0001275168   0.0003219380
        0.0322318162  -0.1564762078  -0.0118265346  -0.0297624614   0.0218434750
       -0.0109543815  -0.0102620112   0.6266897558   0.0219065129   0.0034019151
       -0.0838974016   0.0766270391   0.0594396721  -0.1781569364  -0.1039137454
       -0.1058298963  -0.2163117792   0.0176094773   0.0362107253   0.0006915025
        0.0203204177   0.0074799524  -0.0002697243  -0.0000872563   0.0108176343
       -0.0132735916  -0.0104344196  -0.0002988796  -0.0004105736   0.0002395014
       -0.0027764654  -0.0006324569   0.0008913108  -0.0007795183   0.0004836544
       -0.0004321861   0.0001275168  -0.0002797162   0.0000542644
       -0.0666343910  -0.0056705352  -0.1381489576   0.0031644048  -0.0023374613
        0.0005288323   0.0006397688   0.0219065129   0.5957718332  -0.0029696020
        0.0770706418  -0.2674825278   0.0431822831  -0.1038724481  -0.1476647297
        0.0059664474   0.0171526053  -0.0578991056   0.0362641357   0.0013771424
        0.0194472885  -0.0282105701   0.0045248962   0.0014330944   0.0076089530
       -0.0104437891  -0.0061685889  -0.0003684826   0.0001777541  -0.0005399948
        0.0017509204   0.0006897653   0.0006141787  -0.0007158055  -0.0006293488
        0.0002728875   0.0003219380   0.0000542644  -0.0001642101
        0.0094152420   0.0082393053  -0.0270099056  -0.0038285149  -0.0009720333
       -0.0028805350  -0.0732823687   0.0034019151  -0.0029696020   0.0631938035
       -0.0056968804   0.0072771926   0.0021801639  -0.0061260493   0.0085785482
        0.0042141938  -0.0015945107   0.0168963821  -0.0009870475   0.0002841784
       -0.0000699538   0.0000676160   0.0001653175  -0.0002324330  -0.0004992909
        0.0017996703   0.0001537212  -0.0002885938   0.0002867725  -0.0000191878
       -0.0002842744   0.0000919980   0.0000179645   0.0001958645   0.0001335332
        0.0003916589  -0.0000967937  -0.0000132168  -0.0001338503
       -0.0012350526  -0.0012705472   0.0033671161  -0.0009006244   0.0007149229
       -0.0008517655   0.0038072132  -0.0838974016   0.0770706418  -0.0056968804
        0.0751444919  -0.0804281976  -0.0032481010   0.0143858617  -0.0190312912
        0.0045934393  -0.0016485778   0.0194071135   0.0002112651  -0.0011306570
        0.0002924675   0.0001699834   0.0004978444   0.0003004321   0.0017996703
       -0.0022793271  -0.0002475143   0.0002867725   0.0000640317   0.0000107272
        0.0000919980  -0.0004390035   0.0000083652   0.0001335332  -0.0002371829
        0.0001110598  -0.0000132168   0.0000955444  -0.0000091547
       -0.0007259261  -0.0007045958   0.0020182082  -0.0028143260  -0.0005889719
       -0.0008166696  -0.0040866665   0.0766270391  -0.2674825278   0.0072771926
       -0.0804281976   0.2672658504  -0.0012504741   0.0054353965  -0.0072044093
        0.0015555580  -0.0005558941   0.0065986736  -0.0001375577   0.0000241375
       -0.0005971899  -0.0002281069   0.0003176032  -0.0001770675   0.0001537212
       -0.0002475143   0.0005972707  -0.0000191878   0.0000107272   0.0002236385
        0.0000179645   0.0000083652  -0.0004802091   0.0003916589   0.0001110598
        0.0000506957  -0.0001338503  -0.0000091547   0.0000037362
       -0.0008132358   0.0174930952   0.0192120649  -0.0066793203  -0.0001630518
        0.0009565095  -0.0986477621   0.0594396721   0.0431822831   0.0021801639
       -0.0032481010  -0.0012504741   0.0923035978  -0.0648816065  -0.0476058201
        0.0120575415  -0.0101376988  -0.0133919999   0.0001641656  -0.0004364412
       -0.0003256117  -0.0013595033   0.0013470595  -0.0008278348   0.0000510089
        0.0001392963   0.0001050534  -0.0000842280   0.0001181991   0.0000943489
        0.0003535051   0.0001767040  -0.0003352302   0.0006801973   0.0001416409
        0.0002594777  -0.0002061310   0.0000112321  -0.0000727666
       -0.0000651920   0.0002711554   0.0004913244  -0.0002302876   0.0010527093
        0.0002318346   0.0601271044  -0.1781569364  -0.1038724481  -0.0061260493
        0.0143858617   0.0054353965  -0.0648816065   0.1718474745   0.1085411535
        0.0095813907  -0.0081062504  -0.0112003179  -0.0004317508   0.0002452007
        0.0000945890   0.0014393185  -0.0009896403   0.0005474123   0.0001392963
       -0.0000656922  -0.0001579045   0.0001181991   0.0000317317  -0.0000588079
        0.0001767040  -0.0002628289  -0.0000892922   0.0001416409  -0.0003661094
        0.0000345049   0.0000112321   0.0001133244   0.0000025553
       -0.0004064765   0.0100879426   0.0108492277   0.0008941698  -0.0000156012
        0.0007332216   0.0437647236  -0.1039137454  -0.1476647297   0.0085785482
       -0.0190312912  -0.0072044093  -0.0476058201   0.1085411535   0.1381306489
       -0.0042124712   0.0036016992   0.0053425063  -0.0003212629   0.0001118502
       -0.0001442990  -0.0007422940   0.0008869366   0.0002398411   0.0001050534
       -0.0001579045   0.0000245952   0.0000943489  -0.0000588079   0.0000584639
       -0.0003352302  -0.0000892922  -0.0001404972   0.0002594777   0.0000345049
       -0.0003217336  -0.0000727666   0.0000025553   0.0000971643
       -0.0066772204  -0.0221105082   0.0040725442  -0.0003946233  -0.0004101833
       -0.0001248465  -0.1491398022  -0.1058298963   0.0059664474   0.0042141938
        0.0045934393   0.0015555580   0.0120575415   0.0095813907  -0.0042124712
        0.1458075519   0.1125027575  -0.0080892596  -0.0024846987   0.0004164857
        0.0004591339  -0.0015800665  -0.0001027077  -0.0012871739  -0.0017875336
        0.0009858679   0.0015597201  -0.0002134061   0.0000320146   0.0000995239
        0.0001189573   0.0002027609  -0.0000733887   0.0001683412   0.0001907995
        0.0001269179  -0.0000892350  -0.0000522206  -0.0000527055
        0.0047192243   0.0156142999  -0.0028900402  -0.0004145495   0.0000593877
        0.0000332944  -0.1067208500  -0.2163117792   0.0171526053  -0.0015945107
       -0.0016485778  -0.0005558941  -0.0101376988  -0.0081062504   0.0036016992
        0.1125027575   0.2103408033  -0.0163719090   0.0004849287  -0.0004831590
       -0.0001440487  -0.0001985239   0.0003016747  -0.0001492265   0.0009858679
        0.0001003951  -0.0006659834   0.0000320146   0.0001247122  -0.0000093404
        0.0002027609   0.0000131424  -0.0000566963   0.0001907995  -0.0000502376
        0.0000735659  -0.0000522206   0.0000455886  -0.0000180262
       -0.0024918245  -0.0083910981   0.0013901520  -0.0001288947   0.0000172264
        0.0005596284   0.0063989488   0.0176094773  -0.0578991056   0.0168963821
        0.0194071135   0.0065986736  -0.0133919999  -0.0112003179   0.0053425063
       -0.0080892596  -0.0163719090   0.0459165088   0.0005225929   0.0001078299
       -0.0007183389  -0.0013760128  -0.0005018417  -0.0005667972   0.0015597201
       -0.0006659834  -0.0005322879   0.0000995239  -0.0000093404   0.0000986803
       -0.0000733887  -0.0000566963  -0.0001229790   0.0001269179   0.0000735659
       -0.0001118962  -0.0000527055  -0.0000180262   0.0000452554
       -0.2255609612   0.0735989866   0.0493702311   0.0269621846  -0.0207377210
       -0.0302726877  -0.0007310229   0.0362107253   0.0362641357  -0.0009870475
        0.0002112651  -0.0001375577   0.0001641656  -0.0004317508  -0.0003212629
       -0.0024846987   0.0004849287   0.0005225929   0.7763871283   0.0631347678
       -0.0408487793   0.0028021828  -0.0043503708  -0.0013701399  -0.2428991077
       -0.0204621333  -0.1963435197  -0.3354962621  -0.1264569006   0.1829369724
        0.0011175540  -0.0009947401   0.0001796210   0.0008398324  -0.0009613586
       -0.0007196955  -0.0001139476   0.0007543017   0.0007400895
        0.0672929102  -0.3334408764  -0.1372543400   0.0198008936  -0.0151399596
       -0.0184336982  -0.0001999920   0.0006915025   0.0013771424   0.0002841784
       -0.0011306570   0.0000241375  -0.0004364412   0.0002452007   0.0001118502
        0.0004164857  -0.0004831590   0.0001078299   0.0631347678   0.4791262734
        0.2134676897  -0.0090053091   0.0237310941   0.0074720735  -0.0395691485
       -0.0516753321  -0.0903387165  -0.1005029967  -0.0963392193   0.0239508778
       -0.0010015642  -0.0043119401   0.0006418754  -0.0009680859  -0.0013303988
       -0.0019556685   0.0007543017   0.0000574718   0.0008289467
        0.0616057032  -0.1759654178  -0.2100431171  -0.0103103171   0.0078117364
        0.0065656571  -0.0001648291   0.0203204177   0.0194472885  -0.0000699538
        0.0002924675  -0.0005971899  -0.0003256117   0.0000945890  -0.0001442990
        0.0004591339  -0.0001440487  -0.0007183389  -0.0408487793   0.2134676897
        0.6437853797   0.0135222529  -0.0338552530  -0.0106600225  -0.1816841787
       -0.0628591181  -0.2916811821   0.1581902841   0.0308957278  -0.1575953747
       -0.0001092890   0.0008564259   0.0014860815  -0.0010045048  -0.0017441633
        0.0001291831   0.0007400895   0.0008289467   0.0000259345
       -0.0862695022   0.0086666442  -0.0026695907   0.0041035245  -0.0025618806
        0.0205537066   0.0095501852   0.0074799524  -0.0282105701   0.0000676160
        0.0001699834  -0.0002281069  -0.0013595033   0.0014393185  -0.0007422940
       -0.0015800665  -0.0001985239  -0.0013760128   0.0028021828  -0.0090053091
        0.0135222529   0.0760513039  -0.0025222859  -0.0007674197   0.0002369599
       -0.0002139538   0.0000970322  -0.0000949942   0.0002503384   0.0004520528
        0.0000314516   0.0000148016  -0.0003445651  -0.0024537586  -0.0025636572
       -0.0001623883  -0.0010853992  -0.0009554281  -0.0001240969
        0.0067172298  -0.1292766149   0.0651258383   0.0035283873  -0.0020252512
        0.0251904505  -0.0012975061  -0.0002697243   0.0045248962   0.0001653175
        0.0004978444   0.0003176032   0.0013470595  -0.0009896403   0.0008869366
       -0.0001027077   0.0003016747  -0.0005018417  -0.0043503708   0.0237310941
       -0.0338552530  -0.0025222859   0.1106261567  -0.0604723576  -0.0000742282
        0.0001419406  -0.0003684068   0.0000921279   0.0004328750  -0.0003349173
        0.0000152998   0.0002963900  -0.0004500489  -0.0025628950  -0.0035413648
        0.0000069391  -0.0009554281   0.0000746199  -0.0000698386
        0.0037913795   0.0542706080  -0.2743713900   0.0011092444  -0.0006366275
        0.0079220635  -0.0004113986  -0.0000872563   0.0014330944  -0.0002324330
        0.0003004321  -0.0001770675  -0.0008278348   0.0005474123   0.0002398411
       -0.0012871739  -0.0001492265  -0.0005667972  -0.0013701399   0.0074720735
       -0.0106600225  -0.0007674197  -0.0604723576   0.2777538690  -0.0000872839
       -0.0004503367  -0.0007416022   0.0006607528  -0.0002421487  -0.0007447058
       -0.0003234738  -0.0004657117   0.0001403817  -0.0001301223  -0.0000170223
       -0.0008309040  -0.0001240969  -0.0000698386   0.0006032396
        0.0181317923  -0.0027443301   0.0142519203   0.0004432211  -0.0006968358
       -0.0003198444  -0.0068067970   0.0108176343   0.0076089530  -0.0004992909
        0.0017996703   0.0001537212   0.0000510089   0.0001392963   0.0001050534
       -0.0017875336   0.0009858679   0.0015597201  -0.2428991077  -0.0395691485
       -0.1816841787   0.0002369599  -0.0000742282  -0.0000872839   0.2458814539
        0.0341287512   0.1837837930  -0.0123498476  -0.0052929294  -0.0254854561
       -0.0002504205   0.0003933304   0.0000492682  -0.0001571373   0.0002496935
        0.0002297347   0.0000056984  -0.0001367718  -0.0001654010
       -0.0233112866  -0.0001899359  -0.0134183059  -0.0005767015  -0.0009603314
       -0.0008432721   0.0108016553  -0.0132735916  -0.0104437891   0.0017996703
       -0.0022793271  -0.0002475143   0.0001392963  -0.0000656922  -0.0001579045
        0.0009858679   0.0001003951  -0.0006659834  -0.0204621333  -0.0516753321
       -0.0628591181  -0.0002139538   0.0001419406  -0.0004503367   0.0341287512
        0.0675282635   0.0957453392  -0.0037974177  -0.0000943785  -0.0070216182
        0.0003933304   0.0006256789   0.0001286128   0.0002496935   0.0001143091
        0.0003863542  -0.0001367718   0.0000280017  -0.0001524640
       -0.0084430309   0.0024252351  -0.0081498702  -0.0004783170  -0.0009137144
       -0.0000435206   0.0076300314  -0.0104344196  -0.0061685889   0.0001537212
       -0.0002475143   0.0005972707   0.0001050534  -0.0001579045   0.0000245952
        0.0015597201  -0.0006659834  -0.0005322879  -0.1963435197  -0.0903387165
       -0.2916811821   0.0000970322  -0.0003684068  -0.0007416022   0.1837837930
        0.0957453392   0.2829160479   0.0118219143   0.0045935821   0.0241445644
        0.0000492682   0.0001286128  -0.0003849853   0.0002297347   0.0003863542
        0.0000498612  -0.0001654010  -0.0001524640  -0.0000303021
       -0.0017606257   0.0001477084  -0.0012272106   0.0022206216   0.0049299957
        0.0032122496   0.0003960905  -0.0002988796  -0.0003684826  -0.0002885938
        0.0002867725  -0.0000191878  -0.0000842280   0.0001181991   0.0000943489
       -0.0002134061   0.0000320146   0.0000995239  -0.3354962621  -0.1005029967
        0.1581902841  -0.0000949942   0.0000921279   0.0006607528  -0.0123498476
       -0.0037974177   0.0118219143   0.3488544877   0.0992346613  -0.1722465777
       -0.0008023244  -0.0001124493  -0.0000050714  -0.0006936123   0.0000867610
        0.0000858377   0.0003126944  -0.0002164973  -0.0002983813
        0.0275421991   0.0186267238  -0.0084213378   0.0049320158  -0.0182565594
       -0.0135837497  -0.0004041853  -0.0004105736   0.0001777541   0.0002867725
        0.0000640317   0.0000107272   0.0001181991   0.0000317317  -0.0000588079
        0.0000320146   0.0001247122  -0.0000093404  -0.1264569006  -0.0963392193
        0.0308957278   0.0002503384   0.0004328750  -0.0002421487  -0.0052929294
       -0.0000943785   0.0045935821   0.0992346613   0.0952110412  -0.0138917038
       -0.0001124493   0.0002359228   0.0000473669   0.0000867610   0.0003473830
        0.0010370226  -0.0002164973   0.0000263095  -0.0005550923
        0.0114059245   0.0101709183  -0.0067287451   0.0032095848  -0.0135849342
       -0.0050174258  -0.0002295708   0.0002395014  -0.0005399948  -0.0000191878
        0.0000107272   0.0002236385   0.0000943489  -0.0000588079   0.0000584639
        0.0000995239  -0.0000093404   0.0000986803   0.1829369724   0.0239508778
       -0.1575953747   0.0004520528  -0.0003349173  -0.0007447058  -0.0254854561
       -0.0070216182   0.0241445644  -0.1722465777  -0.0138917038   0.1469239046
       -0.0000050714   0.0000473669  -0.0008122276   0.0000858377   0.0010370226
        0.0003251934  -0.0002983813  -0.0005550923  -0.0003359713
        0.0125081046  -0.0086358931   0.0276409759  -0.1014042456  -0.0975389531
        0.0147412832  -0.0034468944  -0.0027764654   0.0017509204  -0.0002842744
        0.0000919980   0.0000179645   0.0003535051   0.0001767040  -0.0003352302
        0.0001189573   0.0002027609  -0.0000733887   0.0011175540  -0.0010015642
       -0.0001092890   0.0000314516   0.0000152998  -0.0003234738  -0.0002504205
        0.0003933304   0.0000492682  -0.0008023244  -0.0001124493  -0.0000050714
        0.0664561848   0.0794902772  -0.0182298943   0.0276655209   0.0316935358
       -0.0274109788  -0.0020631191  -0.0019985811   0.0022869141
        0.0013730479  -0.0002707123   0.0317077411  -0.0908111455  -0.2168840569
        0.1620133304  -0.0027828759  -0.0006324569   0.0006897653   0.0000919980
       -0.0004390035   0.0000083652   0.0001767040  -0.0002628289  -0.0000892922
        0.0002027609   0.0000131424  -0.0000566963  -0.0009947401  -0.0043119401
        0.0008564259   0.0000148016   0.0002963900  -0.0004657117   0.0003933304
        0.0006256789   0.0001286128  -0.0001124493   0.0002359228   0.0000473669
        0.0794902772   0.1850441309  -0.1735515749   0.0120562405   0.0359918482
       -0.0195413158   0.0009020501   0.0005938855  -0.0017470167
        0.0027493813  -0.0014862802   0.0235166694   0.0016516495   0.1471847205
       -0.3840426910   0.0014795228   0.0008913108   0.0006141787   0.0000179645
        0.0000083652  -0.0004802091  -0.0003352302  -0.0000892922  -0.0001404972
       -0.0000733887  -0.0000566963  -0.0001229790   0.0001796210   0.0006418754
        0.0014860815  -0.0003445651  -0.0004500489   0.0001403817   0.0000492682
        0.0001286128  -0.0003849853  -0.0000050714   0.0000473669  -0.0008122276
       -0.0182298943  -0.1735515749   0.3762679559   0.0115671983   0.0267427158
       -0.0160811178   0.0012935442  -0.0000110748   0.0000394397
       -0.0012490841   0.0004595414  -0.0198158914  -0.1766396629  -0.1063082116
       -0.1595590134  -0.0012194435  -0.0007795183  -0.0007158055   0.0001958645
        0.0001335332   0.0003916589   0.0006801973   0.0001416409   0.0002594777
        0.0001683412   0.0001907995   0.0001269179   0.0008398324  -0.0009680859
       -0.0010045048  -0.0024537586  -0.0025628950  -0.0001301223  -0.0001571373
        0.0002496935   0.0002297347  -0.0006936123   0.0000867610   0.0000858377
        0.0276655209   0.0120562405   0.0115671983   0.4370028386  -0.1359683877
        0.2074413239  -0.2841398964   0.2332688886  -0.0388768118
       -0.0143384030   0.0098233908  -0.0349110306  -0.0855569804  -0.1966059088
       -0.0637902780  -0.0007857894   0.0004836544  -0.0006293488   0.0001335332
       -0.0002371829   0.0001110598   0.0001416409  -0.0003661094   0.0000345049
        0.0001907995  -0.0000502376   0.0000735659  -0.0009613586  -0.0013303988
       -0.0017441633  -0.0025636572  -0.0035413648  -0.0000170223   0.0002496935
        0.0001143091   0.0003863542   0.0000867610   0.0003473830   0.0010370226
        0.0316935358   0.0359918482   0.0267427158  -0.1359683877   0.3557784579
        0.0977386438   0.2076786124  -0.2004078410  -0.0250320242
        0.0056579667  -0.0036392071   0.0238150930  -0.1181757652  -0.0755554877
       -0.3749221866  -0.0009813013  -0.0004321861   0.0002728875   0.0003916589
        0.0001110598   0.0000506957   0.0002594777   0.0000345049  -0.0003217336
        0.0001269179   0.0000735659  -0.0001118962  -0.0007196955  -0.0019556685
        0.0001291831  -0.0001623883   0.0000069391  -0.0008309040   0.0002297347
        0.0003863542   0.0000498612   0.0000858377   0.0010370226   0.0003251934
       -0.0274109788  -0.0195413158  -0.0160811178   0.2074413239   0.0977386438
        0.4222133168  -0.0667427885   0.0017357748  -0.0545883924
       -0.0005377087  -0.0018913410  -0.0015159394  -0.0083890256   0.0088068339
        0.0020045353   0.0004553180   0.0001275168   0.0003219380  -0.0000967937
       -0.0000132168  -0.0001338503  -0.0002061310   0.0000112321  -0.0000727666
       -0.0000892350  -0.0000522206  -0.0000527055  -0.0001139476   0.0007543017
        0.0007400895  -0.0010853992  -0.0009554281  -0.0001240969   0.0000056984
       -0.0001367718  -0.0001654010   0.0003126944  -0.0002164973  -0.0002983813
       -0.0020631191   0.0009020501   0.0012935442  -0.2841398964   0.2076786124
       -0.0667427885   0.2959475454  -0.2150150714   0.0647458224
        0.0006969456  -0.0014355495  -0.0009681123  -0.0164710977   0.0179975277
        0.0036939088   0.0001275168  -0.0002797162   0.0000542644  -0.0000132168
        0.0000955444  -0.0000091547   0.0000112321   0.0001133244   0.0000025553
       -0.0000522206   0.0000455886  -0.0000180262   0.0007543017   0.0000574718
        0.0008289467  -0.0009554281   0.0000746199  -0.0000698386  -0.0001367718
        0.0000280017  -0.0001524640  -0.0002164973   0.0000263095  -0.0005550923
       -0.0019985811   0.0005938855  -0.0000110748   0.2332688886  -0.2004078410
        0.0017357748  -0.2150150714   0.1830908332  -0.0045316872
       -0.0024023416   0.0005809006   0.0000081090  -0.0259684089   0.0306486368
        0.0050451837   0.0003219380   0.0000542644  -0.0001642101  -0.0001338503
       -0.0000091547   0.0000037362  -0.0000727666   0.0000025553   0.0000971643
       -0.0000527055  -0.0000180262   0.0000452554   0.0007400895   0.0008289467
        0.0000259345  -0.0001240969  -0.0000698386   0.0006032396  -0.0001654010
       -0.0001524640  -0.0000303021  -0.0002983813  -0.0005550923  -0.0003359713
        0.0022869141  -0.0017470167   0.0000394397  -0.0388768118  -0.0250320242
       -0.0545883924   0.0647458224  -0.0045316872   0.0492508135
$end
