$grad          cartesian gradients
  cycle =      1    UFF energy =      0.1430216615   |dE/dxyz| =  0.316591
   -0.70868118100335      3.11276881451085      1.50209343974675      c       
    0.05729123016602      5.31189599769994      0.29676970163955      c       
    1.90505908010906      5.23796799161097     -1.56137426881503      c       
    0.39106334344188      0.81135233050800      0.81465558277446      c       
    2.27670173181520      0.68233916533149     -1.05992136196283      c       
    3.02132775216144      2.93689018341198     -2.22613309010666      c       
   -0.95806102125017      7.60240184911373      0.89011047366905      o       
    0.39527174718751      8.72290520944425      1.42075087762113      h       
    4.48001858189153      2.98930646851889     -3.65941720628956      h       
   -0.22799421416531     -0.90322546008446      1.77141897805857      h       
   -2.14492335152192      3.14301911631319      2.96586346057927      h       
    2.48762408743828      6.97441649271500     -2.49006580213834      h       
    3.33902854184680     -1.90359970827362     -1.69408775856058      c       
    1.67451218673593     -3.81616429485692     -3.12871616310681      c       
    4.00866518397528     -2.77013718712219      0.07018538617077      h       
    5.03531450485767     -1.56569743410941     -2.84570037895308      h       
    3.30343342170197     -6.09941383169587     -3.93929845966498      c       
    3.80249749792307     -7.94010514211946     -2.64139146269657      o       
    4.20932108554374     -5.77617673085200     -6.32423900495342      o       
    3.72026483671762     -7.32809491770540     -7.25054342120858      h       
   -0.50980344890447     -4.85254163575592     -1.65201222215944      n       
    0.93738210429271     -2.97782619400980     -4.87358653086959      h       
   -0.26036327616016     -4.36340491998861      0.20847166663082      h       
   -2.11227643853486     -3.91045789683357     -2.17948928645646      h       
  -.30488098068076D-01  0.98158826730539D-02  0.34366897401606D-01
  -.29684351992515D-01  0.42124552738814D-01  0.25370352598143D-01
  0.46559915043586D-02  0.49218817636642D-01  -.17619822585820D-01
  -.13733206842885D-01  -.30390276938612D-01  0.17515438452286D-01
  0.56651878320362D-01  -.28745419568632D-01  -.24902981323993D-01
  0.21691288550556D-01  -.46720380916522D-02  -.20282571065389D-01
  0.40827252185425D-01  0.10595059530467D-01  -.12814565599229D-01
  -.23469048340594D-01  -.31785703142234D-01  -.77545416260597D-02
  -.13953218458851D-02  0.81571719697574D-02  0.23095173339257D-02
  -.65285974317251D-03  -.15829115060613D-01  -.56413583097305D-02
  0.39493568071323D-03  -.62245381489928D-02  0.16190928743973D-02
  0.68921330054988D-03  0.75349511157855D-03  -.30794831486684D-03
  -.16935186433914D-01  -.17226210566038D-01  -.42774876827069D-02
  0.20443210374886D-01  0.59438644993242D-01  -.29512549688567D-01
  -.39773271099880D-02  0.48528180525252D-02  -.59661648896212D-02
  -.84718630839033D-02  0.18238768481229D-02  0.32098893335399D-02
  0.56477160029390D-01  -.18713857252104D+00  0.94952859374323D-01
  -.33309561454093D-01  0.12522494440768D+00  -.86049494498282D-01
  -.16596033297114D-01  0.16013524534801D-01  0.12319180723278D-01
  -.70155061358700D-02  0.17157219712379D-01  0.12719563196080D-01
  -.33212434719668D-01  -.23025233055388D-01  0.58097840132920D-02
  -.21138792978350D-02  -.87800973314519D-02  0.10525713801592D-01
  0.34968167283796D-03  0.18098708612863D-01  -.12371999136403D-01
  0.18874066746435D-01  -.94575123972691D-02  0.67831956182048D-02
  cycle =      2    UFF energy =      0.1338334567   |dE/dxyz| =  0.278831
   -0.72500163838057      3.20401462273592      1.40433581824032      c       
    0.09977665658206      5.37920655701313      0.21177181785986      c       
    1.90999399179060      5.25000678511051     -1.67095366648075      c       
    0.31427884717071      0.88270939312242      0.72183958114841      c       
    2.19553607454470      0.70672580459354     -1.14061353839724      c       
    2.97129399318092      2.93067778984174     -2.32795661052398      c       
   -0.76478155051056      7.71899181122799      0.90692648318006      o       
    0.69527174718751      8.73508615126972      1.42510052718430      h       
    4.43479641012897      2.93906890038024     -3.75864092547626      h       
   -0.33661455823736     -0.80052198608225      1.70111019362886      h       
   -2.13347641513351      3.28317231223602      2.89366236266859      h       
    2.54178952550247      6.97263706457565     -2.59408715029219      h       
    3.29945987316703     -1.88377754138194     -1.70228057974349      c       
    1.64932379260196     -3.87906487600845     -3.05146891105726      c       
    4.00964145944116     -2.67726507108540      0.08613175857170      h       
    4.98105965294425     -1.56142727436458     -2.88630546279012      h       
    3.30786230460916     -6.13723501066528     -3.85213054357277      c       
    3.79537880791447     -7.99585294328441     -2.51108729618682      o       
    4.24420342023056     -5.85502929123789     -6.23452267431989      o       
    3.61876407748436     -7.35605483779668     -7.18581894023177      h       
   -0.46532727699326     -4.93042175189618     -1.49189963795659      n       
    0.85039508513172     -3.10059449396077     -4.80425787214900      h       
   -0.22097494699284     -4.35668609772300      0.35155727289315      h       
   -2.14997534709807     -4.14994775084834     -2.07606885725032      h       
  -.26961648176445D-01  0.83994688751866D-02  0.30353099093233D-01
  -.25789064156724D-01  0.35109493661702D-01  0.21643355562694D-01
  0.42812169243564D-02  0.43189152392963D-01  -.15845517568385D-01
  -.12074017569875D-01  -.27056366419829D-01  0.15488079456522D-01
  0.50150486841639D-01  -.25245246821261D-01  -.22078638098007D-01
  0.19374699239584D-01  -.41834532110144D-02  -.18036282276519D-01
  0.32777286487561D-01  0.11038949968406D-01  -.10943356485010D-01
  -.18402080655352D-01  -.26706193050722D-01  -.60633669719544D-02
  -.11331474139058D-02  0.72138251815877D-02  0.19557372300361D-02
  -.60660706196258D-03  -.13583888312365D-01  -.47004229939254D-02
  0.16288781254768D-03  -.54134985879674D-02  0.16427087777349D-02
  0.63869082475112D-03  0.88554479890161D-03  -.33780032092799D-03
  -.14585118949760D-01  -.14924178248500D-01  -.39855403973870D-02
  0.18496026361124D-01  0.52714224751029D-01  -.26334225941519D-01
  -.33158436488591D-02  0.41223739733577D-02  -.48021509075563D-02
  -.74209184958213D-02  0.17394829725532D-02  0.27741993087053D-02
  0.49906243433935D-01  -.16587706372350D+00  0.83946234799004D-01
  -.29653800873811D-01  0.11082563759503D+00  -.76044516402328D-01
  -.13413726841089D-01  0.16650121699465D-01  0.12003164899393D-01
  -.73101317915877D-02  0.12865960022826D-01  0.10184844925082D-01
  -.26926996973371D-01  -.23405509036852D-01  0.62870354567886D-02
  -.20703886864189D-02  -.76114672389883D-02  0.87953069844021D-02
  0.73362723521257D-03  0.15882801455286D-01  -.10259855846431D-01
  0.13142326134271D-01  -.66301726973052D-02  0.43579077163551D-02
  cycle =      3    UFF energy =      0.1319415004   |dE/dxyz| =  0.264411
   -0.76688338142800      3.30644297725583      1.23506248061781      c       
    0.08260305973170      5.45133984391533      0.01563979295980      c       
    1.94164303306985      5.28104772629703     -1.81138042920478      c       
    0.27876199170064      0.97337932165289      0.62397384554185      c       
    2.19677662116704      0.74858455617608     -1.19238093388703      c       
    3.01041962803347      2.94721194882153     -2.39926194594759      c       
   -0.83824875958153      7.80317216914849      0.60692648318006      o       
    0.58197640778422      8.84976974729636      1.18689038011367      h       
    4.51325460767506      2.92153521599095     -3.78985994798743      h       
   -0.41064459222107     -0.67073451742618      1.62961353883762      h       
   -2.21915970047875      3.42049978690430      2.68055507935229      h       
    2.59461146765788      6.98357469798650     -2.75705373682836      h       
    3.33458310169280     -1.85606885182801     -1.65812781989380      c       
    1.69360117711883     -3.94048341393131     -2.89591645970635      c       
    4.08260867685449     -2.55741007733021      0.15708782412063      h       
    4.99364120582873     -1.56452424956308     -2.88395925293545      h       
    3.35581027325312     -6.20087367826890     -3.68097656388643      c       
    3.80558848557131     -8.06769545738531     -2.31193125470711      o       
    4.19365053908965     -6.02697407332051     -6.11537487325164      o       
    3.46811269331590     -7.53922667641539     -6.98919618323873      h       
   -0.34939912130527     -4.99446490755240     -1.24414707268539      n       
    0.82446866886444     -3.23244662736984     -4.65078229555800      h       
   -0.13699042154237     -4.29027016116197      0.56371227499693      h       
   -2.10811167558520     -4.42696703412359     -1.90476978105401      h       
  -.25704229854141D-01  0.81103510757724D-02  0.28946240062963D-01
  -.24165793942156D-01  0.32795033582340D-01  0.20537208449640D-01
  0.42596466475429D-02  0.41023088542666D-01  -.15253266682325D-01
  -.11530658790715D-01  -.25698788798058D-01  0.14775413016323D-01
  0.47694953499371D-01  -.23744170845888D-01  -.21095350589535D-01
  0.18582740159038D-01  -.41239068237536D-02  -.17329490058399D-01
  0.29678086603870D-01  0.11204298861158D-01  -.10188276166444D-01
  -.16802087427589D-01  -.25000600470752D-01  -.55615721749104D-02
  -.82797442408375D-03  0.68057612348342D-02  0.16383389007210D-02
  -.60776501347507D-03  -.12379526842522D-01  -.39806828674127D-02
  -.12231862737491D-03  -.50684734329304D-02  0.18232686202069D-02
  0.63948142376685D-03  0.93975117469206D-03  -.37294529914119D-03
  -.13361523005894D-01  -.13815802955808D-01  -.40773126210614D-02
  0.17920742622297D-01  0.50118355973099D-01  -.25479080924600D-01
  -.28938198613759D-02  0.36946590123565D-02  -.38710379114398D-02
  -.68924168232125D-02  0.18128704628246D-02  0.24755015136287D-02
  0.46431784917857D-01  -.15726570189338D+00  0.82005016374771D-01
  -.28119584487734D-01  0.10503176156154D+00  -.72271055306634D-01
  -.11171661621463D-01  0.17230496888163D-01  0.10313512883868D-01
  -.77040359550250D-02  0.10610648319581D-01  0.86930607971634D-02
  -.21245231794861D-01  -.26475876073739D-01  0.71653727272200D-02
  -.22185697746553D-02  -.70287142497820D-02  0.76701315057137D-02
  0.14364695663101D-02  0.15381573550979D-01  -.78652040707596D-02
  0.67237659637021D-02  -.41570878533853D-02  0.13022098204428D-02
  cycle =      4    UFF energy =      0.1278150779   |dE/dxyz| =  0.261147
   -0.77579334420915      3.18144464162203      1.37354084873266      c       
    0.02834997440195      5.35639415087492      0.17369038323866      c       
    1.87866161154092      5.24228783949640     -1.66739268407561      c       
    0.30304204400869      0.87261438303988      0.72542550718117      c       
    2.20493920646084      0.70975950061098     -1.11278074362743      c       
    2.97508080163631      2.93409728834435     -2.29742636334130      c       
   -0.94217482430181      7.68054875207415      0.79570470009104      o       
    0.45162826970094      8.75951006406297      1.38287452255497      h       
    4.46047321593795      2.94740093047969     -3.70839882253489      h       
   -0.34072151264370     -0.81326569543321      1.70880237136868      h       
   -2.22103183153213      3.25342731789703      2.82973062066964      h       
    2.49421581625351      6.96757923323964     -2.59767646529798      h       
    3.34904138729622     -1.86928953974622     -1.65413708602516      c       
    1.72111018783004     -3.86920068272000     -3.04031670770002      c       
    4.03105106841140     -2.66354981304054      0.15300464127396      h       
    5.05415364713171     -1.53223096719248     -2.80779529570114      h       
    3.39060962745971     -6.11155553926647     -3.84872434461809      c       
    3.87737167416827     -7.99035073459100     -2.50333493323673      o       
    4.30536963312974     -5.85497941443214     -6.25235070445175      o       
    3.59823988363396     -7.32939821997337     -7.20592559476146      h       
   -0.40378140232688     -4.94079614202035     -1.50194816787662      n       
    0.93407883899052     -3.07541204101338     -4.80042854177669      h       
   -0.14474464498339     -4.40965001244786      0.36931526637309      h       
   -2.10649534176426     -4.12696703412359     -2.09910925748006      h       
  -.25501796823200D-01  0.79948051048355D-02  0.28683290289059D-01
  -.23825442692633D-01  0.32301333355022D-01  0.20242591748815D-01
  0.42666161582355D-02  0.40589872006225D-01  -.15145234668486D-01
  -.11475695972981D-01  -.25296535520142D-01  0.14675889269698D-01
  0.47179146177537D-01  -.23304823215443D-01  -.20878747278906D-01
  0.18461513864089D-01  -.40933423695309D-02  -.17231939797024D-01
  0.28953075493196D-01  0.11271324775757D-01  -.10034804528174D-01
  -.16408261765559D-01  -.24520414358898D-01  -.53933750262357D-02
  -.68977392541544D-03  0.67108578364529D-02  0.14907080392685D-02
  -.59588391488200D-03  -.12214670017662D-01  -.34728905521040D-02
  -.22797999213505D-03  -.49965684237917D-02  0.19061969015375D-02
  0.68728846193420D-03  0.10653758553747D-02  -.44975046166679D-03
  -.12939717933616D-01  -.12871035956422D-01  -.39402525590626D-02
  0.18097162388125D-01  0.49434800098509D-01  -.25825008381266D-01
  -.26282298325709D-02  0.34110266382550D-02  -.29155985897868D-02
  -.62629469689726D-02  0.20867953648380D-02  0.20745697670159D-02
  0.45005139258551D-01  -.15507409289866D+00  0.82098953331684D-01
  -.27571398503316D-01  0.10339930477975D+00  -.71261826309642D-01
  -.10104515393929D-01  0.17785564512546D-01  0.94957715386493D-02
  -.79463198335716D-02  0.96605270400010D-02  0.80907393265061D-02
  -.16881437556652D-01  -.32334898458735D-01  0.69053507389219D-02
  -.24566609978404D-02  -.66361991088331D-02  0.65873856676490D-02
  0.27394744452927D-02  0.16121309803413D-01  -.37633181656128D-02
  0.12664586031414D-03  -.49031684285588D-03  -.19387003008383D-02
  cycle =      5    UFF energy =      0.1184399809   |dE/dxyz| =  0.229222
   -0.84120858619558      3.08573782843610      1.39420488025470      c       
   -0.06768992308689      5.26968152089011      0.20537970502653      c       
    1.82078745081784      5.19406033135669     -1.58970909670851      c       
    0.28690383674740      0.80322312615157      0.76967723622425      c       
    2.20936444792928      0.68145263814773     -1.03675013269150      c       
    2.96119004643717      2.91169465687447     -2.20501980252880      c       
   -1.15806409843604      7.56204531642854      0.77162655205953      o       
    0.15162826970094      8.71279871533325      1.44603093501366      h       
    4.46593058493374      2.94218015249533     -3.59680179238127      h       
   -0.34128109300554     -0.90260107228002      1.73553471542386      h       
   -2.32527423575992      3.13507115772978      2.81247007318202      h       
    2.41072720423751      6.93008147015321     -2.51563775570430      h       
    3.40305374577015     -1.86820961431573     -1.58050158999809      c       
    1.82002157566563     -3.80428473087894     -3.10403408917163      c       
    3.98921142717483     -2.72031619860525      0.24000546195496      h       
    5.17474679819606     -1.50285119621486     -2.63183413999959      h       
    3.50396981863843     -6.02071095212587     -3.93025382367549      c       
    4.00139126149690     -7.92780536877404     -2.57305448155021      o       
    4.45616341731304     -5.75478811403985     -6.32272828378865      o       
    3.60978748198189     -7.12193682762733     -7.34566259163082      h       
   -0.36834727200812     -4.88919933033874     -1.67134611084309      n       
    1.11012818284231     -2.93310319780268     -4.86580386192579      h       
   -0.12375876461542     -4.50421845669925      0.24521261589412      h       
   -2.02670759054620     -3.95958358855273     -2.23666147345846      h       
  -.22356665135676D-01  0.71196343614804D-02  0.25198719381254D-01
  -.20248585596908D-01  0.27414352498337D-01  0.17593619269191D-01
  0.40443133166577D-02  0.35501578904064D-01  -.13425824897128D-01
  -.10093896716773D-01  -.22306615848848D-01  0.12901754641999D-01
  0.41431149462141D-01  -.20519868687897D-01  -.18538002356055D-01
  0.16283921737414D-01  -.37257745787449D-02  -.15268582440065D-01
  0.22789581792549D-01  0.96991415785800D-02  -.92563703295192D-02
  -.12775902922846D-01  -.19998015588622D-01  -.38433593887552D-02
  -.53509313861522D-03  0.58638745404952D-02  0.12513345357983D-02
  -.54329820586254D-03  -.10953613205172D-01  -.29620195960574D-02
  -.40465036767477D-03  -.42968309344662D-02  0.18482362542439D-02
  0.61027018191245D-03  0.10077377802362D-02  -.40383952744939D-03
  -.11554056711593D-01  -.10644629750277D-01  -.32027531991068D-02
  0.16186058674275D-01  0.43223049193880D-01  -.23369290070882D-01
  -.21260017661283D-02  0.28266713701485D-02  -.16346020090880D-02
  -.45103734436706D-02  0.20997021534305D-02  0.13431495391917D-02
  0.39284513367833D-01  -.13640926241929D+00  0.72069669402454D-01
  -.24199842094539D-01  0.90704053370476D-01  -.62659334657191D-01
  -.66212210198183D-02  0.19210072389693D-01  0.10435689059830D-01
  -.90505386672200D-02  0.50997268151329D-02  0.50450450560199D-02
  -.14918864941479D-01  -.30717555461708D-01  0.50215420951190D-02
  -.23563882585234D-02  -.55511746040433D-02  0.50221173916130D-02
  0.30155541910897D-02  0.14778782610010D-01  -.54511626546900D-03
  -.13499837365446D-02  0.57496351310342D-03  -.26217818899480D-02
  cycle =      6    UFF energy =      0.1111216172   |dE/dxyz| =  0.195784
   -0.89678134966451      2.99566640346299      1.42343580612770      c       
   -0.14359303174839      5.18703603986980      0.25144823017034      c       
    1.75990295010142      5.14137285384665     -1.51805393117115      c       
    0.26216652257590      0.73573047093461      0.81000827012650      c       
    2.19434253227813      0.64924995752539     -0.97292370405999      c       
    2.92743133750057      2.88202320064903     -2.12916889988005      c       
   -1.29350783903823      7.45737300575398      0.80918289436054      o       
   -0.03396256073867      8.63124949549065      1.56141162587750      h       
    4.44212282414083      2.92461648077832     -3.51122106082067      h       
   -0.35084684505362     -0.98627345462332      1.76130557270029      h       
   -2.40022868352392      3.02856055819943      2.82121834641742      h       
    2.33267463032955      6.88687694844479     -2.43574241800019      h       
    3.43474334029502     -1.87133999448164     -1.52354336531100      c       
    1.90278049644974     -3.74721163609388     -3.17105528267458      c       
    3.94075574756878     -2.77976349752622      0.29867669731840      h       
    5.25876546398048     -1.47777296533765     -2.48158732130095      h       
    3.60974679260371     -5.93292168355293     -4.01040037420566      c       
    4.11125249977775     -7.87184376028216     -2.63864816420182      o       
    4.62659744226814     -5.64662445819042     -6.37987409367041      o       
    3.59390917648198     -6.82193682762733     -7.50935107770894      h       
   -0.34002901178014     -4.84311655874384     -1.84161444904145      n       
    1.26627266373881     -2.80605465416395     -4.92997957981856      h       
   -0.12355026316111     -4.59205795678788      0.10627901027973      h       
   -1.95829084915347     -3.82441970180345     -2.37545958253445      h       
  -.18939490384205D-01  0.61013642379566D-02  0.21398135349923D-01
  -.16964664888424D-01  0.23074696625957D-01  0.14869450705224D-01
  0.35218336543385D-02  0.30083884792039D-01  -.11412146167317D-01
  -.85976703748389D-02  -.18890955608661D-01  0.10970412264993D-01
  0.35099111356463D-01  -.17365119599941D-01  -.15810268098991D-01
  0.13814391044472D-01  -.32093503540591D-02  -.12996888048199D-01
  0.18364015615882D-01  0.77582994891903D-02  -.82813438952361D-02
  -.10128646777196D-01  -.16240889520532D-01  -.27235385806762D-02
  -.42705982373159D-03  0.49532637013637D-02  0.10403720932088D-02
  -.46525450625018D-03  -.95249307217010D-02  -.24541283652428D-02
  -.40659004491181D-03  -.36116145963612D-02  0.16216431800751D-02
  0.52677283233779D-03  0.88704459836972D-03  -.35350488799811D-03
  -.98969960805972D-02  -.84580614594057D-02  -.24455084519483D-02
  0.14030108022007D-01  0.36451380979686D-01  -.20413210788027D-01
  -.16906467756663D-02  0.22649600977307D-02  -.67476609299217D-03
  -.30403920968643D-02  0.20120941472356D-02  0.79811938647064D-03
  0.32820992600921D-01  -.11604399875970D+00  0.61244566130767D-01
  -.20579106150615D-01  0.76764808740187D-01  -.53302153782022D-01
  0.62123948543652D-03  0.23427827509452D-01  0.14063525910459D-01
  -.13389773705671D-01  -.23797428982834D-02  -.99899532086913D-03
  -.13061904489312D-01  -.27713025882456D-01  0.32639204851584D-02
  -.21252518018742D-02  -.44709301077636D-02  0.35826156400105D-02
  0.29512257210369D-02  0.12930956332380D-01  0.18550596018396D-02
  -.20362424327371D-02  0.11980382573163D-02  -.28413682686114D-02
  cycle =      7    UFF energy =      0.1099866925   |dE/dxyz| =  0.189987
   -0.97286340628338      2.94801427065466      1.44877740876496      c       
   -0.23268666014229      5.14323273737936      0.27825423688062      c       
    1.68299216466879      5.11226846776131     -1.47660782797423      c       
    0.20902739866466      0.69841420135108      0.84744001713272      c       
    2.15284862692845      0.62848798882564     -0.92075252831127      c       
    2.87291550293095      2.86354445804447     -2.07682680114850      c       
   -1.41649468097082      7.40142882375238      0.81857978266472      o       
   -0.18402501308999      8.59236995329115      1.59239098461225      h       
    4.39721149270540      2.91497368459650     -3.44847368757605      h       
   -0.39235144569230     -1.02957683803061      1.79792832023611      h       
   -2.48776646645013      2.97060300408576      2.83433634864035      h       
    2.24493331898729      6.86117351909876     -2.39428900743306      h       
    3.42601590162167     -1.87700654776223     -1.45464016745778      c       
    1.97493358485473     -3.71993130914829     -3.21371079242969      c       
    3.84744954163318     -2.82332437738467      0.37289436877371      h       
    5.29828560470532     -1.45887451810668     -2.31199245051925      h       
    3.74420548490974     -5.85991759723631     -4.03873599132388      c       
    4.26804152741185     -7.80202894066527     -2.66855762987628      o       
    4.86317780587048     -5.50007836822842     -6.35739099293976      o       
    3.89390917648198     -6.65894597858650     -7.55909912078558      h       
   -0.31012761180384     -4.86767929820445     -1.99654551969548      n       
    1.40369569082677     -2.73471682645163     -4.97271542575403      h       
   -0.22841331708951     -4.56900479851183     -0.04106914178362      h       
   -1.93224023545374     -3.91500744478597     -2.64485123371941      h       
  -.18329913104752D-01  0.59285507161792D-02  0.20707820648167D-01
  -.16367946855935D-01  0.22260143820033D-01  0.14377243857137D-01
  0.34222766049774D-02  0.29103911968675D-01  -.11044846875670D-01
  -.83372755981940D-02  -.18306429867471D-01  0.10603721172978D-01
  0.33932362580836D-01  -.16782920351392D-01  -.15258165037971D-01
  0.13358229718260D-01  -.31094199681696D-02  -.12591130732042D-01
  0.17557393021474D-01  0.75031963996947D-02  -.80480560676977D-02
  -.96793756640935D-02  -.15586179965646D-01  -.25553749975193D-02
  -.39624113739433D-03  0.47868431933741D-02  0.98871559780611D-03
  -.45851166652830D-03  -.91571286567358D-02  -.23312400179513D-02
  -.41705728077169D-03  -.34818783150980D-02  0.15877560120072D-02
  0.50968064218986D-03  0.86974776093372D-03  -.34397813011782D-03
  -.97336398315845D-02  -.76007899819611D-02  -.19846046730479D-02
  0.14044354357742D-01  0.35162034588642D-01  -.20229524156854D-01
  -.15079394776066D-02  0.20843094851366D-02  -.10388603037462D-04
  -.20942374598224D-02  0.21575614176601D-02  0.42449958433727D-03
  0.30889210109404D-01  -.11230437858119D+00  0.60487422207894D-01
  -.19693090595666D-01  0.74146632595746D-01  -.51659723554512D-01
  0.21333008472595D-02  0.23276467373790D-01  0.12830801846234D-01
  -.13520866671882D-01  -.30015311249556D-02  -.16959322621850D-02
  -.12342532172175D-01  -.28481152163208D-01  0.18344497751433D-02
  -.20087943116513D-02  -.41908070576170D-02  0.29289910011544D-02
  0.29354032069540D-02  0.12676610472891D-01  0.41237849354282D-02
  -.38947892610411D-02  0.20466062406878D-02  -.31422415296813D-02
  cycle =      8    UFF energy =      0.1105824512   |dE/dxyz| =  0.185455
   -1.03213469650477      2.89814842953471      1.47638623881432      c       
   -0.30457232189943      5.09626720230919      0.30597364108128      c       
    1.61872844772158      5.07766857551208     -1.43885136267888      c       
    0.16863594728772      0.65773191366345      0.88468211237163      c       
    2.11914868352317      0.60177916860858     -0.87386540089082      c       
    2.82661837622086      2.83830427017446     -2.03099427156445      c       
   -1.51505373813992      7.34416522369522      0.83400547602261      o       
   -0.30469942614439      8.54745278628523      1.62693262948703      h       
    4.35726991330320      2.89697050056249     -3.39565948913659      h       
   -0.42043781670072     -1.07503786633873      1.83668705277695      h       
   -2.55433987087149      2.91229464915723      2.85396428772809      h       
    2.17050831717049      6.82937095764042     -2.35715560215362      h       
    3.41970069450763     -1.89021625525720     -1.39557092635112      c       
    2.04568589165573     -3.69983929758118     -3.25251144686652      c       
    3.76646357874022     -2.87367230297234      0.43062692189148      h       
    5.32996821038242     -1.45050054562876     -2.16071551681200      h       
    3.87223389253005     -5.80085391793622     -4.05426738338308      c       
    4.39006225919719     -7.75301345035728     -2.68552501760284      o       
    5.08653336055090     -5.37896271269401     -6.31931046882221      o       
    4.03666396798982     -6.35894597858650     -7.62800721578881      h       
   -0.27581367049533     -4.88856349324081     -2.14153490917842      n       
    1.53610041484671     -2.67392125385727     -5.00853875982572      h       
   -0.32473163094003     -4.53863659919713     -0.18946098438056      h       
   -1.88986479770447     -3.99957173775510     -2.90294645575752      h       
  -.17720376945461D-01  0.57465181779922D-02  0.20018103943962D-01
  -.15789749951942D-01  0.21479382682522D-01  0.13889482312905D-01
  0.33153020933355D-02  0.28130963875502D-01  -.10673967987291D-01
  -.80686640336277D-02  -.17712524902098D-01  0.10234088464100D-01
  0.32778487951346D-01  -.16204210204022D-01  -.14704383198320D-01
  0.12902157431934D-01  -.30043598596611D-02  -.12182471784673D-01
  0.16836179628385D-01  0.72405963313279D-02  -.78100413867206D-02
  -.92760708605948D-02  -.14977908488530D-01  -.24141246875218D-02
  -.37438141696167D-03  0.46227667371266D-02  0.94441572861033D-03
  -.43878578042961D-03  -.87815897392306D-02  -.21844491869626D-02
  -.41508676194427D-03  -.33579050893056D-02  0.15435368388513D-02
  0.49298991536207D-03  0.85001955913098D-03  -.33450967880907D-03
  -.95213745625972D-02  -.68620649566363D-02  -.16016743569621D-02
  0.13979090254529D-01  0.33888316748672D-01  -.19873270457069D-01
  -.13738346185884D-02  0.19172786565303D-02  0.51107445457291D-03
  -.13403136628008D-02  0.22720996351603D-02  0.16693676596171D-03
  0.29113941338163D-01  -.10882805374040D+00  0.59303385270768D-01
  -.18999407952349D-01  0.71595614737387D-01  -.50023591280360D-01
  0.65100396121991D-02  0.26008270277773D-01  0.15127067008999D-01
  -.16535876962899D-01  -.62196639996588D-02  -.54327401965646D-02
  -.11341429693780D-01  -.29111954309870D-01  0.53361837964983D-03
  -.18781061713592D-02  -.39315637257360D-02  0.23500767416041D-02
  0.27420253929891D-02  0.12469541260399D-01  0.62018472023448D-02
  -.55967542429074D-02  0.27704303356270D-02  -.35884089110744D-02
  cycle =      9    UFF energy =      0.1065898813   |dE/dxyz| =  0.177813
   -0.96537787211779      2.92543174075367      1.47611837170715      c       
   -0.22908641068718      5.12034448510988      0.31041165713075      c       
    1.68215932546934      5.09294775848023     -1.44414255773401      c       
    0.21790820350577      0.68111187738511      0.87532495813169      c       
    2.15692572925196      0.61712455930541     -0.89124510463760      c       
    2.87142747781186      2.84943991836982     -2.04734061127198      c       
   -1.41502567360578      7.37723749983122      0.86211390814113      o       
   -0.19064627805118      8.55631516965006      1.67552618221861      h       
    4.39184821632586      2.89870492396565     -3.42398589734553      h       
   -0.37908177344348     -1.04851327903814      1.82494373595177      h       
   -2.47957895265992      2.94816852240158      2.86211879614798      h       
    2.24054353703563      6.84343149577017     -2.36044029775916      h       
    3.43339630661401     -1.88299330570844     -1.43973739563065      c       
    1.98468409955532     -3.68599062556511     -3.24612633628195      c       
    3.82713119539085     -2.85992047967615      0.38071702851626      h       
    5.32247061180255     -1.46356548936980     -2.26879006283828      h       
    3.74100384932741     -5.82548870105848     -4.09506440919847      c       
    4.27674789168444     -7.77850920555583     -2.71538388020037      o       
    4.84923018165692     -5.48330264941531     -6.43091184755770      o       
    3.85592226688040     -6.65894597858650     -7.63570592415036      h       
   -0.32479318200110     -4.82522795528634     -2.06703982585690      n       
    1.44344713585062     -2.66458280277929     -4.99694794032483      h       
   -0.24797461507549     -4.58518853721411     -0.09221590818096      h       
   -1.94060728429590     -3.82961067603514     -2.69785348999258      h       
  -.16747723893011D-01  0.54342394024606D-02  0.18904274074225D-01
  -.14904020952010D-01  0.20230813746026D-01  0.13099883530668D-01
  0.31271734011148D-02  0.26574068695065D-01  -.10087949161606D-01
  -.76294044958685D-02  -.16766325551446D-01  0.96501084677046D-02
  0.30913715145499D-01  -.15281695839193D-01  -.13829898083469D-01
  0.12188687747201D-01  -.28426049819495D-02  -.11506406480872D-01
  0.15752352025165D-01  0.68496089831788D-02  -.74152130306187D-02
  -.86602351225678D-02  -.14057939057070D-01  -.22035971483643D-02
  -.33565836560598D-03  0.43598804607328D-02  0.87256209742068D-03
  -.41887968877979D-03  -.82642108633170D-02  -.20607755808720D-02
  -.40422592542213D-03  -.31658450133598D-02  0.14676906523319D-02
  0.46375768340907D-03  0.80868143857215D-03  -.31650905033720D-03
  -.89879313891660D-02  -.62792704628156D-02  -.12972212146220D-02
  0.13270578959676D-01  0.32186250813090D-01  -.18586223131855D-01
  -.12434493718733D-02  0.18061455367819D-02  0.66729354602233D-03
  -.94039270349787D-03  0.21915355339701D-02  0.21614118921124D-04
  0.26696554337362D-01  -.10304239579896D+00  0.57334944417918D-01
  -.17900709409665D-01  0.67579530038267D-01  -.47305983513685D-01
  0.10700141467004D-01  0.28498614199901D-01  0.16327830879008D-01
  -.19033146102328D-01  -.97631488497358D-02  -.88750634730096D-02
  -.89067797960430D-02  -.29735833031788D-01  -.17258868872595D-02
  -.17500315820189D-02  -.37078099714981D-02  0.20483800172609D-02
  0.28874306402883D-02  0.12182106177809D-01  0.91602821326288D-02
  -.81378026088613D-02  0.42056043952742D-02  -.43441371775387D-02
  cycle =     10    UFF energy =      0.1013068036   |dE/dxyz| =  0.157293
   -1.09425931506427      2.90824589565414      1.33841223326016      c       
   -0.35795778435468      5.10853038667435      0.19385237777930      c       
    1.59988293131288      5.10569212328677     -1.50297884433480      c       
    0.13067656931746      0.68284170542555      0.77349850673454      c       
    2.11795954942958      0.64564930584346     -0.93172638955962      c       
    2.83393625108157      2.88225226124581     -2.06901233595654      c       
   -1.60856582837165      7.34473773454129      0.70262936753599      o       
   -0.44845287159704      8.54401420663158      1.59291344146890      h       
    4.39531288098855      2.94761245254348     -3.40064890972587      h       
   -0.47927754653024     -1.05349510221779      1.69866125701880      h       
   -2.65288053396864      2.91465471329327      2.67555260337653      h       
    2.15752810417328      6.86235794866208     -2.40705021656455      h       
    3.47412908480228     -1.82464668933721     -1.42708633813296      c       
    2.05144821086177     -3.70904550499592     -3.16935361344345      c       
    3.91902926029379     -2.74052195036302      0.41474914585081      h       
    5.34188496412770     -1.37587187858836     -2.29089251905263      h       
    3.84601575904343     -5.80580401537060     -4.03027043744570      c       
    4.41278821013361     -7.77760115441232     -2.65088952115844      o       
    4.97627744688116     -5.43559079136232     -6.35376171536378      o       
    4.09215895954243     -6.69451378976474     -7.55647515486849      h       
   -0.20091504256873     -4.87805654365892     -1.92290690104196      n       
    1.44380580601391     -2.73469219171110     -4.92917773257874      h       
    0.00656843607364     -4.78037614975457      0.06415833516429      h       
   -1.83441951540630     -3.81795470655395     -2.39785348999258      h       
  -.14771870223996D-01  0.49269697208471D-02  0.16718089447242D-01
  -.12924267905480D-01  0.17553712647824D-01  0.11594120930358D-01
  0.29146217917154D-02  0.23319169430730D-01  -.89821026276802D-02
  -.69200096810446D-02  -.14746703933311D-01  0.85612922559292D-02
  0.27092041750871D-01  -.13198496117355D-01  -.12356684708377D-01
  0.10842945866985D-01  -.27003551192098D-02  -.10266407502825D-01
  0.12521131888254D-01  0.56055083163356D-02  -.69564093186557D-02
  -.68013355131704D-02  -.11524828765274D-01  -.12774091589269D-02
  -.41189022665249D-04  0.37649342993026D-02  0.57198670466091D-03
  -.61725172056662D-03  -.68115491969232D-02  -.17049076443941D-02
  -.62917389318424D-03  -.27242628214965D-02  0.15157375021047D-02
  0.43137323609379D-03  0.71462397097780D-03  -.30238957653378D-03
  -.72023663536068D-02  -.52622516100398D-02  -.14388725062007D-02
  0.11811592570699D-01  0.28123130942886D-01  -.16388076669196D-01
  -.81332168883022D-03  0.13340975490198D-02  0.98186383260181D-03
  -.64061250056576D-03  0.20922433307542D-02  0.26172228801497D-04
  0.23200200205595D-01  -.90475596585442D-01  0.50341745340706D-01
  -.15556196436077D-01  0.59184878352159D-01  -.41460484692711D-01
  0.10766843468899D-01  0.26368743345002D-01  0.15551243988454D-01
  -.17886312315051D-01  -.99145828054797D-02  -.90990357837261D-02
  -.61085913817222D-02  -.28356851624872D-01  -.47441587122477D-02
  -.16583957764181D-02  -.29746153194297D-02  0.13488719036771D-02
  0.28920743394980D-02  0.10101707537855D-01  0.12307319314012D-01
  -.99019307062325D-02  0.56003744551397D-02  -.45415045470737D-02
  cycle =     11    UFF energy =      0.0955293479   |dE/dxyz| =  0.139253
   -0.95326232125976      2.93124170505416      1.44610207746925      c       
   -0.21295525193450      5.11836264610542      0.28902561389032      c       
    1.70009726001032      5.08747999406080     -1.45225640358390      c       
    0.23029401487796      0.69459542606742      0.86069248557231      c       
    2.16984206200061      0.63077376793628     -0.89034554443935      c       
    2.88674684360201      2.85124471168313     -2.04741854590494      c       
   -1.40594911964444      7.37731626749390      0.84983064629724      o       
   -0.21515507994012      8.51838795856256      1.78691446860119      h       
    4.40936727805098      2.88710081863625     -3.42591850668136      h       
   -0.37457176847021     -1.03035859203440      1.80796502168053      h       
   -2.47747297919323      2.96363372827386      2.82229854949328      h       
    2.26076249579415      6.83683463025396     -2.36791582827785      h       
    3.45941975427003     -1.86302197189631     -1.45492430833157      c       
    1.96157845878733     -3.64403776889553     -3.24562261641324      c       
    3.88043500249781     -2.85045845159136      0.35705075869431      h       
    5.33736173104288     -1.45008845263145     -2.31429989197461      h       
    3.65509793710599     -5.79946032467828     -4.15886724682879      c       
    4.24071997722919     -7.76491152825348     -2.73987381685204      o       
    4.67627744688116     -5.53707733216091     -6.55257514084901      o       
    3.89179942488469     -6.97743710428663     -7.62784984663480      h       
   -0.33665141507904     -4.74142430345239     -2.02671943278918      n       
    1.39927908640920     -2.59824456391947     -4.98272782964142      h       
   -0.13395389312775     -4.71204624152694     -0.04024881548842      h       
   -1.92643295857639     -3.60998675308861     -2.47797269803634      h       
  -.12901381565281D-01  0.43289437503270D-02  0.14450152541561D-01
  -.11168168703997D-01  0.14893525688336D-01  0.99866178921794D-02
  0.26170549145053D-02  0.20158574010561D-01  -.78509278780367D-02
  -.61686865313351D-02  -.12658316354480D-01  0.75345622263924D-02
  0.23425204703936D-01  -.11015592084366D-01  -.10658627214163D-01
  0.95165567655037D-02  -.24717649019961D-02  -.89256291371639D-02
  0.99471176734461D-02  0.48388142134829D-02  -.61893138078742D-02
  -.53377999000374D-02  -.94870405234149D-02  -.65948883685087D-03
  0.22356659061449D-03  0.32099424628245D-02  0.26365699618411D-03
  -.57789733780840D-03  -.57019418605532D-02  -.12971879104693D-02
  -.74301617150868D-03  -.23185369099469D-02  0.14760940642813D-02
  0.38889580832283D-03  0.62868720787507D-03  -.28107928973878D-03
  -.54479467342829D-02  -.41920100931165D-02  -.13472925382668D-02
  0.10003670058622D-01  0.24536285658805D-01  -.13676000097149D-01
  -.47465830295482D-03  0.90842384301006D-03  0.12231728047664D-02
  -.42516869744440D-03  0.18839679860066D-02  0.55225203826651D-04
  0.19106930825568D-01  -.78938968886863D-01  0.44789073400382D-01
  -.13407372487256D-01  0.51153632436314D-01  -.35585001795683D-01
  0.13827526129001D-01  0.28014195004249D-01  0.14969272368817D-01
  -.18589397579239D-01  -.13809392242098D-01  -.11593417162910D-01
  -.53367057944986D-02  -.25637729726938D-01  -.43251771191450D-02
  -.18117547370783D-02  -.21754461429498D-02  0.81919661452123D-03
  0.26342605481344D-02  0.85735714590897D-02  0.11035556152934D-01
  -.93008294749335D-02  0.52781760058405D-02  -.42134374783944D-02
  cycle =     12    UFF energy =      0.0867666629   |dE/dxyz| =  0.104899
   -0.82627224869954      2.92856495204088      1.54575594559800      c       
   -0.09768362146042      5.10071825110402      0.37219804000321      c       
    1.76488665249413      5.04915815825164     -1.40984639938907      c       
    0.32524954852319      0.69030190988775      0.94870419342881      c       
    2.20986695735067      0.60971437631291     -0.84429727977035      c       
    2.91238913795404      2.81040477069307     -2.02706674411486      c       
   -1.25097703339681      7.37389535535810      0.97744147813583      o       
   -0.07097255292326      8.43716897937114      2.03682362544947      h       
    4.39189788821126      2.81780042398664     -3.45388016210108      h       
   -0.26368180615225     -1.02523196199585      1.91987149842397      h       
   -2.31609196120136      2.98414770112332      2.95745473309105      h       
    2.31587873822676      6.79188357650754     -2.34255285108147      h       
    3.45151249900055     -1.89240316524751     -1.47609527475533      c       
    1.89493351159911     -3.55385482005933     -3.33061772217056      c       
    3.83460135995327     -2.95915278412408      0.30090314103938      h       
    5.34472477701187     -1.50927411909610     -2.31553272530514      h       
    3.48159208699888     -5.75820883148663     -4.29883396356479      c       
    4.12623857798766     -7.71133088619045     -2.81423656036723      o       
    4.37627744688116     -5.61826808495973     -6.76063434544987      o       
    3.79671665571046     -7.27053422853300     -7.66878622650031      h       
   -0.45641498531550     -4.55995985835061     -2.15513005065896      n       
    1.39890567058118     -2.42859176938346     -5.04304368258931      h       
   -0.24607421485277     -4.67743413275805     -0.17440303755376      h       
   -1.97482909826288     -3.31109554674437     -2.52985248082132      h       
  -.91016404250913D-02  0.30059515320213D-02  0.99357965851553D-02
  -.77463336678234D-02  0.10151577320672D-01  0.68596259924549D-02
  0.19459496340909D-02  0.13954459457985D-01  -.54625893056289D-02
  -.45147084204368D-02  -.86344333619426D-02  0.53347005349796D-02
  0.16261177761806D-01  -.72446241288666D-02  -.73065456040823D-02
  0.67135865309815D-02  -.17736936770054D-02  -.61832510229426D-02
  0.49028349022409D-02  0.21734082960898D-02  -.56708236689005D-02
  -.19305871642080D-02  -.52270048920218D-02  0.11228135277303D-02
  0.41873296228887D-03  0.21920861845417D-02  -.72927829357427D-04
  -.39184028176568D-03  -.39629325812977D-02  -.73798759195558D-03
  -.68735267910295D-03  -.15917818019497D-02  0.11664232654317D-02
  0.29796057516215D-03  0.45686067097004D-03  -.22114340953113D-03
  -.29870430602717D-02  -.23164814529046D-02  -.10910048836615D-02
  0.71689351030518D-02  0.17421758348858D-01  -.86906861581319D-02
  -.10089751809504D-03  0.29518647329488D-03  0.13600962001562D-02
  -.17156962599249D-03  0.14160488473568D-02  0.73221732081992D-04
  0.11640177632779D-01  -.55801846931933D-01  0.31955187138726D-01
  -.90352224387626D-02  0.35403334246167D-01  -.23670935621004D-01
  0.16172384391402D-01  0.30903285067420D-01  0.13586343056888D-01
  -.17861857505826D-01  -.20718359869848D-01  -.13981450288621D-01
  -.30648203248585D-02  -.20512655103541D-01  -.45026164072882D-02
  -.17098600827045D-02  -.92277011756432D-03  0.51909106995368D-04
  0.24674440149108D-02  0.60402788360693D-02  0.99835594863403D-02
  -.86854503137755D-02  0.52923486374306D-02  -.38377148358344D-02
  cycle =     13    UFF energy =      0.0796383637   |dE/dxyz| =  0.070545
   -0.74374801688670      2.91966294917646      1.60751361533718      c       
   -0.05471527006082      5.07576867923499      0.39728572040170      c       
    1.75411091806144      5.01019759748641     -1.42622297497713      c       
    0.39554833335923      0.68654023645517      1.01141225365385      c       
    2.22480705823869      0.59737571332554     -0.82133648843798      c       
    2.88714989363985      2.77727137803403     -2.04637343537772      c       
   -1.20164128269318      7.35285332714485      1.01525589606538      o       
   -0.08653974813861      8.33972621228543      2.23045161151376      h       
    4.32326989245559      2.76288210173410     -3.51774116405642      h       
   -0.16338402418306     -1.02174990984294      2.01095182369796      h       
   -2.19992928363656      2.99179681247111      3.05167453799298      h       
    2.27288464272945      6.74459592192755     -2.39196815346393      h       
    3.45515257024304     -1.89873686319745     -1.48670895446846      c       
    1.88035534224871     -3.48145293434660     -3.38801966460522      c       
    3.80400557582697     -3.01527405871176      0.26634744707324      h       
    5.36211680746283     -1.52944208102118     -2.30061704086017      h       
    3.39524254810775     -5.72179742725423     -4.36568509519936      c       
    4.16776412032122     -7.60979132039433     -2.78209225065851      o       
    4.14856891916518     -5.72317976329612     -6.88544761940876      o       
    3.80133402071501     -7.52136950987517     -7.61134626180207      h       
   -0.51816814334722     -4.39326078353965     -2.25588811510723      n       
    1.45513227299417     -2.31412389219160     -5.09367612610409      h       
   -0.29272575432211     -4.69897857315273     -0.29581640995425      h       
   -1.94391740608222     -3.01109554674437     -2.50761000228190      h       
  -.53654998755038D-02  0.15452452887596D-02  0.56223624964858D-02
  -.42884620936888D-02  0.58082138237116D-02  0.39193406689341D-02
  0.13784501795825D-02  0.79529300658548D-02  -.31061943282938D-02
  -.28549459281362D-02  -.49039694862389D-02  0.31056121942712D-02
  0.91733733056501D-02  -.40942188200242D-02  -.40528333275923D-02
  0.39046162489758D-02  -.86404159223101D-03  -.35440596397294D-02
  -.16116641965022D-03  -.92992812293434D-03  -.59450698970631D-02
  0.16845224154803D-02  -.95666251643782D-03  0.33395800454575D-02
  0.45666477679551D-03  0.12740949663392D-02  -.27061081483813D-03
  -.25645415185283D-03  -.25580951833425D-02  -.39385303411705D-03
  -.53188208223638D-03  -.92806365452603D-03  0.78089109190645D-03
  0.25150810187960D-03  0.38283736469235D-03  -.21970167719384D-03
  -.14153432294165D-02  -.10146658586736D-02  -.78773578228161D-03
  0.48548853563994D-02  0.10312188449493D-01  -.41479497985968D-02
  0.26396416778683D-04  0.11990260713810D-04  0.10111126098184D-02
  -.30233750012323D-04  0.84128190715121D-03  0.39392572816769D-04
  0.38754318173424D-02  -.31961392034461D-01  0.18034401521374D-01
  -.39407433423703D-02  0.19104989649972D-01  -.10347460972470D-01
  0.14535217302272D-01  0.29508525356900D-01  0.87122309452066D-02
  -.14023958084654D-01  -.22694762278737D-01  -.12519556795388D-01
  -.27373243047076D-03  -.15218048866041D-01  -.53311101859991D-02
  -.11977717608297D-02  -.14922136084365D-03  -.29383533295135D-03
  0.25459265150180D-02  0.33395723210658D-02  0.97555842755934D-02
  -.83467992873524D-02  0.61912003198388D-02  -.33605368353497D-02
  cycle =     14    UFF energy =      0.0784106927   |dE/dxyz| =  0.060202
   -0.66683224094206      2.86232675990434      1.72456553692185      c       
   -0.00353555032096      5.03200912010759      0.52663626221500      c       
    1.76746934002334      4.98832960318193     -1.33249315487968      c       
    0.45993006545539      0.63740051178581      1.07987556529832      c       
    2.25130194011477      0.57182748317946     -0.78846794584429      c       
    2.88822871118249      2.76492964912202     -2.00031683762767      c       
   -1.14054036591387      7.30135126350921      1.19429042310111      o       
   -0.02723799339040      8.25583772151147      2.43638611125993      h       
    4.29174520720454      2.76636002626124     -3.50352736813018      h       
   -0.08149976885748     -1.08398879987035      2.06607557840783      h       
   -2.09538844883006      2.91799286218645      3.19691608901967      h       
    2.26517927360972      6.73393942330581     -2.28901732123586      h       
    3.45811465826054     -1.91551106059020     -1.52749424671907      c       
    1.83156852238753     -3.43719077534695     -3.43573898768060      c       
    3.83493687618004     -3.07487983691548      0.19187389406678      h       
    5.35178171618130     -1.53906015225212     -2.36935196579882      h       
    3.32905952537139     -5.61447089539912     -4.57648381851575      c       
    4.34057415244551     -7.48827715161780     -3.08209225065851      o       
    3.85835852339018     -5.55952505558351     -7.16280570897115      o       
    3.59450003153571     -7.37230654357994     -7.86790245620314      h       
   -0.51618615498743     -4.41432247822641     -2.25266614113959      n       
    1.33294551791613     -2.20007841799116     -5.07598459909486      h       
   -0.23592261870161     -4.76663757148659     -0.30888307477111      h       
   -1.96587693306045     -3.04763741946060     -2.42905043402925      h       
  -.47782617681988D-02  0.14297345043213D-02  0.49526577044588D-02
  -.37721774178485D-02  0.50044896061013D-02  0.34119143460993D-02
  0.12537209476963D-02  0.69361597044977D-02  -.27628965844952D-02
  -.25462880485553D-02  -.42820429312940D-02  0.27771166252372D-02
  0.79128387667385D-02  -.34469196111196D-02  -.34854119919884D-02
  0.34753655023877D-02  -.81698324628513D-03  -.31451572496461D-02
  -.37682071318572D-03  -.75404033452582D-03  -.51572803832680D-02
  0.15710629939603D-02  -.68598427524723D-03  0.30251623911129D-02
  0.52128231090655D-03  0.10737101394098D-02  -.36637568741972D-03
  -.24529790253892D-03  -.22663826705400D-02  -.31132881537508D-03
  -.56356153429498D-03  -.77588446757034D-03  0.77339612386390D-03
  0.23935501418305D-03  0.36933313269139D-03  -.22326970975525D-03
  -.10930097699161D-02  -.88332599473800D-03  -.53089203777101D-03
  0.40505546804532D-02  0.94118998456678D-02  -.29776751655931D-02
  0.10580434456158D-03  -.12222489383877D-03  0.11033776469894D-02
  0.54098148092680D-04  0.69868062370193D-03  -.15537436508353D-04
  0.12549079421823D-02  -.25874839203713D-01  0.15890994744821D-01
  -.12022659688093D-02  0.12457845907005D-01  -.48691705319897D-02
  0.14009585683179D-01  0.27509027103488D-01  0.18845904177976D-02
  -.12583352750458D-01  -.20557459755854D-01  -.10540083631773D-01
  -.40358647615006D-03  -.13577135649201D-01  -.44601459590196D-02
  -.13148462246731D-02  0.49589374615689D-03  -.10596916199735D-02
  0.22083228177224D-02  0.27934618187720D-02  0.90767014993660D-02
  -.77774305774342D-02  0.58629869021138D-02  -.29909946951700D-02
  cycle =     15    UFF energy =      0.0767335304   |dE/dxyz| =  0.054959
   -0.57643118793547      2.87865910918894      1.77315762576188      c       
    0.09249413081392      5.03992297302996      0.56433667306590      c       
    1.83505224137288      4.97566415602879     -1.32047355122500      c       
    0.51607589509474      0.64166205705469      1.11339202162176      c       
    2.27743465620119      0.55535402378783     -0.78177354031369      c       
    2.92095082171576      2.74009331995888     -2.00375077834825      c       
   -1.00992542328120      7.32227800297469      1.24765147393163      o       
    0.12430235453833      8.25976641232916      2.48357863571280      h       
    4.30027600638343      2.72386376848654     -3.52936204109086      h       
   -0.03035087734828     -1.07342080374134      2.10765341126363      h       
   -1.98271460478315      2.95109849940936      3.26623746093849      h       
    2.33731348110361      6.71520390818051     -2.28552622008589      h       
    3.43615107847786     -1.94759403360783     -1.54679711744970      c       
    1.77275395338778     -3.41698454807065     -3.46387676998104      c       
    3.79307903017220     -3.13212409526074      0.15985345673929      h       
    5.33403155937991     -1.59943013921951     -2.39138147984854      h       
    3.20726215704169     -5.63857348673949     -4.60067681762692      c       
    4.04057415244551     -7.61844798091084     -3.11693226726626      o       
    3.80477264136932     -5.57151136821635     -7.17203206777529      o       
    3.57612368435958     -7.38326765644571     -7.88437875209713      h       
   -0.60822369707765     -4.32360797944947     -2.29131414535187      n       
    1.31785507925285     -2.16336432855990     -5.10431280495107      h       
   -0.34206596742366     -4.70573724236069     -0.35215295459184      h       
   -2.01411717900559     -2.91108430210669     -2.45677630203489      h       
  -.45677818366061D-02  0.14116891520878D-02  0.47123625497018D-02
  -.35848330234606D-02  0.46861211258159D-02  0.32448711817835D-02
  0.12047783723701D-02  0.65585621176065D-02  -.26347540182621D-02
  -.24401364255365D-02  -.40296699860426D-02  0.26708340215689D-02
  0.74818022855085D-02  -.31745038217945D-02  -.33218027918823D-02
  0.33283728807614D-02  -.83434882545376D-03  -.30063620284863D-02
  -.49101324189874D-03  -.64280481085503D-03  -.48412271123452D-02
  0.15297752633346D-02  -.59518671301487D-03  0.29076283276425D-02
  0.56541425322100D-03  0.98676026351463D-03  -.42246281779005D-03
  -.23579686596493D-03  -.21165801860096D-02  -.26342885822406D-03
  -.59614947929500D-03  -.70995843965245D-03  0.79246346148888D-03
  0.23159458514630D-03  0.35476095117191D-03  -.21933366660508D-03
  -.78465231537165D-03  -.78374562790124D-03  -.54545074963900D-03
  0.39573262491523D-02  0.91966923556525D-02  -.30207262383352D-02
  0.15550171950310D-03  -.18480980863706D-03  0.10903040093251D-02
  0.11535536723472D-03  0.67177081192313D-03  -.11340464459714D-04
  0.26842327264219D-03  -.21855899945498D-01  0.13296915746415D-01
  0.55002626696964D-04  0.86395385337166D-02  -.23385485385935D-02
  0.13062034555453D-01  0.26196661796189D-01  0.13435835207960D-02
  -.11790267488211D-01  -.19471464487864D-01  -.99778243907528D-02
  -.62786472887387D-03  -.13305755527584D-01  -.41314136094665D-02
  -.12923581222665D-02  0.59949674979550D-03  -.10821909699223D-02
  0.21332977348254D-02  0.25633156301583D-02  0.86362897676725D-02
  -.76778256383643D-02  0.58393586926752D-02  -.28783863316296D-02
  cycle =     16    UFF energy =      0.0741955748   |dE/dxyz| =  0.045636
   -0.46731676394280      2.89007910934616      1.83831419568881      c       
    0.19221783621244      5.04068434697139      0.60842162189436      c       
    1.88846869327459      4.95481951679663     -1.31575647325100      c       
    0.58795637280281      0.64264746117958      1.16001847353012      c       
    2.30208828369102      0.53570963280299     -0.77460305482828      c       
    2.93714714223923      2.70912070644512     -2.01723219138791      c       
   -0.87457265260140      7.33529463517703      1.31082608922711      o       
    0.27345213746271      8.24875457291635      2.55090477113688      h       
    4.27834925626485      2.67334422830546     -3.57659610184045      h       
    0.04690478606727     -1.06545987044854      2.16875565636510      h       
   -1.83884858800288      2.98045788030030      3.36253726903562      h       
    2.38309328922826      6.68679727801772     -2.29791012556462      h       
    3.41134656096952     -1.97987254616180     -1.57052284906211      c       
    1.71113213477339     -3.38691456562778     -3.50057047591209      c       
    3.74448280585569     -3.19482506377344      0.11941511566724      h       
    5.31407586574014     -1.66036063768037     -2.41538021279261      h       
    3.07316635492817     -5.65392045522086     -4.63412229959677      c       
    3.74057415244551     -7.71619356144868     -3.16208323138941      o       
    3.72324555123035     -5.59474575391383     -7.19065309426398      o       
    3.58898775651114     -7.41584707340042     -7.88432825888165      h       
   -0.70564540040570     -4.20801885287153     -2.34241800604093      n       
    1.30916009659140     -2.11493629571683     -5.14023584473599      h       
   -0.45081258332902     -4.65755323881713     -0.41798601732880      h       
   -2.04597910175031     -2.73064318743997     -2.46445180667166      h       
  -.39193096168123D-02  0.12337143435153D-02  0.40015566158841D-02
  -.30507856219324D-02  0.38497039438329D-02  0.27632371831495D-02
  0.11007635507021D-02  0.54335921177916D-02  -.22878159711011D-02
  -.21392617330403D-02  -.33122652340101D-02  0.23424341982078D-02
  0.62699477559492D-02  -.25441974543726D-02  -.28244329551533D-02
  0.28579933729845D-02  -.75948847432751D-03  -.25787357610951D-02
  -.57711437429882D-03  -.47109368769184D-03  -.39470081921538D-02
  0.13231177511412D-02  -.43987903093211D-03  0.24604714577785D-02
  0.61865808165030D-03  0.78802217545635D-03  -.51751667429736D-03
  -.20971940157911D-03  -.17533538064416D-02  -.17100111101205D-03
  -.62520562699604D-03  -.56417593753860D-03  0.79202752851852D-03
  0.22053893058289D-03  0.30554928263724D-03  -.21718440457274D-03
  -.33912857657080D-03  -.55540195382479D-03  -.54119770205533D-03
  0.35570022756611D-02  0.80182968683397D-02  -.26756497652545D-02
  0.19885699063799D-03  -.25145593860541D-03  0.98198626812733D-03
  0.16314557118637D-03  0.57671939315625D-03  -.68816291282733D-06
  -.12904395277368D-03  -.15925051058698D-01  0.97185008331452D-02
  0.74704493357012D-03  0.44921965525427D-02  -.30106977957476D-03
  0.10732866583766D-01  0.22596305478171D-01  0.12353004806691D-02
  -.97969443578796D-02  -.17023451102804D-01  -.86645965797068D-02
  -.66098752981090D-03  -.12049336999684D-01  -.36316364756623D-02
  -.11458487704713D-02  0.68436320152602D-03  -.10201962142260D-02
  0.19972606984230D-02  0.20014581192008D-02  0.76389276152844D-02
  -.71938469340892D-02  0.56692292027605D-02  -.25557124319864D-02
  cycle =     17    UFF energy =      0.0708585882   |dE/dxyz| =  0.034709
   -0.33709839714825      2.90123631355475      1.91859843968274      c       
    0.29637962760137      5.03703292569673      0.65405039960816      c       
    1.92261657830672      4.92474944375696     -1.32585877746102      c       
    0.67362954367597      0.64314830220656      1.21898828808448      c       
    2.31842735452039      0.51218470584236     -0.76958786660256      c       
    2.92814669486583      2.66927883573781     -2.04698893704329      c       
   -0.73011466289881      7.34498797777950      1.37793159291658      o       
    0.42889096909791      8.22960784067358      2.62654151971365      h       
    4.21343098243267      2.60905722168377     -3.65278442411433      h       
    0.14855399764907     -1.05594117417963      2.25068164588044      h       
   -1.65718717880070      3.01374072432835      3.48633750376705      h       
    2.39598481250577      6.64611842767059     -2.33651958516214      h       
    3.37583446592343     -2.01429485812354     -1.59694990787463      c       
    1.64410822752024     -3.34862287020657     -3.54741874499327      c       
    3.67504217846939     -3.26400564400043      0.07350221741424      h       
    5.28668370337251     -1.72614895715522     -2.43443376872399      h       
    2.92518511345175     -5.66528204287288     -4.66765084567765      c       
    3.44057415244551     -7.77977065591141     -3.19415443812814      o       
    3.62949697390438     -5.63674959006980     -7.20608150719012      o       
    3.67292727980025     -7.47416801527517     -7.84556668009316      h       
   -0.81450314376534     -4.06072359214511     -2.41398516837046      n       
    1.31258814441990     -2.06027845596691     -5.18906295940374      h       
   -0.57478468920441     -4.63421859612243     -0.52160389481035      h       
   -2.05213874188848     -2.49252000117694     -2.44364095243978      h       
  -.28273900381836D-02  0.84359664920395D-03  0.28299702339704D-02
  -.21584198699709D-02  0.24820521133403D-02  0.19635453504606D-02
  0.98026148978627D-03  0.35207836618307D-02  -.17601180095419D-02
  -.16553408840490D-02  -.21469823850698D-02  0.17962309323688D-02
  0.42333924734722D-02  -.16125570809344D-02  -.19934696902088D-02
  0.20580741273176D-02  -.53868307612831D-03  -.18794126033537D-02
  -.61807133901855D-03  -.24849188721049D-03  -.24442296466449D-02
  0.94019857179592D-03  -.21762410552080D-03  0.16613736255119D-02
  0.68545076903782D-03  0.48283280380300D-03  -.67718834664662D-03
  -.19142988982584D-03  -.12391103214602D-02  -.61009191583052D-04
  -.66277801788308D-03  -.34157074575304D-03  0.79668493782766D-03
  0.22180983293371D-03  0.24755580381871D-03  -.24577441540674D-03
  0.14652497804452D-03  -.21158850735082D-03  -.52185281401076D-03
  0.29298014524678D-02  0.57411595627099D-02  -.18196478095011D-02
  0.21847267222870D-03  -.31325496253833D-03  0.76146484405060D-03
  0.19328073632018D-03  0.41084615506723D-03  0.12128062186283D-04
  -.17283791146148D-04  -.88046561326113D-02  0.55482881049585D-02
  0.82377781105662D-03  0.82417544889553D-03  0.98849605283163D-03
  0.69665079596562D-02  0.18186321967798D-01  0.18851777170193D-02
  -.64979666959806D-02  -.14609308380094D-01  -.70904978455767D-02
  -.25742307513811D-03  -.10166868779633D-01  -.35681374170480D-02
  -.84837801878591D-03  0.74557845718680D-03  -.88738556234824D-03
  0.19984764608842D-02  0.87369260827519D-03  0.67394793542017D-02
  -.66615477150200D-02  0.60921011323750D-02  -.20341158635169D-02
  cycle =     18    UFF energy =      0.0674149320   |dE/dxyz| =  0.027732
   -0.17416863453318      2.92959534615482      2.01459591729872      c       
    0.41405695837670      5.03942158434684      0.69042075090034      c       
    1.93316336357585      4.88274518539523     -1.36759418657019      c       
    0.77354625184062      0.65429182388167      1.29597558837559      c       
    2.31460535883876      0.48256558879816     -0.76674561051432      c       
    2.87952017493808      2.61159596997171     -2.10417255195013      c       
   -0.55649574048600      7.36776035364840      1.43260455294762      o       
    0.62837756325169      8.22884075888090      2.67026424956401      h       
    4.08164862898717      2.51197440217509     -3.77248770578910      h       
    0.27655898101733     -1.02717298743916      2.36929324486522      h       
   -1.41515609970316      3.07877503248631      3.64339068860320      h       
    2.36966081544883      6.58472074893711     -2.42696418045655      h       
    3.31082159059890     -2.05926686180487     -1.61532184940352      c       
    1.56283049258070     -3.30946040082008     -3.60229498252112      c       
    3.55114270695460     -3.34553370159259      0.03628563392338      h       
    5.23908648394684     -1.81307686416120     -2.42606606922469      h       
    2.76114425305687     -5.67929883321945     -4.68983934805425      c       
    3.14057415244551     -7.81143738656522     -3.19230621310667      o       
    3.54625895609179     -5.70152079666951     -7.19973005487786      o       
    3.87689396473757     -7.54117815530723     -7.73436708848774      h       
   -0.94568785598584     -3.88719542381668     -2.51603844613856      n       
    1.32768326948385     -2.00997710823319     -5.25016398846866      h       
   -0.74476693320509     -4.65699160259009     -0.68732062935388      h       
   -2.02862471600016     -2.21175840673203     -2.38707457261287      h       
  -.14760155638520D-02  0.23850091149000D-03  0.14814854428746D-02
  -.10583039858951D-02  0.80357041852011D-03  0.10100771167297D-02
  0.92321022893802D-03  0.11070270307631D-02  -.12662821830563D-02
  -.10965860947750D-02  -.79410823105686D-03  0.11750477360414D-02
  0.16740988855480D-02  -.63844828025943D-03  -.10452470757921D-02
  0.10722991160681D-02  -.13613842497182D-03  -.11252764464005D-02
  -.54544401518399D-03  0.50874596483568D-04  -.50691378198057D-03
  0.37511679433493D-03  0.22642859231263D-04  0.60943355433494D-03
  0.77492861985711D-03  0.12131009668327D-03  -.95544556253614D-03
  -.25650178007723D-03  -.72089375133116D-03  0.53615653927269D-04
  -.75477032205748D-03  -.78317330538381D-04  0.91026310685579D-03
  0.26103518229156D-03  0.24207898762912D-03  -.36661929209511D-03
  0.41715459431019D-03  0.13572157603997D-03  -.46701607073313D-03
  0.20431343452790D-02  0.24634114793702D-02  -.48116986505175D-03
  0.20482556465937D-03  -.38106159513352D-03  0.46806137031738D-03
  0.26654061640623D-03  0.20910017868441D-03  0.11647141998822D-05
  0.17505468290170D-03  -.18140926462552D-02  0.16914873959199D-02
  0.39089439185710D-03  -.13013301078348D-02  0.13749230727380D-02
  0.13180149268584D-02  0.15390836566584D-01  0.32300015063422D-02
  -.12043738212150D-02  -.14316515936864D-01  -.58246498937102D-02
  0.49981922549828D-03  -.77266945948083D-02  -.49155774100598D-02
  -.41525431281180D-03  0.73579153176049D-03  -.71447734824584D-03
  0.22210545470523D-02  -.13390465615613D-02  0.67752978157920D-02
  -.58099318259927D-02  0.77257812273747D-02  -.11121835564116D-02
  cycle =     19    UFF energy =      0.0653577414   |dE/dxyz| =  0.012997
    0.01649569394027      3.04824061610432      2.07351416893232      c       
    0.55445352331811      5.09640328230957      0.63573468350568      c       
    1.93201940887970      4.83460700567243     -1.50827069458356      c       
    0.87084428197472      0.72994832828435      1.38105058029193      c       
    2.27484637430023      0.45513586384641     -0.76487671577708      c       
    2.79115889937538      2.52180741992673     -2.21456408342179      c       
   -0.32819706945400      7.46993763259292      1.34994318094303      o       
    0.92698674993075      8.34233230299188      2.50952605068387      h       
    3.88643279353169      2.33618429866174     -3.94840899529411      h       
    0.40870699126034     -0.90105751977000      2.54581691294818      h       
   -1.11515609970316      3.28217414163603      3.77152269550704      h       
    2.32869347890094      6.48849105216466     -2.65783859019067      h       
    3.19080272041771     -2.12893612869568     -1.57292636373661      c       
    1.45983144518677     -3.31783958607203     -3.60841983602355      c       
    3.33007925308323     -3.42267763263699      0.08422893411084      h       
    5.15179823066360     -1.95553154770607     -2.32504749216586      h       
    2.61244520771718     -5.72858945797928     -4.64172411029368      c       
    2.87068202576195     -7.85371186030276     -3.11105551844292      o       
    3.54653840398607     -5.78739631298089     -7.09853961115413      o       
    4.16878202482505     -7.56758116087413     -7.49503256712905      h       
   -1.09305490334141     -3.78252337449249     -2.59199656062095      n       
    1.32233223618689     -2.02364347559507     -5.26743648979456      h       
   -0.97343349269561     -4.76756345122001     -0.86590281740944      h       
   -2.01141419179232     -2.04979217014520     -2.26495361192943      h       
  -.57833713989474D-03  -.31684182736735D-03  0.96609710264615D-03
  -.30913095824026D-03  0.66449017173378D-05  0.29789723958224D-03
  0.80283061075863D-03  -.77979980958023D-06  -.11890957114446D-02
  -.68929754751119D-03  -.30435705879666D-03  0.89923716045347D-03
  0.17452073534272D-03  -.44370608387577D-03  -.62036929897330D-03
  0.49613851176839D-03  0.28337247954918D-03  -.10060236989193D-02
  -.10431944471945D-02  0.28493650335764D-04  -.27012585149149D-04
  0.63488980770027D-03  0.73354888845254D-03  0.67174617302446D-03
  0.72314709227365D-03  -.56651224386118D-04  -.11377288700304D-02
  -.45110012060191D-03  -.59222655446123D-03  0.50403683541311D-03
  -.82638079749804D-03  0.44833591159882D-04  0.11679668599229D-02
  0.30983725452190D-03  0.49822134763494D-03  -.61806787050413D-03
  -.21730647579743D-03  -.14104469125494D-03  -.28813034714700D-03
  0.14971257872363D-03  -.11304426841766D-03  0.29983432448602D-03
  0.16021682537753D-03  -.43341664640217D-03  0.31522435589388D-03
  0.59043366122806D-03  0.17227202205055D-04  -.17738286712209D-03
  -.54473361167300D-03  0.15819670445473D-02  0.85340335412383D-03
  -.58972804225297D-04  -.66513712885508D-03  0.77023042214055D-03
  -.12401883993986D-02  0.56472883990698D-02  0.86128015292681D-03
  0.18496140733721D-02  -.62495427921169D-02  -.25600140995934D-02
  0.68764217346798D-03  -.18712520144318D-02  -.38631431202290D-02
  0.10259806536429D-05  0.23312286324354D-03  -.22946832431028D-03
  0.11290237387080D-02  -.21838680750683D-02  0.43277355021903D-02
  -.17503907418615D-02  0.42971477973283D-02  -.21825268938109D-03
  cycle =     20    UFF energy =      0.0650290764   |dE/dxyz| =  0.002596
    0.01119445143268      3.14647877462233      2.02756027317073      c       
    0.53367293006777      5.15004961274976      0.52748984202545      c       
    1.88116163391320      4.82226970216911     -1.61889369554421      c       
    0.85093099735362      0.80655807442354      1.39500621465081      c       
    2.22385169706521      0.46453531831378     -0.75496130717079      c       
    2.72694599654599      2.48778729617970     -2.26528454412785      c       
   -0.33094791326201      7.54528255918633      1.18201655925075      o       
    0.94894141331595      8.44849363504862      2.28610854341524      h       
    3.80187038254393      2.25068072864090     -3.99953905913171      h       
    0.40620240875968     -0.78592919374714      2.61425828219537      h       
   -1.09304785679871      3.43324800921074      3.72900789998981      h       
    2.26674981649493      6.44055905320257     -2.81737477561902      h       
    3.13753308790594     -2.14216244712414     -1.49091192660293      c       
    1.46371270849682     -3.36031325164026     -3.55910190615677      c       
    3.21941166360417     -3.40793334343523      0.18954834842328      h       
    5.11943836201064     -1.99064446834932     -2.18596609088558      h       
    2.68316381742935     -5.74967728784699     -4.57273266236569      c       
    2.93334165755584     -7.87608687053923     -3.04672886010276      o       
    3.70523275491262     -5.77424602302566     -6.99197978299237      o       
    4.41275756449712     -7.51283385212330     -7.34194684567829      h       
   -1.09806079413986     -3.87232799971330     -2.58915047791864      n       
    1.32898773275218     -2.07009012488458     -5.21910263660384      h       
   -1.00292564246143     -4.96259087218933     -0.93778505420405      h       
   -2.00744488374937     -2.17268876341501     -2.14519318905776      h       
  0.58284109598391D-04  0.36548844016075D-04  -.13173645582748D-03
  0.60470865651239D-04  0.99846961351121D-04  -.15206184217556D-03
  -.20145179015271D-03  0.30269670881421D-03  0.24418779192284D-03
  0.14335541568261D-03  -.16801823786919D-03  -.18483788344867D-03
  -.33944709150468D-04  0.22987097996535D-04  0.18668401631762D-03
  -.38981487469383D-04  -.21649500326717D-04  0.12983471830393D-03
  0.21611425218973D-05  0.49743968014553D-04  -.22560286480134D-03
  0.60793368258642D-04  0.19580332669606D-04  0.11673344345112D-03
  -.15405172385466D-03  0.64016099825097D-04  0.24530131542898D-03
  0.59920837633752D-04  -.96772535211690D-04  -.27017138963252D-04
  0.15925483791669D-03  -.64143090918119D-04  -.24041104945741D-03
  -.51864121277267D-04  0.51988564496537D-04  0.86641914892315D-04
  0.77355992878780D-04  0.26739111928590D-04  0.14328277086655D-03
  -.81443524609298D-04  0.40138579832762D-03  -.26364789574899D-03
  0.46981988800297D-04  0.16790635962936D-04  0.16118249380985D-03
  0.47903730101038D-04  -.63825555095158D-04  -.71750982704780D-04
  0.28677611652358D-04  -.55357137544303D-03  0.28488563076351D-03
  0.29747581786294D-04  0.26401985112075D-03  -.25414288047341D-03
  0.78396384212210D-03  -.13216843166678D-02  -.63744621058417D-03
  -.67719350212054D-03  0.12516024856243D-02  0.38540187100642D-03
  0.12438516895154D-04  -.27598505803939D-03  -.10222326452942D-03
  -.30435328437109D-04  -.65330041148455D-04  0.94699219545202D-04
  -.33987612847803D-03  0.15752350121009D-03  0.21458342398621D-03
  0.37932474050208D-04  -.13449025063844D-03  -.25401415799796D-05
  cycle =     21    UFF energy =      0.0650143508   |dE/dxyz| =  0.000562
    0.01674010438482      3.15872935288421      2.02886771552540      c       
    0.54122961067140      5.15426789099113      0.51880236491289      c       
    1.88382898101822      4.81410045620008     -1.62984961222840      c       
    0.84899045442909      0.81437020399889      1.40354629575653      c       
    2.21686310389882      0.46015986532960     -0.74862235885157      c       
    2.72276599518484      2.47553355535885     -2.26841694618493      c       
   -0.31663536898528      7.55414358151299      1.16515159105099      o       
    0.96398347875572      8.45624136084550      2.26890562546961      h       
    3.79433006746750      2.22839627379925     -4.00443681271781      h       
    0.40202445332579     -0.77168581841487      2.63013695866722      h       
   -1.08375933917885      3.45569806032101      3.73203037405858      h       
    2.27119626463559      6.42600791535411     -2.83645058604898      h       
    3.12293779386485     -2.15059429032325     -1.47767638118697      c       
    1.45333213864871     -3.36095224334993     -3.55266804819134      c       
    3.19135399566342     -3.41706167972415      0.20234621978459      h       
    5.10874956207308     -2.00570881464185     -2.16273762559777      h       
    2.68245060067726     -5.73687524260320     -4.58380947555354      c       
    2.91743152791469     -7.88343859212227     -3.08234042181495      o       
    3.73348589141318     -5.72748543750168     -6.99055266020061      o       
    4.45664547124879     -7.45995366611669     -7.35457511229957      h       
   -1.10504161358413     -3.88889283336187     -2.58343248787965      n       
    1.31148860341257     -2.06028855163307     -5.20435575304727      h       
   -1.00128970948509     -5.01831138117389     -0.95846026880725      h       
   -2.01042808120842     -2.19798169991492     -2.09705944565583      h       
  0.10569501582664D-06  0.37401408275338D-05  -.37050572986223D-05
  0.51149724863980D-05  0.13478131215327D-04  -.13465861861962D-04
  -.17462778451143D-04  0.35309743496559D-04  0.16931990906290D-04
  0.10682843460237D-04  -.22533001538361D-04  -.11611321135138D-04
  -.68900275452947D-06  -.66704105161730D-05  0.13511866764970D-04
  -.71775909249536D-07  -.40709579146077D-05  0.35551909873163D-05
  -.50290558100287D-05  0.17257246646226D-04  -.19380645109863D-04
  0.62897204540325D-05  0.17004997115745D-05  0.11853535714589D-04
  -.11575439741733D-04  0.42422441088982D-05  0.16885758361139D-04
  0.27330252022592D-05  -.15739809648739D-04  0.15630901471682D-05
  0.10796307727415D-04  -.44300430156094D-05  -.16320818129176D-04
  -.31499256325501D-05  0.11136629064853D-04  0.33569925015922D-05
  0.10643113158792D-05  0.64252370506407D-05  0.14772825091855D-04
  -.42076445841867D-05  0.60673946943520D-04  -.19801809861239D-04
  0.70905397597154D-05  -.78973713207837D-05  0.25082164742250D-04
  0.16023141155150D-04  -.53522621766874D-05  -.10413222086248D-04
  -.50414035564716D-04  -.19765057626942D-04  0.11063052102402D-03
  -.79835062650193D-05  -.55221804308509D-04  0.69691678008975D-04
  0.11822204940625D-03  -.73356363153782D-04  -.22779399971794D-03
  -.30426002112375D-04  0.82495428742483D-04  0.79587527595030D-05
  0.64041778567470D-04  -.76824178142130D-04  -.26483257210973D-03
  -.17567391372175D-06  0.92918769087576D-05  -.10140158534461D-05
  -.20054919245858D-04  -.13886963976783D-03  0.24016911891866D-03
  -.90924624565522D-04  0.18497977441381D-03  0.52375837235042D-04
  cycle =     22    UFF energy =      0.0650140444   |dE/dxyz| =  0.000005
    0.01718115111715      3.15987329334841      2.02890044512909      c       
    0.54199259391685      5.15466071612517      0.51801079431470      c       
    1.88424611556125      4.81337255845678     -1.63076034448999      c       
    0.84869458954225      0.81513390342135      1.40423508530835      c       
    2.21618506474559      0.45981386487972     -0.74805432882392      c       
    2.72251388276452      2.47445919294945     -2.26861541889268      c       
   -0.31520765627209      7.55494154442002      1.16361698508398      o       
    0.96536271656065      8.45682022178778      2.26756197461932      h       
    3.79388336025226      2.22642656463610     -4.00471242732470      h       
    0.40144290587829     -0.77030804599455      2.63144875958752      h       
   -1.08304155265661      3.45776445060217      3.73215752990805      h       
    2.27189817570144      6.42468746827522     -2.83802749459153      h       
    3.12157030766672     -2.15128488625717     -1.47644183329166      c       
    1.45242286332195     -3.36100586715343     -3.55203445555911      c       
    3.18870218732499     -3.41774756572739      0.20352384704084      h       
    5.10771902308850     -2.00700432754384     -2.16050050030725      h       
    2.68259180250197     -5.73543432165708     -4.58483193327937      c       
    2.91709854243669     -7.88351246627318     -3.08574028939906      o       
    3.73535194847228     -5.72313267846999     -6.99030143451836      o       
    4.45926208950962     -7.45521226448080     -7.35569688396906      h       
   -1.10553433854694     -3.89068478065640     -2.58290390191388      n       
    1.30974239173895     -2.05943656073315     -5.20291006817918      h       
   -1.00086105778478     -5.02351523758755     -0.96105570135511      h       
   -2.01054312059484     -2.20125651065361     -2.09252525613761      h       
  -.50234882965740D-07  -.13228663333075D-07  0.88090424119476D-07
  -.32129063112264D-08  0.18724867204630D-07  0.37455698996861D-07
  0.15598425477079D-07  0.44715438368204D-07  -.29219104225607D-07
  -.23794489956174D-07  -.60487243002424D-07  0.52054266425614D-07
  0.25007276856418D-07  -.76720868443826D-07  -.40929329282426D-07
  0.33480360097597D-07  -.95956708410280D-08  -.63149349620584D-07
  -.68868513004286D-07  0.92664536676269D-07  0.57537890518398D-07
  0.12101085707349D-07  -.21547803639695D-07  0.42479314358505D-07
  0.31235363780495D-07  -.39160980654551D-08  -.43254710843237D-07
  -.26552647982420D-07  -.72406808762534D-07  0.29896727510303D-07
  -.44119260384420D-07  -.80999131041207D-08  0.74141502622309D-07
  0.14301875175929D-07  0.55611946745066D-07  -.85915370187943D-08
  -.61511848124200D-07  0.43034107796864D-07  -.91163337424230D-08
  0.87200212635033D-07  0.22736128685338D-06  -.57578494333792D-08
  0.30427605748808D-07  -.88819929971063D-07  0.70435839619513D-07
  0.10064024718866D-06  0.14621967699325D-07  -.46240742310488D-07
  -.19767604131186D-06  0.26756719581351D-06  0.42968757676628D-06
  0.11077005267462D-07  -.45099950489371D-06  0.62176805660979D-06
  0.15014550303299D-06  0.16330063469711D-06  -.11143436899545D-05
  0.15377690879980D-06  -.25210173995756D-06  -.15816467433330D-06
  0.70160716209586D-06  -.10436890010238D-05  -.22950551043697D-05
  0.48415430399604D-07  0.15207668157090D-06  -.12287496958395D-06
  0.21722684894680D-07  -.98430991497670D-06  0.23996048445283D-05
  -.96076655709573D-06  0.20062444965951D-05  0.33545252637723D-07
  cycle =     23    UFF energy =      0.0650140442   |dE/dxyz| =  0.000000
    0.01719571136605      3.15993462473552      2.02888631449746      c       
    0.54203371463245      5.15469156269208      0.51796567866070      c       
    1.88427903176787      4.81335152194067     -1.63080173149959      c       
    0.84867290599759      0.81517324616344      1.40425475106314      c       
    2.21615301293352      0.45980068943072     -0.74803209078585      c       
    2.72251130190278      2.47441667248789     -2.26862248320576      c       
   -0.31513049993100      7.55499465708231      1.16353617717782      o       
    0.96545171654568      8.45686957146400      2.26747039192164      h       
    3.79387543488448      2.22634273121887     -4.00471693338866      h       
    0.40140049238405     -0.77024339896364      2.63149313749393      h       
   -1.08301941430525      3.45786800202946      3.73214057278933      h       
    2.27195324090417      6.42464223750869     -2.83809380141101      h       
    3.12149988763005     -2.15132098770004     -1.47638608032463      c       
    1.45235704584549     -3.36102195879717     -3.55199388785243      c       
    3.18858910898321     -3.41777525993816      0.20358646451698      h       
    5.10765992751339     -2.00707405050640     -2.16041930738166      h       
    2.68258424235835     -5.73537609234726     -4.58489313132362      c       
    2.91699675935626     -7.88356773497632     -3.08595207596968      o       
    3.73551783211018     -5.72288311610074     -6.99028296117498      o       
    4.45945750826940     -7.45493227878845     -7.35576140760211      h       
   -1.10556989183130     -3.89080500734836     -2.58284122074753      n       
    1.30960976229556     -2.05940475249056     -5.20282488228706      h       
   -1.00084241073377     -5.02382266791063     -0.96113322340051      h       
   -2.01056243463258     -2.20143994517183     -2.09223512080658      h       
  -.96154641703299D-10  0.27944686793518D-10  0.15535117222037D-09
  -.18842711841782D-10  0.29154257458718D-10  0.23576904534597D-10
  0.34531958374587D-10  0.13736078247062D-09  -.92765939888214D-10
  -.37258950699032D-10  -.14882653540538D-09  0.10977847884203D-09
  0.49344297921240D-10  -.14255399326799D-09  -.84554892777690D-10
  0.84497427609541D-10  -.40832023688857D-10  -.14705436869906D-09
  -.10900773529275D-09  0.23427390517979D-09  0.73362013892127D-10
  0.17310801907590D-10  0.18234933311587D-10  0.41111677891214D-10
  0.68060238868350D-10  -.67079322240045D-11  -.11065668902564D-09
  -.47936521993617D-10  -.12794845621910D-09  0.65126296174521D-10
  -.79863372141084D-10  0.10293012752891D-10  0.12855575566746D-09
  0.24768006168154D-10  0.10925233108602D-09  -.64706278705908D-10
  -.96683834549527D-10  -.67661886910106D-10  0.34406960191125D-10
  0.40786568973562D-09  0.61499646179667D-09  0.35207400951348D-09
  0.35968121276514D-10  -.14055396749908D-09  0.60702148060691D-10
  0.13088551022080D-09  0.32742199962855D-11  -.67233169471223D-10
  -.17190939539946D-08  0.10912604108109D-08  0.25842784717733D-08
  -.21924779244724D-09  -.27752929399050D-08  0.34649826580560D-08
  0.20519923017714D-08  0.18191122807317D-08  -.63014597374757D-08
  0.44498143668067D-09  -.99136194999655D-09  -.35065392560082D-09
  0.17654230759570D-08  -.22348377024840D-08  -.64512122035457D-08
  0.22051932979314D-10  0.52656053990815D-09  -.44202845875772D-09
  0.29291094593223D-09  -.37028265951469D-08  0.57120434768850D-08
  -.30065022292493D-08  0.57576861841094D-08  0.13069756125885D-08
$end
