$coord                                                                          
    0.02536706710980      4.42141935624856     -3.33679025671021      c       
   -1.07826594228752      4.98626953941849     -1.08576286207979      c       
   -0.58807633500751      3.53548228839153      0.96035814407018      c       
    1.61320131755388      2.41629578139743     -3.52688772556343      c       
    2.12309288603187      0.96652478063598     -1.46237120389911      c       
    0.99992950644565      1.52995861342750      0.78156391047487      c       
   -2.72297617213576      7.03908823083579     -0.82535396319676      o       
   -2.99999095654363      8.02832865797848     -2.44323840399039      h       
    1.35120907728464      0.36921233880082      2.43964643239456      h       
    2.46939432649288      1.97904957334028     -5.34266576783017      h       
   -0.36410770205237      5.56800120694222     -4.99038330887710      h       
   -1.49147457089881      3.99601788753234      2.74116620428999      h       
    3.85880348917431     -1.29446158640976     -1.68006250618654      c       
    2.38671501236841     -3.70151441402596     -2.40159869984309      c       
    4.88101582168170     -1.60815752642148      0.13219998056099      h       
    5.34490545062348     -0.90259499476461     -3.11842039403293      h       
    4.18121992540560     -5.80109533218747     -3.17770932967028      c       
    5.67924488980147     -7.01390898632930     -1.39300636745301      o       
    4.40001110950368     -6.46236887768053     -5.70524464376554      o       
    5.68454258231856     -7.87176467135670     -5.86354573782172      h       
    0.73687458969418     -4.44570056434538     -0.28086873001758      n       
    1.20986053628701     -3.30487552401305     -4.10649533687618      h       
   -0.36892870089314     -5.99318910982574     -0.83340412711660      h       
    1.85375178556558     -5.08292770766571      1.22850945978539      h       
$end                                                                            
