$coord                                                                          
   -1.65500242112330      3.84182777738110      2.31265716386333      c       
   -1.82465882269413      1.67048179683856      0.93551814234505      c       
    0.23841502245178      0.88611017997321     -0.34248245187391      c       
    0.56264463980021      5.16764275399439      2.38597801445516      c       
    2.62156610871104      4.33383800020032      1.07863728678590      c       
    2.40485819784737      2.17233741340997     -0.28497265196984      c       
    0.47001442313435     -1.31804630961981     -1.85853073579991      n       
    4.12889841043232      0.96594365062575     -1.70045214672522      c       
    3.05399773391344     -1.13067546317255     -2.65364404848740      c       
   -0.88924385699839     -2.68497902141865     -2.29241456259008      h       
    6.84927060686834      1.75756740511150     -2.12644656949200      c       
    8.71214449809460      0.99831394024975      0.04748445220893      c       
    6.85527462975574      3.81917200103481     -2.50955884303674      h       
    7.52649639086543      0.90149818259592     -3.92369823028789      h       
    7.49685125901208     -0.55816200664356      2.18732214715126      c       
   10.17489019885269      3.20481867614833      0.98088037842160      n       
   10.13003597770450     -0.30534630861877     -0.79572647021350      h       
    9.69331569301919      4.91293184006963      0.11687668495739      h       
    9.90700070430555      3.49222819155353      2.92486175745293      h       
   -3.28322927368623      4.51149175081839      3.37080943957465      h       
   -3.56301593606682      0.58684911543597      0.87142367220833      h       
    0.69273598708738      6.88342484473579      3.50832821960470      h       
    4.39297394862590      5.36545532337111      1.16542395279270      h       
    4.00989814368314     -2.51654043917123     -3.83140091116719      h       
    6.48487973128977      0.65502773853829      4.28790508972504      o       
    7.27311595831136     -3.18183978846760      2.01996070741466      o       
    7.98424131842112     -3.86737763807497      0.39080243631062      h       
$end                                                                            
