$ufftopology
nxtnei12
    1     3
          2     4    11
    2     3
          1     3     7
    3     3
          2     6    12
    4     3
          1     5    10
    5     3
          4     6    13
    6     3
          3     5     9
    7     2
          2     8
    8     1
          7
    9     1
          6
   10     1
          4
   11     1
          1
   12     1
          3
   13     4
          5    14    15    16
   14     4
         13    17    21    22
   15     1
         13
   16     1
         13
   17     3
         14    18    19
   18     1
         17
   19     2
         17    20
   20     1
         19
   21     3
         14    23    24
   22     1
         14
   23     1
         21
   24     1
         21
nxtnei13
    1     4
          3     7     5    10
    2     5
          4    11     6    12     8
    3     4
          1     7     5     9
    4     4
          2    11     6    13
    5     7
          1    10     3     9    14    15    16
    6     4
          2    12     4    13
    7     2
          1     3
    8     1
          2
    9     2
          3     5
   10     2
          1     5
   11     2
          2     4
   12     2
          2     6
   13     5
          4     6    17    21    22
   14     7
          5    15    16    18    19    23    24
   15     3
          5    14    16
   16     3
          5    14    15
   17     4
         13    21    22    20
   18     2
         14    19
   19     2
         14    18
   20     1
         17
   21     3
         13    17    22
   22     3
         13    17    21
   23     2
         14    24
   24     2
         14    23
nxtnei14
    1     4
          6    12     8    13
    2     3
          5    10     9
    3     4
          4    11     8    13
    4     6
          3     7     9    14    15    16
    5     6
          2    11    12    17    21    22
    6     6
          1     7    10    14    15    16
    7     4
          4    11     6    12
    8     2
          1     3
    9     4
          2    12     4    13
   10     4
          2    11     6    13
   11     4
          3     7     5    10
   12     4
          1     7     5     9
   13     8
          1    10     3     9    18    19    23    24
   14     3
          4     6    20
   15     5
          4     6    17    21    22
   16     5
          4     6    17    21    22
   17     5
          5    15    16    23    24
   18     4
         13    21    22    20
   19     3
         13    21    22
   20     2
         14    18
   21     5
          5    15    16    18    19
   22     7
          5    15    16    18    19    23    24
   23     3
         13    17    22
   24     3
         13    17    22
connectivity (= bond)
                    24
     1     2   2.569320   2.000000
     1     4   2.564396   2.000000
     1    11   2.049924   1.000000
     2     3   2.554969   2.000000
     2     7   2.642186   1.000000
     3     6   2.566053   2.000000
     3    12   2.050128   1.000000
     4     5   2.573373   2.000000
     4    10   2.056433   1.000000
     5     6   2.572162   2.000000
     5    13   2.861604   1.000000
     6     9   2.053284   1.000000
     7     8   1.917282   1.000000
    13    14   2.924169   1.000000
    13    15   2.101762   1.000000
    13    16   2.106185   1.000000
    14    17   2.876471   1.000000
    14    21   2.805638   1.000000
    14    22   2.105413   1.000000
    17    18   2.628349   1.000000
    17    19   2.622803   1.000000
    19    20   1.912313   1.000000
    21    23   1.984511   1.000000
    21    24   1.978238   1.000000
angle
                    38
     1     2     3     2     119.63       1.00       4.00
     1     2     7     2     121.72       1.00       5.00
     1     4     5     2     120.27       2.00       8.00
     1     4    10     2     119.28       2.00       9.00
     2     1     4     2     120.17       1.00       2.00
     2     1    11     2     120.20       1.00       3.00
     2     3     6     2     120.46       4.00       6.00
     2     3    12     2     118.63       4.00       7.00
     2     7     8     9     113.91       5.00      13.00
     3     2     7     2     118.65       4.00       5.00
     3     6     5     2     120.14       6.00      10.00
     3     6     9     2     119.60       6.00      12.00
     4     1    11     2     119.63       2.00       3.00
     4     5     6     2     119.33       8.00      10.00
     4     5    13     2     120.34       8.00      11.00
     5     4    10     2     120.44       8.00       9.00
     5     6     9     2     120.26      10.00      12.00
     5    13    14     9     112.01      11.00      14.00
     5    13    15     9     109.37      11.00      15.00
     5    13    16     9     110.31      11.00      16.00
     6     3    12     2     120.91       6.00       7.00
     6     5    13     2     120.30      10.00      11.00
    13    14    17     9     111.36      14.00      17.00
    13    14    21     9     110.58      14.00      18.00
    13    14    22     9     109.18      14.00      19.00
    14    13    15     9     109.58      14.00      15.00
    14    13    16     9     109.03      14.00      16.00
    14    17    18     2     120.59      17.00      20.00
    14    17    19     2     119.93      17.00      21.00
    14    21    23     9     111.02      18.00      23.00
    14    21    24     9     112.73      18.00      24.00
    15    13    16     9     106.37      15.00      16.00
    17    14    21     9     112.92      17.00      18.00
    17    14    22     9     104.53      17.00      19.00
    17    19    20     9     108.76      21.00      22.00
    18    17    19     2     119.44      20.00      21.00
    21    14    22     9     108.00      18.00      19.00
    23    21    24     9     105.44      23.00      24.00
torsion
                    55
     4     1     2     3     1     3 359.70945579 120.16892281 119.63046277
     4     1     2     7     1     3 179.72805588 120.16892281 121.71516512
    11     1     2     3     1     3 179.34992602 120.20438961 119.63046277
    11     1     2     7     1     3 359.36852612 120.20438961 121.71516512
     2     1     4     5     2     3 359.73209944 120.16892281 120.26899096
     2     1     4    10     2     3 178.95389903 120.16892281 119.28297267
    11     1     4     5     2     3 180.08954594 119.62571801 120.26899096
    11     1     4    10     2     3 359.31134553 119.62571801 119.28297267
     1     2     3     6     4     3   0.24557004 119.63046277 120.45691013
     1     2     3    12     4     3 180.60650890 119.63046277 118.63309245
     7     2     3     6     4     3 180.22753919 118.65436957 120.45691013
     7     2     3    12     4     3   0.58847805 118.65436957 118.63309245
     1     2     7     8     5     3   1.48015867 121.71516512 113.91208570
     3     2     7     8     5     3 181.49858291 118.65436957 113.91208570
     2     3     6     5     6     3   0.35804836 120.45691013 120.14073220
     2     3     6     9     6     3 180.80388091 120.45691013 119.59542922
    12     3     6     5     6     3 179.98881265 120.90899489 120.14073220
    12     3     6     9     6     3   0.43464521 120.90899489 119.59542922
     1     4     5     6     8     3   0.86425805 120.26899096 119.32742664
     1     4     5    13     8     3 178.89020491 120.26899096 120.34232611
    10     4     5     6     8     3 181.65156198 120.44341861 119.32742664
    10     4     5    13     8     3 359.67750884 120.44341861 120.34232611
     4     5     6     3    10     3 359.09130891 119.32742664 120.14073220
     4     5     6     9    10     3 178.64247875 119.32742664 120.26232845
    13     5     6     3    10     3 181.06452129 120.30061006 120.14073220
    13     5     6     9    10     3   0.61569113 120.30061006 120.26232845
     4     5    13    14    11    22 263.98678549 120.34232611 112.01052998
     4     5    13    15    11    22 142.29428613 120.34232611 109.36995940
     4     5    13    16    11    22  25.63373425 120.34232611 110.30878984
     6     5    13    14    11    22  81.99341658 120.30061006 112.01052998
     6     5    13    15    11    22 320.30091722 120.30061006 109.36995940
     6     5    13    16    11    22 203.64036534 120.30061006 110.30878984
     5    13    14    17    14     1  59.40190011 112.01052998 111.35637695
     5    13    14    21    14     1 185.79819661 112.01052998 110.57671313
     5    13    14    22    14     1 304.48891336 112.01052998 109.18127217
    15    13    14    17    14     1 180.97114388 109.58461801 111.35637695
    15    13    14    21    14     1 307.36744038 109.58461801 110.57671313
    15    13    14    22    14     1  66.05815713 109.58461801 109.18127217
    16    13    14    17    14     1 297.02581895 109.03376614 111.35637695
    16    13    14    21    14     1  63.42211545 109.03376614 110.57671313
    16    13    14    22    14     1 182.11283220 109.03376614 109.18127217
    13    14    17    18    17    22  66.60416139 111.35637695 120.59371453
    13    14    17    19    17    22 248.83256567 111.35637695 119.93007709
    21    14    17    18    17    22 301.50403898 112.91565007 120.59371453
    21    14    17    19    17    22 123.73244326 112.91565007 119.93007709
    22    14    17    18    17    22 184.36490333 104.52994940 120.59371453
    22    14    17    19    17    22   6.59330760 104.52994940 119.93007709
    13    14    21    23    18     1 243.45330580 110.57671313 111.01699007
    13    14    21    24    18     1   1.50034726 110.57671313 112.73098879
    17    14    21    23    18     1   8.97521849 112.91565007 111.01699007
    17    14    21    24    18     1 127.02225996 112.91565007 112.73098879
    22    14    21    23    18     1 124.04751703 108.00054632 111.01699007
    22    14    21    24    18     1 242.09455850 108.00054632 112.73098879
    14    17    19    20    21     3 179.61398767 119.93007709 108.75605284
    18    17    19    20    21     3   1.81658426 119.43908566 108.75605284
inversion
                     8
     1     2     4    11    11    11    11    0.311    0.311    0.309
     2     1     3     7    10    11    11   -0.016   -0.016   -0.016
     3     2     6    12    11    11    11   -0.317   -0.311   -0.318
     4     1     5    10    11    11    11    0.679    0.672    0.680
     5     4     6    13    11    11    11    1.704    1.721    1.720
     6     3     5     9    11    11    11   -0.388   -0.386   -0.388
    17    14    18    19    10    10    11   -1.931   -1.918   -1.909
    21    14    23    24     9     9     9   54.490   55.472   52.028
nonbond
                   214
    1     6    5.126
    1     8    4.790
    1     9    7.179
    1    12    6.275
    1    13    7.082
    1    14    8.630
    1    15    8.427
    1    16    7.523
    1    17    8.217
    1    18    8.928
    1    19    8.299
    1    20    8.799
    1    21   11.262
    1    22    8.947
    1    23   12.076
    1    24   11.672
    2     5    5.153
    2     9    6.298
    2    10    6.305
    2    13    8.014
    2    14    9.477
    2    15    8.946
    2    16    8.975
    2    17    9.483
    2    18   10.731
    2    19    9.198
    2    20    9.968
    2    21   12.175
    2    22    9.248
    2    23   13.273
    2    24   12.638
    3     4    5.121
    3     8    6.126
    3    10    7.177
    3    11    6.293
    3    13    7.080
    3    14    8.457
    3    15    7.568
    3    16    8.513
    3    17    9.124
    3    18   10.834
    3    19    8.940
    3    20   10.140
    3    21   11.028
    3    22    7.845
    3    23   12.408
    3    24   11.462
    4     7    6.889
    4     8    7.343
    4     9    6.311
    4    12    7.171
    4    14    6.418
    4    15    6.280
    4    16    4.986
    4    17    6.232
    4    18    6.852
    4    19    6.992
    4    20    7.707
    4    21    8.900
    4    22    7.132
    4    23    9.682
    4    24    9.211
    5     7    7.794
    5     8    8.777
    5    11    6.309
    5    12    6.323
    5    17    5.694
    5    18    7.033
    5    19    6.677
    5    20    7.958
    5    21    7.255
    5    22    5.196
    5    23    8.463
    5    24    7.515
    6     7    6.839
    6     8    8.281
    6    10    6.316
    6    11    7.176
    6    14    6.182
    6    15    5.067
    6    16    6.386
    6    17    7.389
    6    18    9.204
    6    19    7.742
    6    20    9.211
    6    21    8.600
    6    22    5.684
    6    23   10.094
    6    24    8.942
    7     9    8.470
    7    10    8.543
    7    11    5.012
    7    12    4.832
    7    13   10.655
    7    14   12.029
    7    15   11.527
    7    16   11.578
    7    17   11.849
    7    18   13.045
    7    19   11.229
    7    20   11.793
    7    21   14.758
    7    22   11.659
    7    23   15.831
    7    24   15.270
    8     9   10.070
    8    10    8.654
    8    11    4.417
    8    12    6.724
    8    13   11.600
    8    14   12.975
    8    15   12.670
    8    16   12.254
    8    17   12.455
    8    18   13.330
    8    19   11.819
    8    20   12.097
    8    21   15.716
    8    22   12.817
    8    23   16.611
    8    24   16.235
    9    10    8.024
    9    11    9.229
    9    12    4.633
    9    13    5.099
    9    14    6.207
    9    15    4.746
    9    16    7.037
    9    17    8.010
    9    18   10.078
    9    19    8.421
    9    20   10.116
    9    21    8.229
    9    22    5.281
    9    23    9.961
    9    24    8.514
   10    11    4.584
   10    12    9.227
   10    13    5.109
   10    14    6.626
   10    15    6.892
   10    16    4.564
   10    17    5.972
   10    18    5.773
   10    19    7.132
   10    20    7.502
   10    21    8.789
   10    22    7.838
   10    23    9.195
   10    24    9.022
   11    12    7.966
   11    13    8.713
   11    14   10.172
   11    15   10.187
   11    16    8.804
   11    17    9.333
   11    18    9.596
   11    19    9.320
   11    20    9.424
   11    21   12.743
   11    22   10.660
   11    23   13.333
   11    24   13.162
   12    13    8.737
   12    14    9.936
   12    15    8.922
   12    16   10.324
   12    17   10.765
   12    18   12.665
   12    19   10.347
   12    20   11.611
   12    21   12.402
   12    22    8.992
   12    23   13.903
   12    24   12.859
   13    18    5.959
   13    19    6.680
   13    20    8.093
   13    23    6.010
   13    24    4.688
   14    20    6.353
   15    17    6.601
   15    18    7.857
   15    19    8.413
   15    20    9.976
   15    21    5.080
   15    22    4.832
   15    23    6.745
   15    24    4.489
   16    17    5.291
   16    18    5.465
   16    19    7.564
   16    20    8.625
   16    21    5.227
   16    22    5.861
   16    23    6.007
   16    24    4.783
   17    23    4.718
   17    24    6.178
   18    20    4.555
   18    21    5.818
   18    22    6.400
   18    23    5.056
   18    24    6.842
   19    21    6.799
   19    22    4.726
   19    23    6.849
   19    24    8.461
   20    21    8.184
   20    22    6.595
   20    23    7.853
   20    24    9.810
   22    23    5.382
   22    24    5.345
qpartial
                    24
        -0.09463    0.24865   -0.03514   -0.12516    0.01062   -0.10571
        -0.68969    0.35384    0.24313    0.12591    0.11296    0.16823
        -0.25136   -0.03930    0.14158    0.16089    0.52534   -0.45838
        -0.76573    0.36912   -0.64254    0.19809    0.28953    0.25977
$end
