    27
 Energy =       0.2873835567
c    -1.4235396    2.6054793   -0.0667700  0.00   -0.0462404    0.0383305    0.0027588
c    -1.3072796    1.2134697   -0.1072300  0.00   -0.0851733   -0.0325663    0.0020198
c    -0.0178900    0.6711998   -0.1697000  0.00   -0.0885191   -0.1879462   -0.0011801
c    -0.2940599    3.4190890   -0.0891300  0.00   -0.0230109    0.0691101    0.0029406
c     0.9872197    2.8590292   -0.1560400  0.00    0.0105419    0.0643439    0.0010443
c     1.1340797    1.4562096   -0.1970299  0.00    0.0533791    0.0515108    0.0020820
n     0.3879399   -0.6395298   -0.2140799  0.00    0.1419253    0.1098868   -0.0029987
c     2.2666594    0.5727398   -0.2659299  0.00    0.1404540   -0.0572138   -0.0206329
c     1.7555995   -0.7123598   -0.2706899  0.00   -0.0941283   -0.0976659    0.0035035
h    -0.2400399   -1.4313496   -0.2047299  0.00    0.0365206    0.0476059   -0.0005884
c     3.7030089    1.0223397   -0.3320099  0.00    0.0149286    0.0083918    0.0169870
c     4.7465686   -0.0024900    0.1378100  0.00   -0.0586474   -0.0005959    0.0065527
h     3.7978489    1.9290294    0.2803699  0.00    0.0013061   -0.0128078   -0.0110907
h     3.9233889    1.3348996   -1.3618196  0.00   -0.0053407   -0.0012675    0.0145016
c     6.0911583    0.7171698    0.3515799  0.00    0.1252723    0.3017625    0.2197512
n     4.9813086   -1.1161597   -0.8485798  0.00    0.0670570   -0.0603829   -0.0322726
h     4.4627987   -0.4486599    1.0982597  0.00    0.0085333   -0.0112165   -0.0258477
h     4.8172486   -1.9976894   -0.3514999  0.00   -0.0051447    0.0361616   -0.0104346
h     4.2259388   -1.0808397   -1.5421496  0.00    0.0114858    0.0068119    0.0353756
h    -2.4108593    3.0588691   -0.0157800  0.00   -0.0008339    0.0002425    0.0000317
h    -2.1896094    0.5822398   -0.0890100  0.00   -0.0036212    0.0037132    0.0000607
h    -0.4052699    4.5000487   -0.0535400  0.00    0.0008350    0.0001666    0.0002652
h     1.8590495    3.5066790   -0.1715100  0.00   -0.0008393    0.0026465    0.0006613
h     2.2327294   -1.6813195   -0.3062999  0.00   -0.0366936   -0.0107744    0.0010940
o     6.2733082    1.6803095    1.0775897  0.00   -0.0471114   -0.2262828   -0.1846301
o     7.0804880    0.1383800   -0.3810899  0.00   -0.0821123   -0.0428285   -0.0141951
h     7.7404778   -0.1816049    0.2872119  0.00   -0.0348225    0.0008640   -0.0057591
    27
 Energy =       0.2363494205
c    -1.3767691    2.6059790   -0.0115221  0.00   -0.0271809    0.0224865    0.0015772
c    -1.2705022    1.2281763   -0.0586479  0.00   -0.0507792   -0.0197073    0.0011334
c    -0.0064732    0.6806493   -0.1159517  0.00   -0.0511796   -0.1100876    0.0014618
c    -0.2472149    3.4015105   -0.0316758  0.00   -0.0140712    0.0409089    0.0016834
c     1.0137293    2.8316730   -0.1001828  0.00    0.0063879    0.0385744    0.0005005
c     1.1283151    1.4478979   -0.1392654  0.00    0.0306593    0.0314332    0.0011809
n     0.3551136   -0.6587312   -0.2141957  0.00    0.0833192    0.0626280   -0.0047765
c     2.2363478    0.5952500   -0.2222837  0.00    0.0822647   -0.0342753   -0.0111048
c     1.7489836   -0.6846218   -0.2465428  0.00   -0.0568445   -0.0555282    0.0038746
h    -0.2801823   -1.4630224   -0.2378877  0.00    0.0214487    0.0278012   -0.0011627
c     3.6757139    1.0440603   -0.3730786  0.00    0.0100711    0.0036562    0.0112491
c     4.7330663    0.0252100    0.0977028  0.00   -0.0370123    0.0019761    0.0047938
h     3.8096872    1.9828317    0.1968696  0.00    0.0015026   -0.0056681   -0.0057946
h     3.8541559    1.3000629   -1.4350079  0.00   -0.0028841   -0.0005600    0.0058682
c     6.0937188    0.7100953    0.2495703  0.00    0.0755968    0.1804327    0.1330306
n     4.9001635   -1.1157213   -0.8540319  0.00    0.0431770   -0.0346468   -0.0230685
h     4.4700947   -0.3673830    1.0963971  0.00    0.0047928   -0.0072022   -0.0137802
h     4.7766782   -1.9950931   -0.3223472  0.00   -0.0033500    0.0202684   -0.0043598
h     4.1438758   -1.1041064   -1.5591077  0.00    0.0054770    0.0034033    0.0218434
h    -2.3602131    3.0676551    0.0367475  0.00   -0.0005535    0.0001313    0.0000231
h    -2.1550787    0.5998586   -0.0561085  0.00   -0.0022298    0.0020901   -0.0000282
h    -0.3471816    4.4837411    0.0035281  0.00    0.0004553    0.0001627    0.0001583
h     1.8956938    3.4651048   -0.1210813  0.00   -0.0001997    0.0014929    0.0003692
h     2.2830806   -1.6232974   -0.3200517  0.00   -0.0195174   -0.0079475   -0.0000582
o     6.3038627    1.7314377    1.0040702  0.00   -0.0267745   -0.1355649   -0.1112902
o     7.1111009    0.1263200   -0.4593032  0.00   -0.0641774   -0.0156094   -0.0281199
h     7.6885053   -0.3403581    0.2315910  0.00   -0.0083982   -0.0106483    0.0147963
    27
 Energy =       0.2338607442
c    -1.4122265    2.5212212    0.0063979  0.00   -0.0260208    0.0213496    0.0015263
c    -1.2822880    1.1467144   -0.0656780  0.00   -0.0482013   -0.0190578    0.0011331
c    -0.0094798    0.6214394   -0.1118061  0.00   -0.0481686   -0.1026112    0.0018613
c    -0.2963243    3.3356125    0.0183447  0.00   -0.0130228    0.0390914    0.0015911
c     0.9734253    2.7881834   -0.0385620  0.00    0.0064294    0.0367394    0.0004389
c     1.1098110    1.4088129   -0.0991598  0.00    0.0290072    0.0301812    0.0010869
n     0.3790521   -0.7107991   -0.2577191  0.00    0.0767764    0.0580937   -0.0051160
c     2.2341457    0.5838192   -0.1746469  0.00    0.0778717   -0.0326104   -0.0094840
c     1.7774011   -0.7046305   -0.2286872  0.00   -0.0517889   -0.0519752    0.0039940
h    -0.2371889   -1.5301363   -0.3330457  0.00    0.0186605    0.0241153   -0.0013720
c     3.6620071    1.0794408   -0.2944372  0.00    0.0075364    0.0028009    0.0112060
c     4.7626914    0.0620874    0.0834448  0.00   -0.0350173    0.0023005    0.0057555
h     3.7685431    1.9739357    0.3556227  0.00    0.0008360   -0.0014743   -0.0031653
h     3.8265002    1.4314707   -1.3362264  0.00   -0.0016623    0.0010722    0.0012098
c     6.1082571    0.7831009    0.2104959  0.00    0.0686177    0.1702583    0.1268595
n     4.9219692   -1.0267782   -0.9295477  0.00    0.0439690   -0.0318509   -0.0258853
h     4.5500165   -0.3863419    1.0743870  0.00    0.0038818   -0.0077877   -0.0104049
h     4.8540395   -1.9400634   -0.4406419  0.00   -0.0031844    0.0148829   -0.0016126
h     4.1362200   -0.9994226   -1.6042982  0.00    0.0039964    0.0035674    0.0193241
h    -2.4042001    2.9656538    0.0453753  0.00   -0.0007727    0.0001724    0.0000307
h    -2.1562979    0.5035224   -0.0962929  0.00   -0.0026778    0.0014872   -0.0000475
h    -0.4148173    4.4155811    0.0705809  0.00    0.0004774    0.0005013    0.0001635
h     1.8456571    3.4361672   -0.0332227  0.00    0.0002266    0.0017335    0.0003480
h     2.3397589   -1.6275035   -0.2959373  0.00   -0.0182839   -0.0080142    0.0000570
o     6.2952434    1.8207997    0.9592995  0.00   -0.0245172   -0.1275146   -0.1048544
o     7.1266816    0.2623445   -0.5495922  0.00   -0.0583030   -0.0144898   -0.0304148
h     7.7196742   -0.2390530    0.1037558  0.00   -0.0066655   -0.0109612    0.0157711
    27
 Energy =       0.2295277505
c    -1.4007138    2.5318369    0.0234050  0.00   -0.0247194    0.0200655    0.0014464
c    -1.2728558    1.1568369   -0.0190722  0.00   -0.0454342   -0.0184565    0.0009932
c    -0.0030548    0.6302957   -0.0797793  0.00   -0.0444961   -0.0942067    0.0015426
c    -0.2845393    3.3449425   -0.0032738  0.00   -0.0118727    0.0370946    0.0015252
c     0.9824418    2.7955327   -0.0745244  0.00    0.0062571    0.0348372    0.0004624
c     1.1150603    1.4165075   -0.1099466  0.00    0.0275366    0.0288189    0.0010458
n     0.3789975   -0.7116722   -0.1644483  0.00    0.0692533    0.0529894   -0.0043754
c     2.2354689    0.5923963   -0.1941517  0.00    0.0737950   -0.0303103   -0.0088087
c     1.7806914   -0.6967653   -0.2147905  0.00   -0.0453908   -0.0477718    0.0033933
h    -0.2396664   -1.5363857   -0.1742926  0.00    0.0154022    0.0198886   -0.0012175
c     3.6629335    1.0815860   -0.3421442  0.00    0.0072004    0.0026086    0.0105205
c     4.7563522    0.0623325    0.0545697  0.00   -0.0331853    0.0021120    0.0054849
h     3.7796567    1.9905028    0.2868319  0.00    0.0007939   -0.0010608   -0.0027888
h     3.8211361    1.4086067   -1.3932558  0.00   -0.0014499    0.0010650    0.0007932
c     6.1045426    0.7732990    0.1961673  0.00    0.0636349    0.1601394    0.1196130
n     4.9150215   -1.0353440   -0.9477356  0.00    0.0434646   -0.0280223   -0.0244150
h     4.5309369   -0.3756184    1.0480015  0.00    0.0035799   -0.0073398   -0.0096493
h     4.7890301   -1.9451690   -0.4591429  0.00   -0.0034106    0.0116625   -0.0000654
h     4.1577566   -0.9809071   -1.6561223  0.00    0.0018637    0.0038043    0.0167922
h    -2.3915596    2.9776653    0.0743574  0.00   -0.0008459    0.0001059    0.0000302
h    -2.1474431    0.5125668   -0.0086459  0.00   -0.0031809    0.0008116   -0.0000402
h    -0.4010850    4.4260846    0.0288716  0.00    0.0005443    0.0007021    0.0001580
h     1.8554901    3.4425755   -0.1011056  0.00    0.0006211    0.0019739    0.0003209
h     2.3472668   -1.6161578   -0.2930477  0.00   -0.0168879   -0.0075640   -0.0000855
o     6.2859576    1.8092025    0.9585853  0.00   -0.0228625   -0.1197700   -0.0984203
o     7.1399572    0.2356147   -0.5301855  0.00   -0.0562727   -0.0115887   -0.0320848
h     7.6804916   -0.3151868    0.1330785  0.00   -0.0039382   -0.0125885    0.0178291
    27
 Energy =       0.2213998086
c    -1.3881435    2.5207568    0.0576916  0.00   -0.0194554    0.0156851    0.0011275
c    -1.2561810    1.1493732    0.0423315  0.00   -0.0355867   -0.0148434    0.0005797
c     0.0083665    0.6268592   -0.0296736  0.00   -0.0343323   -0.0719842    0.0002879
c    -0.2766237    3.3339384   -0.0027853  0.00   -0.0089604    0.0292405    0.0012913
c     0.9861003    2.7867300   -0.0845206  0.00    0.0050894    0.0274678    0.0005140
c     1.1163019    1.4131815   -0.0960155  0.00    0.0216539    0.0229338    0.0009225
n     0.3883126   -0.7239581   -0.0600794  0.00    0.0524929    0.0400504   -0.0021423
c     2.2327383    0.6028744   -0.1829691  0.00    0.0581799   -0.0230655   -0.0066727
c     1.7939959   -0.6878515   -0.1709781  0.00   -0.0338175   -0.0365945    0.0017634
h    -0.2259457   -1.5565900   -0.0155395  0.00    0.0106264    0.0135693   -0.0005939
c     3.6558091    1.1009475   -0.3493119  0.00    0.0050713    0.0024190    0.0084119
c     4.7608153    0.0719243   -0.0022266  0.00   -0.0254173    0.0021692    0.0046768
h     3.7814512    1.9906558    0.3068941  0.00    0.0005182   -0.0003813   -0.0017936
h     3.7924028    1.4603299   -1.3937721  0.00   -0.0011173    0.0011053   -0.0001083
c     6.1099640    0.7768091    0.1406378  0.00    0.0500268    0.1246347    0.0946867
n     4.8907238   -0.9969621   -1.0347273  0.00    0.0367272   -0.0209044   -0.0189025
h     4.5534055   -0.3886387    0.9870598  0.00    0.0028107   -0.0058127   -0.0069782
h     4.7292666   -1.9230292   -0.5829909  0.00   -0.0032225    0.0069189    0.0007731
h     4.1512682   -0.8922651   -1.7618890  0.00   -0.0005680    0.0031077    0.0111601
h    -2.3792204    2.9647332    0.1178567  0.00   -0.0007382    0.0000428    0.0000214
h    -2.1271336    0.5013668    0.0882170  0.00   -0.0029838    0.0001833   -0.0000147
h    -0.3950152    4.4153616    0.0104132  0.00    0.0005009    0.0007507    0.0001301
h     1.8581999    3.4335898   -0.1387046  0.00    0.0007885    0.0017878    0.0002406
h     2.3805790   -1.5946806   -0.2495302  0.00   -0.0128003   -0.0060927   -0.0003632
o     6.2806926    1.8195283    0.9294266  0.00   -0.0179108   -0.0938907   -0.0763985
o     7.1691673    0.2405990   -0.5574474  0.00   -0.0575264    0.0138000   -0.0497029
h     7.5869736   -0.4704046    0.0708356  0.00    0.0099509   -0.0322970    0.0370838
    27
 Energy =       0.2147475875
c    -1.3705598    2.5250546    0.0729421  0.00   -0.0142409    0.0114350    0.0008221
c    -1.2446720    1.1572075    0.0569147  0.00   -0.0260520   -0.0108914    0.0004208
c     0.0116147    0.6297199   -0.0154967  0.00   -0.0250554   -0.0526768    0.0002907
c    -0.2567162    3.3298731    0.0125094  0.00   -0.0066103    0.0213951    0.0009489
c     0.9989928    2.7760113   -0.0680780  0.00    0.0037345    0.0201319    0.0003717
c     1.1170980    1.4071061   -0.0794999  0.00    0.0158041    0.0168234    0.0006741
n     0.3773436   -0.7285524   -0.0512490  0.00    0.0384197    0.0292759   -0.0016852
c     2.2249898    0.6016506   -0.1633809  0.00    0.0426809   -0.0169663   -0.0048205
c     1.7892440   -0.6861124   -0.1551796  0.00   -0.0245506   -0.0268463    0.0012574
h    -0.2420577   -1.5610896   -0.0130186  0.00    0.0077529    0.0099086   -0.0004592
c     3.6503570    1.1004811   -0.3191233  0.00    0.0029911    0.0017415    0.0064137
c     4.7611367    0.0604350   -0.0145071  0.00   -0.0191008    0.0020941    0.0036616
h     3.7810932    1.9651057    0.3707469  0.00    0.0003553    0.0003977   -0.0007825
h     3.7822951    1.4991894   -1.3506201  0.00   -0.0008083    0.0011797   -0.0008729
c     6.1179814    0.7525396    0.1021205  0.00    0.0369475    0.0908491    0.0696397
n     4.8486125   -0.9984166   -1.0568883  0.00    0.0403234   -0.0091761   -0.0083553
h     4.5777415   -0.4042199    0.9789190  0.00    0.0021137   -0.0039678   -0.0044669
h     4.5705135   -1.9231300   -0.6425384  0.00   -0.0070694   -0.0057515    0.0054904
h     4.1828382   -0.7998095   -1.8475672  0.00   -0.0101740    0.0057800   -0.0024422
h    -2.3592328    2.9741112    0.1329508  0.00   -0.0005578    0.0000329    0.0000166
h    -2.1176010    0.5125791    0.1015551  0.00   -0.0021875    0.0001199   -0.0000116
h    -0.3689144    4.4118576    0.0254021  0.00    0.0003583    0.0005704    0.0000958
h     1.8754517    3.4165351   -0.1218571  0.00    0.0006034    0.0013158    0.0001702
h     2.3845763   -1.5862578   -0.2316422  0.00   -0.0076940   -0.0046491   -0.0008620
o     6.3013422    1.8179576    0.8897992  0.00   -0.0128917   -0.0684455   -0.0561321
o     7.1807225    0.2158090   -0.5960162  0.00   -0.0422976    0.0100435   -0.0366512
h     7.6040809   -0.4904565    0.0210061  0.00    0.0072055   -0.0237235    0.0272678
    27
 Energy =       0.2105657082
c    -1.3631536    2.5145942    0.1033093  0.00   -0.0105806    0.0082253    0.0006218
c    -1.2345201    1.1495947    0.1259078  0.00   -0.0187862   -0.0085486    0.0001375
c     0.0170542    0.6231431    0.0450067  0.00   -0.0180025   -0.0370317   -0.0004293
c    -0.2532023    3.3174478   -0.0017683  0.00   -0.0041569    0.0158697    0.0007667
c     0.9984243    2.7631633   -0.0904766  0.00    0.0029012    0.0151006    0.0004110
c     1.1145636    1.3983016   -0.0639841  0.00    0.0116833    0.0124256    0.0006011
n     0.3811046   -0.7402537    0.0600256  0.00    0.0272551    0.0198071   -0.0005675
c     2.2186981    0.6009777   -0.1429433  0.00    0.0308352   -0.0108694   -0.0033383
c     1.7946459   -0.6871916   -0.0812456  0.00   -0.0177429   -0.0195216    0.0004670
h    -0.2350757   -1.5756195    0.1457345  0.00    0.0045122    0.0055944   -0.0000506
c     3.6393159    1.1037832   -0.3371629  0.00    0.0020846    0.0015592    0.0046321
c     4.7631462    0.0671639   -0.0657387  0.00   -0.0135333    0.0016654    0.0029052
h     3.7847227    1.9666055    0.3523882  0.00    0.0002544    0.0003447   -0.0004400
h     3.7432095    1.5051493   -1.3709570  0.00   -0.0005676    0.0009606   -0.0010033
c     6.1201360    0.7623564    0.0220219  0.00    0.0267550    0.0645393    0.0501432
n     4.8181770   -0.9856695   -1.1127379  0.00    0.0298865   -0.0063175   -0.0063826
h     4.6049545   -0.3978874    0.9329504  0.00    0.0015017   -0.0028921   -0.0028454
h     4.5700089   -1.9163314   -0.6955174  0.00   -0.0051509   -0.0046926    0.0043189
h     4.1314819   -0.7936124   -1.8856462  0.00   -0.0076464    0.0042557   -0.0023484
h    -2.3512419    2.9638062    0.1699295  0.00   -0.0004607   -0.0000223    0.0000127
h    -2.1042274    0.5040227    0.2103106  0.00   -0.0021534   -0.0005181    0.0000370
h    -0.3663643    4.3995769   -0.0182188  0.00    0.0003840    0.0008794    0.0000608
h     1.8736271    3.4020752   -0.1796037  0.00    0.0008985    0.0014071    0.0000837
h     2.4038254   -1.5805561   -0.1322103  0.00   -0.0057706   -0.0038255   -0.0005879
o     6.3041683    1.8501772    0.8042915  0.00   -0.0091545   -0.0486132   -0.0403222
o     7.1887797    0.2344764   -0.6784316  0.00   -0.0304237    0.0072207   -0.0266104
h     7.6160131   -0.4741147   -0.0770303  0.00    0.0051785   -0.0170025    0.0197272
    27
 Energy =       0.2084159372
c    -1.3714271    2.4820724    0.0669958  0.00   -0.0078387    0.0063057    0.0004991
c    -1.2294165    1.1206277    0.1111659  0.00   -0.0138797   -0.0064134    0.0001097
c     0.0249032    0.6054851    0.0446741  0.00   -0.0136046   -0.0268018   -0.0004057
c    -0.2694023    3.2925212   -0.0428650  0.00   -0.0031557    0.0118748    0.0006392
c     0.9857860    2.7486653   -0.1135048  0.00    0.0022565    0.0112288    0.0003370
c     1.1116079    1.3884418   -0.0666523  0.00    0.0081364    0.0094709    0.0004775
n     0.4017373   -0.7566923    0.0932569  0.00    0.0197524    0.0142341   -0.0004360
c     2.2227772    0.6082597   -0.1126101  0.00    0.0221709   -0.0082112   -0.0019480
c     1.8205718   -0.6829635   -0.0201585  0.00   -0.0132309   -0.0140746    0.0001671
h    -0.2059046   -1.5991899    0.1843181  0.00    0.0032832    0.0039804   -0.0000207
c     3.6413937    1.1324828   -0.2649475  0.00    0.0000952    0.0004288    0.0037817
c     4.7715687    0.0780817   -0.0884986  0.00   -0.0087430    0.0031788    0.0048449
h     3.7806300    1.9367686    0.4995731  0.00    0.0002781    0.0035746    0.0026271
h     3.7429624    1.6219386   -1.2646674  0.00   -0.0002078    0.0028239   -0.0045113
c     6.1291071    0.7683236    0.0275511  0.00    0.0193218    0.0463285    0.0370454
n     4.8003915   -0.8989923   -1.2103349  0.00    0.0248721   -0.0066784   -0.0094828
h     4.6308410   -0.4554403    0.8817311  0.00    0.0009234   -0.0034454    0.0005972
h     4.5707902   -1.8606589   -0.8542706  0.00   -0.0039454   -0.0072203    0.0045167
h     4.0940950   -0.6597385   -1.9530585  0.00   -0.0073723    0.0036100   -0.0042472
h    -2.3640397    2.9229813    0.1213730  0.00   -0.0004383    0.0000761    0.0000156
h    -2.0925142    0.4678144    0.2023725  0.00   -0.0016327   -0.0004432    0.0000342
h    -0.3923228    4.3732061   -0.0754165  0.00    0.0002422    0.0008309    0.0000479
h     1.8572703    3.3925639   -0.2020557  0.00    0.0007756    0.0009875    0.0000263
h     2.4543070   -1.5634761   -0.0140882  0.00   -0.0034122   -0.0043482   -0.0001043
o     6.3011271    1.8377683    0.8549276  0.00   -0.0064056   -0.0349941   -0.0284397
o     7.2205480    0.2505745   -0.6489160  0.00   -0.0287871    0.0251879   -0.0356132
h     7.5408837   -0.5762465   -0.1176916  0.00    0.0105462   -0.0314911    0.0294423
    27
 Energy =       0.2071609322
c    -1.3928766    2.4208581    0.0648375  0.00   -0.0067747    0.0054161    0.0004311
c    -1.2314944    1.0629125    0.1254019  0.00   -0.0118043   -0.0056064    0.0000891
c     0.0284152    0.5645395    0.0581325  0.00   -0.0115616   -0.0226219   -0.0003927
c    -0.3032546    3.2444830   -0.0619919  0.00   -0.0025631    0.0102442    0.0005402
c     0.9579240    2.7171194   -0.1331156  0.00    0.0020279    0.0096644    0.0002850
c     1.1019384    1.3604343   -0.0693223  0.00    0.0069084    0.0080200    0.0004057
n     0.4237992   -0.7929901    0.1211889  0.00    0.0165117    0.0117824   -0.0002966
c     2.2228188    0.5979879   -0.1117590  0.00    0.0186899   -0.0069345   -0.0017277
c     1.8420576   -0.6972985   -0.0022702  0.00   -0.0110888   -0.0120198    0.0000936
h    -0.1709881   -1.6438402    0.2262710  0.00    0.0025783    0.0030510    0.0000252
c     3.6315651    1.1436324   -0.2815071  0.00   -0.0002834    0.0006584    0.0029635
c     4.7855227    0.1206022   -0.0743627  0.00   -0.0076219    0.0027333    0.0051703
h     3.7557617    1.9716366    0.4601119  0.00    0.0003810    0.0034936    0.0026128
h     3.7222050    1.6077650   -1.2938959  0.00   -0.0002923    0.0026737   -0.0041746
c     6.1224573    0.8537570    0.0276615  0.00    0.0139077    0.0396942    0.0321277
n     4.8397341   -0.8843489   -1.1696188  0.00    0.0210611   -0.0066765   -0.0083577
h     4.6547651   -0.3897944    0.9097719  0.00    0.0009207   -0.0031392    0.0008502
h     4.6133718   -1.8389402   -0.7948088  0.00   -0.0033745   -0.0064034    0.0038768
h     4.1462083   -0.6688856   -1.9310411  0.00   -0.0067454    0.0032002   -0.0042332
h    -2.3912186    2.8487127    0.1195158  0.00   -0.0004684    0.0001133    0.0000178
h    -2.0846700    0.3992022    0.2299075  0.00   -0.0015241   -0.0005160    0.0000451
h    -0.4412156    4.3229585   -0.1077162  0.00    0.0002082    0.0009146    0.0000316
h     1.8196862    3.3719829   -0.2353927  0.00    0.0008156    0.0009774    0.0000073
h     2.4913784   -1.5659068    0.0096253  0.00   -0.0027684   -0.0038432   -0.0000883
o     6.2730603    1.8993802    0.8969154  0.00   -0.0058554   -0.0284000   -0.0224307
o     7.2184997    0.4093277   -0.6991698  0.00   -0.0218361    0.0250739   -0.0360729
h     7.5428207   -0.4601087   -0.2451659  0.00    0.0105519   -0.0315499    0.0282012
    27
 Energy =       0.2048355171
c    -1.4001940    2.3854261    0.0184114  0.00   -0.0039484    0.0035324    0.0002735
c    -1.2262757    1.0333196    0.1211757  0.00   -0.0065511   -0.0037860    0.0000386
c     0.0348837    0.5445162    0.0676915  0.00   -0.0066627   -0.0124911   -0.0004830
c    -0.3189977    3.2128891   -0.1351997  0.00   -0.0013169    0.0062726    0.0003892
c     0.9444126    2.6942879   -0.1898740  0.00    0.0011231    0.0060392    0.0002282
c     1.0977308    1.3439009   -0.0839927  0.00    0.0037534    0.0045818    0.0003060
n     0.4391025   -0.8101184    0.1745022  0.00    0.0095052    0.0057837    0.0000040
c     2.2227378    0.5961035   -0.0976398  0.00    0.0105784   -0.0031696   -0.0011161
c     1.8594936   -0.6979941    0.0550751  0.00   -0.0064715   -0.0072587   -0.0000453
h    -0.1483728   -1.6644086    0.3034477  0.00    0.0012155    0.0012219    0.0001033
c     3.6273602    1.1523122   -0.2681349  0.00   -0.0001100    0.0003644    0.0016065
c     4.7884027    0.1414214   -0.0541706  0.00   -0.0043027    0.0011802    0.0033745
h     3.7436706    1.9832320    0.4692751  0.00    0.0002722    0.0019765    0.0014786
h     3.7168689    1.6108108   -1.2810542  0.00   -0.0001775    0.0014999   -0.0023278
c     6.1150904    0.8888349    0.0584829  0.00    0.0038183    0.0204134    0.0149004
n     4.8503828   -0.8633826   -1.1445252  0.00    0.0118162   -0.0038694   -0.0045980
h     4.6556477   -0.3649546    0.9310806  0.00    0.0005103   -0.0017327    0.0004852
h     4.6312232   -1.8180857   -0.7710970  0.00   -0.0019011   -0.0035918    0.0021207
h     4.1633617   -0.6564582   -1.9115257  0.00   -0.0038430    0.0018143   -0.0024046
h    -2.4020471    2.8062433    0.0609315  0.00   -0.0003304    0.0002077    0.0000075
h    -2.0725820    0.3651832    0.2477537  0.00   -0.0009951   -0.0005710    0.0000518
h    -0.4661299    4.2884528   -0.2142903  0.00    0.0000753    0.0011381   -0.0000121
h     1.8007647    3.3525626   -0.3114895  0.00    0.0005445    0.0007928   -0.0000164
h     2.5255116   -1.5530917    0.1050136  0.00   -0.0010806   -0.0029740   -0.0000129
o     6.2694895    1.8665709    1.0231698  0.00   -0.0039250   -0.0109916   -0.0051128
o     7.2057760    0.5313867   -0.7308947  0.00   -0.0120941    0.0239447   -0.0322306
h     7.5209600   -0.3937814   -0.4039190  0.00    0.0104977   -0.0303278    0.0229917
    27
 Energy =       0.2046103939
c    -1.3874144    2.4213084   -0.0663408  0.00   -0.0035348    0.0029328    0.0002530
c    -1.2274308    1.0689788    0.0476442  0.00   -0.0056662   -0.0030774    0.0000677
c     0.0297039    0.5688948    0.0221575  0.00   -0.0055253   -0.0102079   -0.0003766
c    -0.2959473    3.2378834   -0.2023871  0.00   -0.0012951    0.0053530    0.0003172
c     0.9636056    2.7078853   -0.2272145  0.00    0.0012212    0.0049155    0.0001658
c     1.1020266    1.3575925   -0.1110631  0.00    0.0030088    0.0037789    0.0002257
n     0.4186713   -0.7891314    0.1456869  0.00    0.0072578    0.0046980   -0.0000035
c     2.2200410    0.6013958   -0.0931431  0.00    0.0085001   -0.0029895   -0.0009756
c     1.8434962   -0.6881555    0.0616769  0.00   -0.0046770   -0.0059141   -0.0000614
h    -0.1794684   -1.6378278    0.2645429  0.00    0.0008560    0.0008473    0.0001070
c     3.6349796    1.1446390   -0.2213929  0.00    0.0002130    0.0001910    0.0012229
c     4.7750517    0.1097782   -0.0127870  0.00   -0.0036980    0.0004124    0.0023505
h     3.7487578    1.9540243    0.5401831  0.00    0.0004511    0.0019895    0.0015566
h     3.7511901    1.6269589   -1.2206920  0.00   -0.0001597    0.0015901   -0.0025183
c     6.1117638    0.8295412    0.1495529  0.00    0.0026761    0.0148136    0.0093036
n     4.8386373   -0.8671273   -1.1277082  0.00    0.0097008   -0.0031882   -0.0043050
h     4.6145048   -0.4197390    0.9567189  0.00    0.0003655   -0.0018499    0.0010402
h     4.6108688   -1.8293251   -0.7795922  0.00   -0.0017094   -0.0035170    0.0019206
h     4.1583548   -0.6388645   -1.8943052  0.00   -0.0033875    0.0015041   -0.0023029
h    -2.3863790    2.8511708   -0.0466507  0.00   -0.0005728    0.0002778    0.0000155
h    -2.0819724    0.4090418    0.1609805  0.00   -0.0009747   -0.0005267    0.0000617
h    -0.4319058    4.3141403   -0.2903911  0.00    0.0000048    0.0010357   -0.0000160
h     1.8287855    3.3573946   -0.3331913  0.00    0.0006566    0.0007277   -0.0000374
h     2.5037383   -1.5463581    0.1386735  0.00   -0.0004733   -0.0026787    0.0000316
o     6.2788794    1.7402560    1.1819229  0.00   -0.0022876   -0.0052152    0.0002102
o     7.2010678    0.5061331   -0.6554258  0.00   -0.0095212    0.0194028   -0.0272738
h     7.5346656   -0.4153099   -0.3492521  0.00    0.0085707   -0.0253058    0.0190205
    27
 Energy =       0.2045580849
c    -1.3709318    2.4563579   -0.1526649  0.00   -0.0031728    0.0026758    0.0002023
c    -1.2259269    1.1050571   -0.0131944  0.00   -0.0048747   -0.0025079    0.0000838
c     0.0262745    0.5929139   -0.0050648  0.00   -0.0045869   -0.0079428   -0.0003409
c    -0.2691597    3.2600827   -0.2788975  0.00   -0.0014624    0.0046486    0.0002508
c     0.9854766    2.7179294   -0.2679404  0.00    0.0013129    0.0039902    0.0001174
c     1.1080178    1.3689633   -0.1280059  0.00    0.0022075    0.0030752    0.0001490
n     0.3992498   -0.7665849    0.1536019  0.00    0.0055094    0.0034097    0.0000218
c     2.2179815    0.6044270   -0.0691318  0.00    0.0066604   -0.0028357   -0.0008683
c     1.8275459   -0.6781092    0.1058226  0.00   -0.0031423   -0.0048392   -0.0001112
h    -0.2094309   -1.6079773    0.2727607  0.00    0.0006091    0.0005593    0.0001005
c     3.6414797    1.1349291   -0.1548128  0.00    0.0001796   -0.0002061    0.0009650
c     4.7638242    0.0737205    0.0138024  0.00   -0.0026161    0.0000697    0.0021780
h     3.7578459    1.9063128    0.6461219  0.00    0.0006709    0.0026417    0.0022584
h     3.7760093    1.6614834   -1.1300989  0.00   -0.0001864    0.0020633   -0.0032060
c     6.1131307    0.7609994    0.2034436  0.00    0.0013148    0.0102579    0.0050368
n     4.8064257   -0.8648792   -1.1345010  0.00    0.0105205   -0.0015012   -0.0030571
h     4.5962691   -0.4870323    0.9646574  0.00    0.0003355   -0.0018463    0.0014960
h     4.5278930   -1.8292907   -0.8276519  0.00   -0.0021018   -0.0060785    0.0023067
h     4.1542317   -0.5778599   -1.9078219  0.00   -0.0048741    0.0018897   -0.0044938
h    -2.3661674    2.8958808   -0.1604031  0.00   -0.0008547    0.0004437    0.0000085
h    -2.0887047    0.4550749    0.0942883  0.00   -0.0008896   -0.0004629    0.0000604
h    -0.3930850    4.3360736   -0.3865355  0.00   -0.0001229    0.0010992   -0.0000317
h     1.8595047    3.3571355   -0.3636821  0.00    0.0007317    0.0006131   -0.0000437
h     2.4803614   -1.5379579    0.2268612  0.00    0.0003081   -0.0028804    0.0001534
o     6.3079138    1.6031861    1.2923701  0.00   -0.0011631   -0.0008735    0.0044587
o     7.1892234    0.4687002   -0.6300756  0.00   -0.0072273    0.0163662   -0.0234043
h     7.5630196   -0.4343577   -0.3250445  0.00    0.0069148   -0.0218286    0.0157096
    27
 Energy =       0.2043791759
c    -1.3483157    2.5129859   -0.2027606  0.00   -0.0028140    0.0021800    0.0001658
c    -1.2244494    1.1588486   -0.0748786  0.00   -0.0041169   -0.0022270    0.0001059
c     0.0196220    0.6289076   -0.0556907  0.00   -0.0036916   -0.0062411   -0.0002671
c    -0.2336724    3.3017029   -0.3078962  0.00   -0.0011008    0.0040141    0.0001632
c     1.0125873    2.7415593   -0.2862728  0.00    0.0012899    0.0034001    0.0000554
c     1.1135836    1.3902373   -0.1568211  0.00    0.0019700    0.0025969    0.0000856
n     0.3695138   -0.7389964    0.0846919  0.00    0.0043219    0.0024001    0.0000427
c     2.2108118    0.6092635   -0.0954891  0.00    0.0054431   -0.0017739   -0.0005400
c     1.7996738   -0.6704026    0.0510875  0.00   -0.0025474   -0.0041386   -0.0001192
h    -0.2532562   -1.5730377    0.1845802  0.00    0.0001937    0.0000383    0.0001274
c     3.6439304    1.1160456   -0.1708600  0.00   -0.0013142    0.0003296    0.0012143
c     4.7432599    0.0430284    0.0718571  0.00   -0.0013602    0.0000181    0.0016222
h     3.7536973    1.9177406    0.6010306  0.00    0.0000983    0.0028571    0.0024502
h     3.8100306    1.5990401   -1.1645038  0.00    0.0000003    0.0024493   -0.0039338
c     6.0935142    0.7150437    0.3033647  0.00    0.0014376    0.0080165    0.0038725
n     4.8207657   -0.9228395   -1.0523501  0.00    0.0135659    0.0017448   -0.0014688
h     4.5243839   -0.4908777    1.0293768  0.00    0.0001189   -0.0018635    0.0029645
h     4.6177978   -1.8973542   -0.7099355  0.00   -0.0026638   -0.0104023    0.0032412
h     4.1275369   -0.7055190   -1.8159045  0.00   -0.0074396    0.0025598   -0.0075532
h    -2.3370362    2.9666990   -0.2193551  0.00   -0.0008546    0.0003990    0.0000084
h    -2.0977843    0.5199748    0.0133712  0.00   -0.0009615   -0.0005681    0.0000782
h    -0.3407679    4.3802138   -0.4078058  0.00   -0.0000933    0.0010671   -0.0000454
h     1.8968097    3.3687775   -0.3671256  0.00    0.0008220    0.0006177   -0.0000530
h     2.4394578   -1.5427495    0.1517042  0.00    0.0002015   -0.0026495    0.0000887
o     6.2743656    1.5265824    1.4180262  0.00   -0.0007584   -0.0000263    0.0045211
o     7.1764503    0.4603208   -0.5330840  0.00   -0.0054184    0.0131562   -0.0196697
h     7.5657614   -0.4400166   -0.2501536  0.00    0.0056718   -0.0179544    0.0128430
    27
 Energy =       0.2036616218
c    -1.3218557    2.5542396   -0.3255586  0.00   -0.0020296    0.0020672    0.0000350
c    -1.2188510    1.2034996   -0.1539216  0.00   -0.0027270   -0.0015674    0.0001142
c     0.0164576    0.6579359   -0.0907999  0.00   -0.0019583   -0.0033166   -0.0002137
c    -0.1948836    3.3241882   -0.4294595  0.00   -0.0013154    0.0029897    0.0000530
c     1.0423860    2.7483125   -0.3623643  0.00    0.0011464    0.0022541   -0.0000017
c     1.1215793    1.4008738   -0.1898894  0.00    0.0010102    0.0012415    0.0000582
n     0.3435016   -0.7107441    0.0978927  0.00    0.0024486    0.0003979    0.0001263
c     2.2056663    0.6091437   -0.0793727  0.00    0.0034184   -0.0011700   -0.0002973
c     1.7756386   -0.6598829    0.0966984  0.00   -0.0008065   -0.0029105   -0.0000182
h    -0.2926334   -1.5337030    0.2073730  0.00   -0.0000485   -0.0002745    0.0001062
c     3.6470412    1.0947865   -0.1315878  0.00   -0.0006612    0.0002865    0.0009336
c     4.7237580    0.0088442    0.1412803  0.00   -0.0002456   -0.0006393    0.0001335
h     3.7542065    1.9004949    0.6342980  0.00    0.0000690    0.0015731    0.0014152
h     3.8404349    1.5637486   -1.1254245  0.00    0.0000401    0.0015580   -0.0025292
c     6.0778923    0.6611938    0.3928822  0.00   -0.0032207    0.0043938    0.0035834
n     4.8055677   -0.9679618   -0.9705284  0.00    0.0076006    0.0008850   -0.0008865
h     4.4778332   -0.5111202    1.0989135  0.00    0.0000087   -0.0012412    0.0019990
h     4.6074704   -1.9364706   -0.6169798  0.00   -0.0015304   -0.0058169    0.0017613
h     4.1133404   -0.7647280   -1.7349811  0.00   -0.0041166    0.0014322   -0.0042603
h    -2.3038292    3.0204636   -0.3781083  0.00   -0.0011078    0.0006997   -0.0000366
h    -2.1022333    0.5790218   -0.0661711  0.00   -0.0006614   -0.0004195    0.0000589
h    -0.2851845    4.4007016   -0.5643603  0.00   -0.0002960    0.0013562   -0.0001028
h     1.9366597    3.3608925   -0.4417423  0.00    0.0005674    0.0004868   -0.0000516
h     2.4038442   -1.5352629    0.2383599  0.00    0.0007381   -0.0022135    0.0001404
o     6.2789365    1.3980505    1.5574026  0.00   -0.0008230    0.0027592    0.0071410
o     7.1366618    0.4953859   -0.4989984  0.00   -0.0003578    0.0098624   -0.0178909
h     7.5888663   -0.3867249   -0.2666495  0.00    0.0048584   -0.0146739    0.0086296
    27
 Energy =       0.2029436172
c    -1.2926741    2.5922403   -0.4452256  0.00   -0.0015586    0.0020482   -0.0000852
c    -1.2114469    1.2464921   -0.2291570  0.00   -0.0019283   -0.0013330    0.0001292
c     0.0143304    0.6866173   -0.1256095  0.00   -0.0010259   -0.0018709   -0.0001589
c    -0.1536274    3.3430961   -0.5524968  0.00   -0.0012958    0.0024704   -0.0000541
c     1.0737227    2.7529252   -0.4440651  0.00    0.0010047    0.0017790   -0.0000646
c     1.1307133    1.4109445   -0.2273229  0.00    0.0005763    0.0004895    0.0000601
n     0.3182037   -0.6806181    0.1101878  0.00    0.0016273   -0.0007228    0.0002149
c     2.2009622    0.6091851   -0.0722086  0.00    0.0023861   -0.0008275   -0.0000300
c     1.7509799   -0.6480626    0.1338287  0.00   -0.0001536   -0.0023380    0.0000765
h    -0.3311906   -1.4915272    0.2326035  0.00   -0.0002252   -0.0005112    0.0001109
c     3.6497924    1.0728663   -0.1144065  0.00   -0.0010969    0.0005969    0.0009857
c     4.7040820   -0.0176557    0.2197793  0.00    0.0007197   -0.0002550    0.0001680
h     3.7539760    1.9042289    0.6236995  0.00   -0.0001386    0.0014346    0.0013058
h     3.8700153    1.5011087   -1.1209928  0.00    0.0002309    0.0014325   -0.0024997
c     6.0591264    0.6252400    0.4815536  0.00   -0.0047610    0.0024887    0.0042831
n     4.7998543   -1.0303068   -0.8580460  0.00    0.0058020    0.0004773   -0.0009435
h     4.4270753   -0.5026784    1.1875649  0.00   -0.0001747   -0.0010660    0.0021975
h     4.6235936   -1.9887507   -0.4689407  0.00   -0.0011546   -0.0047266    0.0013450
h     4.0988688   -0.8696349   -1.6237510  0.00   -0.0031924    0.0008535   -0.0037107
h    -2.2669355    3.0698374   -0.5307946  0.00   -0.0011536    0.0008410   -0.0000780
h    -2.1047049    0.6368695   -0.1386828  0.00   -0.0004982   -0.0003750    0.0000536
h    -0.2265009    4.4160619   -0.7231134  0.00   -0.0003682    0.0015779   -0.0001668
h     1.9776254    3.3505741   -0.5264423  0.00    0.0004178    0.0004594   -0.0000554
h     2.3658242   -1.5266217    0.3104849  0.00    0.0008280   -0.0018669    0.0001568
o     6.2745306    1.3102035    1.6740750  0.00   -0.0008451    0.0027361    0.0060479
o     7.0931815    0.5397883   -0.4503445  0.00    0.0013590    0.0082327   -0.0152718
h     7.5788941   -0.3372443   -0.2839738  0.00    0.0046188   -0.0120248    0.0059836
    27
 Energy =       0.2022504021
c    -1.2556206    2.6407476   -0.5629094  0.00   -0.0013412    0.0019040   -0.0001658
c    -1.2012397    1.3003787   -0.3092051  0.00   -0.0015525   -0.0011437    0.0001292
c     0.0125037    0.7233032   -0.1677292  0.00   -0.0005152   -0.0011567   -0.0000968
c    -0.1022126    3.3692109   -0.6695914  0.00   -0.0011900    0.0021535   -0.0001470
c     1.1125861    2.7618944   -0.5226614  0.00    0.0009960    0.0014493   -0.0000990
c     1.1425330    1.4258543   -0.2682477  0.00    0.0004255    0.0000935    0.0000650
n     0.2882959   -0.6427365    0.1073744  0.00    0.0010106   -0.0011871    0.0002530
c     2.1956635    0.6110285   -0.0733198  0.00    0.0017648   -0.0006956    0.0002455
c     1.7209993   -0.6331279    0.1549174  0.00    0.0003022   -0.0019961    0.0001280
h    -0.3770235   -1.4394100    0.2384636  0.00   -0.0003673   -0.0006591    0.0001213
c     3.6535166    1.0470993   -0.1064132  0.00   -0.0017729    0.0010382    0.0011309
c     4.6779889   -0.0479785    0.2991832  0.00    0.0013921   -0.0001652    0.0000102
h     3.7582104    1.9087262    0.5963497  0.00   -0.0003943    0.0017181    0.0014352
h     3.9034263    1.4244769   -1.1269689  0.00    0.0005174    0.0015417   -0.0030191
c     6.0334779    0.5819762    0.5835872  0.00   -0.0048235    0.0005469    0.0038530
n     4.7941678   -1.0944360   -0.7436040  0.00    0.0080335    0.0029103    0.0001777
h     4.3594916   -0.4974361    1.2721062  0.00   -0.0004436   -0.0009411    0.0027559
h     4.6811114   -2.0454310   -0.3101876  0.00   -0.0013619   -0.0072582    0.0025217
h     4.0571668   -1.0034089   -1.4891978  0.00   -0.0054243    0.0006404   -0.0061066
h    -2.2199161    3.1319430   -0.6794197  0.00   -0.0011859    0.0008863   -0.0001156
h    -2.1062246    0.7082267   -0.2194845  0.00   -0.0004770   -0.0003642    0.0000535
h    -0.1536715    4.4381617   -0.8707342  0.00   -0.0003718    0.0016234   -0.0002125
h     2.0278987    3.3418380   -0.6053592  0.00    0.0004110    0.0004538   -0.0000594
h     2.3190541   -1.5176356    0.3587140  0.00    0.0009284   -0.0015574    0.0000554
o     6.2588482    1.2036673    1.8086569  0.00   -0.0006962    0.0030568    0.0063607
o     7.0470794    0.5777862   -0.3741583  0.00    0.0012906    0.0080001   -0.0136106
h     7.5501609   -0.2995398   -0.2819580  0.00    0.0048453   -0.0108919    0.0043361
    27
 Energy =       0.2015725172
c    -1.2165643    2.6801986   -0.6867192  0.00   -0.0012456    0.0020464   -0.0002922
c    -1.1891078    1.3477406   -0.3900641  0.00   -0.0013977   -0.0010873    0.0001411
c     0.0118983    0.7562275   -0.2057298  0.00   -0.0002844   -0.0005753   -0.0000978
c    -0.0495139    3.3865922   -0.7925592  0.00   -0.0012580    0.0021208   -0.0002687
c     1.1519791    2.7649891   -0.6017696  0.00    0.0010421    0.0013290   -0.0001413
c     1.1548921    1.4373338   -0.3050532  0.00    0.0002438   -0.0001137    0.0000599
n     0.2596879   -0.6050296    0.1176313  0.00    0.0007259   -0.0017303    0.0003624
c     2.1903705    0.6127303   -0.0630511  0.00    0.0015169   -0.0005041    0.0002689
c     1.6912857   -0.6161333    0.1947962  0.00    0.0005781   -0.0019216    0.0002300
h    -0.4209972   -1.3868541    0.2595251  0.00   -0.0004629   -0.0007829    0.0001420
c     3.6556565    1.0246511   -0.0784131  0.00   -0.0012136    0.0009098    0.0009472
c     4.6534970   -0.0773664    0.3685851  0.00    0.0011940   -0.0002932   -0.0004058
h     3.7616290    1.8993115    0.6067440  0.00   -0.0003495    0.0011942    0.0010107
h     3.9308503    1.3741374   -1.1017274  0.00    0.0004821    0.0011522   -0.0023572
c     6.0105514    0.5376162    0.6739327  0.00   -0.0044535   -0.0007729    0.0024124
n     4.7796178   -1.1382459   -0.6568388  0.00    0.0066577    0.0029777    0.0006038
h     4.3052550   -0.5085567    1.3390306  0.00   -0.0004490   -0.0007168    0.0021710
h     4.7106733   -2.0821206   -0.2006496  0.00   -0.0011153   -0.0060358    0.0022508
h     4.0182366   -1.0894281   -1.3805058  0.00   -0.0046827    0.0004680   -0.0052453
h    -2.1702462    3.1827527   -0.8381728  0.00   -0.0012832    0.0010132   -0.0001815
h    -2.1052466    0.7730237   -0.3003534  0.00   -0.0004584   -0.0003648    0.0000566
h    -0.0795027    4.4494910   -1.0280102  0.00   -0.0004004    0.0017917   -0.0002936
h     2.0781944    3.3274576   -0.6837268  0.00    0.0003952    0.0004585   -0.0000707
h     2.2715998   -1.5032190    0.4378576  0.00    0.0011666   -0.0017340    0.0001980
o     6.2496145    1.0899000    1.9296988  0.00   -0.0004160    0.0032879    0.0070788
o     7.0052186    0.6064209   -0.3000717  0.00    0.0008009    0.0074958   -0.0115955
h     7.5187424   -0.2684417   -0.2761827  0.00    0.0046669   -0.0096124    0.0030159
    27
 Energy =       0.2008734699
c    -1.1665932    2.7345637   -0.8114724  0.00   -0.0012897    0.0021926   -0.0004273
c    -1.1738526    1.4117698   -0.4724939  0.00   -0.0014074   -0.0011948    0.0001830
c     0.0102732    0.8008450   -0.2464951  0.00   -0.0002044   -0.0002643   -0.0000938
c     0.0175210    3.4122468   -0.9170462  0.00   -0.0011895    0.0022593   -0.0004138
c     1.2014125    2.7714297   -0.6836404  0.00    0.0011672    0.0014000   -0.0002072
c     1.1696269    1.4539864   -0.3452195  0.00    0.0002115   -0.0002185    0.0000631
n     0.2219090   -0.5547519    0.1244781  0.00    0.0004962   -0.0021807    0.0004913
c     2.1820982    0.6156240   -0.0573061  0.00    0.0014087   -0.0002671    0.0003220
c     1.6513557   -0.5936944    0.2301269  0.00    0.0007448   -0.0020659    0.0003583
h    -0.4783392   -1.3172430    0.2774086  0.00   -0.0006822   -0.0010303    0.0001979
c     3.6565230    0.9956739   -0.0560644  0.00   -0.0009055    0.0010227    0.0007699
c     4.6213044   -0.1166417    0.4339738  0.00    0.0007923   -0.0006013   -0.0008633
h     3.7688260    1.8844909    0.6089520  0.00   -0.0003940    0.0009980    0.0007767
h     3.9580843    1.3127367   -1.0822977  0.00    0.0005796    0.0009337   -0.0021113
c     5.9782648    0.4793707    0.7751198  0.00   -0.0038887   -0.0020826    0.0006028
n     4.7628927   -1.1840752   -0.5809106  0.00    0.0101140    0.0076723    0.0015004
h     4.2353272   -0.5357772    1.3951889  0.00   -0.0006693   -0.0005673    0.0020533
h     4.7873859   -2.1220942   -0.1019403  0.00   -0.0006454   -0.0100471    0.0047727
h     3.9516147   -1.2040645   -1.2537981  0.00   -0.0087784    0.0004625   -0.0080693
h    -2.1061577    3.2523606   -0.9969259  0.00   -0.0013811    0.0011200   -0.0002555
h    -2.1039440    0.8597626   -0.3823224  0.00   -0.0005648   -0.0004539    0.0000766
h     0.0151889    4.4677199   -1.1863242  0.00   -0.0003764    0.0020252   -0.0004030
h     2.1412305    3.3111480   -0.7653722  0.00    0.0005011    0.0005529   -0.0000971
h     2.2080407   -1.4853217    0.5113799  0.00    0.0014710   -0.0019516    0.0002811
o     6.2224335    0.9497208    2.0637610  0.00    0.0000739    0.0036425    0.0085990
o     6.9636650    0.6229481   -0.1993789  0.00    0.0003476    0.0074118   -0.0101723
h     7.4821802   -0.2475549   -0.2431774  0.00    0.0044689   -0.0087682    0.0020661
    27
 Energy =       0.2001701507
c    -1.1167862    2.7752863   -0.9350830  0.00   -0.0012476    0.0021892   -0.0005177
c    -1.1567736    1.4638244   -0.5567675  0.00   -0.0013933   -0.0010969    0.0001720
c     0.0103213    0.8377782   -0.2876007  0.00   -0.0001557   -0.0000122   -0.0001100
c     0.0822575    3.4269414   -1.0357765  0.00   -0.0011791    0.0022257   -0.0005096
c     1.2483954    2.7712642   -0.7581563  0.00    0.0012260    0.0012748   -0.0002126
c     1.1839622    1.4655458   -0.3813167  0.00    0.0001382   -0.0002471    0.0000538
n     0.1876863   -0.5093852    0.1294993  0.00    0.0002792   -0.0023091    0.0005579
c     2.1737974    0.6176977   -0.0462681  0.00    0.0013113   -0.0001619    0.0002968
c     1.6136070   -0.5716335    0.2679281  0.00    0.0008207   -0.0019497    0.0004423
h    -0.5302626   -1.2536105    0.2903102  0.00   -0.0007250   -0.0010483    0.0002130
c     3.6547097    0.9716351   -0.0213554  0.00   -0.0003643    0.0007917    0.0005786
c     4.5917081   -0.1505073    0.4968670  0.00    0.0005440   -0.0005812   -0.0009077
h     3.7699033    1.8661079    0.6346896  0.00   -0.0002966    0.0006310    0.0004954
h     3.9805843    1.2708527   -1.0450026  0.00    0.0004840    0.0006570   -0.0015919
c     5.9481201    0.4288494    0.8665839  0.00   -0.0035417   -0.0025935   -0.0007923
n     4.7433312   -1.2197167   -0.5130625  0.00    0.0080718    0.0064997    0.0012879
h     4.1779889   -0.5633163    1.4485775  0.00   -0.0006104   -0.0004648    0.0015609
h     4.8250528   -2.1488109   -0.0257019  0.00   -0.0003463   -0.0080478    0.0039591
h     3.9073731   -1.2820828   -1.1497758  0.00   -0.0071782    0.0003377   -0.0064662
h    -2.0421278    3.3048943   -1.1556790  0.00   -0.0014113    0.0011622   -0.0003176
h    -2.0991341    0.9325399   -0.4694934  0.00   -0.0005818   -0.0004400    0.0000759
h     0.1060025    4.4736548   -1.3363719  0.00   -0.0003547    0.0020210   -0.0004605
h     2.2000966    3.2904266   -0.8356656  0.00    0.0005264    0.0005311   -0.0000998
h     2.1465911   -1.4642471    0.5898741  0.00    0.0014790   -0.0020805    0.0004601
o     6.2007327    0.8178494    2.1807320  0.00    0.0003224    0.0034501    0.0091895
o     6.9230538    0.6419614   -0.1048235  0.00    0.0001737    0.0068616   -0.0085934
h     7.4480806   -0.2186202   -0.2089583  0.00    0.0040092   -0.0075998    0.0012359
    27
 Energy =       0.1994727023
c    -1.0656229    2.8091762   -1.0582296  0.00   -0.0011776    0.0022567   -0.0006291
c    -1.1384179    1.5115554   -0.6391080  0.00   -0.0013776   -0.0010792    0.0001843
c     0.0107740    0.8727912   -0.3262799  0.00   -0.0001367    0.0001876   -0.0001443
c     0.1475141    3.4348046   -1.1548411  0.00   -0.0011622    0.0022397   -0.0006149
c     1.2949900    2.7667652   -0.8324013  0.00    0.0012593    0.0012386   -0.0002372
c     1.1979025    1.4751742   -0.4158415  0.00    0.0000668   -0.0002576    0.0000462
n     0.1535975   -0.4627677    0.1390053  0.00    0.0002008   -0.0024804    0.0006720
c     2.1643464    0.6206836   -0.0326338  0.00    0.0012719   -0.0000314    0.0002552
c     1.5748588   -0.5464964    0.3104962  0.00    0.0007825   -0.0019412    0.0005405
h    -0.5816118   -1.1879492    0.3087799  0.00   -0.0007695   -0.0010735    0.0002355
c     3.6503340    0.9506114    0.0166486  0.00    0.0000653    0.0005694    0.0004248
c     4.5620648   -0.1817207    0.5551043  0.00    0.0002279   -0.0005339   -0.0008247
h     3.7678382    1.8475725    0.6682582  0.00   -0.0002031    0.0003820    0.0003086
h     3.9984275    1.2376312   -1.0027937  0.00    0.0003949    0.0004432   -0.0011922
c     5.9172709    0.3817612    0.9523998  0.00   -0.0033778   -0.0028499   -0.0020060
n     4.7220993   -1.2477893   -0.4551750  0.00    0.0080468    0.0074318    0.0010430
h     4.1245963   -0.5931576    1.4960547  0.00   -0.0005797   -0.0003817    0.0011742
h     4.8772479   -2.1662582    0.0352767  0.00    0.0003558   -0.0082641    0.0044134
h     3.8556487   -1.3602599   -1.0423530  0.00   -0.0078747    0.0001248   -0.0063150
h    -1.9760193    3.3486317   -1.3144322  0.00   -0.0014079    0.0012089   -0.0003860
h    -2.0924207    1.0011306   -0.5539092  0.00   -0.0005818   -0.0004360    0.0000800
h     0.1974070    4.4707798   -1.4878481  0.00   -0.0003218    0.0020663   -0.0005394
h     2.2578767    3.2654539   -0.9061709  0.00    0.0005320    0.0005169   -0.0001056
h     2.0832219   -1.4372382    0.6752026  0.00    0.0014858   -0.0022533    0.0006413
o     6.1788592    0.6858556    2.2872799  0.00    0.0005164    0.0031044    0.0098156
o     6.8825993    0.6630252   -0.0106464  0.00    0.0000451    0.0066559   -0.0074123
h     7.4128894   -0.1845875   -0.1736394  0.00    0.0037193   -0.0068441    0.0005720
    27
 Energy =       0.1988143790
c    -1.0166491    2.8281770   -1.1804302  0.00   -0.0010527    0.0022285   -0.0007064
c    -1.1191248    1.5461221   -0.7217553  0.00   -0.0013228   -0.0009444    0.0001588
c     0.0127620    0.9000629   -0.3641102  0.00   -0.0001036    0.0003436   -0.0001842
c     0.2080862    3.4315670   -1.2704479  0.00   -0.0011855    0.0021411   -0.0006859
c     1.3375207    2.7566931   -0.9019541  0.00    0.0012434    0.0010846   -0.0002178
c     1.2109598    1.4807606   -0.4471404  0.00   -0.0000259   -0.0002520    0.0000345
n     0.1240566   -0.4209416    0.1487759  0.00    0.0001259   -0.0024636    0.0007360
c     2.1552135    0.6248338   -0.0149832  0.00    0.0011801   -0.0000364    0.0002204
c     1.5396078   -0.5202245    0.3556677  0.00    0.0007825   -0.0018249    0.0006001
h    -0.6260919   -1.1287678    0.3258531  0.00   -0.0007036   -0.0009710    0.0002284
c     3.6438084    0.9370738    0.0624858  0.00    0.0003910    0.0002651    0.0003650
c     4.5350947   -0.2053514    0.6115302  0.00    0.0000391   -0.0004073   -0.0006368
h     3.7595143    1.8316213    0.7172834  0.00   -0.0000876    0.0002140    0.0002034
h     4.0130281    1.2217010   -0.9499037  0.00    0.0002951    0.0002967   -0.0008903
c     5.8899043    0.3434547    1.0296380  0.00   -0.0032441   -0.0027485   -0.0028983
n     4.6987763   -1.2661775   -0.4022508  0.00    0.0068977    0.0067763    0.0007090
h     4.0808151   -0.6179752    1.5432275  0.00   -0.0004626   -0.0003068    0.0007906
h     4.9150339   -2.1734175    0.0846940  0.00    0.0007301   -0.0070962    0.0040016
h     3.8100998   -1.4196303   -0.9435520  0.00   -0.0071611   -0.0000295   -0.0052813
h    -1.9126236    3.3731301   -1.4731853  0.00   -0.0013672    0.0012170   -0.0004451
h    -2.0828060    1.0537161   -0.6404871  0.00   -0.0005205   -0.0003733    0.0000700
h     0.2816377    4.4554268   -1.6348258  0.00   -0.0003003    0.0019797   -0.0005811
h     2.3095512    3.2380289   -0.9698541  0.00    0.0004839    0.0004386   -0.0000933
h     2.0247847   -1.4049920    0.7639382  0.00    0.0014230   -0.0023155    0.0007852
o     6.1654687    0.5630821    2.3781857  0.00    0.0006020    0.0025446    0.0099787
o     6.8428268    0.6894675    0.0759511  0.00   -0.0001411    0.0064461   -0.0062567
h     7.3770164   -0.1422621   -0.1441475  0.00    0.0034848   -0.0062067   -0.0000046
    27
 Energy =       0.1982049657
c    -0.9695697    2.8338088   -1.3015722  0.00   -0.0009221    0.0022222   -0.0007927
c    -1.0992109    1.5693398   -0.8029092  0.00   -0.0012728   -0.0008079    0.0001268
c     0.0158300    0.9211264   -0.3991878  0.00   -0.0000728    0.0004927   -0.0002431
c     0.2647230    3.4182175   -1.3839978  0.00   -0.0012458    0.0020528   -0.0007642
c     1.3765943    2.7417874   -0.9680676  0.00    0.0012278    0.0009314   -0.0001883
c     1.2231523    1.4832983   -0.4747997  0.00   -0.0001312   -0.0002368    0.0000181
n     0.0978996   -0.3820508    0.1624550  0.00    0.0000801   -0.0024470    0.0008129
c     2.1461018    0.6309747    0.0076643  0.00    0.0010821   -0.0000989    0.0001781
c     1.5068043   -0.4913580    0.4064656  0.00    0.0007980   -0.0017365    0.0006696
h    -0.6653409   -1.0737797    0.3465359  0.00   -0.0006125   -0.0008499    0.0002165
c     3.6351426    0.9311451    0.1163290  0.00    0.0006042   -0.0000769    0.0003644
c     4.5107165   -0.2228921    0.6643606  0.00   -0.0001149   -0.0002745   -0.0004167
h     3.7452905    1.8175533    0.7828636  0.00    0.0000259    0.0001952    0.0002082
h     4.0242860    1.2241079   -0.8860857  0.00    0.0002324    0.0002326   -0.0007548
c     5.8667578    0.3109126    1.0973668  0.00   -0.0031401   -0.0024542   -0.0035838
n     4.6725467   -1.2742302   -0.3584201  0.00    0.0059130    0.0061176    0.0002717
h     4.0462454   -0.6409598    1.5878939  0.00   -0.0003354   -0.0002424    0.0005005
h     4.9464192   -2.1711708    0.1175124  0.00    0.0010807   -0.0061273    0.0036553
h     3.7644528   -1.4637650   -0.8525922  0.00   -0.0065763   -0.0001454   -0.0043443
h    -1.8515308    3.3801168   -1.6319384  0.00   -0.0013318    0.0012326   -0.0005130
h    -2.0709871    1.0925667   -0.7261730  0.00   -0.0004418   -0.0003024    0.0000575
h     0.3599151    4.4283831   -1.7800132  0.00   -0.0002880    0.0018956   -0.0006263
h     2.3560485    3.2085524   -1.0291465  0.00    0.0004240    0.0003468   -0.0000730
h     1.9698940   -1.3658154    0.8601311  0.00    0.0013822   -0.0024032    0.0009375
o     6.1612971    0.4465475    2.4528721  0.00    0.0006903    0.0019153    0.0100109
o     6.8048239    0.7182721    0.1537476  0.00   -0.0004184    0.0063537   -0.0052070
h     7.3399700   -0.0955098   -0.1230914  0.00    0.0033634   -0.0057852   -0.0005209
    27
 Energy =       0.1976347032
c    -0.9235800    2.8268519   -1.4214312  0.00   -0.0007997    0.0022232   -0.0008877
c    -1.0784405    1.5821740   -0.8820308  0.00   -0.0012331   -0.0006721    0.0000866
c     0.0199462    0.9368795   -0.4306938  0.00   -0.0000450    0.0006346   -0.0003195
c     0.3185132    3.3953266   -1.4952976  0.00   -0.0013259    0.0019747   -0.0008536
c     1.4130309    2.7225824   -1.0302746  0.00    0.0012229    0.0007794   -0.0001463
c     1.2347694    1.4834444   -0.4980349  0.00   -0.0002378   -0.0002103   -0.0000021
n     0.0743769   -0.3449621    0.1811765  0.00    0.0000362   -0.0024274    0.0008971
c     2.1368639    0.6396821    0.0363938  0.00    0.0009739   -0.0002303    0.0001110
c     1.4756217   -0.4588955    0.4641824  0.00    0.0008288   -0.0016568    0.0007573
h    -0.7004710   -1.0216373    0.3720592  0.00   -0.0005134   -0.0007269    0.0002030
c     3.6242607    0.9328085    0.1795602  0.00    0.0006597   -0.0004444    0.0004012
c     4.4887564   -0.2357236    0.7126975  0.00   -0.0002369   -0.0001334   -0.0001440
h     3.7250501    1.8037764    0.8677475  0.00    0.0001261    0.0003934    0.0003685
h     4.0323262    1.2463849   -0.8091606  0.00    0.0002428    0.0002774   -0.0008523
c     5.8482691    0.2813007    1.1551242  0.00   -0.0030713   -0.0020529   -0.0041193
n     4.6425178   -1.2713505   -0.3264820  0.00    0.0049513    0.0053237   -0.0003676
h     4.0206226   -0.6650496    1.6286123  0.00   -0.0002120   -0.0001906    0.0003473
h     4.9703223   -2.1603502    0.1290495  0.00    0.0013994   -0.0053339    0.0033314
h     3.7175055   -1.4913299   -0.7729305  0.00   -0.0059577   -0.0001802   -0.0034262
h    -1.7917204    3.3704108   -1.7906915  0.00   -0.0013061    0.0012515   -0.0005912
h    -2.0569795    1.1188419   -0.8104008  0.00   -0.0003604   -0.0002313    0.0000433
h     0.4337628    4.3901037   -1.9234633  0.00   -0.0002818    0.0018130   -0.0006755
h     2.3983466    3.1775155   -1.0836531  0.00    0.0003688    0.0002481   -0.0000427
h     1.9172549   -1.3183816    0.9654593  0.00    0.0013601   -0.0025181    0.0011071
o     6.1670766    0.3320697    2.5109314  0.00    0.0008349    0.0012524    0.0100525
o     6.7688334    0.7480594    0.2222616  0.00   -0.0007700    0.0063852   -0.0042438
h     7.3014357   -0.0453533   -0.1125075  0.00    0.0033463   -0.0055480   -0.0010345
    27
 Energy =       0.1970864370
c    -0.8774895    2.8081069   -1.5398107  0.00   -0.0006698    0.0022585   -0.0010079
c    -1.0565582    1.5863838   -0.9572542  0.00   -0.0011933   -0.0005889    0.0000637
c     0.0249504    0.9489810   -0.4565542  0.00   -0.0000132    0.0007643   -0.0004120
c     0.3711415    3.3626933   -1.6056156  0.00   -0.0013979    0.0019244   -0.0009651
c     1.4480985    2.6988185   -1.0896525  0.00    0.0012197    0.0006810   -0.0001172
c     1.2461937    1.4818375   -0.5161784  0.00   -0.0003393   -0.0001790   -0.0000179
n     0.0522432   -0.3070881    0.2084137  0.00    0.0000350   -0.0024623    0.0010288
c     2.1272400    0.6516166    0.0723623  0.00    0.0009058   -0.0003973   -0.0000188
c     1.4447792   -0.4208939    0.5314699  0.00    0.0007845   -0.0015882    0.0008698
h    -0.7333382   -0.9688362    0.4071993  0.00   -0.0004350   -0.0006350    0.0001991
c     3.6112130    0.9410719    0.2518670  0.00    0.0004764   -0.0007567    0.0004382
c     4.4687882   -0.2452643    0.7552199  0.00   -0.0003034    0.0000156    0.0002274
h     3.7000806    1.7884899    0.9708898  0.00    0.0001863    0.0008021    0.0006919
h     4.0366482    1.2867502   -0.7190387  0.00    0.0003335    0.0004383   -0.0011776
c     5.8343432    0.2521860    1.2018393  0.00   -0.0030237   -0.0015952   -0.0045214
n     4.6077841   -1.2576083   -0.3084011  0.00    0.0040254    0.0045114   -0.0012935
h     4.0031469   -0.6924820    1.6633942  0.00   -0.0000947   -0.0001590    0.0003658
h     4.9871349   -2.1412521    0.1161124  0.00    0.0017626   -0.0048539    0.0030763
h     3.6677865   -1.5036215   -0.7059942  0.00   -0.0053729   -0.0001595   -0.0025641
h    -1.7316583    3.3448616   -1.9494446  0.00   -0.0012747    0.0012733   -0.0006810
h    -2.0409466    1.1351185   -0.8901853  0.00   -0.0002805   -0.0001766    0.0000347
h     0.5055970    4.3396596   -2.0677939  0.00   -0.0002704    0.0017691   -0.0007477
h     2.4380226    3.1440258   -1.1357623  0.00    0.0003156    0.0001608   -0.0000080
h     1.8648514   -1.2600202    1.0834077  0.00    0.0013280   -0.0026751    0.0013154
o     6.1827839    0.2157015    2.5508083  0.00    0.0010635    0.0005520    0.0101285
o     6.7346659    0.7778688    0.2809764  0.00   -0.0011694    0.0065100   -0.0033217
h     7.2607696    0.0080739   -0.1140710  0.00    0.0034019   -0.0054341   -0.0015858
    27
 Energy =       0.1965489858
c    -0.8308855    2.7767005   -1.6567499  0.00   -0.0005061    0.0023349   -0.0011618
c    -1.0336234    1.5824910   -1.0268142  0.00   -0.0011362   -0.0006023    0.0000904
c     0.0306901    0.9584165   -0.4750855  0.00    0.0000395    0.0008405   -0.0004967
c     0.4234051    3.3185332   -1.7169752  0.00   -0.0014252    0.0019015   -0.0011006
c     1.4825271    2.6691900   -1.1483934  0.00    0.0011921    0.0006850   -0.0001372
c     1.2577011    1.4785535   -0.5294033  0.00   -0.0004236   -0.0001628   -0.0000119
n     0.0308544   -0.2661781    0.2469366  0.00    0.0001256   -0.0025733    0.0012469
c     2.1172869    0.6673718    0.1155047  0.00    0.0009528   -0.0005518   -0.0002044
c     1.4138393   -0.3754993    0.6094807  0.00    0.0005711   -0.0015095    0.0009739
h    -0.7649965   -0.9121568    0.4562958  0.00   -0.0003993   -0.0005946    0.0002146
c     3.5967032    0.9545677    0.3300616  0.00    0.0000802   -0.0008628    0.0004492
c     4.4502954   -0.2513878    0.7917324  0.00   -0.0002742    0.0001576    0.0006123
h     3.6732274    1.7716986    1.0850609  0.00    0.0001831    0.0012011    0.0010316
h     4.0372008    1.3393088   -0.6194583  0.00    0.0004451    0.0006197   -0.0015170
c     5.8239118    0.2240297    1.2382572  0.00   -0.0029862   -0.0011063   -0.0047543
n     4.5691327   -1.2337721   -0.3019903  0.00    0.0029850    0.0036339   -0.0022681
h     3.9915305   -0.7218396    1.6913612  0.00    0.0000263   -0.0001538    0.0005013
h     4.9963138   -2.1137825    0.0824017  0.00    0.0020623   -0.0044789    0.0027349
h     3.6169581   -1.5025114   -0.6515831  0.00   -0.0046053   -0.0001092   -0.0017216
h    -1.6708540    3.3021943   -2.1081978  0.00   -0.0012110    0.0012883   -0.0007765
h    -2.0232469    1.1426196   -0.9623544  0.00   -0.0002010   -0.0001498    0.0000394
h     0.5765915    4.2741603   -2.2165519  0.00   -0.0002392    0.0017866   -0.0008604
h     2.4760613    3.1061609   -1.1895524  0.00    0.0002443    0.0001134    0.0000165
h     1.8120351   -1.1879036    1.2152129  0.00    0.0012303   -0.0028190    0.0015611
o     6.2063727    0.0968873    2.5724290  0.00    0.0013534   -0.0001973    0.0101180
o     6.7016952    0.8095160    0.3321003  0.00   -0.0015202    0.0066133   -0.0024299
h     7.2175445    0.0678101   -0.1255224  0.00    0.0034363   -0.0053042   -0.0021495
    27
 Energy =       0.1960170610
c    -0.7846380    2.7292525   -1.7721155  0.00   -0.0003218    0.0024295   -0.0013496
c    -1.0101443    1.5684597   -1.0895944  0.00   -0.0010789   -0.0006882    0.0001627
c     0.0369621    0.9646335   -0.4849989  0.00    0.0001181    0.0008177   -0.0005395
c     0.4744214    3.2595739   -1.8302085  0.00   -0.0014104    0.0018966   -0.0012622
c     1.5157930    2.6318880   -1.2072733  0.00    0.0011434    0.0007759   -0.0002118
c     1.2690988    1.4731664   -0.5372429  0.00   -0.0004860   -0.0001815    0.0000342
n     0.0104624   -0.2215162    0.2983580  0.00    0.0002782   -0.0027059    0.0015355
c     2.1071308    0.6878910    0.1664583  0.00    0.0011183   -0.0007446   -0.0003661
c     1.3833537   -0.3212524    0.6989465  0.00    0.0002452   -0.0013944    0.0010274
h    -0.7951034   -0.8505712    0.5216457  0.00   -0.0004025   -0.0005930    0.0002478
c     3.5814361    0.9734160    0.4127607  0.00   -0.0004528   -0.0007210    0.0004187
c     4.4332941   -0.2530455    0.8210848  0.00   -0.0001219    0.0003206    0.0009815
h     3.6465000    1.7532605    1.2074423  0.00    0.0001273    0.0014977    0.0013340
h     4.0341030    1.4029343   -0.5114510  0.00    0.0005687    0.0007621   -0.0017826
c     5.8158869    0.1981043    1.2658329  0.00   -0.0029995   -0.0006164   -0.0047646
n     4.5289287   -1.1969572   -0.3084046  0.00    0.0016920    0.0026709   -0.0031831
h     3.9840037   -0.7532514    1.7093036  0.00    0.0001439   -0.0002147    0.0007257
h     4.9986283   -2.0751530    0.0269587  0.00    0.0022346   -0.0041548    0.0022551
h     3.5680783   -1.4848644   -0.6144447  0.00   -0.0034895   -0.0000091   -0.0009055
h    -1.6104382    3.2378292   -2.2669509  0.00   -0.0011268    0.0012957   -0.0008812
h    -2.0043411    1.1391681   -1.0252229  0.00   -0.0001277   -0.0001441    0.0000560
h     0.6455868    4.1892295   -2.3714712  0.00   -0.0001884    0.0018518   -0.0010171
h     2.5119325    3.0621840   -1.2469420  0.00    0.0001499    0.0001260    0.0000202
h     1.7598990   -1.0993897    1.3611044  0.00    0.0010512   -0.0028700    0.0018290
o     6.2343533   -0.0245587    2.5764257  0.00    0.0016621   -0.0010018    0.0099680
o     6.6701302    0.8460914    0.3800874  0.00   -0.0017091    0.0066752   -0.0016573
h     7.1729537    0.1386560   -0.1418850  0.00    0.0033823   -0.0050805   -0.0026753
    27
 Energy =       0.1954902605
c    -0.7416667    2.6629626   -1.8805762  0.00   -0.0001340    0.0025312   -0.0015742
c    -0.9878856    1.5426319   -1.1399535  0.00   -0.0010376   -0.0008522    0.0002995
c     0.0430425    0.9672626   -0.4822417  0.00    0.0002027    0.0006786   -0.0005133
c     0.5212549    3.1830232   -1.9421059  0.00   -0.0013355    0.0019151   -0.0014498
c     1.5460835    2.5853280   -1.2647998  0.00    0.0010760    0.0009676   -0.0003726
c     1.2796005    1.4654570   -0.5375013  0.00   -0.0005363   -0.0002450    0.0001359
n    -0.0081501   -0.1726443    0.3661254  0.00    0.0004725   -0.0028373    0.0018919
c     2.0971388    0.7142130    0.2261171  0.00    0.0013458   -0.0009827   -0.0004424
c     1.3549600   -0.2571707    0.8008024  0.00   -0.0001328   -0.0012922    0.0010275
h    -0.8224822   -0.7834485    0.6077525  0.00   -0.0004596   -0.0006351    0.0003042
c     3.5667302    0.9977974    0.4977114  0.00   -0.0011179   -0.0003445    0.0003045
c     4.4188134   -0.2496165    0.8380255  0.00    0.0002305    0.0005690    0.0014803
h     3.6232128    1.7314797    1.3360756  0.00    0.0000321    0.0017661    0.0016925
h     4.0270711    1.4790471   -0.3963804  0.00    0.0007456    0.0008986   -0.0020409
c     5.8102340    0.1745510    1.2825239  0.00   -0.0029982   -0.0001843   -0.0043888
n     4.4905910   -1.1420092   -0.3348409  0.00    0.0001764    0.0016385   -0.0041997
h     3.9801106   -0.7890919    1.7086901  0.00    0.0002355   -0.0004282    0.0010969
h     4.9944903   -2.0214828   -0.0579104  0.00    0.0023125   -0.0040129    0.0017059
h     3.5243894   -1.4429392   -0.6074478  0.00   -0.0021041    0.0001104   -0.0002358
h    -1.5541981    3.1479512   -2.4190673  0.00   -0.0010247    0.0012919   -0.0009899
h    -1.9858841    1.1229544   -1.0717191  0.00   -0.0000743   -0.0001648    0.0000894
h     0.7087653    4.0810556   -2.5297523  0.00   -0.0001102    0.0019718   -0.0012306
h     2.5439285    3.0102316   -1.3085590  0.00    0.0000366    0.0002329   -0.0000250
h     1.7117662   -0.9931583    1.5198575  0.00    0.0007849   -0.0027593    0.0020770
o     6.2624775   -0.1468776    2.5607881  0.00    0.0018968   -0.0017673    0.0094822
o     6.6426027    0.8870218    0.4259945  0.00   -0.0016526    0.0066130   -0.0010852
h     7.1312753    0.2206495   -0.1594050  0.00    0.0031698   -0.0046788   -0.0030393
    27
 Energy =       0.1949727932
c    -0.7071088    2.5809624   -1.9713122  0.00    0.0000115    0.0025864   -0.0017924
c    -0.9700059    1.5065713   -1.1706474  0.00   -0.0010255   -0.0010614    0.0004952
c     0.0477006    0.9663665   -0.4644786  0.00    0.0002499    0.0004452   -0.0004021
c     0.5588752    3.0916904   -2.0435197  0.00   -0.0011742    0.0019408   -0.0016253
c     1.5703715    2.5305565   -1.3169191  0.00    0.0009974    0.0012302   -0.0006282
c     1.2878571    1.4555151   -0.5292617  0.00   -0.0005735   -0.0003423    0.0002786
n    -0.0234203   -0.1220657    0.4479226  0.00    0.0006465   -0.0029035    0.0022364
c     2.0882285    0.7449882    0.2904828  0.00    0.0014892   -0.0011721   -0.0003631
c     1.3318112   -0.1871928    0.9084943  0.00   -0.0004376   -0.0012892    0.0010354
h    -0.8448181   -0.7139969    0.7119504  0.00   -0.0005722   -0.0007106    0.0003788
c     3.5548225    1.0255084    0.5767526  0.00   -0.0017083    0.0001399    0.0001275
c     4.4080871   -0.2406812    0.8375390  0.00    0.0007656    0.0008955    0.0021356
h     3.6081115    1.7059737    1.4593935  0.00   -0.0000730    0.0019722    0.0020873
h     4.0166736    1.5626380   -0.2834775  0.00    0.0009670    0.0010364   -0.0022306
c     5.8063730    0.1549305    1.2872666  0.00   -0.0028697    0.0000849   -0.0035481
n     4.4602601   -1.0679324   -0.3839562  0.00   -0.0010693    0.0007493   -0.0052091
h     3.9778836   -0.8278194    1.6819936  0.00    0.0002275   -0.0008373    0.0015563
h     4.9858193   -1.9521532   -0.1698131  0.00    0.0022681   -0.0040082    0.0011908
h     3.4912668   -1.3725982   -0.6403575  0.00   -0.0009420    0.0000768    0.0000660
h    -1.5088577    3.0370048   -2.5496679  0.00   -0.0009107    0.0012610   -0.0010734
h    -1.9709325    1.0954560   -1.0935771  0.00   -0.0000639   -0.0002119    0.0001392
h     0.7596016    3.9534480   -2.6795651  0.00   -0.0000043    0.0021131   -0.0014740
h     2.5694898    2.9501903   -1.3718659  0.00   -0.0000663    0.0004333   -0.0001559
h     1.6739783   -0.8771631    1.6786106  0.00    0.0004990   -0.0024231    0.0021774
o     6.2832061   -0.2599580    2.5285887  0.00    0.0019065   -0.0022545    0.0084667
o     6.6230046    0.9282966    0.4693047  0.00   -0.0013064    0.0063066   -0.0008073
h     7.0999933    0.3066429   -0.1716771  0.00    0.0027688   -0.0040575   -0.0030617
    27
 Energy =       0.1944306368
c    -0.6790379    2.4819872   -2.0488781  0.00    0.0001057    0.0028248   -0.0022147
c    -0.9558177    1.4604302   -1.1855371  0.00   -0.0011641   -0.0013506    0.0007637
c     0.0508956    0.9622850   -0.4339300  0.00    0.0002915    0.0001973   -0.0002524
c     0.5897435    2.9828251   -2.1380951  0.00   -0.0010941    0.0021382   -0.0019870
c     1.5903399    2.4648574   -1.3656135  0.00    0.0010401    0.0016073   -0.0010137
c     1.2941163    1.4425666   -0.5138384  0.00   -0.0006570   -0.0004990    0.0004731
n    -0.0362835   -0.0685278    0.5425888  0.00    0.0008126   -0.0031418    0.0027818
c     2.0798323    0.7803810    0.3598476  0.00    0.0016361   -0.0014321   -0.0000791
c     1.3128572   -0.1106274    1.0225188  0.00   -0.0006362   -0.0015115    0.0012664
h    -0.8634374   -0.6401751    0.8326499  0.00   -0.0007568   -0.0008469    0.0005013
c     3.5452195    1.0565022    0.6511945  0.00   -0.0022661    0.0006093   -0.0000449
c     4.3994777   -0.2248522    0.8214402  0.00    0.0014190    0.0012995    0.0031164
h     3.6008980    1.6761360    1.5781066  0.00   -0.0001736    0.0022425    0.0027026
h     4.0026986    1.6539783   -0.1702724  0.00    0.0013208    0.0013259   -0.0024770
c     5.8023203    0.1393369    1.2837150  0.00   -0.0029554    0.0002812   -0.0028190
n     4.4378003   -0.9716987   -0.4525365  0.00   -0.0018985    0.0003127   -0.0066743
h     3.9738991   -0.8667828    1.6290050  0.00    0.0000674   -0.0015064    0.0021392
h     4.9755791   -1.8624437   -0.3050731  0.00    0.0023978   -0.0044650    0.0008131
h     3.4671676   -1.2716742   -0.7080360  0.00   -0.0004069   -0.0001735    0.0000255
h    -1.4718804    2.9036259   -2.6646121  0.00   -0.0009053    0.0013331   -0.0012773
h    -1.9591492    1.0577885   -1.0954056  0.00   -0.0000934   -0.0002818    0.0002091
h     0.8016052    3.8023128   -2.8251589  0.00    0.0001153    0.0024386   -0.0019117
h     2.5910501    2.8773140   -1.4378985  0.00   -0.0001645    0.0007111   -0.0004083
h     1.6457059   -0.7526193    1.8373637  0.00    0.0003580   -0.0021079    0.0023185
o     6.2936856   -0.3656366    2.4851540  0.00    0.0019647   -0.0028253    0.0079779
o     6.6099190    0.9706025    0.5146208  0.00   -0.0009225    0.0065264   -0.0007133
h     7.0790670    0.3972869   -0.1751166  0.00    0.0025654   -0.0037060   -0.0032158
    27
 Energy =       0.1938287622
c    -0.6564977    2.3777216   -2.1088535  0.00    0.0001441    0.0027722   -0.0024042
c    -0.9448347    1.4105369   -1.1883739  0.00   -0.0012253   -0.0014398    0.0009128
c     0.0528030    0.9562727   -0.3978849  0.00    0.0003060   -0.0000539   -0.0000263
c     0.6149173    2.8681699   -2.2166438  0.00   -0.0009715    0.0021217   -0.0021471
c     1.6066058    2.3946675   -1.4051776  0.00    0.0010302    0.0017527   -0.0012651
c     1.2984388    1.4279645   -0.4942921  0.00   -0.0006495   -0.0006262    0.0006057
n    -0.0466195   -0.0171274    0.6351074  0.00    0.0008396   -0.0030191    0.0029694
c     2.0721290    0.8163263    0.4257799  0.00    0.0015102   -0.0015180    0.0004216
c     1.2981995   -0.0360489    1.1280935  0.00   -0.0006296   -0.0016226    0.0014770
h    -0.8782033   -0.5688674    0.9501512  0.00   -0.0008270   -0.0008649    0.0005545
c     3.5379650    1.0870475    0.7135941  0.00   -0.0023465    0.0008573   -0.0002107
c     4.3919317   -0.2026058    0.7960542  0.00    0.0017400    0.0014098    0.0035990
h     3.6014020    1.6469757    1.6774526  0.00   -0.0002241    0.0021449    0.0028931
h     3.9861278    1.7399964   -0.0691855  0.00    0.0014533    0.0014655   -0.0022990
c     5.7976591    0.1299402    1.2731823  0.00   -0.0028274    0.0003945   -0.0021559
n     4.4212407   -0.8664601   -0.5237889  0.00   -0.0020678    0.0002280   -0.0071207
h     3.9670856   -0.8951765    1.5622659  0.00   -0.0001844   -0.0018967    0.0023006
h     4.9647908   -1.7617174   -0.4384491  0.00    0.0022826   -0.0044313    0.0004837
h     3.4495386   -1.1566502   -0.7868068  0.00   -0.0002588   -0.0004239   -0.0001580
h    -1.4420036    2.7636505   -2.7565717  0.00   -0.0008642    0.0012935   -0.0013686
h    -1.9501019    1.0160214   -1.0845637  0.00   -0.0001148   -0.0003026    0.0002444
h     0.8362241    3.6435597   -2.9505985  0.00    0.0001973    0.0024972   -0.0021486
h     2.6096087    2.7974546   -1.4960187  0.00   -0.0002145    0.0008399   -0.0006396
h     1.6268926   -0.6359921    1.9759573  0.00    0.0003406   -0.0015953    0.0020324
o     6.2961603   -0.4544058    2.4345339  0.00    0.0018703   -0.0030483    0.0071280
o     6.6013008    1.0100963    0.5561151  0.00   -0.0005855    0.0062801   -0.0005676
h     7.0655113    0.4838286   -0.1728757  0.00    0.0022768   -0.0032145   -0.0031108
    27
 Energy =       0.1932128861
c    -0.6359455    2.2731630   -2.1556760  0.00    0.0001703    0.0027308   -0.0026110
c    -0.9350570    1.3595387   -1.1850252  0.00   -0.0013051   -0.0014582    0.0010045
c     0.0540582    0.9489194   -0.3605556  0.00    0.0003408   -0.0002244    0.0001780
c     0.6379632    2.7532841   -2.2800825  0.00   -0.0009584    0.0020945   -0.0023303
c     1.6212464    2.3236432   -1.4345886  0.00    0.0010742    0.0017938   -0.0014320
c     1.3015895    1.4125044   -0.4717685  0.00   -0.0006230   -0.0007479    0.0007038
n    -0.0557768    0.0305830    0.7210649  0.00    0.0008335   -0.0028949    0.0031353
c     2.0645230    0.8510235    0.4880712  0.00    0.0013623   -0.0015392    0.0009521
c     1.2854486    0.0339382    1.2241982  0.00   -0.0005527   -0.0016785    0.0016987
h    -0.8910567   -0.5022908    1.0580706  0.00   -0.0008461   -0.0008466    0.0005880
c     3.5315217    1.1161643    0.7683185  0.00   -0.0024656    0.0009970   -0.0003661
c     4.3849040   -0.1758875    0.7660439  0.00    0.0019890    0.0013450    0.0040481
h     3.6059970    1.6181609    1.7631324  0.00   -0.0002528    0.0020696    0.0031579
h     3.9670101    1.8200220    0.0235520  0.00    0.0015391    0.0017389   -0.0021755
c     5.7934526    0.1257895    1.2550704  0.00   -0.0027097    0.0004853   -0.0017790
n     4.4055154   -0.7577290   -0.5925377  0.00   -0.0022120    0.0004668   -0.0075905
h     3.9606622   -0.9137147    1.4903247  0.00   -0.0004087   -0.0021866    0.0024012
h     4.9526611   -1.6545795   -0.5660879  0.00    0.0023443   -0.0046103    0.0002144
h     3.4326004   -1.0362521   -0.8638380  0.00   -0.0002320   -0.0005651   -0.0003071
h    -1.4145364    2.6236514   -2.8313880  0.00   -0.0008785    0.0012751   -0.0014961
h    -1.9419479    0.9725459   -1.0692780  0.00   -0.0001194   -0.0002967    0.0002607
h     0.8681954    3.4848066   -3.0553689  0.00    0.0002413    0.0025137   -0.0023730
h     2.6270341    2.7153902   -1.5415591  0.00   -0.0002513    0.0008625   -0.0008216
h     1.6121320   -0.5303877    2.0969573  0.00    0.0004191   -0.0012692    0.0017863
o     6.2966631   -0.5270639    2.3769328  0.00    0.0018345   -0.0032616    0.0065843
o     6.5948623    1.0461117    0.5877776  0.00   -0.0004663    0.0061080   -0.0003089
h     7.0545516    0.5638439   -0.1735575  0.00    0.0021329   -0.0029018   -0.0031223
    27
 Energy =       0.1925777761
c    -0.6146260    2.1694267   -2.1937179  0.00    0.0001963    0.0026040   -0.0027281
c    -0.9252486    1.3091143   -1.1788224  0.00   -0.0013324   -0.0014154    0.0010599
c     0.0549275    0.9413011   -0.3240048  0.00    0.0003631   -0.0003256    0.0003484
c     0.6620788    2.6384230   -2.3322884  0.00   -0.0009393    0.0019891   -0.0024292
c     1.6364238    2.2516261   -1.4562936  0.00    0.0011070    0.0017286   -0.0015125
c     1.3043853    1.3961191   -0.4480189  0.00   -0.0005486   -0.0008485    0.0007479
n    -0.0653496    0.0766118    0.8001249  0.00    0.0008076   -0.0026929    0.0031993
c     2.0567233    0.8837642    0.5463091  0.00    0.0011658   -0.0013822    0.0013960
c     1.2725170    0.1005526    1.3119004  0.00   -0.0004730   -0.0016530    0.0018201
h    -0.9044371   -0.4373780    1.1563982  0.00   -0.0008339   -0.0008012    0.0006016
c     3.5253037    1.1429920    0.8169689  0.00   -0.0024290    0.0010393   -0.0005029
c     4.3775909   -0.1462506    0.7347179  0.00    0.0020527    0.0011340    0.0041565
h     3.6132581    1.5903072    1.8365488  0.00   -0.0002449    0.0018702    0.0032055
h     3.9461701    1.8918081    0.1085269  0.00    0.0014673    0.0019111   -0.0019290
c     5.7894672    0.1260444    1.2310789  0.00   -0.0026103    0.0005810   -0.0016308
n     4.3883204   -0.6496596   -0.6549870  0.00   -0.0022617    0.0007818   -0.0075470
h     3.9547808   -0.9232771    1.4183934  0.00   -0.0005401   -0.0022485    0.0023203
h     4.9387825   -1.5443820   -0.6839548  0.00    0.0023405   -0.0045816   -0.0000297
h     3.4140684   -0.9172498   -0.9323999  0.00   -0.0002027   -0.0005696   -0.0003686
h    -1.3859035    2.4851235   -2.8945214  0.00   -0.0008708    0.0012145   -0.0015725
h    -1.9339009    0.9299520   -1.0530043  0.00   -0.0001155   -0.0002771    0.0002658
h     0.9018846    3.3260534   -3.1440138  0.00    0.0002679    0.0024256   -0.0025032
h     2.6456467    2.6309154   -1.5762943  0.00   -0.0002460    0.0007937   -0.0009199
h     1.5969263   -0.4319770    2.2051913  0.00    0.0004831   -0.0010475    0.0015428
o     6.2986290   -0.5890232    2.3113527  0.00    0.0018206   -0.0034835    0.0061689
o     6.5878769    1.0815765    0.6116299  0.00   -0.0004800    0.0059122    0.0000447
h     7.0419763    0.6426646   -0.1786166  0.00    0.0020562   -0.0026587   -0.0032042
    27
 Energy =       0.1919482947
c    -0.5922339    2.0673287   -2.2245951  0.00    0.0002257    0.0023974   -0.0027475
c    -0.9154880    1.2605286   -1.1703988  0.00   -0.0012988   -0.0013402    0.0011093
c     0.0552359    0.9342429   -0.2884849  0.00    0.0003562   -0.0003677    0.0004707
c     0.6877838    2.5238026   -2.3753178  0.00   -0.0008744    0.0018161   -0.0024301
c     1.6525378    2.1785729   -1.4718823  0.00    0.0011201    0.0015805   -0.0015240
c     1.3070049    1.3787663   -0.4238128  0.00   -0.0004340   -0.0009207    0.0007567
n    -0.0761324    0.1224899    0.8733122  0.00    0.0007782   -0.0024295    0.0031755
c     2.0487876    0.9137965    0.6002734  0.00    0.0009494   -0.0010497    0.0016333
c     1.2586214    0.1646626    1.3924161  0.00   -0.0004442   -0.0015662    0.0018182
h    -0.9195443   -0.3717239    1.2468773  0.00   -0.0008210   -0.0007500    0.0006090
c     3.5191961    1.1667489    0.8605861  0.00   -0.0022790    0.0010295   -0.0005962
c     4.3700345   -0.1153659    0.7024492  0.00    0.0019812    0.0008832    0.0040306
h     3.6222876    1.5624365    1.8998019  0.00   -0.0002060    0.0015981    0.0030812
h     3.9244340    1.9551412    0.1867170  0.00    0.0012767    0.0019719   -0.0016260
c     5.7856024    0.1292072    1.2024835  0.00   -0.0025622    0.0006874   -0.0016110
n     4.3699958   -0.5432388   -0.7121901  0.00   -0.0022687    0.0011145   -0.0071771
h     3.9496153   -0.9270660    1.3464966  0.00   -0.0005878   -0.0021841    0.0021392
h     4.9250800   -1.4317037   -0.7941708  0.00    0.0022932   -0.0044201   -0.0002623
h     3.3946506   -0.8025842   -0.9932978  0.00   -0.0001679   -0.0004739   -0.0003477
h    -1.3556966    2.3491121   -2.9479567  0.00   -0.0008222    0.0011086   -0.0015794
h    -1.9262811    0.8901760   -1.0358779  0.00   -0.0001125   -0.0002557    0.0002693
h     0.9380846    3.1673003   -3.2193024  0.00    0.0002916    0.0022518   -0.0025398
h     2.6658430    2.5439859   -1.6022018  0.00   -0.0001943    0.0006744   -0.0009377
h     1.5794577   -0.3375178    2.3042834  0.00    0.0004938   -0.0009031    0.0013526
o     6.3026209   -0.6444310    2.2376043  0.00    0.0018250   -0.0037488    0.0058426
o     6.5796683    1.1173938    0.6307393  0.00   -0.0005464    0.0057505    0.0004473
h     7.0271058    0.7231170   -0.1863480  0.00    0.0020281   -0.0024541   -0.0033565
    27
 Energy =       0.1913599568
c    -0.5695012    1.9680133   -2.2500731  0.00    0.0002537    0.0020733   -0.0026032
c    -0.9063844    1.2155832   -1.1606556  0.00   -0.0011749   -0.0012240    0.0011540
c     0.0547115    0.9291484   -0.2550187  0.00    0.0002998   -0.0003566    0.0005257
c     0.7144861    2.4098422   -2.4117993  0.00   -0.0007193    0.0015526   -0.0022688
c     1.6693145    2.1047181   -1.4840425  0.00    0.0010915    0.0013296   -0.0014431
c     1.3094741    1.3608448   -0.4010697  0.00   -0.0002847   -0.0009191    0.0007323
n    -0.0884470    0.1703806    0.9405326  0.00    0.0007352   -0.0020702    0.0030048
c     2.0411120    0.9407489    0.6481394  0.00    0.0007409   -0.0005791    0.0015269
c     1.2437336    0.2275702    1.4651914  0.00   -0.0004948   -0.0014049    0.0016541
h    -0.9369269   -0.3021727    1.3302461  0.00   -0.0008148   -0.0006926    0.0006087
c     3.5135703    1.1869476    0.8979985  0.00   -0.0018873    0.0009354   -0.0006014
c     4.3622964   -0.0849671    0.6708272  0.00    0.0016724    0.0006457    0.0034995
h     3.6325771    1.5360432    1.9516609  0.00   -0.0001356    0.0012175    0.0026256
h     3.9035105    2.0083714    0.2554548  0.00    0.0009567    0.0017685   -0.0012151
c     5.7813781    0.1336539    1.1727587  0.00   -0.0026053    0.0008274   -0.0017042
n     4.3522675   -0.4420062   -0.7626796  0.00   -0.0021158    0.0013416   -0.0061863
h     3.9440980   -0.9264783    1.2767066  0.00   -0.0005433   -0.0019242    0.0017811
h     4.9148697   -1.3194439   -0.8939490  0.00    0.0020872   -0.0039318   -0.0004439
h     3.3767761   -0.6982742   -1.0456411  0.00   -0.0001455   -0.0002852   -0.0002337
h    -1.3248891    2.2169024   -2.9934323  0.00   -0.0007063    0.0009388   -0.0014692
h    -1.9198747    0.8557803   -1.0180260  0.00   -0.0001168   -0.0002352    0.0002730
h     0.9760721    3.0085472   -3.2845270  0.00    0.0003159    0.0019660   -0.0024295
h     2.6873070    2.4545990   -1.6228064  0.00   -0.0000915    0.0005196   -0.0008614
h     1.5594110   -0.2439424    2.3949122  0.00    0.0004299   -0.0007899    0.0012032
o     6.3084353   -0.6977657    2.1566998  0.00    0.0018330   -0.0040922    0.0055528
o     6.5694117    1.1541269    0.6517501  0.00   -0.0006077    0.0056326    0.0008857
h     7.0094826    0.8084078   -0.1909549  0.00    0.0020273   -0.0022437   -0.0035678
    27
 Energy =       0.1908652786
c    -0.5475663    1.8723365   -2.2726204  0.00    0.0002652    0.0015939   -0.0022137
c    -0.8985873    1.1759097   -1.1513405  0.00   -0.0009371   -0.0010294    0.0011430
c     0.0531970    0.9277052   -0.2254206  0.00    0.0001902   -0.0002921    0.0004870
c     0.7409742    2.2970723   -2.4449121  0.00   -0.0004689    0.0011738   -0.0018780
c     1.6860222    2.0309133   -1.4959836  0.00    0.0009879    0.0009511   -0.0012112
c     1.3117568    1.3433848   -0.3823028  0.00   -0.0001258   -0.0007703    0.0006555
n    -0.1021808    0.2228082    1.0006907  0.00    0.0006421   -0.0015761    0.0025884
c     2.0341436    0.9652460    0.6876543  0.00    0.0005797   -0.0000867    0.0010077
c     1.2282286    0.2913047    1.5288008  0.00   -0.0005942   -0.0011354    0.0013082
h    -0.9564825   -0.2254280    1.4059925  0.00   -0.0007899   -0.0006078    0.0005797
c     3.5088780    1.2039299    0.9275619  0.00   -0.0011756    0.0006993   -0.0004857
c     4.3543966   -0.0569374    0.6424505  0.00    0.0010450    0.0004424    0.0024226
h     3.6433632    1.5143069    1.9905550  0.00   -0.0000471    0.0007296    0.0017410
h     3.8855333    2.0504809    0.3109545  0.00    0.0005383    0.0012050   -0.0006880
c     5.7761770    0.1372552    1.1467571  0.00   -0.0027777    0.0010357   -0.0019131
n     4.3373164   -0.3511579   -0.8039615  0.00   -0.0016422    0.0013610   -0.0042987
h     3.9365547   -0.9222835    1.2129987  0.00   -0.0004057   -0.0013827    0.0011849
h     4.9124097   -1.2121699   -0.9784300  0.00    0.0016331   -0.0029735   -0.0005063
h     3.3635959   -0.6126516   -1.0878002  0.00   -0.0001919   -0.0000500   -0.0000513
h    -1.2949895    2.0890768   -3.0334157  0.00   -0.0005156    0.0006944   -0.0012016
h    -1.9153483    0.8288540   -1.0005801  0.00   -0.0001273   -0.0002079    0.0002654
h     1.0142101    2.8497941   -3.3434423  0.00    0.0003239    0.0015303   -0.0020928
h     2.7090760    2.3636742   -1.6421206  0.00    0.0000427    0.0003339   -0.0006754
h     1.5373530   -0.1480297    2.4760981  0.00    0.0002931   -0.0006600    0.0010475
o     6.3159866   -0.7543088    2.0692283  0.00    0.0018334   -0.0045760    0.0052546
o     6.5559521    1.1917428    0.6842215  0.00   -0.0006190    0.0055813    0.0013740
h     6.9883014    0.9023500   -0.1834306  0.00    0.0020437   -0.0019838   -0.0038436
    27
 Energy =       0.1905218044
c    -0.5267699    1.7813087   -2.2987018  0.00    0.0002360    0.0009620   -0.0015295
c    -0.8920056    1.1437180   -1.1482190  0.00   -0.0005869   -0.0007147    0.0009779
c     0.0511266    0.9326489   -0.2052107  0.00    0.0000511   -0.0001569    0.0002934
c     0.7667570    2.1862694   -2.4815846  0.00   -0.0001699    0.0006879   -0.0012374
c     1.7025214    1.9587764   -1.5144013  0.00    0.0007267    0.0005157   -0.0008028
c     1.3143522    1.3285739   -0.3733590  0.00   -0.0000130   -0.0004132    0.0004636
n    -0.1169550    0.2842527    1.0492407  0.00    0.0004550   -0.0009610    0.0018664
c     2.0283546    0.9902400    0.7140935  0.00    0.0005095    0.0002257    0.0001852
c     1.2123921    0.3606298    1.5791193  0.00   -0.0006531   -0.0007373    0.0008292
h    -0.9778318   -0.1361882    1.4698543  0.00   -0.0006872   -0.0004628    0.0004859
c     3.5055076    1.2202669    0.9457429  0.00   -0.0001793    0.0002555   -0.0002397
c     4.3456697   -0.0339860    0.6254307  0.00    0.0001310    0.0001969    0.0007028
h     3.6525377    1.5078663    2.0121774  0.00    0.0000192    0.0001782    0.0004419
h     3.8742540    2.0796344    0.3436756  0.00    0.0001177    0.0002923   -0.0000810
c     5.7685097    0.1379907    1.1349543  0.00   -0.0029343    0.0013155   -0.0021562
n     4.3275729   -0.2848431   -0.8271065  0.00   -0.0005710    0.0009530   -0.0012742
h     3.9234239   -0.9127359    1.1697068  0.00   -0.0001721   -0.0004608    0.0003329
h     4.9209493   -1.1256016   -1.0308889  0.00    0.0007730   -0.0013294   -0.0002978
h     3.3585515   -0.5625267   -1.1116750  0.00   -0.0003632    0.0000732    0.0000660
h    -1.2666219    1.9660382   -3.0745297  0.00   -0.0002705    0.0003874   -0.0007672
h    -1.9126033    0.8121110   -0.9888663  0.00   -0.0001336   -0.0001618    0.0002267
h     1.0516005    2.6910410   -3.4035158  0.00    0.0002824    0.0009336   -0.0014605
h     2.7306001    2.2732587   -1.6675341  0.00    0.0001435    0.0001493   -0.0003894
h     1.5136137   -0.0434446    2.5441781  0.00    0.0001161   -0.0004808    0.0008396
o     6.3252528   -0.8175010    1.9799377  0.00    0.0017296   -0.0050226    0.0046639
o     6.5366039    1.2292569    0.7435378  0.00   -0.0005290    0.0053232    0.0018477
h     6.9609079    1.0081240   -0.1478534  0.00    0.0019725   -0.0015482   -0.0039877
    27
 Energy =       0.1903368549
c    -0.5032404    1.6941796   -2.3476318  0.00    0.0001714    0.0004825   -0.0009681
c    -0.8834019    1.1187392   -1.1703673  0.00   -0.0003344   -0.0003809    0.0006479
c     0.0506981    0.9454853   -0.2112787  0.00    0.0000086    0.0000429   -0.0000713
c     0.7954765    2.0775100   -2.5397429  0.00   -0.0000453    0.0003357   -0.0007757
c     1.7215923    1.8899277   -1.5553827  0.00    0.0003632    0.0003451   -0.0005305
c     1.3191630    1.3193909   -0.3890989  0.00   -0.0000663   -0.0000537    0.0001586
n    -0.1322986    0.3592866    1.0708035  0.00    0.0002520   -0.0005485    0.0013298
c     2.0231560    1.0237387    0.7167706  0.00    0.0004810    0.0001841   -0.0001638
c     1.1949116    0.4446062    1.6047271  0.00   -0.0005521   -0.0004029    0.0005916
h    -1.0005301   -0.0305843    1.5050695  0.00   -0.0004651   -0.0002787    0.0003438
c     3.5017602    1.2465189    0.9460723  0.00    0.0000115   -0.0000625    0.0000547
c     4.3339875   -0.0173988    0.6444155  0.00   -0.0000477   -0.0003372   -0.0001837
h     3.6512908    1.5494656    2.0074095  0.00   -0.0000200   -0.0000100   -0.0000317
h     3.8745786    2.0946044    0.3309998  0.00    0.0000526    0.0000346    0.0000147
c     5.7542968    0.1420588    1.1653238  0.00   -0.0017499    0.0009489   -0.0013992
n     4.3270413   -0.2780943   -0.8052493  0.00    0.0003973    0.0000595    0.0004660
h     3.8984209   -0.8875127    1.1909443  0.00   -0.0000308    0.0000722   -0.0000426
h     4.9353704   -1.1089037   -1.0011257  0.00   -0.0001139    0.0002105    0.0000566
h     3.3644260   -0.5758124   -1.0913103  0.00   -0.0002224   -0.0000906   -0.0001283
h    -1.2352784    1.8462220   -3.1373981  0.00   -0.0001244    0.0001696   -0.0004433
h    -1.9083070    0.8049060   -1.0031093  0.00   -0.0001078   -0.0001023    0.0001631
h     1.0922938    2.5322879   -3.4828937  0.00    0.0001920    0.0004459   -0.0008802
h     2.7540634    2.1864867   -1.7147374  0.00    0.0000831    0.0001009   -0.0001900
h     1.4857186    0.0821240    2.5891706  0.00    0.0000558   -0.0003522    0.0007752
o     6.3316715   -0.8675157    1.9265503  0.00    0.0008311   -0.0032239    0.0023631
o     6.5068357    1.2667633    0.8486104  0.00   -0.0001542    0.0030763    0.0012940
h     6.9245750    1.1166988   -0.0593379  0.00    0.0011347   -0.0006651   -0.0024507
    27
 Energy =       0.1902823992
c    -0.4902912    1.6651898   -2.3697289  0.00   -0.0000726    0.0000241   -0.0000510
c    -0.8789552    1.1322710   -1.1763445  0.00   -0.0001012   -0.0001485    0.0003060
c     0.0527622    0.9742015   -0.2130214  0.00   -0.0001238   -0.0000232    0.0000123
c     0.8142022    2.0225537   -2.5731502  0.00    0.0003444    0.0001084   -0.0000515
c     1.7376555    1.8513156   -1.5840990  0.00    0.0000878    0.0001564   -0.0003472
c     1.3268804    1.3228312   -0.4018908  0.00    0.0000837    0.0000110   -0.0000044
n    -0.1387648    0.4303649    1.0853317  0.00   -0.0000032   -0.0001038    0.0002124
c     2.0267467    1.0500746    0.7117168  0.00    0.0000808    0.0001454   -0.0001967
c     1.1899974    0.5110887    1.6160524  0.00   -0.0002711   -0.0001312    0.0001355
h    -1.0128614    0.0676081    1.5308869  0.00   -0.0003349   -0.0001552    0.0001863
c     3.5087947    1.2569283    0.9340454  0.00   -0.0001649    0.0001552    0.0000042
c     4.3229391   -0.0253196    0.6579291  0.00    0.0001241    0.0001040    0.0001558
h     3.6647610    1.5809023    1.9885345  0.00   -0.0000332    0.0001342    0.0002570
h     3.8916847    2.0867531    0.3001097  0.00    0.0001354    0.0002781   -0.0001975
c     5.7444679    0.1183230    1.1809498  0.00   -0.0003275    0.0004048   -0.0003516
n     4.3164547   -0.3115447   -0.7873889  0.00   -0.0001434    0.0001374   -0.0005530
h     3.8722163   -0.8791161    1.2185471  0.00   -0.0001560   -0.0002863    0.0002070
h     4.9177842   -1.1516955   -0.9672433  0.00    0.0002178   -0.0003714   -0.0001052
h     3.3518504   -0.6062929   -1.0689465  0.00    0.0000892    0.0000059    0.0000488
h    -1.2201777    1.8038963   -3.1633001  0.00    0.0000657   -0.0000072    0.0000765
h    -1.9085978    0.8394828   -0.9998420  0.00   -0.0001860   -0.0000846    0.0001095
h     1.1177365    2.4433463   -3.5290512  0.00    0.0001387    0.0001027   -0.0001502
h     2.7745991    2.1271042   -1.7520946  0.00    0.0001831    0.0000852   -0.0001185
h     1.4756058    0.1742839    2.6102723  0.00   -0.0000659   -0.0000333    0.0000068
o     6.3346495   -0.9248042    1.8816220  0.00    0.0004505   -0.0008182    0.0005670
o     6.4899956    1.2586918    0.9134321  0.00   -0.0002999    0.0004806    0.0004977
h     6.8961356    1.1567406   -0.0051253  0.00    0.0002824   -0.0001706   -0.0006560
    27
 Energy =       0.1902789723
c    -0.4894114    1.6595710   -2.3708192  0.00    0.0000081    0.0000047   -0.0000115
c    -0.8787956    1.1341909   -1.1745850  0.00    0.0000019    0.0000038   -0.0000107
c     0.0529433    0.9786561   -0.2107053  0.00    0.0000082    0.0000013   -0.0000005
c     0.8157485    2.0123313   -2.5763346  0.00   -0.0000246   -0.0000021   -0.0000072
c     1.7391634    1.8439257   -1.5865865  0.00    0.0000006   -0.0000063    0.0000190
c     1.3277469    1.3226474   -0.4017233  0.00   -0.0000048   -0.0000014    0.0000037
n    -0.1392100    0.4421081    1.0903869  0.00    0.0000028    0.0000001    0.0000040
c     2.0275998    1.0533630    0.7128067  0.00    0.0000021   -0.0000046    0.0000084
c     1.1900413    0.5214673    1.6201058  0.00    0.0000112    0.0000028   -0.0000020
h    -1.0139405    0.0842902    1.5380881  0.00    0.0000150    0.0000050   -0.0000077
c     3.5102455    1.2569489    0.9334285  0.00    0.0000197   -0.0000105   -0.0000055
c     4.3214421   -0.0262868    0.6555805  0.00   -0.0000157   -0.0000108   -0.0000211
h     3.6685863    1.5799339    1.9875857  0.00    0.0000041   -0.0000119   -0.0000231
h     3.8934332    2.0861762    0.2995211  0.00   -0.0000133   -0.0000273    0.0000201
c     5.7431714    0.1125067    1.1793973  0.00   -0.0000407   -0.0000166   -0.0000064
n     4.3143505   -0.3097296   -0.7898900  0.00    0.0000109   -0.0000079    0.0000501
h     3.8687009   -0.8797381    1.2143491  0.00    0.0000140    0.0000247   -0.0000199
h     4.9169780   -1.1481847   -0.9718103  0.00   -0.0000185    0.0000306    0.0000100
h     3.3500344   -0.6058420   -1.0712477  0.00   -0.0000118    0.0000005   -0.0000045
h    -1.2192667    1.7959343   -3.1649699  0.00   -0.0000064    0.0000028   -0.0000119
h    -1.9089910    0.8451699   -0.9963481  0.00    0.0000110    0.0000039   -0.0000052
h     1.1198481    2.4271044   -3.5344734  0.00   -0.0000066   -0.0000001   -0.0000027
h     2.7766521    2.1160221   -1.7560688  0.00   -0.0000108   -0.0000048    0.0000065
h     1.4753238    0.1889301    2.6158688  0.00    0.0000050   -0.0000020    0.0000101
o     6.3345012   -0.9385049    1.8659928  0.00   -0.0000002   -0.0000505    0.0000319
o     6.4880767    1.2561992    0.9251991  0.00    0.0000215    0.0000840    0.0000140
h     6.8932996    1.1659884    0.0054550  0.00    0.0000176   -0.0000077   -0.0000378
    27
 Energy =       0.1902789459
c    -0.4894306    1.6594989   -2.3707960  0.00   -0.0000000    0.0000000   -0.0000000
c    -0.8788254    1.1343030   -1.1744855  0.00   -0.0000000   -0.0000000    0.0000000
c     0.0529462    0.9787690   -0.2106550  0.00   -0.0000000   -0.0000000   -0.0000000
c     0.8157717    2.0120826   -2.5764371  0.00    0.0000000    0.0000000   -0.0000000
c     1.7392171    1.8436921   -1.5867347  0.00    0.0000000    0.0000000   -0.0000000
c     1.3277895    1.3225981   -0.4017882  0.00    0.0000000    0.0000000    0.0000000
n    -0.1392182    0.4424098    1.0905099  0.00   -0.0000000   -0.0000000    0.0000000
c     2.0276561    1.0533903    0.7127409  0.00    0.0000000    0.0000000   -0.0000000
c     1.1900692    0.5216957    1.6201457  0.00   -0.0000000   -0.0000000    0.0000000
h    -1.0139758    0.0847378    1.5382995  0.00   -0.0000000   -0.0000000    0.0000000
c     3.5103293    1.2569069    0.9332844  0.00    0.0000000    0.0000000    0.0000000
c     4.3214463   -0.0264439    0.6554980  0.00   -0.0000000   -0.0000000   -0.0000000
h     3.6687194    1.5799905    1.9874278  0.00    0.0000000   -0.0000000    0.0000000
h     3.8935515    2.0860830    0.2992757  0.00    0.0000000    0.0000000    0.0000000
c     5.7431817    0.1121598    1.1793611  0.00   -0.0000014    0.0000007   -0.0000007
n     4.3144109   -0.3099218   -0.7899955  0.00    0.0000000    0.0000000   -0.0000000
h     3.8685927   -0.8798633    1.2142856  0.00   -0.0000000   -0.0000000   -0.0000000
h     4.9170681   -1.1483928   -0.9718861  0.00    0.0000000    0.0000000   -0.0000000
h     3.3501130   -0.6060721   -1.0713489  0.00   -0.0000000    0.0000000   -0.0000000
h    -1.2193116    1.7958551   -3.1649080  0.00   -0.0000000    0.0000000    0.0000000
h    -1.9090557    0.8454268   -0.9961480  0.00   -0.0000000   -0.0000000    0.0000000
h     1.1198790    2.4267068   -3.5346375  0.00    0.0000000    0.0000000   -0.0000000
h     2.7767350    2.1156585   -1.7563160  0.00    0.0000000    0.0000000   -0.0000000
h     1.4753510    0.1892697    2.6159349  0.00   -0.0000000   -0.0000000    0.0000000
o     6.3351310   -0.9396905    1.8640747  0.00    0.0000007   -0.0000025    0.0000014
o     6.4875948    1.2564666    0.9267507  0.00   -0.0000003    0.0000021    0.0000013
h     6.8925353    1.1678622    0.0067505  0.00    0.0000009   -0.0000003   -0.0000020
    27
 Energy =       0.1902789459
c    -0.4894302    1.6594944   -2.3707962  0.00   -0.0000000    0.0000000   -0.0000000
c    -0.8788255    1.1343041   -1.1744834  0.00   -0.0000000   -0.0000000    0.0000000
c     0.0529463    0.9787718   -0.2106529  0.00   -0.0000000   -0.0000000    0.0000000
c     0.8157728    2.0120745   -2.5764394  0.00    0.0000000    0.0000000   -0.0000000
c     1.7392184    1.8436859   -1.5867369  0.00    0.0000000    0.0000000   -0.0000000
c     1.3277903    1.3225971   -0.4017882  0.00    0.0000000   -0.0000000    0.0000000
n    -0.1392185    0.4424180    1.0905142  0.00    0.0000000   -0.0000000    0.0000000
c     2.0276571    1.0533917    0.7127414  0.00    0.0000000    0.0000000   -0.0000000
c     1.1900695    0.5217025    1.6201487  0.00   -0.0000000   -0.0000000    0.0000000
h    -1.0139766    0.0847498    1.5383057  0.00   -0.0000000   -0.0000000    0.0000000
c     3.5103309    1.2569057    0.9332831  0.00    0.0000000    0.0000000   -0.0000000
c     4.3214456   -0.0264461    0.6554938  0.00   -0.0000000   -0.0000000   -0.0000000
h     3.6687231    1.5799878    1.9874267  0.00    0.0000000   -0.0000000    0.0000000
h     3.8935531    2.0860821    0.2992749  0.00   -0.0000000    0.0000000    0.0000000
c     5.7431808    0.1121513    1.1793593  0.00   -0.0000000    0.0000000   -0.0000000
n     4.3144111   -0.3099191   -0.7900007  0.00   -0.0000000    0.0000000   -0.0000000
h     3.8685894   -0.8798663    1.2142780  0.00   -0.0000000   -0.0000000   -0.0000000
h     4.9170700   -1.1483884   -0.9718939  0.00    0.0000000   -0.0000000   -0.0000000
h     3.3501140   -0.6060705   -1.0713550  0.00   -0.0000000    0.0000000   -0.0000000
h    -1.2193112    1.7958490   -3.1649084  0.00   -0.0000000    0.0000000   -0.0000000
h    -1.9090562    0.8454309   -0.9961443  0.00   -0.0000000   -0.0000000    0.0000000
h     1.1198805    2.4266942   -3.5346417  0.00    0.0000000    0.0000000   -0.0000000
h     2.7767368    2.1156493   -1.7563198  0.00    0.0000000    0.0000000    0.0000000
h     1.4753511    0.1892797    2.6159390  0.00   -0.0000000   -0.0000000    0.0000000
o     6.3351383   -0.9397151    1.8640378  0.00    0.0000000   -0.0000000    0.0000000
o     6.4875869    1.2564688    0.9267824  0.00   -0.0000000    0.0000000    0.0000000
h     6.8925237    1.1678957    0.0067790  0.00    0.0000000   -0.0000000   -0.0000000
