    27
 Energy =     139.2440986017
c    -1.4235396    2.6054793   -0.0667700  0.00   -0.0462777    0.0383757    0.0027381
c    -1.3072796    1.2134697   -0.1072300  0.00   -0.0853198   -0.0325917    0.0019954
c    -0.0178900    0.6711998   -0.1697000  0.00   -0.0886376   -0.1877780   -0.0010481
c    -0.2940599    3.4190890   -0.0891300  0.00   -0.0231118    0.0691867    0.0029247
c     0.9872197    2.8590292   -0.1560400  0.00    0.0105698    0.0644311    0.0010095
c     1.1340797    1.4562096   -0.1970299  0.00    0.0530374    0.0517792    0.0021676
n     0.3879399   -0.6395298   -0.2140799  0.00    0.1442929    0.1088471   -0.0039116
c     2.2666594    0.5727398   -0.2659299  0.00    0.1387113   -0.0561337   -0.0195501
c     1.7555995   -0.7123598   -0.2706899  0.00   -0.0963975   -0.0971293    0.0048062
h    -0.2400399   -1.4313496   -0.2047299  0.00    0.0366552    0.0478990   -0.0003492
c     3.7030089    1.0223397   -0.3320099  0.00    0.0096164    0.0201976    0.0234111
c     4.7465686   -0.0024900    0.1378100  0.00    0.0038399   -0.0174919   -0.0348860
h     3.7978489    1.9290294    0.2803699  0.00    0.0024052   -0.0126534   -0.0107235
h     3.9233889    1.3348996   -1.3618196  0.00   -0.0045439    0.0023576    0.0155301
c     6.0911583    0.7171698    0.3515799  0.00    0.1043329    0.2474170    0.1536592
n     4.9813086   -1.1161597   -0.8485798  0.00    1.3011440    0.3125138   -0.0429501
h     4.4627987   -0.4486599    1.0982597  0.00    0.0089810   -0.0110887   -0.0260209
h     5.9519483   -1.0348997   -1.1684897  0.00 1529.4915852  988.4722041  645.3840285
h     4.9673786   -2.0001494   -0.3277699  0.00    0.0019991    0.0360933   -0.0105168
h    -2.4108593    3.0588691   -0.0157800  0.00   -0.0007117    0.0001915    0.0000388
h    -2.1896094    0.5822398   -0.0890100  0.00   -0.0036141    0.0038183    0.0000904
h    -0.4052699    4.5000487   -0.0535400  0.00    0.0008530    0.0000077    0.0002714
h     1.8590495    3.5066790   -0.1715100  0.00   -0.0008752    0.0024253    0.0006597
h     2.2327294   -1.6813195   -0.3062999  0.00   -0.0419567   -0.0114861    0.0036554
o     6.2733082    1.6803095    1.0775897  0.00   -0.0401471   -0.2360468   -0.1827412
o     7.0804880    0.1383800   -0.3810899  0.00   -0.3858443   -0.3571170   -0.2219589
h     6.6344681   -0.5938798   -0.8805597  0.00-1530.4905860 -988.4582284 -645.0423297
    27
 Energy =       9.0557895467
c    -1.4235369    2.6054770   -0.0667701  0.00   -0.0462753    0.0383791    0.0027421
c    -1.3072747    1.2134715   -0.1072301  0.00   -0.0853195   -0.0325877    0.0019995
c    -0.0178848    0.6712107   -0.1696999  0.00   -0.0885907   -0.1877424   -0.0010624
c    -0.2940586    3.4190850   -0.0891301  0.00   -0.0231100    0.0691867    0.0029290
c     0.9872191    2.8590254   -0.1560400  0.00    0.0105676    0.0644461    0.0010182
c     1.1340766    1.4562066   -0.1970301  0.00    0.0530334    0.0517358    0.0021573
n     0.3879315   -0.6395361   -0.2140797  0.00    0.1441155    0.1088706   -0.0038403
c     2.2666513    0.5727431   -0.2659288  0.00    0.1386894   -0.0561393   -0.0195532
c     1.7556051   -0.7123542   -0.2706902  0.00   -0.0963566   -0.0971090    0.0048031
h    -0.2400421   -1.4313524   -0.2047299  0.00    0.0367194    0.0478943   -0.0003744
c     3.7030084    1.0223385   -0.3320113  0.00    0.0096943    0.0203904    0.0235240
c     4.7465684   -0.0024890    0.1378120  0.00   -0.0219762   -0.0145432   -0.0231168
h     3.7978488    1.9290302    0.2803705  0.00    0.0023347   -0.0126938   -0.0107496
h     3.9233891    1.3348995   -1.3618205  0.00   -0.0046152    0.0021606    0.0154729
c     6.0911522    0.7171554    0.3515710  0.00    0.1099769    0.2665847    0.1687365
n     4.9812330   -1.1161778   -0.8485773  0.00    0.8094388    0.1511946   -0.0580097
h     4.4627982   -0.4486592    1.0982612  0.00    0.0088499   -0.0112363   -0.0261595
h     5.8630991   -1.0923207   -1.2059804  0.00   75.2574915   48.7736467   31.9250152
h     4.9673785   -2.0001515   -0.3277693  0.00    0.0024160    0.0339787   -0.0112174
h    -2.4108593    3.0588691   -0.0157800  0.00   -0.0007121    0.0001868    0.0000359
h    -2.1896092    0.5822396   -0.0890100  0.00   -0.0036111    0.0038096    0.0000861
h    -0.4052699    4.5000487   -0.0535400  0.00    0.0008500    0.0000037    0.0002678
h     1.8590495    3.5066789   -0.1715100  0.00   -0.0008839    0.0024122    0.0006518
h     2.2327318   -1.6813189   -0.3063001  0.00   -0.0418130   -0.0115005    0.0035734
o     6.2733105    1.6803232    1.0776003  0.00   -0.0396961   -0.2366013   -0.1830529
o     7.0805104    0.1384007   -0.3810770  0.00   -0.3100505   -0.3183147   -0.1941424
h     6.7233753   -0.5364596   -0.8430888  0.00  -75.8211671  -48.6564124  -31.6217344
    27
 Energy =       5.5217352710
c    -1.3491275    2.5892121   -0.0731660  0.00   -0.0193139    0.0163084    0.0011869
c    -1.2471224    1.2154681   -0.1060087  0.00   -0.0372868   -0.0141934    0.0008338
c     0.0072089    0.6642696   -0.1584118  0.00   -0.0365280   -0.0826542   -0.0003432
c    -0.2193769    3.3774013   -0.0961694  0.00   -0.0106133    0.0300335    0.0014195
c     1.0328745    2.8024034   -0.1537705  0.00    0.0053926    0.0286220    0.0004692
c     1.1335705    1.4257343   -0.1828606  0.00    0.0214872    0.0239986    0.0008366
n     0.3583771   -0.6884289   -0.2094294  0.00    0.0603872    0.0456503   -0.0019759
c     2.2329736    0.5867845   -0.2434614  0.00    0.0626982   -0.0237505   -0.0088864
c     1.7633864   -0.6918576   -0.2641857  0.00   -0.0454901   -0.0383293    0.0029402
h    -0.2763475   -1.4997650   -0.2049709  0.00    0.0163127    0.0213657   -0.0002540
c     3.6705083    1.0420603   -0.3326442  0.00    0.0037032    0.0084007    0.0111992
c     4.7130347    0.0227015    0.1657051  0.00   -0.0009680   -0.0072719   -0.0126086
h     3.7667761    1.9701642    0.2633890  0.00    0.0003573   -0.0053834   -0.0037466
h     3.8915958    1.3133364   -1.3826638  0.00   -0.0017602    0.0012349    0.0068068
c     6.0350802    0.7113109    0.3762517  0.00    0.0481992    0.1112663    0.0742295
n     4.9034783   -1.0686125   -0.8247316  0.00    0.4116952    0.1150703   -0.0037938
h     4.4169324   -0.4003187    1.1445555  0.00    0.0044248   -0.0060401   -0.0115935
h     5.8470052   -1.1236501   -1.2863739  0.00   43.7175674   28.2879901   18.4905719
h     4.8086253   -1.9834280   -0.3385666  0.00   -0.0004721    0.0093055   -0.0035608
h    -2.3304250    3.0562227   -0.0316442  0.00   -0.0002400    0.0005495   -0.0001537
h    -2.1328564    0.5894613   -0.0926247  0.00   -0.0015941    0.0020084   -0.0000543
h    -0.3133841    4.4608812   -0.0716964  0.00    0.0006634    0.0004306   -0.0000541
h     1.9199127    3.4293671   -0.1753629  0.00    0.0006387    0.0006767    0.0002956
h     2.3364342   -1.6118911   -0.3269050  0.00   -0.0142250   -0.0079105    0.0018759
o     6.1744647    1.7622115    1.1588096  0.00   -0.0226710   -0.1024541   -0.0813458
o     7.0611284    0.1991572   -0.3776244  0.00   -0.1670164   -0.1580700   -0.0956577
h     6.7436740   -0.5438117   -0.9076174  0.00  -43.9953482  -28.2568539  -18.3686369
    27
 Energy =       2.3057846905
c    -1.3068789    2.5774912   -0.0849412  0.00    0.0014918   -0.0013479    0.0000160
c    -1.2121074    1.2195051   -0.1110244  0.00    0.0026043    0.0011237    0.0000232
c     0.0152866    0.6637577   -0.1447493  0.00    0.0033942    0.0054621    0.0000518
c    -0.1772163    3.3460602   -0.0974153  0.00   -0.0001067   -0.0017796    0.0001902
c     1.0541311    2.7604615   -0.1395016  0.00   -0.0003818   -0.0008829    0.0002776
c     1.1236412    1.4029318   -0.1614860  0.00   -0.0019707    0.0001952    0.0000049
n     0.3233554   -0.7211844   -0.1990637  0.00   -0.0037216   -0.0028203   -0.0000810
c     2.1956187    0.5931640   -0.2182559  0.00   -0.0029982    0.0032300    0.0013171
c     1.7560824   -0.6775211   -0.2531908  0.00    0.0021554    0.0049818    0.0007952
h    -0.3181011   -1.5476510   -0.1960148  0.00   -0.0000184   -0.0006254   -0.0004560
c     3.6390389    1.0406962   -0.3424999  0.00    0.0001455    0.0007874    0.0008976
c     4.6925256    0.0212213    0.1545179  0.00    0.0017272    0.0042326    0.0002770
h     3.7483702    1.9693249    0.2660850  0.00    0.0005672    0.0007609    0.0039361
h     3.8508207    1.3123547   -1.3996360  0.00    0.0006438    0.0029362    0.0019413
c     6.0347248    0.7362215    0.3341503  0.00    0.0023349   -0.0232103   -0.0016080
n     4.8092608   -1.1354337   -0.8091097  0.00    0.0853352    0.0232913   -0.0081306
h     4.4100438   -0.3278612    1.1783820  0.00    0.0011505    0.0017562    0.0043575
h     5.7965810   -1.1547858   -1.3105275  0.00   15.9247380   10.2695470    6.6861898
h     4.7949916   -2.0253470   -0.2464165  0.00   -0.0023092   -0.0080986    0.0089303
h    -2.2857363    3.0509056   -0.0592763  0.00   -0.0004553   -0.0000661   -0.0003664
h    -2.0981061    0.5939193   -0.1108201  0.00    0.0003966   -0.0001780   -0.0004748
h    -0.2623127    4.4307219   -0.0782881  0.00   -0.0007618    0.0004965    0.0000743
h     1.9471143    3.3784900   -0.1559345  0.00   -0.0000272    0.0006814    0.0006448
h     2.3873373   -1.5574759   -0.3420086  0.00    0.0047675    0.0004383    0.0008071
o     6.1435907    1.9209646    1.0755720  0.00    0.0038320    0.0174915   -0.0025215
o     7.1214400    0.2628105   -0.3806272  0.00   -0.0195562   -0.0226093   -0.0227519
h     6.7649052   -0.5273582   -0.9000983  0.00  -16.0029771  -10.2757939   -6.6743417
    27
 Energy =       1.9416211384
c    -1.3101671    2.5647647   -0.0633672  0.00    0.0005879   -0.0013854    0.0000512
c    -1.2125618    1.2065400   -0.0767508  0.00    0.0015294    0.0008274    0.0001124
c     0.0156904    0.6536601   -0.1407063  0.00    0.0026375    0.0040702    0.0001245
c    -0.1829276    3.3362808   -0.1182967  0.00    0.0002570   -0.0010319    0.0000843
c     1.0488745    2.7537229   -0.1878969  0.00    0.0001286   -0.0006121    0.0001347
c     1.1221905    1.3959445   -0.1955352  0.00   -0.0012129    0.0002364   -0.0000895
n     0.3260666   -0.7307591   -0.1906854  0.00   -0.0037876   -0.0020946    0.0000543
c     2.1949687    0.5877065   -0.2707457  0.00   -0.0019275    0.0022341    0.0016391
c     1.7568244   -0.6845578   -0.2861678  0.00    0.0023538    0.0039722    0.0006311
h    -0.3137670   -1.5583324   -0.1637446  0.00   -0.0003325   -0.0008331   -0.0002083
c     3.6379826    1.0307943   -0.4261525  0.00   -0.0019776   -0.0009265    0.0007561
c     4.6780440    0.0398971    0.1546701  0.00    0.0012937    0.0027848    0.0016822
h     3.7498889    2.0068242    0.1073319  0.00    0.0000292    0.0040625    0.0047282
h     3.8545812    1.2158851   -1.5043874  0.00    0.0010195    0.0029688   -0.0021264
c     6.0065277    0.7657135    0.3910508  0.00    0.0008339   -0.0191440   -0.0006903
n     4.8456329   -1.1329684   -0.7747911  0.00    0.0686647    0.0180856   -0.0082395
h     4.3455086   -0.2894647    1.1710443  0.00    0.0004879    0.0014784    0.0048873
h     5.8431010   -1.1343042   -1.2355182  0.00   12.9344194    8.3415593    5.4313795
h     4.8370948   -2.0107803   -0.1953081  0.00   -0.0016487   -0.0068913    0.0070545
h    -2.2893620    3.0360341   -0.0141786  0.00   -0.0006853   -0.0000430   -0.0002740
h    -2.0970330    0.5787643   -0.0427519  0.00   -0.0002128   -0.0004208   -0.0002635
h    -0.2700847    4.4208950   -0.1105524  0.00   -0.0005122    0.0004882   -0.0000296
h     1.9385304    3.3751339   -0.2382855  0.00    0.0005577    0.0008259    0.0003860
h     2.3881754   -1.5636489   -0.3872247  0.00    0.0038778    0.0002958    0.0006654
o     6.0721895    1.9364902    1.1572401  0.00    0.0036890    0.0152106   -0.0010944
o     7.1352769    0.3029683   -0.2717537  0.00   -0.0123253   -0.0164052   -0.0176657
h     6.8271557   -0.4968201   -0.8187153  0.00  -12.9977446   -8.3493123   -5.4236894
    27
 Energy =       1.4371282874
c    -1.3057253    2.5568213   -0.0376689  0.00   -0.0003705   -0.0012425    0.0001336
c    -1.2094549    1.1980140   -0.0394353  0.00    0.0002437    0.0005261    0.0002688
c     0.0166383    0.6435576   -0.1403781  0.00    0.0017589    0.0022763    0.0002203
c    -0.1800643    3.3270615   -0.1401708  0.00    0.0005636   -0.0001549   -0.0000571
c     1.0490330    2.7431779   -0.2428252  0.00    0.0006605   -0.0003254   -0.0000639
c     1.1221707    1.3852020   -0.2373294  0.00   -0.0002020    0.0002788   -0.0001879
n     0.3256665   -0.7412697   -0.1844361  0.00   -0.0033818   -0.0011747    0.0002491
c     2.1925626    0.5752325   -0.3326352  0.00   -0.0004630    0.0012865    0.0016265
c     1.7529939   -0.6974744   -0.3249828  0.00    0.0023556    0.0024769    0.0004531
h    -0.3143954   -1.5675738   -0.1309781  0.00   -0.0005973   -0.0009128    0.0001667
c     3.6366998    1.0095688   -0.5096506  0.00   -0.0034281   -0.0021402    0.0001436
c     4.6562309    0.0478616    0.1527196  0.00    0.0001840    0.0007653    0.0016815
h     3.7527169    2.0231850   -0.0514212  0.00   -0.0006232    0.0057696    0.0039529
h     3.8623214    1.1114599   -1.5991740  0.00    0.0011870    0.0021171   -0.0046375
c     5.9617440    0.7880761    0.4740424  0.00   -0.0005047   -0.0153289   -0.0013551
n     4.8866766   -1.1250075   -0.7527651  0.00    0.0444525    0.0114942   -0.0072078
h     4.2628547   -0.2792599    1.1486968  0.00   -0.0005505    0.0012539    0.0049372
h     5.8839000   -1.0700667   -1.1883310  0.00    8.8631043    5.7171313    3.7228369
h     4.9166326   -1.9955129   -0.1653566  0.00   -0.0010986   -0.0056799    0.0046305
h    -2.2824931    3.0296074    0.0408387  0.00   -0.0009002    0.0000379   -0.0000944
h    -2.0931247    0.5715316    0.0338979  0.00   -0.0008471   -0.0005908    0.0000909
h    -0.2658619    4.4117107   -0.1427504  0.00   -0.0002110    0.0004017   -0.0001673
h     1.9361472    3.3643245   -0.3303192  0.00    0.0010137    0.0008436    0.0000132
h     2.3824928   -1.5779554   -0.4316429  0.00    0.0026484    0.0001276    0.0004670
o     5.9663303    1.9148329    1.3064661  0.00    0.0033458    0.0145633    0.0025921
o     7.1386375    0.3732343   -0.1473347  0.00   -0.0025132   -0.0055756   -0.0078702
h     6.8970714   -0.4139553   -0.7592544  0.00   -8.9058268   -5.7282247   -3.7228229
    27
 Energy =       0.8850828070
c    -1.2952264    2.5550034   -0.0165955  0.00   -0.0005698   -0.0005880    0.0001361
c    -1.2047391    1.1953540   -0.0105027  0.00   -0.0003801    0.0002421    0.0003242
c     0.0161567    0.6346266   -0.1420876  0.00    0.0007079    0.0006118    0.0002582
c    -0.1698373    3.3194967   -0.1566901  0.00    0.0004245    0.0002909   -0.0001441
c     1.0535793    2.7296298   -0.2867993  0.00    0.0006236   -0.0000884   -0.0001853
c     1.1220760    1.3714372   -0.2723271  0.00    0.0003085    0.0001866   -0.0001393
n     0.3200120   -0.7513602   -0.1807977  0.00   -0.0017877   -0.0003043    0.0003739
c     2.1872833    0.5565277   -0.3842362  0.00    0.0003739    0.0003523    0.0009177
c     1.7430659   -0.7150652   -0.3575403  0.00    0.0014045    0.0008056    0.0003131
h    -0.3223161   -1.5739814   -0.1057886  0.00   -0.0004691   -0.0005387    0.0004831
c     3.6335453    0.9808476   -0.5740011  0.00   -0.0023911   -0.0018355   -0.0003098
c     4.6359097    0.0465706    0.1477223  0.00   -0.0006128   -0.0006192    0.0003195
h     3.7559708    2.0165470   -0.1777935  0.00   -0.0005761    0.0038185    0.0018682
h     3.8648332    1.0185906   -1.6651565  0.00    0.0007343    0.0007863   -0.0034053
c     5.9107536    0.8064101    0.5485155  0.00   -0.0017802   -0.0101110   -0.0029841
n     4.9238001   -1.1161718   -0.7408499  0.00    0.0169057    0.0061827   -0.0046903
h     4.1939286   -0.2922463    1.1179980  0.00   -0.0009515    0.0007277    0.0029809
h     5.9079930   -0.9902276   -1.1716239  0.00    4.5552705    2.9402630    1.9137568
h     5.0183696   -1.9770309   -0.1473504  0.00   -0.0002455   -0.0050541    0.0028019
h    -2.2668808    3.0331065    0.0867400  0.00   -0.0006167    0.0001310    0.0000563
h    -2.0884504    0.5738043    0.0947318  0.00   -0.0007467   -0.0003497    0.0003694
h    -0.2506547    4.4043224   -0.1660777  0.00    0.0000159    0.0002146   -0.0002707
h     1.9395934    3.3466377   -0.4034194  0.00    0.0007513    0.0004647   -0.0002736
h     2.3679275   -1.5991209   -0.4647639  0.00    0.0011412   -0.0000281    0.0003521
o     5.8464644    1.8637935    1.4652192  0.00    0.0012340    0.0126242    0.0067295
o     7.1310013    0.4686755   -0.0491965  0.00    0.0044730    0.0027567    0.0004218
h     6.9742425   -0.2997931   -0.7195075  0.00   -4.5732414   -2.9509413   -1.9200602
    27
 Energy =       0.4147919995
c    -1.2834953    2.5569968   -0.0058998  0.00    0.0001555    0.0003219    0.0000132
c    -1.2010240    1.1966613    0.0034158  0.00    0.0000373   -0.0000165    0.0002018
c     0.0137222    0.6277690   -0.1452016  0.00   -0.0002893   -0.0002877    0.0002153
c    -0.1567939    3.3138137   -0.1656742  0.00   -0.0001378    0.0000242   -0.0001384
c     1.0603494    2.7159448   -0.3112105  0.00   -0.0001503    0.0000511   -0.0001425
c     1.1215997    1.3575572   -0.2931878  0.00   -0.0000470   -0.0000479    0.0000939
n     0.3098390   -0.7596690   -0.1808206  0.00    0.0005839    0.0001759    0.0003960
c     2.1805182    0.5360159   -0.4152258  0.00   -0.0000052   -0.0002722   -0.0001495
c     1.7291393   -0.7332832   -0.3779186  0.00   -0.0004422   -0.0003968    0.0002741
h    -0.3360365   -1.5776345   -0.0937401  0.00    0.0001055    0.0002117    0.0005907
c     3.6300449    0.9493702   -0.6113204  0.00    0.0006370    0.0001449   -0.0001604
c     4.6204216    0.0342846    0.1452878  0.00    0.0005429   -0.0009458   -0.0007606
h     3.7615419    1.9946213   -0.2596938  0.00    0.0001210   -0.0009499   -0.0005855
h     3.8619020    0.9445910   -1.6989416  0.00   -0.0002511   -0.0003659    0.0007354
c     5.8639001    0.8095979    0.6075271  0.00   -0.0026659   -0.0014305   -0.0021499
n     4.9449600   -1.1186350   -0.7270007  0.00   -0.0097935    0.0079878   -0.0030349
h     4.1462814   -0.3200478    1.0914733  0.00    0.0000031   -0.0000654   -0.0006418
h     5.8753170   -0.9102019   -1.2210330  0.00    1.1213562    0.7244106    0.4662111
h     5.1660461   -1.9487807   -0.1173820  0.00    0.0018854   -0.0088526    0.0059922
h    -2.2495006    3.0417650    0.1115441  0.00    0.0002076    0.0000967    0.0000578
h    -2.0857169    0.5813919    0.1258701  0.00    0.0002210    0.0002218    0.0003980
h    -0.2310726    4.3988933   -0.1774949  0.00    0.0000416   -0.0000242   -0.0002991
h     1.9470560    3.3269627   -0.4427340  0.00   -0.0002393   -0.0001914   -0.0003184
h     2.3473932   -1.6221423   -0.4830387  0.00   -0.0003454   -0.0000897    0.0003717
o     5.7367940    1.7654779    1.6180422  0.00   -0.0020316    0.0044743    0.0051875
o     7.1132272    0.5861037    0.0067963  0.00    0.0045273    0.0015288    0.0001463
h     7.0619880   -0.1410400   -0.7146176  0.00   -1.1140267   -0.7257133   -0.4725040
    27
 Energy =       0.3948488101
c    -1.3020829    2.5175073   -0.0174000  0.00   -0.0007565    0.0004570    0.0001164
c    -1.2076122    1.1576246   -0.0623513  0.00   -0.0004102   -0.0014563    0.0001898
c     0.0158055    0.6058119   -0.2050323  0.00   -0.0006628   -0.0006489    0.0002413
c    -0.1782989    3.2910194   -0.1185977  0.00    0.0008731    0.0012444   -0.0001945
c     1.0477170    2.7101234   -0.2601103  0.00    0.0002534    0.0014243   -0.0001262
c     1.1208052    1.3514760   -0.2970010  0.00    0.0005951    0.0001027    0.0000303
n     0.3247480   -0.7774678   -0.2908587  0.00    0.0002415   -0.0008284    0.0003466
c     2.1897976    0.5440559   -0.4288319  0.00    0.0003524    0.0009508   -0.0000335
c     1.7484604   -0.7306336   -0.4529064  0.00   -0.0005500   -0.0014023    0.0001829
h    -0.3158308   -1.6047940   -0.2524932  0.00   -0.0011010   -0.0014396    0.0005912
c     3.6400766    0.9770411   -0.5792749  0.00    0.0010395    0.0002315    0.0001313
c     4.6206085    0.0529035    0.1783799  0.00    0.0005775   -0.0008406   -0.0006221
h     3.7537331    2.0142267   -0.1969253  0.00    0.0002967   -0.0002653   -0.0002340
h     3.8992361    1.0018962   -1.6612506  0.00   -0.0000094   -0.0002731   -0.0001256
c     5.8650190    0.8202618    0.6511772  0.00   -0.0023173   -0.0012797   -0.0019021
n     4.9453671   -1.0972060   -0.6969238  0.00   -0.0087143    0.0070291   -0.0027199
h     4.1363598   -0.3037984    1.1187249  0.00   -0.0000334   -0.0000810   -0.0004894
h     5.8673941   -0.8821537   -1.1999207  0.00    0.9866010    0.6373790    0.4101716
h     5.1783541   -1.9246509   -0.0892817  0.00    0.0016709   -0.0078028    0.0052929
h    -2.2753402    2.9886592    0.0967370  0.00    0.0000077    0.0000872    0.0000704
h    -2.0897639    0.5292843    0.0129849  0.00   -0.0006993   -0.0007357    0.0004209
h    -0.2620916    4.3759105   -0.0869094  0.00    0.0002425    0.0010390   -0.0002632
h     1.9318712    3.3348572   -0.3448206  0.00    0.0006529    0.0007659   -0.0003590
h     2.3760765   -1.6101376   -0.5802982  0.00   -0.0002710   -0.0005282    0.0003039
o     5.7385879    1.7613387    1.6750576  0.00   -0.0017981    0.0040864    0.0046875
o     7.1134703    0.6090358    0.0444540  0.00    0.0039994    0.0014247    0.0001739
h     7.0659340   -0.1058075   -0.6885062  0.00   -0.9800800   -0.6386402   -0.4158814
    27
 Energy =       0.3673662168
c    -1.2782058    2.5518191   -0.0150657  0.00   -0.0011333    0.0009711    0.0001944
c    -1.2006542    1.1929820   -0.1163960  0.00   -0.0004761   -0.0025747    0.0000871
c     0.0173050    0.6313086   -0.2670512  0.00   -0.0008445   -0.0007760    0.0002329
c    -0.1432614    3.3147392   -0.0690184  0.00    0.0013540    0.0020787   -0.0001436
c     1.0770691    2.7240287   -0.2196307  0.00    0.0003213    0.0025501   -0.0000232
c     1.1332893    1.3661198   -0.3136932  0.00    0.0008191    0.0000791   -0.0000307
n     0.3088795   -0.7522782   -0.4065618  0.00    0.0005380   -0.0018925    0.0001566
c     2.1930491    0.5494349   -0.4662364  0.00    0.0004064    0.0017699    0.0001664
c     1.7351807   -0.7179223   -0.5475068  0.00   -0.0010403   -0.0022752    0.0000377
h    -0.3429767   -1.5725650   -0.4112463  0.00   -0.0018196   -0.0024817    0.0004620
c     3.6523085    0.9641871   -0.5795621  0.00    0.0007479    0.0010962    0.0000517
c     4.5972809    0.0307561    0.2127998  0.00    0.0008557   -0.0006597   -0.0003211
h     3.7714583    2.0025973   -0.2029748  0.00    0.0002077   -0.0001716   -0.0001911
h     3.9422210    0.9773869   -1.6543943  0.00    0.0001308   -0.0001207   -0.0006458
c     5.8447136    0.7804827    0.7050459  0.00   -0.0015233   -0.0011215   -0.0015154
n     4.9215076   -1.1365822   -0.6392282  0.00   -0.0065449    0.0054247   -0.0025762
h     4.0826886   -0.3058786    1.1452957  0.00   -0.0003547   -0.0002771    0.0001889
h     5.8376683   -0.9292523   -1.1512971  0.00    0.8013155    0.5178364    0.3332000
h     5.1598557   -1.9493294   -0.0155409  0.00    0.0014059   -0.0065047    0.0044189
h    -2.2468145    3.0307123    0.1067539  0.00   -0.0000387    0.0001952    0.0000795
h    -2.0917882    0.5730669   -0.0788105  0.00   -0.0010760   -0.0012873    0.0003460
h    -0.2135515    4.3991611    0.0080992  0.00    0.0003174    0.0020070   -0.0001419
h     1.9696854    3.3414694   -0.2655807  0.00    0.0009975    0.0013815   -0.0003108
h     2.3531267   -1.6004988   -0.7008926  0.00   -0.0002929   -0.0009313    0.0001765
o     5.7164712    1.7146016    1.7340252  0.00   -0.0013963    0.0032837    0.0037319
o     7.0966284    0.5666633    0.1075335  0.00    0.0032091    0.0011646    0.0001172
h     7.0552667   -0.1408264   -0.6310442  0.00   -0.7960856   -0.5187644   -0.3377480
    27
 Energy =       0.3357681428
c    -1.2582639    2.5707353   -0.0034864  0.00   -0.0012363    0.0014034    0.0002650
c    -1.1921450    1.2164098   -0.1634890  0.00   -0.0004242   -0.0031900   -0.0000418
c     0.0218980    0.6499974   -0.3272271  0.00   -0.0008666   -0.0007736    0.0001971
c    -0.1159390    3.3247215   -0.0126873  0.00    0.0014951    0.0025058   -0.0000405
c     1.1004088    2.7293575   -0.1772152  0.00    0.0002714    0.0032018    0.0001122
c     1.1452251    1.3756678   -0.3310903  0.00    0.0008359   -0.0000048   -0.0000808
n     0.3015231   -0.7298101   -0.5231647  0.00    0.0008834   -0.0026178   -0.0000632
c     2.1983576    0.5549326   -0.5093334  0.00    0.0003839    0.0021128    0.0003474
c     1.7293598   -0.7036996   -0.6475620  0.00   -0.0013822   -0.0027474   -0.0001175
h    -0.3579057   -1.5431125   -0.5699994  0.00   -0.0021324   -0.0029722    0.0002735
c     3.6640903    0.9543337   -0.5879387  0.00    0.0002996    0.0016769    0.0000033
c     4.5738847    0.0196114    0.2444227  0.00    0.0010421   -0.0001851    0.0001473
h     3.7867788    1.9968896   -0.2247915  0.00    0.0000997   -0.0000363   -0.0001196
h     3.9842892    0.9486576   -1.6546144  0.00    0.0002672   -0.0000143   -0.0010924
c     5.8221329    0.7567638    0.7524564  0.00   -0.0008480   -0.0009156   -0.0010638
n     4.8974965   -1.1702557   -0.5758080  0.00   -0.0042406    0.0035354   -0.0026197
h     4.0301593   -0.2908663    1.1702201  0.00   -0.0006236   -0.0003831    0.0007968
h     5.8032321   -0.9724275   -1.1041136  0.00    0.5911205    0.3822753    0.2457667
h     5.1474561   -1.9616237    0.0690224  0.00    0.0011155   -0.0051684    0.0035781
h    -2.2236016    3.0532299    0.1300007  0.00   -0.0000589    0.0003017    0.0000962
h    -2.0891977    0.6036244   -0.1614937  0.00   -0.0011716   -0.0015372    0.0002343
h    -0.1771148    4.4058318    0.1118360  0.00    0.0003182    0.0026159    0.0000191
h     1.9984786    3.3406669   -0.1858583  0.00    0.0010697    0.0017107   -0.0002115
h     2.3409000   -1.5856816   -0.8291112  0.00   -0.0002900   -0.0011774    0.0000283
o     5.6884848    1.6904676    1.7799186  0.00   -0.0009780    0.0022962    0.0025911
o     7.0793190    0.5382541    0.1691556  0.00    0.0022973    0.0007547   -0.0000430
h     7.0490943   -0.1662918   -0.5702269  0.00   -0.5872471   -0.3826673   -0.2489626
    27
 Energy =       0.3099910447
c    -1.2393598    2.5795691    0.0073732  0.00   -0.0012242    0.0016804    0.0003244
c    -1.1817214    1.2327562   -0.2108052  0.00   -0.0003630   -0.0034459   -0.0001711
c     0.0293257    0.6645762   -0.3898012  0.00   -0.0008200   -0.0007534    0.0001492
c    -0.0916158    3.3245199    0.0406804  0.00    0.0014748    0.0026763    0.0000711
c     1.1217144    2.7274692   -0.1397010  0.00    0.0001905    0.0035137    0.0002480
c     1.1580281    1.3811870   -0.3534360  0.00    0.0007670   -0.0000992   -0.0001239
n     0.3000977   -0.7082662   -0.6415860  0.00    0.0011339   -0.0029934   -0.0002487
c     2.2059569    0.5598308   -0.5595959  0.00    0.0002823    0.0021225    0.0004952
c     1.7289835   -0.6884548   -0.7522137  0.00   -0.0015560   -0.0029301   -0.0002655
h    -0.3649098   -1.5137764   -0.7287525  0.00   -0.0022070   -0.0031123    0.0000954
c     3.6766809    0.9444013   -0.6049168  0.00   -0.0003488    0.0021209   -0.0000352
c     4.5482814    0.0191899    0.2787737  0.00    0.0012667    0.0006011    0.0008813
h     3.8023630    1.9954827   -0.2683093  0.00   -0.0000247    0.0003076   -0.0000186
h     4.0286893    0.9070095   -1.6614909  0.00    0.0004722    0.0000386   -0.0017300
c     5.7952658    0.7496904    0.7985188  0.00   -0.0005406   -0.0008341   -0.0007354
n     4.8713477   -1.2015017   -0.4954643  0.00   -0.0024054    0.0016788   -0.0032499
h     3.9741260   -0.2547331    1.1986221  0.00   -0.0009425   -0.0004617    0.0015288
h     5.7679230   -1.0211189   -1.0403369  0.00    0.4232001    0.2739556    0.1757089
h     5.1305686   -1.9644647    0.1787283  0.00    0.0010053   -0.0045029    0.0032852
h    -2.2022104    3.0632847    0.1540980  0.00   -0.0000734    0.0003828    0.0001109
h    -2.0830976    0.6271606   -0.2422950  0.00   -0.0011428   -0.0016048    0.0001268
h    -0.1460046    4.3998105    0.2123847  0.00    0.0002942    0.0029320    0.0001696
h     2.0237357    3.3322701   -0.1123544  0.00    0.0010115    0.0018731   -0.0001054
h     2.3362915   -1.5675545   -0.9608779  0.00   -0.0003176   -0.0012620   -0.0001037
o     5.6516781    1.6973339    1.8111115  0.00   -0.0007967    0.0017116    0.0019573
o     7.0608379    0.5163277    0.2400106  0.00    0.0018693    0.0004040   -0.0002414
h     7.0454257   -0.1956156   -0.4905431  0.00   -0.4202053   -0.2739994   -0.1781234
    27
 Energy =       0.2917470321
c    -1.2215406    2.5998711   -0.0561059  0.00   -0.0015652    0.0009800    0.0002194
c    -1.1709151    1.2599481   -0.3120024  0.00   -0.0006790   -0.0031382   -0.0002127
c     0.0392786    0.6855461   -0.4762639  0.00   -0.0009102   -0.0009422    0.0000546
c    -0.0677078    3.3318566    0.0292799  0.00    0.0018306    0.0025327    0.0001076
c     1.1446333    2.7286083   -0.1368549  0.00    0.0005181    0.0031710    0.0002638
c     1.1737697    1.3894402   -0.3900693  0.00    0.0010941    0.0000821   -0.0001028
n     0.3034514   -0.6818747   -0.7597329  0.00    0.0002195   -0.0022623   -0.0001629
c     2.2188436    0.5641612   -0.5941001  0.00   -0.0000362    0.0022742    0.0004660
c     1.7352673   -0.6732877   -0.8321470  0.00   -0.0011122   -0.0025255   -0.0003178
h    -0.3668222   -1.4776880   -0.8875056  0.00   -0.0024072   -0.0031930   -0.0000607
c     3.6947770    0.9318658   -0.5887608  0.00   -0.0005035    0.0028442    0.0000723
c     4.5182518    0.0129953    0.3473035  0.00    0.0015360    0.0010730    0.0013871
h     3.8213799    1.9883378   -0.2701628  0.00   -0.0002156    0.0004288   -0.0000069
h     4.0881236    0.8690119   -1.6300723  0.00    0.0007439    0.0000813   -0.0023735
c     5.7648765    0.7309870    0.8846177  0.00   -0.0002990   -0.0007824   -0.0004656
n     4.8365320   -1.2373644   -0.3801831  0.00   -0.0011115    0.0002793   -0.0034342
h     3.9092130   -0.2222634    1.2562269  0.00   -0.0013259   -0.0005624    0.0022480
h     5.7274409   -1.0799344   -0.9373832  0.00    0.3070869    0.1989450    0.1271561
h     5.0979835   -1.9734544    0.3220276  0.00    0.0009247   -0.0039479    0.0030464
h    -2.1835947    3.0884003    0.0795767  0.00   -0.0001899    0.0001945    0.0000662
h    -2.0770826    0.6645604   -0.3844346  0.00   -0.0014982   -0.0016936    0.0000282
h    -0.1164393    4.4017250    0.2315025  0.00    0.0004143    0.0025192    0.0001733
h     2.0514469    3.3232463   -0.0667762  0.00    0.0014462    0.0019371   -0.0000169
h     2.3400248   -1.5524855   -1.0464631  0.00   -0.0004291   -0.0009513   -0.0001173
o     5.6126508    1.6894162    1.8852238  0.00   -0.0006776    0.0012787    0.0014841
o     7.0386539    0.4807331    0.3526996  0.00    0.0017441    0.0001505   -0.0004192
h     7.0359054   -0.2359744   -0.3716185  0.00   -0.3045980   -0.1987733   -0.1290826
    27
 Energy =       0.2795957732
c    -1.2068221    2.5780378    0.0031414  0.00   -0.0014652    0.0022668    0.0005407
c    -1.1575990    1.2522173   -0.3227889  0.00   -0.0006550   -0.0036778   -0.0004421
c     0.0514886    0.6863014   -0.5243839  0.00   -0.0006850   -0.0008665    0.0000282
c    -0.0526619    3.3043889    0.1213717  0.00    0.0011322    0.0031628    0.0003788
c     1.1586251    2.7095756   -0.0823970  0.00    0.0003768    0.0039002    0.0005355
c     1.1862278    1.3849357   -0.4079978  0.00    0.0007356   -0.0003351   -0.0001945
n     0.3142990   -0.6665580   -0.8770273  0.00    0.0012415   -0.0035307   -0.0006119
c     2.2294718    0.5699985   -0.6613287  0.00    0.0003838    0.0015898    0.0004456
c     1.7456414   -0.6552717   -0.9546098  0.00   -0.0013001   -0.0032569   -0.0006095
h    -0.3565723   -1.4550075   -1.0419304  0.00   -0.0023314   -0.0032748   -0.0002187
c     3.7060204    0.9290974   -0.6333944  0.00   -0.0013112    0.0027688   -0.0000680
c     4.4934558    0.0364393    0.3578391  0.00    0.0016179    0.0018998    0.0021133
h     3.8356375    1.9977488   -0.3574119  0.00   -0.0000140    0.0010504    0.0000823
h     4.1252305    0.8219419   -1.6615693  0.00    0.0009335    0.0000089   -0.0030054
c     5.7362520    0.7581977    0.8985416  0.00   -0.0006117   -0.0010693   -0.0005530
n     4.8082510   -1.2477064   -0.3113601  0.00   -0.0005723   -0.0011272   -0.0042637
h     3.8591698   -0.1546148    1.2604985  0.00   -0.0015481   -0.0005371    0.0027842
h     5.6970969   -1.1202265   -0.8769230  0.00    0.2314838    0.1498267    0.0951184
h     5.0668466   -1.9518119    0.4242627  0.00    0.0010055   -0.0040625    0.0033925
h    -2.1679774    3.0596457    0.1696866  0.00   -0.0004431    0.0007073    0.0001982
h    -2.0640010    0.6612639   -0.4204700  0.00   -0.0012070   -0.0016546   -0.0000593
h    -0.1002057    4.3628803    0.3806858  0.00    0.0001795    0.0035215    0.0005096
h     2.0656698    3.2992991    0.0170811  0.00    0.0009561    0.0021533    0.0001342
h     2.3513782   -1.5249936   -1.2052162  0.00   -0.0001839   -0.0013979   -0.0003583
o     5.5707162    1.7512489    1.8635775  0.00   -0.0010115    0.0020094    0.0022217
o     7.0200500    0.4795537    0.4049525  0.00    0.0021658    0.0001760   -0.0004027
h     7.0327126   -0.2601979   -0.2950086  0.00   -0.2288724   -0.1502511   -0.0976962
    27
 Energy =       0.2687091152
c    -1.1927283    2.5760649   -0.0340091  0.00   -0.0015324    0.0016326    0.0003945
c    -1.1434305    1.2627072   -0.4053234  0.00   -0.0006802   -0.0034304   -0.0005175
c     0.0667721    0.6983454   -0.6029481  0.00   -0.0007899   -0.0009667   -0.0000649
c    -0.0375130    3.2914332    0.1333407  0.00    0.0015282    0.0028512    0.0003943
c     1.1747982    2.6980847   -0.0669509  0.00    0.0004422    0.0035928    0.0005832
c     1.2022355    1.3866048   -0.4398566  0.00    0.0009194   -0.0001872   -0.0001289
n     0.3304657   -0.6428834   -0.9953293  0.00    0.0006839   -0.0028697   -0.0005154
c     2.2462433    0.5763432   -0.7014863  0.00   -0.0000121    0.0018054    0.0003962
c     1.7633509   -0.6363278   -1.0425400  0.00   -0.0011880   -0.0028532   -0.0006089
h    -0.3406468   -1.4215759   -1.2006835  0.00   -0.0023993   -0.0032172   -0.0003687
c     3.7235073    0.9240215   -0.6261800  0.00   -0.0011627    0.0031242    0.0000518
c     4.4633623    0.0436833    0.4111183  0.00    0.0016083    0.0019449    0.0021045
h     3.8532651    1.9972704   -0.3693103  0.00   -0.0001498    0.0008936    0.0000381
h     4.1799664    0.7923395   -1.6355149  0.00    0.0010384   -0.0000150   -0.0030434
c     5.7042639    0.7557624    0.9686124  0.00   -0.0004625   -0.0009145   -0.0003404
n     4.7682645   -1.2656699   -0.2113846  0.00   -0.0000783   -0.0017443   -0.0036867
h     3.7989453   -0.1094393    1.2993675  0.00   -0.0016746   -0.0005070    0.0029054
h     5.6517997   -1.1656156   -0.7877458  0.00    0.1645819    0.1065116    0.0670488
h     5.0263420   -1.9432450    0.5483721  0.00    0.0008470   -0.0033776    0.0029895
h    -2.1547427    3.0562852    0.1302525  0.00   -0.0003210    0.0004580    0.0001234
h    -2.0505806    0.6802969   -0.5413159  0.00   -0.0013647   -0.0016729   -0.0001577
h    -0.0850323    4.3397908    0.4295157  0.00    0.0003144    0.0030702    0.0004954
h     2.0829684    3.2781551    0.0732244  0.00    0.0012289    0.0021036    0.0002344
h     2.3711787   -1.5013242   -1.3032035  0.00   -0.0002774   -0.0010568   -0.0003165
o     5.5298097    1.7619774    1.9177424  0.00   -0.0008468    0.0015140    0.0016843
o     6.9953122    0.4598944    0.5053600  0.00    0.0020007   -0.0000334   -0.0005104
h     7.0202244   -0.2865955   -0.1853024  0.00   -0.1622538   -0.1066562   -0.0691842
    27
 Energy =       0.2609624975
c    -1.1807106    2.5554690   -0.0374547  0.00   -0.0014324    0.0017174    0.0004587
c    -1.1276134    1.2588179   -0.4635525  0.00   -0.0005657   -0.0035103   -0.0006913
c     0.0844917    0.7027291   -0.6721775  0.00   -0.0007805   -0.0010032   -0.0001378
c    -0.0273125    3.2622157    0.1734870  0.00    0.0015499    0.0028208    0.0005065
c     1.1868767    2.6769728   -0.0382687  0.00    0.0003367    0.0036786    0.0007558
c     1.2178260    1.3831103   -0.4678580  0.00    0.0008757   -0.0002676   -0.0001160
n     0.3528907   -0.6221114   -1.1145904  0.00    0.0008446   -0.0029241   -0.0006443
c     2.2642507    0.5842799   -0.7517086  0.00   -0.0001808    0.0017690    0.0002866
c     1.7862708   -0.6146658   -1.1430913  0.00   -0.0013344   -0.0028774   -0.0007310
h    -0.3157582   -1.3914226   -1.3594366  0.00   -0.0023782   -0.0031759   -0.0005208
c     3.7397828    0.9241705   -0.6352061  0.00   -0.0012703    0.0032700    0.0000950
c     4.4339893    0.0629381    0.4479760  0.00    0.0015741    0.0021341    0.0021768
h     3.8691296    2.0033312   -0.4033695  0.00   -0.0001854    0.0008894   -0.0000123
h     4.2300419    0.7639455   -1.6244219  0.00    0.0011355   -0.0000839   -0.0030818
c     5.6711918    0.7701166    1.0196436  0.00   -0.0005497   -0.0008949   -0.0002466
n     4.7284417   -1.2713674   -0.1243803  0.00    0.0001013   -0.0023205   -0.0033778
h     3.7421186   -0.0507975    1.3211659  0.00   -0.0017723   -0.0004228    0.0029960
h     5.6081363   -1.2018287   -0.7087794  0.00    0.1177742    0.0760628    0.0472414
h     4.9833321   -1.9210693    0.6601493  0.00    0.0007642   -0.0029852    0.0028377
h    -2.1442720    3.0289103    0.1366713  0.00   -0.0002376    0.0004580    0.0001271
h    -2.0332096    0.6830008   -0.6332568  0.00   -0.0012836   -0.0016506   -0.0002452
h    -0.0777700    4.2968840    0.5142548  0.00    0.0003200    0.0031359    0.0006393
h     2.0940639    3.2486687    0.1386343  0.00    0.0011751    0.0020932    0.0003599
h     2.3985179   -1.4711603   -1.4210230  0.00   -0.0002482   -0.0009616   -0.0003363
o     5.4859578    1.7963754    1.9449524  0.00   -0.0008776    0.0014536    0.0015733
o     6.9698483    0.4537306    0.5924398  0.00    0.0021132   -0.0001635   -0.0005692
h     7.0078891   -0.3048596   -0.0829776  0.00   -0.1154678   -0.0762417   -0.0493438
    27
 Energy =       0.2552427658
c    -1.1699832    2.5346150   -0.0582595  0.00   -0.0014148    0.0015509    0.0004420
c    -1.1101838    1.2558498   -0.5344826  0.00   -0.0005344   -0.0034378   -0.0008226
c     0.1050999    0.7083168   -0.7467079  0.00   -0.0008158   -0.0010497   -0.0002207
c    -0.0200088    3.2318372    0.1988036  0.00    0.0016635    0.0026958    0.0005949
c     1.1973300    2.6549863   -0.0171346  0.00    0.0003345    0.0035751    0.0008754
c     1.2347084    1.3799902   -0.4984177  0.00    0.0009174   -0.0002589   -0.0000766
n     0.3812225   -0.5992643   -1.2334538  0.00    0.0007027   -0.0027135   -0.0006805
c     2.2854611    0.5930888   -0.7964862  0.00   -0.0003616    0.0018264    0.0001977
c     1.8150388   -0.5914287   -1.2366736  0.00   -0.0013273   -0.0027467   -0.0008065
h    -0.2831751   -1.3584480   -1.5181897  0.00   -0.0023849   -0.0031220   -0.0006729
c     3.7577240    0.9252964   -0.6341291  0.00   -0.0011903    0.0034077    0.0001485
c     4.4029282    0.0808198    0.4909382  0.00    0.0014822    0.0020719    0.0020867
h     3.8862741    2.0087073   -0.4218171  0.00   -0.0002295    0.0007879   -0.0000626
h     4.2831834    0.7412692   -1.6008483  0.00    0.0012277   -0.0001393   -0.0030312
c     5.6353475    0.7807949    1.0816930  0.00   -0.0005753   -0.0008238   -0.0001150
n     4.6851229   -1.2747282   -0.0351912  0.00    0.0001869   -0.0025640   -0.0028324
h     3.6831884    0.0038090    1.3453901  0.00   -0.0018448   -0.0003377    0.0029708
h     5.5613398   -1.2355441   -0.6255573  0.00    0.0833551    0.0536421    0.0327141
h     4.9352569   -1.8991181    0.7707842  0.00    0.0006589   -0.0025253    0.0025574
h    -2.1361526    3.0010016    0.1198879  0.00   -0.0001746    0.0003831    0.0001089
h    -2.0129515    0.6872721   -0.7399562  0.00   -0.0012972   -0.0016334   -0.0003335
h    -0.0757378    4.2518039    0.5803001  0.00    0.0003575    0.0029987    0.0007235
h     2.1023155    3.2173496    0.1979895  0.00    0.0012403    0.0020348    0.0004689
h     2.4330511   -1.4395775   -1.5269028  0.00   -0.0002181   -0.0008178   -0.0003113
o     5.4390799    1.8227387    1.9868050  0.00   -0.0008358    0.0012736    0.0013436
o     6.9410010    0.4462150    0.6912835  0.00    0.0022064   -0.0002761   -0.0006037
h     6.9919210   -0.3212687    0.0281537  0.00   -0.0811286   -0.0538022   -0.0346628
    27
 Energy =       0.2511410709
c    -1.1605844    2.5115676   -0.0883751  0.00   -0.0014391    0.0013507    0.0004068
c    -1.0908674    1.2521317   -0.6122365  0.00   -0.0005486   -0.0033250   -0.0009404
c     0.1287323    0.7141947   -0.8240058  0.00   -0.0008588   -0.0010870   -0.0003053
c    -0.0160735    3.1988937    0.2161692  0.00    0.0017667    0.0025734    0.0006885
c     1.2055764    2.6314990    0.0000058  0.00    0.0003822    0.0034222    0.0009793
c     1.2526313    1.3768007   -0.5301634  0.00    0.0009801   -0.0002249   -0.0000316
n     0.4157642   -0.5748524   -1.3520170  0.00    0.0004804   -0.0024692   -0.0006983
c     2.3095117    0.6028818   -0.8378162  0.00   -0.0004810    0.0019012    0.0001353
c     1.8495781   -0.5663981   -1.3262490  0.00   -0.0012473   -0.0026001   -0.0008755
h    -0.2423103   -1.3233342   -1.6769428  0.00   -0.0024032   -0.0030758   -0.0008304
c     3.7766616    0.9277634   -0.6269236  0.00   -0.0010340    0.0034831    0.0001854
c     4.3705420    0.0981867    0.5360675  0.00    0.0013321    0.0018308    0.0019093
h     3.9041557    2.0143593   -0.4299646  0.00   -0.0002544    0.0006605   -0.0001032
h     4.3375852    0.7236033   -1.5692841  0.00    0.0013114   -0.0001835   -0.0029280
c     5.5960171    0.7901128    1.1507527  0.00   -0.0006019   -0.0007411    0.0000331
n     4.6402032   -1.2750907    0.0518971  0.00    0.0002208   -0.0025398   -0.0022328
h     3.6228668    0.0545311    1.3684800  0.00   -0.0018863   -0.0002529    0.0028626
h     5.5138289   -1.2650697   -0.5416742  0.00    0.0584327    0.0373895    0.0222600
h     4.8837373   -1.8769821    0.8764335  0.00    0.0005548   -0.0020743    0.0022214
h    -2.1303316    2.9700029    0.0906326  0.00   -0.0001468    0.0003083    0.0000908
h    -1.9891992    0.6910436   -0.8546240  0.00   -0.0013428   -0.0016186   -0.0004234
h    -0.0796617    4.2029562    0.6362869  0.00    0.0003902    0.0028275    0.0007955
h     2.1067414    3.1841088    0.2540435  0.00    0.0013308    0.0019624    0.0005699
h     2.4746868   -1.4057280   -1.6264342  0.00   -0.0001758   -0.0007007   -0.0002748
o     5.3870742    1.8447522    2.0379759  0.00   -0.0007725    0.0010970    0.0011200
o     6.9084771    0.4393763    0.7992830  0.00    0.0023509   -0.0003516   -0.0005997
h     6.9730582   -0.3349269    0.1465040  0.00   -0.0563406   -0.0375623   -0.0240145
    27
 Energy =       0.2482839415
c    -1.1524103    2.4877681   -0.1312057  0.00   -0.0015162    0.0011027    0.0003366
c    -1.0691743    1.2485540   -0.6992256  0.00   -0.0006191   -0.0031670   -0.0010380
c     0.1558590    0.7207135   -0.9049967  0.00   -0.0009111   -0.0011160   -0.0003914
c    -0.0157946    3.1648754    0.2226889  0.00    0.0018688    0.0024554    0.0007861
c     1.2113230    2.6074867    0.0117699  0.00    0.0004851    0.0032208    0.0010611
c     1.2717126    1.3738894   -0.5635214  0.00    0.0010677   -0.0001569    0.0000228
n     0.4572549   -0.5490454   -1.4702227  0.00    0.0001568   -0.0021836   -0.0006924
c     2.3365375    0.6133531   -0.8748314  0.00   -0.0005420    0.0019858    0.0001111
c     1.8903637   -0.5400647   -1.4107493  0.00   -0.0010802   -0.0024331   -0.0009292
h    -0.1921202   -1.2863694   -1.8356960  0.00   -0.0024375   -0.0030410   -0.0009965
c     3.7964546    0.9310548   -0.6122510  0.00   -0.0008180    0.0034936    0.0001984
c     4.3365039    0.1136566    0.5844478  0.00    0.0011172    0.0014107    0.0016703
h     3.9225623    2.0198768   -0.4260477  0.00   -0.0002588    0.0005276   -0.0001282
h     4.3932039    0.7107050   -1.5284889  0.00    0.0013936   -0.0002150   -0.0028028
c     5.5513615    0.7973708    1.2294667  0.00   -0.0006561   -0.0006522    0.0002062
n     4.5953702   -1.2735692    0.1366419  0.00    0.0002487   -0.0022636   -0.0016685
h     3.5602550    0.0984760    1.3911294  0.00   -0.0019062   -0.0001759    0.0027069
h     5.4681518   -1.2897744   -0.4563716  0.00    0.0404806    0.0256910    0.0148372
h     4.8299071   -1.8565597    0.9768663  0.00    0.0004615   -0.0016556    0.0018566
h    -2.1267066    2.9377859    0.0442730  0.00   -0.0001586    0.0002306    0.0000681
h    -1.9611618    0.6951988   -0.9801049  0.00   -0.0014310   -0.0016103   -0.0005191
h    -0.0901419    4.1523071    0.6784987  0.00    0.0004216    0.0026175    0.0008458
h     2.1066684    3.1501152    0.3058246  0.00    0.0014544    0.0018877    0.0006658
h     2.5239516   -1.3702436   -1.7181630  0.00   -0.0001333   -0.0006062   -0.0002351
o     5.3262302    1.8615628    2.1010700  0.00   -0.0006994    0.0009663    0.0009442
o     6.8709200    0.4331807    0.9206443  0.00    0.0026083   -0.0003802   -0.0005453
h     6.9513204   -0.3459206    0.2763756  0.00   -0.0385971   -0.0259332   -0.0163707
    27
 Energy =       0.2463815872
c    -1.1468126    2.4599707   -0.1874332  0.00   -0.0016444    0.0008586    0.0002462
c    -1.0449551    1.2416229   -0.7959093  0.00   -0.0007458   -0.0029883   -0.0011230
c     0.1870039    0.7253992   -0.9899655  0.00   -0.0009607   -0.0011350   -0.0004780
c    -0.0216041    3.1278092    0.2176839  0.00    0.0019389    0.0023692    0.0008985
c     1.2125499    2.5820075    0.0176916  0.00    0.0006368    0.0030042    0.0011317
c     1.2914381    1.3700116   -0.5988139  0.00    0.0011676   -0.0000714    0.0000828
n     0.5076674   -0.5242956   -1.5881781  0.00   -0.0002237   -0.0019128   -0.0006875
c     2.3666630    0.6240572   -0.9078038  0.00   -0.0005297    0.0020477    0.0001111
c     1.9390155   -0.5134702   -1.4902977  0.00   -0.0008308   -0.0022777   -0.0009741
h    -0.1296114   -1.2507948   -1.9944491  0.00   -0.0024810   -0.0030199   -0.0011742
c     3.8165519    0.9361421   -0.5904325  0.00   -0.0005689    0.0033846    0.0001878
c     4.3011986    0.1281741    0.6355098  0.00    0.0008013    0.0008230    0.0013704
h     3.9396571    2.0265312   -0.4104489  0.00   -0.0002355    0.0004103   -0.0001313
h     4.4495580    0.7041694   -1.4789288  0.00    0.0014735   -0.0002452   -0.0026732
c     5.4983330    0.8066623    1.3193168  0.00   -0.0008141   -0.0005760    0.0004051
n     4.5560764   -1.2685242    0.2171041  0.00    0.0002703   -0.0017590   -0.0012752
h     3.4948944    0.1333935    1.4120714  0.00   -0.0019100   -0.0000975    0.0025412
h     5.4313735   -1.3045892   -0.3698320  0.00    0.0275881    0.0173089    0.0096303
h     4.7788366   -1.8366913    1.0702820  0.00    0.0003879   -0.0012911    0.0015102
h    -2.1269670    2.9003016   -0.0200423  0.00   -0.0002223    0.0001704    0.0000470
h    -1.9278250    0.6952663   -1.1168493  0.00   -0.0015498   -0.0016083   -0.0006231
h    -0.1107984    4.0980904    0.7060950  0.00    0.0004413    0.0024114    0.0008880
h     2.0991734    3.1155145    0.3529641  0.00    0.0015935    0.0018222    0.0007639
h     2.5833835   -1.3335105   -1.8022045  0.00   -0.0000826   -0.0005492   -0.0002058
o     5.2490279    1.8777254    2.1758991  0.00   -0.0006601    0.0010114    0.0009235
o     6.8264609    0.4340204    1.0604859  0.00    0.0031307   -0.0003315   -0.0003995
h     6.9281121   -0.3486099    0.4243064  0.00   -0.0259704   -0.0177591   -0.0109929
    27
 Energy =       0.2453798593
c    -1.1493368    2.4208257   -0.2532054  0.00   -0.0017554    0.0006923    0.0001729
c    -1.0225111    1.2203780   -0.8915912  0.00   -0.0009024   -0.0027326   -0.0011371
c     0.2183039    0.7190475   -1.0688161  0.00   -0.0009513   -0.0010981   -0.0005223
c    -0.0397936    3.0856613    0.1978123  0.00    0.0018401    0.0022851    0.0009757
c     1.2034641    2.5547922    0.0140045  0.00    0.0008022    0.0027316    0.0011389
c     1.3072715    1.3611313   -0.6330143  0.00    0.0012067   -0.0000021    0.0001227
n     0.5643815   -0.5126037   -1.6897536  0.00   -0.0005555   -0.0016983   -0.0006867
c     2.3960345    0.6316984   -0.9329669  0.00   -0.0004072    0.0019506    0.0000942
c     1.9928671   -0.4943450   -1.5534980  0.00   -0.0004932   -0.0021120   -0.0009659
h    -0.0566999   -1.2327118   -2.1308692  0.00   -0.0024289   -0.0029076   -0.0012708
c     3.8332478    0.9453592   -0.5648542  0.00   -0.0003294    0.0029378    0.0001600
c     4.2711669    0.1438015    0.6822410  0.00    0.0002618    0.0002908    0.0009095
h     3.9480724    2.0370361   -0.3861301  0.00   -0.0001783    0.0003527   -0.0000917
h     4.4990443    0.7101020   -1.4279482  0.00    0.0014885   -0.0002877   -0.0025045
c     5.4367651    0.8299334    1.4134307  0.00   -0.0011036   -0.0005811    0.0005348
n     4.5438182   -1.2543051    0.2805105  0.00    0.0000909   -0.0013736   -0.0012643
h     3.4345431    0.1498615    1.4259781  0.00   -0.0019612    0.0000140    0.0024491
h     5.4284261   -1.2924956   -0.2914138  0.00    0.0197080    0.0120423    0.0063791
h     4.7537295   -1.8137529    1.1424379  0.00    0.0003371   -0.0010056    0.0012513
h    -2.1370414    2.8488986   -0.0981969  0.00   -0.0003539    0.0001633    0.0000420
h    -1.8928688    0.6761562   -1.2484454  0.00   -0.0016145   -0.0015535   -0.0006845
h    -0.1488848    4.0411864    0.7103050  0.00    0.0004137    0.0022103    0.0008956
h     2.0777674    3.0845318    0.3860932  0.00    0.0016569    0.0017228    0.0008157
h     2.6514891   -1.3031199   -1.8650816  0.00    0.0000077   -0.0005506   -0.0002014
o     5.1460219    1.9022528    2.2560582  0.00   -0.0007360    0.0016172    0.0013693
o     6.7773922    0.4653268    1.2116755  0.00    0.0041033   -0.0000146    0.0000084
h     6.9117315   -0.3182628    0.5830595  0.00   -0.0181459   -0.0130934   -0.0079904
    27
 Energy =       0.2444931414
c    -1.1432615    2.3993529   -0.3094421  0.00   -0.0018524    0.0005588    0.0000975
c    -0.9917601    1.2242049   -0.9882766  0.00   -0.0009273   -0.0027068   -0.0013134
c     0.2565146    0.7361393   -1.1492504  0.00   -0.0009431   -0.0010271   -0.0005772
c    -0.0503951    3.0524713    0.1967662  0.00    0.0018919    0.0022678    0.0011423
c     1.2006972    2.5350334    0.0279964  0.00    0.0008610    0.0026467    0.0012808
c     1.3290478    1.3670879   -0.6596467  0.00    0.0013117    0.0001035    0.0002084
n     0.6272011   -0.4702926   -1.8045726  0.00   -0.0006331   -0.0016763   -0.0007887
c     2.4300578    0.6549985   -0.9548529  0.00   -0.0001446    0.0021720    0.0003280
c     2.0511542   -0.4502311   -1.6264310  0.00   -0.0004150   -0.0021123   -0.0010900
h     0.0230684   -1.1766061   -2.2896223  0.00   -0.0024735   -0.0030123   -0.0015561
c     3.8533466    0.9631766   -0.5327732  0.00    0.0000062    0.0035092    0.0004943
c     4.2349895    0.1722776    0.7384411  0.00    0.0000212    0.0027605    0.0008279
h     3.9657564    2.0560669   -0.3583378  0.00   -0.0001483    0.0002351   -0.0000124
h     4.5530761    0.7160987   -1.3649603  0.00    0.0015391   -0.0001757   -0.0022819
c     5.4259430    0.8195161    1.4652488  0.00   -0.0033512   -0.0007462   -0.0007055
n     4.4380426   -1.2497824    0.3776060  0.00   -0.0016733   -0.0045696   -0.0001099
h     3.3892244    0.2407497    1.4692442  0.00   -0.0027646   -0.0000138    0.0025887
h     5.3084960   -1.3443986   -0.2093596  0.00    0.0137659    0.0072771    0.0019303
h     4.6388861   -1.7908570    1.2532972  0.00    0.0002600   -0.0008606    0.0011589
h    -2.1375071    2.8162746   -0.1662361  0.00   -0.0003989    0.0001001    0.0000004
h    -1.8487271    0.6891366   -1.3891272  0.00   -0.0017111   -0.0016239   -0.0008604
h    -0.1793026    3.9875600    0.7411952  0.00    0.0003852    0.0020960    0.0009707
h     2.0622342    3.0539684    0.4432304  0.00    0.0016962    0.0016691    0.0009351
h     2.7223672   -1.2448998   -1.9468095  0.00   -0.0000014   -0.0006143   -0.0002343
o     5.1792718    1.9476993    2.2511725  0.00   -0.0026944    0.0049916    0.0034642
o     6.7496981    0.3648115    1.3159126  0.00    0.0073231    0.0001638    0.0006804
h     6.8602820   -0.4631730    0.7374088  0.00   -0.0089291   -0.0114124   -0.0065778
    27
 Energy =       0.2443661443
c    -1.1317415    2.4131670   -0.3022037  0.00   -0.0016031    0.0007252    0.0002456
c    -0.9735165    1.2661187   -1.0262467  0.00   -0.0006122   -0.0026941   -0.0014269
c     0.2755695    0.7817183   -1.1905540  0.00   -0.0008690   -0.0008317   -0.0005175
c    -0.0446626    3.0423453    0.2444802  0.00    0.0017443    0.0021485    0.0012109
c     1.2073106    2.5288253    0.0712663  0.00    0.0005698    0.0026353    0.0013959
c     1.3423954    1.3894146   -0.6615201  0.00    0.0011357    0.0000819    0.0001678
n     0.6525266   -0.3986098   -1.8887764  0.00   -0.0000843   -0.0018702   -0.0009264
c     2.4454884    0.6865344   -0.9700406  0.00    0.0000088    0.0021106    0.0005812
c     2.0735579   -0.3900151   -1.6904060  0.00   -0.0007050   -0.0021384   -0.0012580
h     0.0538006   -1.0831007   -2.4101925  0.00   -0.0022782   -0.0028436   -0.0016245
c     3.8625645    0.9728717   -0.5149566  0.00    0.0001459    0.0025429   -0.0000039
c     4.2157886    0.1439402    0.7399282  0.00   -0.0008250    0.0021402    0.0010060
h     3.9787574    2.0602393   -0.3078312  0.00    0.0000710    0.0006681    0.0000862
h     4.5745437    0.7446085   -1.3409819  0.00    0.0010130   -0.0000667   -0.0016872
c     5.4022396    0.7583582    1.5033608  0.00   -0.0041068    0.0005762    0.0001804
n     4.4030363   -1.2701095    0.3440505  0.00   -0.0015775   -0.0034526   -0.0007664
h     3.3613263    0.2043776    1.4591526  0.00   -0.0017042   -0.0001288    0.0017358
h     5.2706451   -1.3604385   -0.2458951  0.00    0.0077130    0.0043007    0.0002738
h     4.5986753   -1.8347589    1.2061395  0.00    0.0003294   -0.0008505    0.0011870
h    -2.1268025    2.8264922   -0.1551176  0.00   -0.0002492    0.0001172    0.0000371
h    -1.8259327    0.7498642   -1.4595817  0.00   -0.0014743   -0.0015185   -0.0008734
h    -0.1790028    3.9548466    0.8248375  0.00    0.0003143    0.0020886    0.0010898
h     2.0643556    3.0278944    0.5185524  0.00    0.0014547    0.0015573    0.0009447
h     2.7468864   -1.1738406   -2.0325035  0.00    0.0000127   -0.0007297   -0.0003280
o     5.1650489    1.9056333    2.2623578  0.00   -0.0023041    0.0035424    0.0023609
o     6.7144746    0.2548663    1.4181498  0.00    0.0078281   -0.0003408    0.0006015
h     6.8210687   -0.5948591    0.8723532  0.00   -0.0039479   -0.0077693   -0.0036924
    27
 Energy =       0.2445079308
c    -1.1351962    2.4104739   -0.2829197  0.00   -0.0014663    0.0007191    0.0002607
c    -0.9751262    1.2723511   -1.0202132  0.00   -0.0005494   -0.0024940   -0.0013262
c     0.2747195    0.7920528   -1.1906097  0.00   -0.0007930   -0.0007397   -0.0004622
c    -0.0491433    3.0349794    0.2705549  0.00    0.0015640    0.0019940    0.0011260
c     1.2036566    2.5257188    0.0908614  0.00    0.0005101    0.0024431    0.0012996
c     1.3405851    1.3952964   -0.6551073  0.00    0.0010204    0.0000663    0.0001446
n     0.6535517   -0.3792075   -1.9027282  0.00   -0.0000104   -0.0017793   -0.0008842
c     2.4448104    0.6980967   -0.9724515  0.00    0.0000301    0.0019423    0.0005325
c     2.0745759   -0.3704508   -1.7051045  0.00   -0.0006650   -0.0019931   -0.0011814
h     0.0559184   -1.0585418   -2.4316948  0.00   -0.0020824   -0.0026108   -0.0014961
c     3.8616620    0.9818096   -0.5156347  0.00    0.0000762    0.0023239   -0.0000775
c     4.2197013    0.1352108    0.7261027  0.00   -0.0007583    0.0021579    0.0010336
h     3.9750787    2.0664550   -0.2929656  0.00    0.0000714    0.0007238    0.0001056
h     4.5724176    0.7677584   -1.3463452  0.00    0.0009639   -0.0000801   -0.0016159
c     5.4026298    0.7445622    1.4994742  0.00   -0.0041418    0.0006580    0.0002173
n     4.4137005   -1.2710998    0.3068268  0.00   -0.0016287   -0.0034056   -0.0008795
h     3.3654196    0.1800796    1.4464623  0.00   -0.0015989   -0.0001037    0.0016712
h     5.2847971   -1.3482095   -0.2799087  0.00    0.0068674    0.0037934   -0.0000609
h     4.6070609   -1.8495971    1.1603377  0.00    0.0003359   -0.0008733    0.0012553
h    -2.1309098    2.8203394   -0.1306737  0.00   -0.0002373    0.0001265    0.0000457
h    -1.8266965    0.7598368   -1.4591774  0.00   -0.0013362   -0.0013915   -0.0008013
h    -0.1849505    3.9403112    0.8614648  0.00    0.0002730    0.0019526    0.0010253
h     2.0598694    3.0209737    0.5435328  0.00    0.0013154    0.0014281    0.0008673
h     2.7492102   -1.1488693   -2.0568813  0.00    0.0000387   -0.0007133   -0.0003230
o     5.1678748    1.9040404    2.2403818  0.00   -0.0022684    0.0034332    0.0022315
o     6.7093048    0.2227077    1.4443132  0.00    0.0076132   -0.0002333    0.0006714
h     6.8138796   -0.6406943    0.9199242  0.00   -0.0031437   -0.0073446   -0.0033796
    27
 Energy =       0.2446982092
c    -1.1416033    2.4038407   -0.2540909  0.00   -0.0013514    0.0007477    0.0002976
c    -0.9795460    1.2761731   -1.0066370  0.00   -0.0005001   -0.0023216   -0.0012429
c     0.2713881    0.8020261   -1.1861737  0.00   -0.0007228   -0.0006452   -0.0004049
c    -0.0563716    3.0242155    0.3050824  0.00    0.0013686    0.0018741    0.0010601
c     1.1976093    2.5213065    0.1157930  0.00    0.0004628    0.0022803    0.0012221
c     1.3365121    1.4013798   -0.6453156  0.00    0.0009051    0.0000462    0.0001177
n     0.6523187   -0.3583034   -1.9147580  0.00    0.0000802   -0.0017325   -0.0008691
c     2.4422242    0.7120392   -0.9747381  0.00    0.0000592    0.0017904    0.0004760
c     2.0737204   -0.3476663   -1.7206638  0.00   -0.0006214   -0.0018794   -0.0011264
h     0.0556831   -1.0324063   -2.4511414  0.00   -0.0019028   -0.0024021   -0.0013818
c     3.8594686    0.9944726   -0.5188483  0.00   -0.0000370    0.0021703   -0.0001868
c     4.2276905    0.1261343    0.7050739  0.00   -0.0006538    0.0023469    0.0011546
h     3.9684523    2.0755348   -0.2768851  0.00    0.0000675    0.0008466    0.0001412
h     4.5670523    0.7994311   -1.3568789  0.00    0.0009730   -0.0001058   -0.0016311
c     5.4063603    0.7309786    1.4891000  0.00   -0.0043924    0.0008110    0.0002495
n     4.4329912   -1.2691467    0.2550817  0.00   -0.0018511   -0.0036124   -0.0011222
h     3.3747845    0.1489369    1.4280670  0.00   -0.0015818   -0.0000715    0.0017119
h     5.3105847   -1.3278470   -0.3244337  0.00    0.0061898    0.0033361   -0.0005731
h     4.6212229   -1.8660042    1.0972921  0.00    0.0003605   -0.0009823    0.0014769
h    -2.1382360    2.8085900   -0.0942247  0.00   -0.0002452    0.0001508    0.0000624
h    -1.8304092    0.7670039   -1.4504381  0.00   -0.0012067   -0.0012754   -0.0007352
h    -0.1937487    3.9211511    0.9081445  0.00    0.0002239    0.0018534    0.0009831
h     2.0531474    3.0132005    0.5729882  0.00    0.0011836    0.0013112    0.0007975
h     2.7501002   -1.1189570   -2.0847640  0.00    0.0000874   -0.0007289   -0.0003339
o     5.1749891    1.9052186    2.2076093  0.00   -0.0023297    0.0034703    0.0021553
o     6.7054972    0.1874665    1.4705530  0.00    0.0076726   -0.0000834    0.0008178
h     6.8065193   -0.6923850    0.9730274  0.00   -0.0022379   -0.0071949   -0.0031164
    27
 Energy =       0.2450456728
c    -1.1546521    2.3915015   -0.2021854  0.00   -0.0012873    0.0008681    0.0003950
c    -0.9908500    1.2776756   -0.9746388  0.00   -0.0004966   -0.0021803   -0.0011837
c     0.2616393    0.8138225   -1.1702875  0.00   -0.0006587   -0.0005254   -0.0003308
c    -0.0695053    3.0085607    0.3602747  0.00    0.0010885    0.0018271    0.0010346
c     1.1861725    2.5162318    0.1542999  0.00    0.0004580    0.0021555    0.0011743
c     1.3268125    1.4101229   -0.6265089  0.00    0.0007700    0.0000152    0.0000809
n     0.6445305   -0.3314535   -1.9214141  0.00    0.0002034   -0.0017850   -0.0009225
c     2.4344292    0.7331097   -0.9755559  0.00    0.0000962    0.0016701    0.0003589
c     2.0671450   -0.3155768   -1.7373035  0.00   -0.0005374   -0.0018254   -0.0011172
h     0.0483447   -0.9999026   -2.4650131  0.00   -0.0017350   -0.0022198   -0.0012830
c     3.8536971    1.0165622   -0.5267911  0.00   -0.0003888    0.0022871   -0.0004925
c     4.2461157    0.1125365    0.6646851  0.00   -0.0003636    0.0033763    0.0018011
h     3.9543707    2.0911247   -0.2528554  0.00    0.0000365    0.0013161    0.0002687
h     4.5526604    0.8551803   -1.3796169  0.00    0.0012452   -0.0001806   -0.0020496
c     5.4180105    0.7124911    1.4638237  0.00   -0.0055824    0.0013781    0.0002737
n     4.4752031   -1.2614205    0.1606003  0.00   -0.0029342   -0.0050292   -0.0021379
h     3.3976341    0.0936986    1.3938299  0.00   -0.0019657   -0.0000225    0.0022578
h     5.3671150   -1.2862009   -0.4009921  0.00    0.0061015    0.0029797   -0.0020504
h     4.6509939   -1.8910978    0.9823381  0.00    0.0004502   -0.0015792    0.0025042
h    -2.1525763    2.7877882   -0.0290934  0.00   -0.0003214    0.0002215    0.0001057
h    -1.8415483    0.7712896   -1.4215547  0.00   -0.0010843   -0.0011671   -0.0006730
h    -0.2082401    3.8944106    0.9791861  0.00    0.0001435    0.0018282    0.0009892
h     2.0415449    3.0055399    0.6141413  0.00    0.0010590    0.0012038    0.0007345
h     2.7458390   -1.0760228   -2.1200625  0.00    0.0002197   -0.0008396   -0.0003914
o     5.1925026    1.9086976    2.1480263  0.00   -0.0027753    0.0040318    0.0022140
o     6.7039007    0.1362817    1.5024980  0.00    0.0088716    0.0002743    0.0013242
h     6.7971123   -0.7685670    1.0479910  0.00   -0.0006127   -0.0080789   -0.0028847
    27
 Energy =       0.2445392197
c    -1.1413256    2.3821219   -0.2508667  0.00   -0.0012139    0.0007592    0.0003347
c    -0.9721120    1.2687070   -1.0224791  0.00   -0.0005167   -0.0019280   -0.0010535
c     0.2813125    0.8021295   -1.2055082  0.00   -0.0006092   -0.0004796   -0.0003063
c    -0.0605841    2.9960051    0.3232700  0.00    0.0009616    0.0016595    0.0009419
c     1.1960139    2.5009620    0.1297075  0.00    0.0004860    0.0019026    0.0010510
c     1.3418758    1.3955400   -0.6504093  0.00    0.0007016    0.0000197    0.0001050
n     0.6697855   -0.3441321   -1.9520380  0.00    0.0000574   -0.0015631   -0.0008304
c     2.4514850    0.7162159   -0.9871930  0.00   -0.0000441    0.0016583    0.0000968
c     2.0903438   -0.3322946   -1.7515061  0.00   -0.0003953   -0.0016297   -0.0010008
h     0.0778951   -1.0107886   -2.5021605  0.00   -0.0015742   -0.0020024   -0.0011608
c     3.8649883    0.9969444   -0.5203896  0.00   -0.0010288    0.0029071   -0.0010375
c     4.2173051    0.1388046    0.7177400  0.00    0.0003810    0.0056228    0.0030870
h     3.9733349    2.0814654   -0.2874330  0.00   -0.0000936    0.0021029    0.0004014
h     4.5817231    0.7913053   -1.3500384  0.00    0.0018763   -0.0003672   -0.0029228
c     5.3981569    0.7437811    1.4981927  0.00   -0.0067964    0.0022574    0.0003963
n     4.4079084   -1.2687621    0.2885760  0.00   -0.0052579   -0.0082096   -0.0037763
h     3.3605735    0.1817688    1.4384194  0.00   -0.0029981    0.0001461    0.0035186
h     5.2774529   -1.3430699   -0.3045428  0.00    0.0070682    0.0025220   -0.0046568
h     4.6029486   -1.8523955    1.1410912  0.00    0.0006341   -0.0027151    0.0047579
h    -2.1400952    2.7804783   -0.0876090  0.00   -0.0003391    0.0002076    0.0000954
h    -1.8193267    0.7646470   -1.4782570  0.00   -0.0010100   -0.0010523   -0.0006126
h    -0.2036511    3.8813038    0.9416452  0.00    0.0001277    0.0016322    0.0008849
h     2.0484229    2.9869273    0.5985600  0.00    0.0010071    0.0010712    0.0006717
h     2.7711195   -1.0953550   -2.1248381  0.00    0.0002529   -0.0007796   -0.0003277
o     5.1674722    1.9217982    2.2115830  0.00   -0.0030716    0.0042350    0.0020784
o     6.6998080    0.2009486    1.4773748  0.00    0.0100376    0.0008107    0.0019142
h     6.8055703   -0.6786725    0.9769301  0.00    0.0013574   -0.0087877   -0.0026499
    27
 Energy =       0.2438416387
c    -1.1270092    2.3676693   -0.3170937  0.00   -0.0012200    0.0005288    0.0001762
c    -0.9444753    1.2617281   -1.0959570  0.00   -0.0006427   -0.0015930   -0.0009137
c     0.3117070    0.7948132   -1.2587748  0.00   -0.0005625   -0.0004753   -0.0003269
c    -0.0565892    2.9739404    0.2839136  0.00    0.0008805    0.0014710    0.0008714
c     1.2028717    2.4787661    0.1099801  0.00    0.0006206    0.0015600    0.0009146
c     1.3618918    1.3810192   -0.6774577  0.00    0.0007109    0.0000596    0.0001651
n     0.7134970   -0.3452363   -2.0073553  0.00   -0.0003294   -0.0012033   -0.0007023
c     2.4769151    0.7032304   -0.9976439  0.00   -0.0001286    0.0016435   -0.0001421
c     2.1298982   -0.3381593   -1.7773958  0.00   -0.0000832   -0.0013572   -0.0008187
h     0.1315673   -1.0055197   -2.5752175  0.00   -0.0014464   -0.0017824   -0.0010828
c     3.8798797    0.9791470   -0.4984038  0.00   -0.0013960    0.0034909   -0.0012483
c     4.1804493    0.1635327    0.7817008  0.00    0.0011858    0.0064088    0.0034913
h     3.9948658    2.0703668   -0.3003321  0.00   -0.0002684    0.0023401    0.0004065
h     4.6208464    0.7340744   -1.2965649  0.00    0.0023915   -0.0005339   -0.0034251
c     5.3645020    0.7652029    1.5574425  0.00   -0.0072474    0.0019700    0.0003108
n     4.3338850   -1.2693361    0.4225222  0.00   -0.0059118   -0.0096766   -0.0035612
h     3.3110670    0.2643111    1.4824611  0.00   -0.0036419    0.0003783    0.0041357
h     5.1879930   -1.3961889   -0.1838043  0.00    0.0064353    0.0013613   -0.0060039
h     4.5308005   -1.8145159    1.2998444  0.00    0.0007546   -0.0029056    0.0051941
h    -2.1282574    2.7660081   -0.1694399  0.00   -0.0004070    0.0001716    0.0000623
h    -1.7834918    0.7636417   -1.5728594  0.00   -0.0010177   -0.0009433   -0.0005907
h    -0.2103080    3.8530732    0.9080196  0.00    0.0001331    0.0013530    0.0007501
h     2.0475967    2.9578329    0.5995863  0.00    0.0010343    0.0009311    0.0006431
h     2.8168212   -1.0989654   -2.1433614  0.00    0.0002376   -0.0006462   -0.0002349
o     5.1248829    1.9097404    2.3216996  0.00   -0.0035693    0.0052838    0.0024848
o     6.6795270    0.2622941    1.4699987  0.00    0.0099645    0.0027198    0.0032478
h     6.7970677   -0.5760864    0.9023140  0.00    0.0035234   -0.0105550   -0.0038032
    27
 Energy =       0.2429644439
c    -1.1130052    2.3494800   -0.3957664  0.00   -0.0012743    0.0003317    0.0000255
c    -0.9126860    1.2503320   -1.1795112  0.00   -0.0008204   -0.0012717   -0.0007950
c     0.3469533    0.7839749   -1.3164707  0.00   -0.0005064   -0.0004675   -0.0003471
c    -0.0565287    2.9498640    0.2352113  0.00    0.0007661    0.0013299    0.0008318
c     1.2066150    2.4555732    0.0864503  0.00    0.0008056    0.0012351    0.0008021
c     1.3832592    1.3645568   -0.7057602  0.00    0.0007411    0.0001076    0.0002219
n     0.7663332   -0.3499529   -2.0643899  0.00   -0.0007277   -0.0008946   -0.0006145
c     2.5053396    0.6890180   -1.0041964  0.00   -0.0000880    0.0015883   -0.0003335
c     2.1770411   -0.3459003   -1.7999540  0.00    0.0002813   -0.0011266   -0.0006427
h     0.1977397   -1.0050050   -2.6512704  0.00   -0.0013413   -0.0015921   -0.0010348
c     3.8951789    0.9628279   -0.4691910  0.00   -0.0015668    0.0038543   -0.0013496
c     4.1417843    0.1920012    0.8494632  0.00    0.0017842    0.0064824    0.0033989
h     4.0167264    2.0593057   -0.3059157  0.00   -0.0004216    0.0024217    0.0003638
h     4.6606813    0.6795769   -1.2317268  0.00    0.0027925   -0.0007125   -0.0036978
c     5.3289389    0.7870202    1.6228635  0.00   -0.0073197    0.0010085    0.0000929
n     4.2583921   -1.2600562    0.5574216  0.00   -0.0060158   -0.0097076   -0.0028744
h     3.2607742    0.3482967    1.5257136  0.00   -0.0040259    0.0005980    0.0043634
h     5.1084391   -1.4406964   -0.0404784  0.00    0.0054405   -0.0000687   -0.0065319
h     4.4353597   -1.7719007    1.4585975  0.00    0.0008974   -0.0030723    0.0051703
h    -2.1174133    2.7470695   -0.2682288  0.00   -0.0005287    0.0001593    0.0000341
h    -1.7405885    0.7570303   -1.6801793  0.00   -0.0010561   -0.0008482   -0.0005883
h    -0.2244623    3.8234812    0.8629704  0.00    0.0001239    0.0011080    0.0006365
h     2.0407681    2.9293757    0.5989498  0.00    0.0010770    0.0008008    0.0006270
h     2.8725552   -1.1030374   -2.1567464  0.00    0.0002322   -0.0005425   -0.0001789
o     5.0838265    1.8883878    2.4480754  0.00   -0.0041421    0.0067449    0.0034083
o     6.6529255    0.3271228    1.4647018  0.00    0.0096441    0.0043020    0.0045161
h     6.7734543   -0.4613621    0.8271887  0.00    0.0052490   -0.0117680   -0.0055040
    27
 Energy =       0.2419371198
c    -1.1009300    2.3268533   -0.4804185  0.00   -0.0012661    0.0002159   -0.0000620
c    -0.8802620    1.2312408   -1.2633292  0.00   -0.0009488   -0.0009389   -0.0006600
c     0.3829728    0.7664508   -1.3709743  0.00   -0.0004069   -0.0004185   -0.0003282
c    -0.0606855    2.9257219    0.1782333  0.00    0.0005509    0.0011752    0.0007614
c     1.2064170    2.4334503    0.0580527  0.00    0.0009357    0.0009115    0.0006779
c     1.4032311    1.3455890   -0.7330317  0.00    0.0007137    0.0001307    0.0002344
n     0.8223358   -0.3637774   -2.1127530  0.00   -0.0009689   -0.0006540   -0.0005463
c     2.5331121    0.6725624   -1.0057906  0.00    0.0000629    0.0013856   -0.0004749
c     2.2262389   -0.3594396   -1.8132365  0.00    0.0005982   -0.0009096   -0.0004671
h     0.2691480   -1.0170567   -2.7157686  0.00   -0.0011668   -0.0013431   -0.0009311
c     3.9087299    0.9493928   -0.4376102  0.00   -0.0015259    0.0037427   -0.0013481
c     4.1057680    0.2259161    0.9149834  0.00    0.0020112    0.0059747    0.0030021
h     4.0363547    2.0499054   -0.3098761  0.00   -0.0005076    0.0023726    0.0002953
h     4.6958881    0.6301385   -1.1634878  0.00    0.0029105   -0.0008616   -0.0036038
c     5.2980373    0.8132611    1.6834542  0.00   -0.0067382   -0.0002203   -0.0003178
n     4.1874382   -1.2393905    0.6855637  0.00   -0.0063667   -0.0079543   -0.0025771
h     3.2167977    0.4340101    1.5660782  0.00   -0.0040066    0.0007281    0.0041408
h     5.0462814   -1.4706854    0.1182747  0.00    0.0049240   -0.0014965   -0.0065615
h     4.3228415   -1.7210388    1.6105547  0.00    0.0010486   -0.0035792    0.0056457
h    -2.1087020    2.7229249   -0.3758579  0.00   -0.0006501    0.0001752    0.0000216
h    -1.6951675    0.7394479   -1.7861069  0.00   -0.0010215   -0.0007159   -0.0005488
h    -0.2448714    3.7965322    0.8049575  0.00    0.0000807    0.0008851    0.0005281
h     2.0281718    2.9058390    0.5913689  0.00    0.0010337    0.0006428    0.0005699
h     2.9319709   -1.1125864   -2.1580210  0.00    0.0002543   -0.0004689   -0.0001544
o     5.0542539    1.8656811    2.5717227  0.00   -0.0044447    0.0077790    0.0043856
o     6.6250853    0.3955664    1.4556823  0.00    0.0088818    0.0048936    0.0051110
h     6.7379455   -0.3401253    0.7551575  0.00    0.0060127   -0.0114517   -0.0067924
    27
 Energy =       0.2408931464
c    -1.0919206    2.3014356   -0.5640612  0.00   -0.0011493    0.0001851   -0.0000708
c    -0.8504173    1.2054222   -1.3399329  0.00   -0.0009554   -0.0006303   -0.0005153
c     0.4160600    0.7431550   -1.4171576  0.00   -0.0002742   -0.0003338   -0.0002707
c    -0.0686545    2.9037040    0.1172622  0.00    0.0002765    0.0009876    0.0006450
c     1.2021790    2.4144916    0.0267885  0.00    0.0009358    0.0006255    0.0005429
c     1.4196495    1.3256134   -0.7568849  0.00    0.0006140    0.0001128    0.0001919
n     0.8757485   -0.3864659   -2.1472420  0.00   -0.0009702   -0.0004867   -0.0004781
c     2.5572161    0.6552180   -1.0021218  0.00    0.0002442    0.0010343   -0.0005224
c     2.2723167   -0.3782448   -1.8151497  0.00    0.0007692   -0.0007049   -0.0003155
h     0.3385349   -1.0419663   -2.7617297  0.00   -0.0009189   -0.0010382   -0.0007624
c     3.9190234    0.9403293   -0.4066383  0.00   -0.0012255    0.0030929   -0.0011739
c     4.0757052    0.2626576    0.9731986  0.00    0.0018105    0.0048587    0.0023884
h     4.0513899    2.0434086   -0.3124680  0.00   -0.0004882    0.0020961    0.0002212
h     4.7234023    0.5905512   -1.0984339  0.00    0.0026176   -0.0008883   -0.0030312
c     5.2749372    0.8420969    1.7338335  0.00   -0.0054342   -0.0014106   -0.0009452
n     4.1275714   -1.2101230    0.7976541  0.00   -0.0067970   -0.0048483   -0.0027598
h     3.1829839    0.5153434    1.6014874  0.00   -0.0034666    0.0006985    0.0034312
h     5.0041244   -1.4829189    0.2770278  0.00    0.0049972   -0.0025056   -0.0060748
h     4.2084459   -1.6638160    1.7433660  0.00    0.0010368   -0.0040002    0.0063889
h    -2.1028240    2.6953051   -0.4835233  0.00   -0.0007102    0.0002025    0.0000240
h    -1.6516624    0.7113811   -1.8809703  0.00   -0.0008822   -0.0005479   -0.0004604
h    -0.2694760    3.7749322    0.7379447  0.00    0.0000135    0.0006923    0.0004279
h     2.0108918    2.8897558    0.5768409  0.00    0.0008799    0.0004723    0.0004681
h     2.9887808   -1.1277723   -2.1453649  0.00    0.0002882   -0.0004142   -0.0001442
o     5.0393452    1.8421531    2.6829798  0.00   -0.0043009    0.0079623    0.0050633
o     6.5994251    0.4628309    1.4418070  0.00    0.0075187    0.0044961    0.0048462
h     6.6956252   -0.2220940    0.6893095  0.00    0.0055707   -0.0097079   -0.0071143
    27
 Energy =       0.2399558856
c    -1.0867845    2.2701639   -0.6455098  0.00   -0.0008993    0.0002087   -0.0000166
c    -0.8238847    1.1702593   -1.4085053  0.00   -0.0007956   -0.0003652   -0.0003659
c     0.4456461    0.7124174   -1.4547508  0.00   -0.0001263   -0.0002242   -0.0001858
c    -0.0811508    2.8812065    0.0533375  0.00    0.0000050    0.0007444    0.0004803
c     1.1933739    2.3970349   -0.0068723  0.00    0.0007686    0.0003876    0.0003978
c     1.4320511    1.3034871   -0.7772813  0.00    0.0004468    0.0000556    0.0001069
n     0.9261638   -0.4190877   -2.1680739  0.00   -0.0007192   -0.0003689   -0.0003872
c     2.5774362    0.6369134   -0.9939152  0.00    0.0003714    0.0005906   -0.0004644
c     2.3150923   -0.4024142   -1.8064570  0.00    0.0007361   -0.0005030   -0.0002008
h     0.4054651   -1.0809787   -2.7893533  0.00   -0.0006082   -0.0006876   -0.0005403
c     3.9261888    0.9364787   -0.3776284  0.00   -0.0006903    0.0019823   -0.0008388
c     4.0521182    0.3046315    1.0249229  0.00    0.0012273    0.0032904    0.0016316
h     4.0612649    2.0410627   -0.3167553  0.00   -0.0003655    0.0015913    0.0001514
h     4.7439496    0.5608866   -1.0382246  0.00    0.0019483   -0.0007611   -0.0019873
c     5.2606876    0.8764385    1.7734905  0.00   -0.0035271   -0.0024076   -0.0017351
n     4.0785872   -1.1717161    0.8981891  0.00   -0.0066664   -0.0013091   -0.0030207
h     3.1596122    0.5971576    1.6333264  0.00   -0.0024469    0.0005202    0.0023190
h     4.9769366   -1.4779072    0.4357809  0.00    0.0051230   -0.0029011   -0.0048861
h     4.0974484   -1.5964062    1.8604859  0.00    0.0007659   -0.0038390    0.0065900
h    -2.1007171    2.6604077   -0.5896230  0.00   -0.0006584    0.0002163    0.0000345
h    -1.6108549    0.6698327   -1.9638332  0.00   -0.0006334   -0.0003517   -0.0003276
h    -0.2990563    3.7556902    0.6632896  0.00   -0.0000587    0.0005150    0.0003306
h     1.9885200    2.8797610    0.5557050  0.00    0.0006190    0.0002977    0.0003288
h     3.0429743   -1.1480829   -2.1200115  0.00    0.0002983   -0.0003527   -0.0001323
o     5.0405111    1.8178215    2.7837203  0.00   -0.0037041    0.0072068    0.0053102
o     6.5776604    0.5337245    1.4189089  0.00    0.0055781    0.0032528    0.0037066
h     6.6491622   -0.1023988    0.6234594  0.00    0.0040116   -0.0067888   -0.0062985
    27
 Energy =       0.2393334318
c    -1.0873409    2.2308924   -0.7201176  0.00   -0.0004027    0.0002386    0.0000904
c    -0.8043130    1.1216707   -1.4616821  0.00   -0.0003264   -0.0001711   -0.0001955
c     0.4679836    0.6706670   -1.4782051  0.00    0.0000031   -0.0000916   -0.0000806
c    -0.0983073    2.8584186   -0.0132595  0.00   -0.0001561    0.0003652    0.0002334
c     1.1797756    2.3817168   -0.0443885  0.00    0.0003053    0.0002079    0.0002180
c     1.4383875    1.2779945   -0.7930503  0.00    0.0001715   -0.0000399   -0.0000149
n     0.9681276   -0.4668811   -2.1675716  0.00   -0.0001246   -0.0002574   -0.0002147
c     2.5913266    0.6165747   -0.9812275  0.00    0.0002726    0.0000934   -0.0002384
c     2.3500836   -0.4354145   -1.7832915  0.00    0.0003270   -0.0002781   -0.0001477
h     0.4629901   -1.1412926   -2.7875783  0.00   -0.0002153   -0.0002714   -0.0002460
c     3.9296685    0.9389308   -0.3555367  0.00    0.0000548    0.0003833   -0.0003358
c     4.0393794    0.3549339    1.0664920  0.00    0.0001850    0.0011968    0.0007130
h     4.0645925    2.0440630   -0.3301097  0.00   -0.0000988    0.0007638    0.0000777
h     4.7551497    0.5418550   -0.9907192  0.00    0.0007773   -0.0003529   -0.0003942
c     5.2606420    0.9210563    1.7961442  0.00   -0.0008616   -0.0027080   -0.0023644
n     4.0453186   -1.1219282    0.9866170  0.00   -0.0047834    0.0017816   -0.0026800
h     3.1518701    0.6836281    1.6596621  0.00   -0.0008213    0.0001483    0.0007469
h     4.9671332   -1.4539016    0.5945340  0.00    0.0042081   -0.0021154   -0.0025557
h     3.9942634   -1.5141493    1.9601043  0.00    0.0002285   -0.0024409    0.0049406
h    -2.1040789    2.6157640   -0.6881993  0.00   -0.0003526    0.0001617    0.0000462
h    -1.5777103    0.6088329   -2.0238397  0.00   -0.0002159   -0.0001197   -0.0001306
h    -0.3323087    3.7405155    0.5791568  0.00   -0.0000986    0.0003097    0.0002109
h     1.9621932    2.8783144    0.5230542  0.00    0.0002066    0.0001201    0.0001383
h     3.0893713   -1.1774903   -2.0777920  0.00    0.0002066   -0.0002211   -0.0000938
o     5.0649287    1.7925261    2.8698375  0.00   -0.0022972    0.0047174    0.0043439
o     6.5648901    0.6152319    1.3783906  0.00    0.0026415    0.0009229    0.0012022
h     6.6043852    0.0238548    0.5503972  0.00    0.0011667   -0.0023432   -0.0032692
    27
 Energy =       0.2392259347
c    -1.0924494    2.2173526   -0.7292984  0.00   -0.0000266    0.0000244    0.0000103
c    -0.8107347    1.0951011   -1.4509160  0.00    0.0000725   -0.0001636   -0.0001076
c     0.4616387    0.6457998   -1.4635593  0.00   -0.0000565   -0.0000331   -0.0000411
c    -0.1019911    2.8593099   -0.0379265  0.00    0.0001279    0.0000749    0.0000912
c     1.1763130    2.3841802   -0.0648939  0.00   -0.0000661    0.0001506    0.0001005
c     1.4335977    1.2673011   -0.7937148  0.00    0.0000355    0.0000113    0.0000206
n     0.9605537   -0.5031970   -2.1338617  0.00    0.0000907   -0.0000971   -0.0000535
c     2.5865107    0.6047418   -0.9747384  0.00   -0.0000596    0.0001388    0.0001217
c     2.3435839   -0.4621573   -1.7560795  0.00   -0.0001291   -0.0001129   -0.0001125
h     0.4542871   -1.1899001   -2.7390665  0.00   -0.0000911   -0.0001445   -0.0001336
c     3.9277321    0.9409569   -0.3632077  0.00    0.0000714   -0.0000286    0.0000107
c     4.0500568    0.3769707    1.0646946  0.00   -0.0001887   -0.0001126    0.0001043
h     4.0610078    2.0457194   -0.3546097  0.00    0.0000542   -0.0000193   -0.0000040
h     4.7480009    0.5372318   -0.9992271  0.00   -0.0001122    0.0000689    0.0000490
c     5.2779398    0.9484173    1.7789384  0.00    0.0002154   -0.0000768   -0.0000136
n     4.0564043   -1.0992200    1.0027317  0.00    0.0000106    0.0001523    0.0000848
h     3.1677972    0.7143131    1.6588908  0.00    0.0001224   -0.0000601   -0.0000956
h     4.9877355   -1.4343811    0.6450775  0.00   -0.0000657    0.0000676   -0.0000165
h     3.9733743   -1.4768941    1.9761919  0.00    0.0000590    0.0001163   -0.0000991
h    -2.1092535    2.6012169   -0.7010552  0.00    0.0000630   -0.0000202   -0.0000000
h    -1.5851539    0.5708683   -2.0007231  0.00   -0.0000321   -0.0000766   -0.0000679
h    -0.3350118    3.7518313    0.5386105  0.00    0.0000163    0.0000922    0.0000762
h     1.9599356    2.8924800    0.4900360  0.00    0.0000345    0.0000809    0.0000724
h     3.0829299   -1.2078667   -2.0402022  0.00   -0.0000286   -0.0000248   -0.0000233
o     5.0965483    1.7850487    2.8774888  0.00   -0.0000364   -0.0000361   -0.0001183
o     6.5751910    0.6620510    1.3346775  0.00    0.0000220   -0.0003459   -0.0003496
h     6.6018576    0.0791083    0.5035637  0.00   -0.0001027    0.0003740    0.0004944
    27
 Energy =       0.2392248285
c    -1.0921656    2.2198341   -0.7307965  0.00   -0.0000009    0.0000018    0.0000010
c    -0.8112764    1.0960948   -1.4501835  0.00    0.0000005   -0.0000022   -0.0000018
c     0.4609169    0.6460260   -1.4623961  0.00   -0.0000007    0.0000009    0.0000005
c    -0.1011171    2.8624079   -0.0410570  0.00    0.0000003    0.0000019    0.0000014
c     1.1769453    2.3863958   -0.0674157  0.00   -0.0000000    0.0000018    0.0000016
c     1.4334471    1.2681139   -0.7941367  0.00    0.0000001    0.0000002    0.0000003
n     0.9589692   -0.5046328   -2.1302936  0.00    0.0000021   -0.0000032   -0.0000017
c     2.5859528    0.6044135   -0.9740547  0.00    0.0000002    0.0000025    0.0000019
c     2.3421647   -0.4638370   -1.7529673  0.00   -0.0000011   -0.0000017   -0.0000012
h     0.4521196   -1.1921473   -2.7338679  0.00   -0.0000013   -0.0000021   -0.0000017
c     3.9272810    0.9402591   -0.3627189  0.00    0.0000007    0.0000005   -0.0000017
c     4.0503951    0.3735974    1.0640827  0.00   -0.0000005    0.0000147    0.0000012
h     4.0599860    2.0450731   -0.3522550  0.00   -0.0000002    0.0000018   -0.0000002
h     4.7475290    0.5379505   -0.9998792  0.00    0.0000010   -0.0000005   -0.0000013
c     5.2756789    0.9476683    1.7805500  0.00   -0.0000154   -0.0000086   -0.0000143
n     4.0619892   -1.1025981    0.9986939  0.00   -0.0000239   -0.0000141   -0.0000118
h     3.1664056    0.7067581    1.6584290  0.00   -0.0000084    0.0000027    0.0000051
h     4.9961976   -1.4339075    0.6447012  0.00    0.0000257   -0.0000074   -0.0000118
h     3.9751722   -1.4830826    1.9708229  0.00   -0.0000043   -0.0000026    0.0000194
h    -2.1087926    2.6043717   -0.7029828  0.00   -0.0000002    0.0000006    0.0000001
h    -1.5862064    0.5712963   -1.9985684  0.00   -0.0000006   -0.0000010   -0.0000009
h    -0.3334844    3.7561024    0.5337417  0.00   -0.0000002    0.0000022    0.0000013
h     1.9609630    2.8951254    0.4863770  0.00    0.0000008    0.0000004    0.0000007
h     3.0808924   -1.2109129   -2.0351279  0.00    0.0000012   -0.0000029   -0.0000010
o     5.0908950    1.7776593    2.8836732  0.00   -0.0000158    0.0000274    0.0000370
o     6.5741136    0.6695045    1.3342740  0.00    0.0000347   -0.0000077   -0.0000097
h     6.6034301    0.0888499    0.5011769  0.00    0.0000063   -0.0000053   -0.0000125
    27
 Energy =       0.2392248257
c    -1.0921821    2.2197373   -0.7307418  0.00   -0.0000000    0.0000000    0.0000000
c    -0.8112593    1.0960428   -1.4501799  0.00   -0.0000000   -0.0000000   -0.0000000
c     0.4609494    0.6460197   -1.4624224  0.00   -0.0000000    0.0000000    0.0000000
c    -0.1011501    2.8623149   -0.0409846  0.00   -0.0000000    0.0000000    0.0000000
c     1.1769289    2.3863496   -0.0673739  0.00    0.0000000    0.0000000    0.0000000
c     1.4334629    1.2681080   -0.7941407  0.00    0.0000000   -0.0000000   -0.0000000
n     0.9590358   -0.5045881   -2.1303749  0.00    0.0000000   -0.0000000   -0.0000000
c     2.5859882    0.6044511   -0.9740891  0.00    0.0000000    0.0000000    0.0000000
c     2.3422310   -0.4637659   -1.7530524  0.00   -0.0000000   -0.0000000   -0.0000000
h     0.4522056   -1.1920887   -2.7339784  0.00   -0.0000000   -0.0000000    0.0000000
c     3.9273082    0.9403048   -0.3627388  0.00    0.0000000    0.0000000   -0.0000000
c     4.0503898    0.3737166    1.0640928  0.00   -0.0000000    0.0000000   -0.0000000
h     4.0600265    2.0451163   -0.3523231  0.00   -0.0000000    0.0000000   -0.0000000
h     4.7475643    0.5379516   -0.9998584  0.00    0.0000000   -0.0000000   -0.0000000
c     5.2757629    0.9476713    1.7804893  0.00   -0.0000000   -0.0000000   -0.0000000
n     4.0617831   -1.1024723    0.9988080  0.00   -0.0000000   -0.0000000   -0.0000000
h     3.1664681    0.7070292    1.6584354  0.00   -0.0000000    0.0000000    0.0000000
h     4.9958987   -1.4339365    0.6447695  0.00    0.0000000   -0.0000000   -0.0000000
h     3.9750002   -1.4828903    1.9709537  0.00   -0.0000000   -0.0000000    0.0000000
h    -2.1088227    2.6042362   -0.7029021  0.00   -0.0000000    0.0000000    0.0000000
h    -1.5861752    0.5712430   -1.9985813  0.00   -0.0000000   -0.0000000    0.0000000
h    -0.3335441    3.7559744    0.5338536  0.00    0.0000000    0.0000000    0.0000000
h     1.9609342    2.8950837    0.4864304  0.00    0.0000000    0.0000000   -0.0000000
h     3.0809820   -1.2107981   -2.0352566  0.00    0.0000000   -0.0000000    0.0000000
o     5.0911328    1.7778117    2.8834913  0.00   -0.0000000    0.0000000    0.0000000
o     6.5741320    0.6692676    1.3342518  0.00    0.0000000    0.0000000    0.0000000
h     6.6033504    0.0884942    0.5012442  0.00    0.0000000   -0.0000000   -0.0000000
