$ufftopology
nxtnei12
    1     3
          2     4    11
    2     3
          1     3     7
    3     3
          2     6    12
    4     3
          1     5    10
    5     3
          4     6    13
    6     3
          3     5     9
    7     2
          2     8
    8     1
          7
    9     1
          6
   10     1
          4
   11     1
          1
   12     1
          3
   13     4
          5    14    15    16
   14     4
         13    17    21    22
   15     1
         13
   16     1
         13
   17     3
         14    18    19
   18     1
         17
   19     2
         17    20
   20     1
         19
   21     3
         14    23    24
   22     1
         14
   23     1
         21
   24     1
         21
nxtnei13
    1     4
          3     7     5    10
    2     5
          4    11     6    12     8
    3     4
          1     7     5     9
    4     4
          2    11     6    13
    5     7
          1    10     3     9    14    15    16
    6     4
          2    12     4    13
    7     2
          1     3
    8     1
          2
    9     2
          3     5
   10     2
          1     5
   11     2
          2     4
   12     2
          2     6
   13     5
          4     6    17    21    22
   14     7
          5    15    16    18    19    23    24
   15     3
          5    14    16
   16     3
          5    14    15
   17     4
         13    21    22    20
   18     2
         14    19
   19     2
         14    18
   20     1
         17
   21     3
         13    17    22
   22     3
         13    17    21
   23     2
         14    24
   24     2
         14    23
nxtnei14
    1     4
          6    12     8    13
    2     3
          5    10     9
    3     4
          4    11     8    13
    4     6
          3     7     9    14    15    16
    5     6
          2    11    12    17    21    22
    6     6
          1     7    10    14    15    16
    7     4
          4    11     6    12
    8     2
          1     3
    9     4
          2    12     4    13
   10     4
          2    11     6    13
   11     4
          3     7     5    10
   12     4
          1     7     5     9
   13     8
          1    10     3     9    18    19    23    24
   14     3
          4     6    20
   15     5
          4     6    17    21    22
   16     5
          4     6    17    21    22
   17     5
          5    15    16    23    24
   18     4
         13    21    22    20
   19     3
         13    21    22
   20     2
         14    18
   21     5
          5    15    16    18    19
   22     7
          5    15    16    18    19    23    24
   23     3
         13    17    22
   24     3
         13    17    22
connectivity (= bond)
                    24
     1     2   2.556610   2.000000
     1     4   2.565769   2.000000
     1    11   2.050046   1.000000
     2     3   2.556467   2.000000
     2     7   2.628688   1.000000
     3     6   2.565438   2.000000
     3    12   2.050612   1.000000
     4     5   2.574563   2.000000
     4    10   2.055364   1.000000
     5     6   2.575291   2.000000
     5    13   2.863946   1.000000
     6     9   2.055755   1.000000
     7     8   1.915845   1.000000
    13    14   2.911923   1.000000
    13    15   2.102830   1.000000
    13    16   2.102672   1.000000
    14    17   2.901416   1.000000
    14    21   2.787691   1.000000
    14    22   2.104425   1.000000
    17    18   2.627493   1.000000
    17    19   2.637717   1.000000
    19    20   1.906933   1.000000
    21    23   1.980521   1.000000
    21    24   1.983380   1.000000
angle
                    38
     1     2     3     2     120.03       1.00       4.00
     1     2     7     2     119.95       1.00       5.00
     1     4     5     2     120.20       2.00       8.00
     1     4    10     2     119.72       2.00       9.00
     2     1     4     2     120.14       1.00       2.00
     2     1    11     2     119.12       1.00       3.00
     2     3     6     2     120.16       4.00       6.00
     2     3    12     2     119.33       4.00       7.00
     2     7     8     9     110.78       5.00      13.00
     3     2     7     2     120.02       4.00       5.00
     3     6     5     2     120.18       6.00      10.00
     3     6     9     2     119.31       6.00      12.00
     4     1    11     2     120.73       2.00       3.00
     4     5     6     2     119.28       8.00      10.00
     4     5    13     2     120.25       8.00      11.00
     5     4    10     2     120.08       8.00       9.00
     5     6     9     2     120.50      10.00      12.00
     5    13    14     9     113.03      11.00      14.00
     5    13    15     9     109.75      11.00      15.00
     5    13    16     9     109.86      11.00      16.00
     6     3    12     2     120.50       6.00       7.00
     6     5    13     2     120.45      10.00      11.00
    13    14    17     9     112.09      14.00      17.00
    13    14    21     9     109.42      14.00      18.00
    13    14    22     9     107.01      14.00      19.00
    14    13    15     9     109.65      14.00      15.00
    14    13    16     9     108.47      14.00      16.00
    14    17    18     2     120.34      17.00      20.00
    14    17    19     2     121.05      17.00      21.00
    14    21    23     9     108.61      18.00      23.00
    14    21    24     9     109.73      18.00      24.00
    15    13    16     9     105.82      15.00      16.00
    17    14    21     9     113.83      17.00      18.00
    17    14    22     9     106.40      17.00      19.00
    17    19    20     9     112.09      21.00      22.00
    18    17    19     2     118.51      20.00      21.00
    21    14    22     9     107.73      18.00      19.00
    23    21    24     9     105.28      23.00      24.00
torsion
                    55
     4     1     2     3     1     3 359.36010029 120.14329906 120.02670706
     4     1     2     7     1     3 179.85452438 120.14329906 119.94674358
    11     1     2     3     1     3 178.69451325 119.11940332 120.02670706
    11     1     2     7     1     3 359.18893733 119.11940332 119.94674358
     2     1     4     5     2     3 359.83556161 120.14329906 120.19860574
     2     1     4    10     2     3 178.89383541 120.14329906 119.71734922
    11     1     4     5     2     3 180.51203443 120.73389975 120.19860574
    11     1     4    10     2     3 359.57030822 120.73389975 119.71734922
     1     2     3     6     4     3   0.77236312 120.02670706 120.16090674
     1     2     3    12     4     3 181.34571562 120.02670706 119.33326416
     7     2     3     6     4     3 180.27755071 120.02470093 120.16090674
     7     2     3    12     4     3   0.85090320 120.02470093 119.33326416
     1     2     7     8     5     3 271.71260372 119.94674358 110.78499952
     3     2     7     8     5     3  92.20701780 120.02470093 110.78499952
     2     3     6     5     6     3 359.89922317 120.16090674 120.18199341
     2     3     6     9     6     3 180.74507636 120.16090674 119.30933049
    12     3     6     5     6     3 179.31909265 120.50331941 120.18199341
    12     3     6     9     6     3   0.16494584 120.50331941 119.30933049
     1     4     5     6     8     3   0.82727992 120.19860574 119.28011041
     1     4     5    13     8     3 179.45896034 120.19860574 120.25331862
    10     4     5     6     8     3 181.77241452 120.07733185 119.28011041
    10     4     5    13     8     3   0.40409494 120.07733185 120.25331862
     4     5     6     3    10     3 359.30479185 119.28011041 120.18199341
     4     5     6     9    10     3 178.44873891 119.28011041 120.50321377
    13     5     6     3    10     3 180.67589739 120.45229017 120.18199341
    13     5     6     9    10     3 359.81984444 120.45229017 120.50321377
     4     5    13    14    11    22 270.05400032 120.25331862 113.03384257
     4     5    13    15    11    22 147.31341505 120.25331862 109.75064887
     4     5    13    16    11    22  31.36435264 120.25331862 109.85865363
     6     5    13    14    11    22  88.66950698 120.45229017 113.03384257
     6     5    13    15    11    22 325.92892171 120.45229017 109.75064887
     6     5    13    16    11    22 209.97985929 120.45229017 109.85865363
     5    13    14    17    14     1 296.70601977 113.03384257 112.08961111
     5    13    14    21    14     1  63.96726270 113.03384257 109.42288399
     5    13    14    22    14     1 180.42624098 113.03384257 107.00959123
    15    13    14    17    14     1  59.50455212 109.64646354 112.08961111
    15    13    14    21    14     1 186.76579506 109.64646354 109.42288399
    15    13    14    22    14     1 303.22477333 109.64646354 107.00959123
    16    13    14    17    14     1 174.61677315 108.47471835 112.08961111
    16    13    14    21    14     1 301.87801608 108.47471835 109.42288399
    16    13    14    22    14     1  58.33699436 108.47471835 107.00959123
    13    14    17    18    17    22  99.35945139 112.08961111 120.34136871
    13    14    17    19    17    22 282.87585272 112.08961111 121.05495820
    21    14    17    18    17    22 334.49870340 113.83024704 120.34136871
    21    14    17    19    17    22 158.01510473 113.83024704 121.05495820
    22    14    17    18    17    22 216.00817780 106.39755231 120.34136871
    22    14    17    19    17    22  39.52457913 106.39755231 121.05495820
    13    14    21    23    18     1 166.17475759 109.42288399 108.60838288
    13    14    21    24    18     1 280.76829210 109.42288399 109.72809600
    17    14    21    23    18     1 292.44906281 113.83024704 108.60838288
    17    14    21    24    18     1  47.04259732 113.83024704 109.72809600
    22    14    21    23    18     1  50.17349864 107.73055541 108.60838288
    22    14    21    24    18     1 164.76703314 107.73055541 109.72809600
    14    17    19    20    21     3 356.17126155 121.05495820 112.09274050
    18    17    19    20    21     3 179.62484284 118.51287202 112.09274050
inversion
                     8
     1     2     4    11    11    11    11    0.581    0.576    0.585
     2     1     3     7    10    11    11   -0.428   -0.428   -0.428
     3     2     6    12    11    11    11   -0.500   -0.496   -0.502
     4     1     5    10    11    11    11    0.818    0.814    0.817
     5     4     6    13    11    11    11    1.182    1.193    1.196
     6     3     5     9    11    11    11   -0.738   -0.731   -0.740
    17    14    18    19    10    10    11   -3.012   -3.034   -2.958
    21    14    23    24     9     9     9   58.861   59.513   57.235
nonbond
                   214
    1     6    5.125
    1     8    5.376
    1     9    7.180
    1    12    6.280
    1    13    7.084
    1    14    8.595
    1    15    8.462
    1    16    7.534
    1    17    9.488
    1    18    9.106
    1    19   11.483
    1    20   12.122
    1    21    8.190
    1    22   10.494
    1    23   10.002
    1    24    7.047
    2     5    5.145
    2     9    6.293
    2    10    6.298
    2    13    8.008
    2    14    9.519
    2    15    8.948
    2    16    8.948
    2    17    9.711
    2    18    9.068
    2    19   11.366
    2    20   12.197
    2    21    9.613
    2    22   11.496
    2    23   11.359
    2    24    8.343
    3     4    5.124
    3     8    5.428
    3    10    7.179
    3    11    6.277
    3    13    7.087
    3    14    8.581
    3    15    7.552
    3    16    8.479
    3    17    8.268
    3    18    7.830
    3    19    9.487
    3    20   10.341
    3    21    9.360
    3    22   10.479
    3    23   11.050
    3    24    8.302
    4     7    6.842
    4     8    7.683
    4     9    6.319
    4    12    7.175
    4    14    6.341
    4    15    6.325
    4    16    5.011
    4    17    7.743
    4    18    7.937
    4    19    9.771
    4    20   10.166
    4    21    6.087
    4    22    8.106
    4    23    8.018
    4    24    5.404
    5     7    7.773
    5     8    8.637
    5    11    6.324
    5    12    6.322
    5    17    5.836
    5    18    6.506
    5    19    7.497
    5    20    7.829
    5    21    5.690
    5    22    6.573
    5    23    7.584
    5    24    5.363
    6     7    6.843
    6     8    7.718
    6    10    6.313
    6    11    7.175
    6    14    6.326
    6    15    5.038
    6    16    6.348
    6    17    6.186
    6    18    6.431
    6    19    7.316
    6    20    7.952
    6    21    7.596
    6    22    8.089
    6    23    9.299
    6    24    6.970
    7     9    8.485
    7    10    8.491
    7    11    4.891
    7    12    4.901
    7    13   10.637
    7    14   12.063
    7    15   11.527
    7    16   11.526
    7    17   12.067
    7    18   11.098
    7    19   13.675
    7    20   14.627
    7    21   11.982
    7    22   14.074
    7    23   13.641
    7    24   10.534
    8     9    9.297
    8    10    9.253
    8    11    5.580
    8    12    5.677
    8    13   11.458
    8    14   13.221
    8    15   12.178
    8    16   12.172
    8    17   13.395
    8    18   12.669
    8    19   14.866
    8    20   15.661
    8    21   13.280
    8    22   15.148
    8    23   15.039
    8    24   11.984
    9    10    8.026
    9    11    9.230
    9    12    4.613
    9    13    5.118
    9    14    6.432
    9    15    4.687
    9    16    6.994
    9    17    5.676
    9    18    6.259
    9    19    6.071
    9    20    6.677
    9    21    8.296
    9    22    7.911
    9    23    9.791
    9    24    7.929
   10    11    4.632
   10    12    9.229
   10    13    5.095
   10    14    6.443
   10    15    6.945
   10    16    4.621
   10    17    8.438
   10    18    8.835
   10    19   10.601
   10    20   10.806
   10    21    5.595
   10    22    7.926
   10    23    7.452
   10    24    5.263
   11    12    7.951
   11    13    8.737
   11    14   10.115
   11    15   10.254
   11    16    8.859
   11    17   11.200
   11    18   10.679
   11    19   13.338
   11    20   13.975
   11    21    9.257
   11    22   11.959
   11    23   10.968
   11    24    8.051
   12    13    8.737
   12    14   10.090
   12    15    8.883
   12    16   10.275
   12    17    9.298
   12    18    8.670
   12    19   10.134
   12    20   11.107
   12    21   11.067
   12    22   11.931
   12    23   12.641
   12    24    9.966
   13    18    6.539
   13    19    6.194
   13    20    5.955
   13    23    6.351
   13    24    5.357
   14    20    4.907
   15    17    5.285
   15    18    7.353
   15    19    5.716
   15    20    5.066
   15    21    6.468
   15    22    4.641
   15    23    7.937
   15    24    7.248
   16    17    6.609
   16    18    8.335
   16    19    7.987
   16    20    7.457
   16    21    5.064
   16    22    4.626
   16    23    6.738
   16    24    6.099
   17    23    5.277
   17    24    5.021
   18    20    6.153
   18    21    5.466
   18    22    6.315
   18    23    5.812
   18    24    4.766
   19    21    7.165
   19    22    5.072
   19    23    7.488
   19    24    7.643
   20    21    7.520
   20    22    4.486
   20    23    7.887
   20    24    8.403
   22    23    4.383
   22    24    5.614
qpartial
                    24
        -0.05819    0.24549   -0.08267   -0.10332    0.04155   -0.12087
        -0.68505    0.35005    0.13194    0.20015    0.15483    0.14314
        -0.21268   -0.05488    0.12450    0.13428    0.58566   -0.40826
        -0.64358    0.30366   -0.66435    0.08928    0.24184    0.28748
$end
