$hessian
        0.7894881090  -0.0134637554   0.0348154460  -0.3082760810  -0.0367718395
        0.0001779741  -0.2299265096   0.0601369732  -0.0744237829   0.0111354321
       -0.0068985667   0.0003959369   0.0054760804  -0.0020375450   0.0040888920
       -0.0091887476   0.0154598319  -0.0079665722  -0.1938211223   0.0178469202
        0.0002547199  -0.0918674449  -0.0136396027   0.0366942547   0.0068729325
        0.0214235208   0.0222712269   0.0111506316  -0.0249692917  -0.0231290722
       -0.0102201101  -0.0164545993   0.0032788666   0.0190200829  -0.0001274870
        0.0043143334   0.0001567470  -0.0005045588  -0.0007722231
       -0.0134637554   0.8687119930   0.0663573295  -0.0517916100  -0.2313153005
        0.0398147296   0.0719672813  -0.2003046977   0.0352266883   0.0002375007
        0.0000398799   0.0000456659   0.0167726477  -0.0059572260   0.0120174967
       -0.0100332334   0.0168452939  -0.0088650767   0.0135897567  -0.3426710912
       -0.1584480356  -0.0110686362  -0.1196428406   0.0398352964  -0.0034116122
       -0.0090178361  -0.0081435622   0.0037384217  -0.0078312003  -0.0060465756
        0.0183935447   0.0299547100  -0.0056434559  -0.0344713957   0.0003248657
       -0.0076569511  -0.0004589098   0.0008634499   0.0015064508
        0.0348154460   0.0663573295   0.7490877137  -0.0115221062   0.0335172277
       -0.1420700099  -0.0593119288   0.0182291824  -0.1519776668  -0.0234292255
        0.0148184900  -0.0007726095   0.0155292418  -0.0053176063   0.0107730514
        0.0033565048  -0.0057046681   0.0026399046  -0.0016870106  -0.1877034761
       -0.2439185883   0.0356187227   0.0520867792  -0.2762452396   0.0056262228
        0.0150313849   0.0137175490  -0.0052488830   0.0109162774   0.0082397768
       -0.0188663276  -0.0171852970   0.0160274774   0.0258126353   0.0034588093
        0.0121348419  -0.0006932918   0.0014955671   0.0023637993
       -0.3082760810  -0.0517916100  -0.0115221062   0.8820847196   0.0552653813
        0.1879418652  -0.0113085145  -0.0128464885   0.0033209200  -0.0032132397
        0.0007037290  -0.0029366884  -0.0057270488   0.0029674481   0.0001051561
       -0.0005684176  -0.0001127182  -0.0001458759   0.0210435122   0.0044814450
       -0.0059155980   0.0025091454  -0.0002822512   0.0003974244   0.0014179569
       -0.0027239578  -0.0005191611  -0.0001921832  -0.0009574449  -0.0001791804
       -0.3626441002   0.0560030636  -0.1441401381  -0.2246289735  -0.0124301555
       -0.0518298523   0.0095032243  -0.0382764408   0.0254232345
       -0.0367718395  -0.2313153005   0.0335172277   0.0552653813   0.7811442133
       -0.3349384574   0.0206531923   0.0234185955  -0.0061357136   0.0006063833
        0.0008566269   0.0004286021   0.0030537397  -0.0001493872  -0.0001008459
       -0.0001031274   0.0002890499   0.0000857834  -0.0397498825  -0.0084238923
        0.0111102015  -0.0039032904   0.0009247683  -0.0005082100  -0.0028223064
       -0.0118924398  -0.0023113979  -0.0009764090  -0.0004374288  -0.0003359072
        0.0726359886  -0.1861448963   0.1154212110  -0.0676993677  -0.3682248243
        0.1816800982  -0.0001884624  -0.0000450846   0.0020874081
        0.0001779741   0.0398147296  -0.1420700099   0.1879418652  -0.3349384574
        0.4490284282  -0.0092303482  -0.0121681988  -0.0000219589  -0.0030947891
        0.0002204124  -0.0010550395   0.0002453038   0.0000837030   0.0009288817
       -0.0001302992   0.0001062950   0.0005047827  -0.0338202323  -0.0056043679
        0.0070298391   0.0283447976   0.0156144299   0.0087493471  -0.0003666882
       -0.0023065742   0.0013970168  -0.0001497798  -0.0003349771   0.0006485874
       -0.1541117231   0.1093913761  -0.1640944245  -0.0177459719   0.1993254570
       -0.1707161755   0.0019398912  -0.0092038276   0.0096707254
       -0.2299265096   0.0719672813  -0.0593119288  -0.0113085145   0.0206531923
       -0.0092303482   0.6162817140   0.0053265428   0.0105960802  -0.0751206081
        0.0005748179   0.0354040353  -0.0669698967   0.0113834728  -0.0031171936
       -0.2423808109  -0.0940852849   0.0182857390   0.0108386560  -0.0036864284
        0.0062467856   0.0117647044  -0.0069609074   0.0005862365   0.0000304348
       -0.0003948804  -0.0000809197  -0.0001964787   0.0007846865   0.0001306556
       -0.0007632121   0.0002027272  -0.0004570455  -0.0128483022  -0.0061270033
        0.0009698002   0.0005988237   0.0003617834  -0.0000218966
        0.0601369732  -0.2003046977   0.0182291824  -0.0128464885   0.0234185955
       -0.0121681988   0.0053265428   0.6258058665   0.0095639450   0.0000649688
       -0.0698053116   0.0444849918   0.0102336398  -0.2380860729  -0.1005191875
       -0.0928781429  -0.1204154256   0.0170844639   0.0339422968  -0.0136118000
        0.0227675552   0.0010908829  -0.0001751363   0.0001609087  -0.0003978193
        0.0002791379  -0.0000809893   0.0008913281  -0.0074501258  -0.0001660561
        0.0002018775   0.0004500068   0.0001608399  -0.0061278426   0.0001260044
        0.0004907503   0.0003617834  -0.0002310413  -0.0000082054
       -0.0744237829   0.0352266883  -0.1519776668   0.0033209200  -0.0061357136
       -0.0000219589   0.0105960802   0.0095639450   0.5859761868   0.0372040597
        0.0438504387  -0.2808919543  -0.0038190450  -0.1005586892  -0.1183973174
        0.0182503649   0.0171617890  -0.0595655854   0.0319460093  -0.0142231211
        0.0236173927  -0.0233890354   0.0146026043  -0.0009924288  -0.0000763633
       -0.0000808452  -0.0002954072  -0.0000346742  -0.0001712866  -0.0002708807
       -0.0004899420   0.0002216136   0.0005212834   0.0009373053   0.0005507820
        0.0026644542  -0.0000218966  -0.0000082054  -0.0003661176
        0.0111354321   0.0002375007  -0.0234292255  -0.0032132397   0.0006063833
       -0.0030947891  -0.0751206081   0.0000649688   0.0372040597   0.0640366177
       -0.0011307048  -0.0344351596   0.0006964296   0.0000852835  -0.0000949986
        0.0033544279  -0.0011899550   0.0238577104  -0.0011623341   0.0008828523
       -0.0002307919   0.0002337305   0.0002337683  -0.0000513018   0.0000439512
        0.0001924152  -0.0000758307   0.0002703199   0.0000379202  -0.0000130986
        0.0001832875  -0.0000958645   0.0002481545  -0.0001539203   0.0002443086
        0.0002629032  -0.0003040942  -0.0001688766  -0.0001476317
       -0.0068985667   0.0000398799   0.0148184900   0.0007037290   0.0008566269
        0.0002204124   0.0005748179  -0.0698053116   0.0438504387  -0.0011307048
        0.0598650288  -0.0487676879   0.0040427550   0.0133504876  -0.0235071750
        0.0014822134  -0.0002601655   0.0117914405   0.0007874222  -0.0029419707
        0.0009397415   0.0002284311   0.0003523746   0.0002876001   0.0001924152
       -0.0001484349   0.0001226884   0.0000379202  -0.0005061441   0.0002688490
       -0.0000958645  -0.0001586699  -0.0000648210   0.0002443086  -0.0007938362
        0.0000888960  -0.0001688766   0.0001501350  -0.0000488725
        0.0003959369   0.0000456659  -0.0007726095  -0.0029366884   0.0004286021
       -0.0010550395   0.0354040353   0.0444849918  -0.2808919543  -0.0344351596
       -0.0487676879   0.2826770283   0.0009152539   0.0026706672  -0.0046936746
        0.0008278770  -0.0002408132   0.0061367956  -0.0003857816   0.0007356485
       -0.0008629852  -0.0000599700   0.0002761857  -0.0001980055  -0.0000758307
        0.0001226884   0.0001145269  -0.0000130986   0.0002688490   0.0001793000
        0.0002481545  -0.0000648210  -0.0000159155   0.0002629032   0.0000888960
       -0.0007807829  -0.0001476317  -0.0000488725   0.0001633161
        0.0054760804   0.0167726477   0.0155292418  -0.0057270488   0.0030537397
        0.0002453038  -0.0669698967   0.0102336398  -0.0038190450   0.0006964296
        0.0040427550   0.0009152539   0.0578650638  -0.0145559626   0.0020432824
        0.0089587666  -0.0197458891  -0.0142133762  -0.0001401108  -0.0003007642
       -0.0002300900  -0.0001658552   0.0005903304  -0.0004864409   0.0000295523
        0.0001115138   0.0000142678   0.0001286165   0.0000365158   0.0000063405
        0.0002670150  -0.0002045350   0.0000841013  -0.0000802369   0.0000211119
       -0.0001780839  -0.0003383758  -0.0000551032   0.0000892444
       -0.0020375450  -0.0059572260  -0.0053176063   0.0029674481  -0.0001493872
        0.0000837030   0.0113834728  -0.2380860729  -0.1005586892   0.0000852835
        0.0133504876   0.0026706672  -0.0145559626   0.2368042437   0.1053303057
        0.0018305638  -0.0040701813  -0.0030710531  -0.0003055391   0.0006051861
        0.0001698397   0.0007227752  -0.0014849662   0.0008178010   0.0001115138
       -0.0001118772  -0.0000259425   0.0000365158  -0.0002398071  -0.0000645947
       -0.0002045350  -0.0000901097  -0.0000382196   0.0000211119  -0.0007489764
       -0.0000056165  -0.0000551032   0.0001786867   0.0000094051
        0.0040888920   0.0120174967   0.0107730514   0.0001051561  -0.0001008459
        0.0009288817  -0.0031171936  -0.1005191875  -0.1183973174  -0.0000949986
       -0.0235071750  -0.0046936746   0.0020432824   0.1053303057   0.1077943438
       -0.0025318284   0.0056436904   0.0043146872  -0.0002378450   0.0001596277
       -0.0002159518  -0.0002713350   0.0011010560  -0.0000122191   0.0000142678
       -0.0000259425   0.0000875634   0.0000063405  -0.0000645947   0.0001209847
        0.0000841013  -0.0000382196  -0.0001673447  -0.0001780839  -0.0000056165
       -0.0007022661   0.0000892444   0.0000094051   0.0001692614
       -0.0091887476  -0.0100332334   0.0033565048  -0.0005684176  -0.0001031274
       -0.0001302992  -0.2423808109  -0.0928781429   0.0182503649   0.0033544279
        0.0014822134   0.0008278770   0.0089587666   0.0018305638  -0.0025318284
        0.2433623710   0.0961577229  -0.0190341850  -0.0021646511   0.0013341535
        0.0003412830  -0.0012715017   0.0005321709  -0.0012306449  -0.0000810318
        0.0001290792   0.0000022702  -0.0004088269   0.0013833952   0.0001281212
        0.0001512633  -0.0000076890   0.0000564035   0.0003212699   0.0002296195
       -0.0000416982  -0.0000841112  -0.0000567258   0.0000058310
        0.0154598319   0.0168452939  -0.0057046681  -0.0001127182   0.0002890499
        0.0001062950  -0.0940852849  -0.1204154256   0.0171617890  -0.0011899550
       -0.0002601655  -0.0002408132  -0.0197458891  -0.0040701813   0.0056436904
        0.0961577229   0.1108712975  -0.0167503775   0.0014335806  -0.0012345464
       -0.0003177371   0.0004050327   0.0000082682   0.0003340089   0.0001290792
       -0.0000023020  -0.0000016811   0.0013833952  -0.0018751795  -0.0002129047
       -0.0000076890  -0.0000799008  -0.0000018740   0.0002296195  -0.0001076374
       -0.0000181118  -0.0000567258   0.0000314290   0.0000023842
       -0.0079665722  -0.0088650767   0.0026399046  -0.0001458759   0.0000857834
        0.0005047827   0.0182857390   0.0170844639  -0.0595655854   0.0238577104
        0.0117914405   0.0061367956  -0.0142133762  -0.0030710531   0.0043146872
       -0.0190341850  -0.0167503775   0.0470061013   0.0005027643  -0.0001050959
       -0.0005447584  -0.0014371322   0.0000621029  -0.0007730145   0.0000022702
       -0.0000016811   0.0000932517   0.0001281212  -0.0002129047   0.0004039512
        0.0000564035  -0.0000018740  -0.0000664092  -0.0000416982  -0.0000181118
       -0.0002040849   0.0000058310   0.0000023842   0.0000543780
       -0.1938211223   0.0135897567  -0.0016870106   0.0210435122  -0.0397498825
       -0.0338202323   0.0108386560   0.0339422968   0.0319460093  -0.0011623341
        0.0007874222  -0.0003857816  -0.0001401108  -0.0003055391  -0.0002378450
       -0.0021646511   0.0014335806   0.0005027643   0.7942050305  -0.0126182701
        0.0456494643   0.0003813489   0.0078853835   0.0018565566  -0.2836489184
        0.1685716375  -0.1444283438  -0.3444500162  -0.1703920434   0.1027147134
       -0.0017451632  -0.0019242589  -0.0020122024   0.0006651582  -0.0018365936
       -0.0001300397  -0.0000013896   0.0006165103   0.0000319474
        0.0178469202  -0.3426710912  -0.1877034761   0.0044814450  -0.0084238923
       -0.0056043679  -0.0036864284  -0.0136118000  -0.0142231211   0.0008828523
       -0.0029419707   0.0007356485  -0.0003007642   0.0006051861   0.0001596277
        0.0013341535  -0.0012345464  -0.0001050959  -0.0126182701   0.7517626649
        0.0753362707   0.0008987646   0.0239100531   0.0055820902   0.1584720052
       -0.2128810163   0.0825281889  -0.1641741824  -0.1929854738   0.0442360255
       -0.0019204193   0.0003081461  -0.0010272614  -0.0018325868  -0.0022791719
        0.0000400007   0.0006165103   0.0004429124   0.0000454701
        0.0002547199  -0.1584480356  -0.2439185883  -0.0059155980   0.0111102015
        0.0070298391   0.0062467856   0.0227675552   0.0236173927  -0.0002307919
        0.0009397415  -0.0008629852  -0.0002300900   0.0001698397  -0.0002159518
        0.0003412830  -0.0003177371  -0.0005447584   0.0456494643   0.0753362707
        0.3765088414  -0.0013746780  -0.0366817252  -0.0085630250  -0.1121257812
        0.0622284527  -0.0980280186   0.0691912146   0.0243984124  -0.0557607678
       -0.0018635550  -0.0013018760  -0.0000685472   0.0000250793  -0.0002465698
        0.0012387652   0.0000319474   0.0000454701  -0.0004321961
       -0.0918674449  -0.0110686362   0.0356187227   0.0025091454  -0.0039032904
        0.0283447976   0.0117647044   0.0010908829  -0.0233890354   0.0002337305
        0.0002284311  -0.0000599700  -0.0001658552   0.0007227752  -0.0002713350
       -0.0012715017   0.0004050327  -0.0014371322   0.0003813489   0.0008987646
       -0.0013746780   0.0809988377   0.0112616367  -0.0377703989  -0.0003915282
        0.0011147972   0.0014047874   0.0001568865  -0.0009398771  -0.0013998077
       -0.0021429161  -0.0001949172   0.0004190743  -0.0001658188   0.0005410361
       -0.0001922181  -0.0000395885  -0.0001566356   0.0001071934
       -0.0136396027  -0.1196428406   0.0520867792  -0.0002822512   0.0009247683
        0.0156144299  -0.0069609074  -0.0001751363   0.0146026043   0.0002337683
        0.0003523746   0.0002761857   0.0005903304  -0.0014849662   0.0011010560
        0.0005321709   0.0000082682   0.0000621029   0.0078853835   0.0239100531
       -0.0366817252   0.0112616367   0.0999952986  -0.0414204665   0.0012647898
       -0.0013250235  -0.0018807779  -0.0010670688  -0.0018889324  -0.0028453938
       -0.0001986629  -0.0005649359  -0.0002478270   0.0005370490  -0.0000937540
       -0.0007661321  -0.0001566356  -0.0000151740   0.0000991644
        0.0366942547   0.0398352964  -0.2762452396   0.0003974244  -0.0005082100
        0.0087493471   0.0005862365   0.0001609087  -0.0009924288  -0.0000513018
        0.0002876001  -0.0001980055  -0.0004864409   0.0008178010  -0.0000122191
       -0.0012306449   0.0003340089  -0.0007730145   0.0018565566   0.0055820902
       -0.0085630250  -0.0377703989  -0.0414204665   0.2820982426   0.0011722493
       -0.0018881346  -0.0011588270  -0.0012026185  -0.0028391554  -0.0024431496
        0.0002740647   0.0000200671  -0.0004036062  -0.0003465746  -0.0004809703
       -0.0001199406   0.0001071934   0.0000991644   0.0000618662
        0.0068729325  -0.0034116122   0.0056262228   0.0014179569  -0.0028223064
       -0.0003666882   0.0000304348  -0.0003978193  -0.0000763633   0.0000439512
        0.0001924152  -0.0000758307   0.0000295523   0.0001115138   0.0000142678
       -0.0000810318   0.0001290792   0.0000022702  -0.2836489184   0.1584720052
       -0.1121257812  -0.0003915282   0.0012647898   0.0011722493   0.2906914063
       -0.1732448963   0.1155433818  -0.0141944804   0.0193553145  -0.0098580569
       -0.0004415517   0.0002737047   0.0001541169  -0.0004235763   0.0002452581
       -0.0000161567   0.0000948528  -0.0001674464   0.0000063683
        0.0214235208  -0.0090178361   0.0150313849  -0.0027239578  -0.0118924398
       -0.0023065742  -0.0003948804   0.0002791379  -0.0000808452   0.0001924152
       -0.0001484349   0.0001226884   0.0001115138  -0.0001118772  -0.0000259425
        0.0001290792  -0.0000023020  -0.0000016811   0.1685716375  -0.2128810163
        0.0622284527   0.0011147972  -0.0013250235  -0.0018881346  -0.1732448963
        0.2135074908  -0.0626677127  -0.0155307457   0.0212569040  -0.0105347809
        0.0002737047  -0.0003056795   0.0001970466   0.0002452581   0.0008936391
       -0.0000896842  -0.0001674464  -0.0002525621   0.0000157826
        0.0222712269  -0.0081435622   0.0137175490  -0.0005191611  -0.0023113979
        0.0013970168  -0.0000809197  -0.0000809893  -0.0002954072  -0.0000758307
        0.0001226884   0.0001145269   0.0000142678  -0.0000259425   0.0000875634
        0.0000022702  -0.0000016811   0.0000932517  -0.1444283438   0.0825281889
       -0.0980280186   0.0014047874  -0.0018807779  -0.0011588270   0.1155433818
       -0.0626677127   0.0804890870   0.0057239927  -0.0076619588   0.0044279648
        0.0001541169   0.0001970466  -0.0005446730  -0.0000161567  -0.0000896842
       -0.0004618519   0.0000063683   0.0000157826   0.0001618179
        0.0111506316   0.0037384217  -0.0052488830  -0.0001921832  -0.0009764090
       -0.0001497798  -0.0001964787   0.0008913281  -0.0000346742   0.0002703199
        0.0000379202  -0.0000130986   0.0001286165   0.0000365158   0.0000063405
       -0.0004088269   0.0013833952   0.0001281212  -0.3444500162  -0.1641741824
        0.0691912146   0.0001568865  -0.0010670688  -0.0012026185  -0.0141944804
       -0.0155307457   0.0057239927   0.3475496863   0.1750803327  -0.0685910911
        0.0002481989   0.0003050803   0.0002005752  -0.0000423483   0.0004166917
       -0.0000099278  -0.0000200058  -0.0001412798  -0.0000001713
       -0.0249692917  -0.0078312003   0.0109162774  -0.0009574449  -0.0004374288
       -0.0003349771   0.0007846865  -0.0074501258  -0.0001712866   0.0000379202
       -0.0005061441   0.0002688490   0.0000365158  -0.0002398071  -0.0000645947
        0.0013833952  -0.0018751795  -0.0002129047  -0.1703920434  -0.1929854738
        0.0243984124  -0.0009398771  -0.0018889324  -0.0028391554   0.0193553145
        0.0212569040  -0.0076619588   0.1750803327   0.1917445572  -0.0244049528
        0.0003050803  -0.0000665497   0.0001222233   0.0004166917   0.0003545407
       -0.0000157241  -0.0001412798  -0.0000751604  -0.0000002080
       -0.0231290722  -0.0060465756   0.0082397768  -0.0001791804  -0.0003359072
        0.0006485874   0.0001306556  -0.0001660561  -0.0002708807  -0.0000130986
        0.0002688490   0.0001793000   0.0000063405  -0.0000645947   0.0001209847
        0.0001281212  -0.0002129047   0.0004039512   0.1027147134   0.0442360255
       -0.0557607678  -0.0013998077  -0.0028453938  -0.0024431496  -0.0098580569
       -0.0105347809   0.0044279648  -0.0685910911  -0.0244049528   0.0448350309
        0.0002005752   0.0001222233  -0.0001720988  -0.0000099278  -0.0000157241
       -0.0003050617  -0.0000001713  -0.0000002080   0.0000963628
       -0.0102201101   0.0183935447  -0.0188663276  -0.3626441002   0.0726359886
       -0.1541117231  -0.0007632121   0.0002018775  -0.0004899420   0.0001832875
       -0.0000958645   0.0002481545   0.0002670150  -0.0002045350   0.0000841013
        0.0001512633  -0.0000076890   0.0000564035  -0.0017451632  -0.0019204193
       -0.0018635550  -0.0021429161  -0.0001986629   0.0002740647  -0.0004415517
        0.0002737047   0.0001541169   0.0002481989   0.0003050803   0.0002005752
        0.3373869594  -0.0887213136   0.1653651296   0.0405060870  -0.0009963175
        0.0079347424  -0.0007857575   0.0003346062   0.0010142596
       -0.0164545993   0.0299547100  -0.0171852970   0.0560030636  -0.1861448963
        0.1093913761   0.0002027272   0.0004500068   0.0002216136  -0.0000958645
       -0.0001586699  -0.0000648210  -0.0002045350  -0.0000901097  -0.0000382196
       -0.0000076890  -0.0000799008  -0.0000018740  -0.0019242589   0.0003081461
       -0.0013018760  -0.0001949172  -0.0005649359   0.0000200671   0.0002737047
       -0.0003056795   0.0001970466   0.0003050803  -0.0000665497   0.0001222233
       -0.0887213136   0.1598711005  -0.1199567939   0.0505613857   0.0072096640
        0.0245210052   0.0002572161  -0.0103828856   0.0040755495
        0.0032788666  -0.0056434559   0.0160274774  -0.1441401381   0.1154212110
       -0.1640944245  -0.0004570455   0.0001608399   0.0005212834   0.0002481545
       -0.0000648210  -0.0000159155   0.0000841013  -0.0000382196  -0.0001673447
        0.0000564035  -0.0000018740  -0.0000664092  -0.0020122024  -0.0010272614
       -0.0000685472   0.0004190743  -0.0002478270  -0.0004036062   0.0001541169
        0.0001970466  -0.0005446730   0.0002005752   0.0001222233  -0.0001720988
        0.1653651296  -0.1199567939   0.1493846573  -0.0240774812   0.0069849311
        0.0063370168   0.0008804452   0.0040940008  -0.0067374158
        0.0190200829  -0.0344713957   0.0258126353  -0.2246289735  -0.0676993677
       -0.0177459719  -0.0128483022  -0.0061278426   0.0009373053  -0.0001539203
        0.0002443086   0.0002629032  -0.0000802369   0.0000211119  -0.0001780839
        0.0003212699   0.0002296195  -0.0000416982   0.0006651582  -0.0018325868
        0.0000250793  -0.0001658188   0.0005370490  -0.0003465746  -0.0004235763
        0.0002452581  -0.0000161567  -0.0000423483   0.0004166917  -0.0000099278
        0.0405060870   0.0505613857  -0.0240774812   0.6126303299   0.1411351124
        0.0868227325  -0.4347997515  -0.0832593440  -0.0714447613
       -0.0001274870   0.0003248657   0.0034588093  -0.0124301555  -0.3682248243
        0.1993254570  -0.0061270033   0.0001260044   0.0005507820   0.0002443086
       -0.0007938362   0.0000888960   0.0000211119  -0.0007489764  -0.0000056165
        0.0002296195  -0.0001076374  -0.0000181118  -0.0018365936  -0.0022791719
       -0.0002465698   0.0005410361  -0.0000937540  -0.0004809703   0.0002452581
        0.0008936391  -0.0000896842   0.0004166917   0.0003545407  -0.0000157241
       -0.0009963175   0.0072096640   0.0069849311   0.1411351124   0.4512986774
       -0.2206400219  -0.1213155814  -0.0879591912   0.0110878232
        0.0043143334  -0.0076569511   0.0121348419  -0.0518298523   0.1816800982
       -0.1707161755   0.0009698002   0.0004907503   0.0026644542   0.0002629032
        0.0000888960  -0.0007807829  -0.0001780839  -0.0000056165  -0.0007022661
       -0.0000416982  -0.0000181118  -0.0002040849  -0.0001300397   0.0000400007
        0.0012387652  -0.0001922181  -0.0007661321  -0.0001199406  -0.0000161567
       -0.0000896842  -0.0004618519  -0.0000099278  -0.0000157241  -0.0003050617
        0.0079347424   0.0245210052   0.0063370168   0.0868227325  -0.2206400219
        0.1918206396  -0.0479065349   0.0223714913  -0.0409055542
        0.0001567470  -0.0004589098  -0.0006932918   0.0095032243  -0.0001884624
        0.0019398912   0.0005988237   0.0003617834  -0.0000218966  -0.0003040942
       -0.0001688766  -0.0001476317  -0.0003383758  -0.0000551032   0.0000892444
       -0.0000841112  -0.0000567258   0.0000058310  -0.0000013896   0.0006165103
        0.0000319474  -0.0000395885  -0.0001566356   0.0001071934   0.0000948528
       -0.0001674464   0.0000063683  -0.0000200058  -0.0001412798  -0.0000001713
       -0.0007857575   0.0002572161   0.0008804452  -0.4347997515  -0.1213155814
       -0.0479065349   0.4260194263   0.1214735111   0.0457086053
       -0.0005045588   0.0008634499   0.0014955671  -0.0382764408  -0.0000450846
       -0.0092038276   0.0003617834  -0.0002310413  -0.0000082054  -0.0001688766
        0.0001501350  -0.0000488725  -0.0000551032   0.0001786867   0.0000094051
       -0.0000567258   0.0000314290   0.0000023842   0.0006165103   0.0004429124
        0.0000454701  -0.0001566356  -0.0000151740   0.0000991644  -0.0001674464
       -0.0002525621   0.0000157826  -0.0001412798  -0.0000751604  -0.0000002080
        0.0003346062  -0.0103828856   0.0040940008  -0.0832593440  -0.0879591912
        0.0223714913   0.1214735111   0.0972944863  -0.0188721522
       -0.0007722231   0.0015064508   0.0023637993   0.0254232345   0.0020874081
        0.0096707254  -0.0000218966  -0.0000082054  -0.0003661176  -0.0001476317
       -0.0000488725   0.0001633161   0.0000892444   0.0000094051   0.0001692614
        0.0000058310   0.0000023842   0.0000543780   0.0000319474   0.0000454701
       -0.0004321961   0.0001071934   0.0000991644   0.0000618662   0.0000063683
        0.0000157826   0.0001618179  -0.0000001713  -0.0000002080   0.0000963628
        0.0010142596   0.0040755495  -0.0067374158  -0.0714447613   0.0110878232
       -0.0409055542   0.0457086053  -0.0188721522   0.0356997564
$hessian (projected)
        0.7894881090  -0.0134637554   0.0348154460  -0.3082760810  -0.0367718395
        0.0001779741  -0.2299265096   0.0601369732  -0.0744237829   0.0111354321
       -0.0068985667   0.0003959369   0.0054760804  -0.0020375450   0.0040888920
       -0.0091887476   0.0154598319  -0.0079665722  -0.1938211223   0.0178469202
        0.0002547199  -0.0918674449  -0.0136396027   0.0366942547   0.0068729325
        0.0214235208   0.0222712269   0.0111506316  -0.0249692917  -0.0231290722
       -0.0102201101  -0.0164545993   0.0032788666   0.0190200829  -0.0001274870
        0.0043143334   0.0001567470  -0.0005045588  -0.0007722231
       -0.0134637554   0.8687119930   0.0663573295  -0.0517916100  -0.2313153005
        0.0398147296   0.0719672813  -0.2003046977   0.0352266883   0.0002375007
        0.0000398799   0.0000456659   0.0167726477  -0.0059572260   0.0120174967
       -0.0100332334   0.0168452939  -0.0088650767   0.0135897567  -0.3426710912
       -0.1584480356  -0.0110686362  -0.1196428406   0.0398352964  -0.0034116122
       -0.0090178361  -0.0081435622   0.0037384217  -0.0078312003  -0.0060465756
        0.0183935447   0.0299547100  -0.0056434559  -0.0344713957   0.0003248657
       -0.0076569511  -0.0004589098   0.0008634499   0.0015064508
        0.0348154460   0.0663573295   0.7490877137  -0.0115221062   0.0335172277
       -0.1420700099  -0.0593119288   0.0182291824  -0.1519776668  -0.0234292255
        0.0148184900  -0.0007726095   0.0155292418  -0.0053176063   0.0107730514
        0.0033565048  -0.0057046681   0.0026399046  -0.0016870106  -0.1877034761
       -0.2439185883   0.0356187227   0.0520867792  -0.2762452396   0.0056262228
        0.0150313849   0.0137175490  -0.0052488830   0.0109162774   0.0082397768
       -0.0188663276  -0.0171852970   0.0160274774   0.0258126353   0.0034588093
        0.0121348419  -0.0006932918   0.0014955671   0.0023637993
       -0.3082760810  -0.0517916100  -0.0115221062   0.8820847196   0.0552653813
        0.1879418652  -0.0113085145  -0.0128464885   0.0033209200  -0.0032132397
        0.0007037290  -0.0029366884  -0.0057270488   0.0029674481   0.0001051561
       -0.0005684176  -0.0001127182  -0.0001458759   0.0210435122   0.0044814450
       -0.0059155980   0.0025091454  -0.0002822512   0.0003974244   0.0014179569
       -0.0027239578  -0.0005191611  -0.0001921832  -0.0009574449  -0.0001791804
       -0.3626441002   0.0560030636  -0.1441401381  -0.2246289735  -0.0124301555
       -0.0518298523   0.0095032243  -0.0382764408   0.0254232345
       -0.0367718395  -0.2313153005   0.0335172277   0.0552653813   0.7811442133
       -0.3349384574   0.0206531923   0.0234185955  -0.0061357136   0.0006063833
        0.0008566269   0.0004286021   0.0030537397  -0.0001493872  -0.0001008459
       -0.0001031274   0.0002890499   0.0000857834  -0.0397498825  -0.0084238923
        0.0111102015  -0.0039032904   0.0009247683  -0.0005082100  -0.0028223064
       -0.0118924398  -0.0023113979  -0.0009764090  -0.0004374288  -0.0003359072
        0.0726359886  -0.1861448963   0.1154212110  -0.0676993677  -0.3682248243
        0.1816800982  -0.0001884624  -0.0000450846   0.0020874081
        0.0001779741   0.0398147296  -0.1420700099   0.1879418652  -0.3349384574
        0.4490284282  -0.0092303482  -0.0121681988  -0.0000219589  -0.0030947891
        0.0002204124  -0.0010550395   0.0002453038   0.0000837030   0.0009288817
       -0.0001302992   0.0001062950   0.0005047827  -0.0338202323  -0.0056043679
        0.0070298391   0.0283447976   0.0156144299   0.0087493471  -0.0003666882
       -0.0023065742   0.0013970168  -0.0001497798  -0.0003349771   0.0006485874
       -0.1541117231   0.1093913761  -0.1640944245  -0.0177459719   0.1993254570
       -0.1707161755   0.0019398912  -0.0092038276   0.0096707254
       -0.2299265096   0.0719672813  -0.0593119288  -0.0113085145   0.0206531923
       -0.0092303482   0.6162817140   0.0053265428   0.0105960802  -0.0751206081
        0.0005748179   0.0354040353  -0.0669698967   0.0113834728  -0.0031171936
       -0.2423808109  -0.0940852849   0.0182857390   0.0108386560  -0.0036864284
        0.0062467856   0.0117647044  -0.0069609074   0.0005862365   0.0000304348
       -0.0003948804  -0.0000809197  -0.0001964787   0.0007846865   0.0001306556
       -0.0007632121   0.0002027272  -0.0004570455  -0.0128483022  -0.0061270033
        0.0009698002   0.0005988237   0.0003617834  -0.0000218966
        0.0601369732  -0.2003046977   0.0182291824  -0.0128464885   0.0234185955
       -0.0121681988   0.0053265428   0.6258058665   0.0095639450   0.0000649688
       -0.0698053116   0.0444849918   0.0102336398  -0.2380860729  -0.1005191875
       -0.0928781429  -0.1204154256   0.0170844639   0.0339422968  -0.0136118000
        0.0227675552   0.0010908829  -0.0001751363   0.0001609087  -0.0003978193
        0.0002791379  -0.0000809893   0.0008913281  -0.0074501258  -0.0001660561
        0.0002018775   0.0004500068   0.0001608399  -0.0061278426   0.0001260044
        0.0004907503   0.0003617834  -0.0002310413  -0.0000082054
       -0.0744237829   0.0352266883  -0.1519776668   0.0033209200  -0.0061357136
       -0.0000219589   0.0105960802   0.0095639450   0.5859761868   0.0372040597
        0.0438504387  -0.2808919543  -0.0038190450  -0.1005586892  -0.1183973174
        0.0182503649   0.0171617890  -0.0595655854   0.0319460093  -0.0142231211
        0.0236173927  -0.0233890354   0.0146026043  -0.0009924288  -0.0000763633
       -0.0000808452  -0.0002954072  -0.0000346742  -0.0001712866  -0.0002708807
       -0.0004899420   0.0002216136   0.0005212834   0.0009373053   0.0005507820
        0.0026644542  -0.0000218966  -0.0000082054  -0.0003661176
        0.0111354321   0.0002375007  -0.0234292255  -0.0032132397   0.0006063833
       -0.0030947891  -0.0751206081   0.0000649688   0.0372040597   0.0640366177
       -0.0011307048  -0.0344351596   0.0006964296   0.0000852835  -0.0000949986
        0.0033544279  -0.0011899550   0.0238577104  -0.0011623341   0.0008828523
       -0.0002307919   0.0002337305   0.0002337683  -0.0000513018   0.0000439512
        0.0001924152  -0.0000758307   0.0002703199   0.0000379202  -0.0000130986
        0.0001832875  -0.0000958645   0.0002481545  -0.0001539203   0.0002443086
        0.0002629032  -0.0003040942  -0.0001688766  -0.0001476317
       -0.0068985667   0.0000398799   0.0148184900   0.0007037290   0.0008566269
        0.0002204124   0.0005748179  -0.0698053116   0.0438504387  -0.0011307048
        0.0598650288  -0.0487676879   0.0040427550   0.0133504876  -0.0235071750
        0.0014822134  -0.0002601655   0.0117914405   0.0007874222  -0.0029419707
        0.0009397415   0.0002284311   0.0003523746   0.0002876001   0.0001924152
       -0.0001484349   0.0001226884   0.0000379202  -0.0005061441   0.0002688490
       -0.0000958645  -0.0001586699  -0.0000648210   0.0002443086  -0.0007938362
        0.0000888960  -0.0001688766   0.0001501350  -0.0000488725
        0.0003959369   0.0000456659  -0.0007726095  -0.0029366884   0.0004286021
       -0.0010550395   0.0354040353   0.0444849918  -0.2808919543  -0.0344351596
       -0.0487676879   0.2826770283   0.0009152539   0.0026706672  -0.0046936746
        0.0008278770  -0.0002408132   0.0061367956  -0.0003857816   0.0007356485
       -0.0008629852  -0.0000599700   0.0002761857  -0.0001980055  -0.0000758307
        0.0001226884   0.0001145269  -0.0000130986   0.0002688490   0.0001793000
        0.0002481545  -0.0000648210  -0.0000159155   0.0002629032   0.0000888960
       -0.0007807829  -0.0001476317  -0.0000488725   0.0001633161
        0.0054760804   0.0167726477   0.0155292418  -0.0057270488   0.0030537397
        0.0002453038  -0.0669698967   0.0102336398  -0.0038190450   0.0006964296
        0.0040427550   0.0009152539   0.0578650638  -0.0145559626   0.0020432824
        0.0089587666  -0.0197458891  -0.0142133762  -0.0001401108  -0.0003007642
       -0.0002300900  -0.0001658552   0.0005903304  -0.0004864409   0.0000295523
        0.0001115138   0.0000142678   0.0001286165   0.0000365158   0.0000063405
        0.0002670150  -0.0002045350   0.0000841013  -0.0000802369   0.0000211119
       -0.0001780839  -0.0003383758  -0.0000551032   0.0000892444
       -0.0020375450  -0.0059572260  -0.0053176063   0.0029674481  -0.0001493872
        0.0000837030   0.0113834728  -0.2380860729  -0.1005586892   0.0000852835
        0.0133504876   0.0026706672  -0.0145559626   0.2368042437   0.1053303057
        0.0018305638  -0.0040701813  -0.0030710531  -0.0003055391   0.0006051861
        0.0001698397   0.0007227752  -0.0014849662   0.0008178010   0.0001115138
       -0.0001118772  -0.0000259425   0.0000365158  -0.0002398071  -0.0000645947
       -0.0002045350  -0.0000901097  -0.0000382196   0.0000211119  -0.0007489764
       -0.0000056165  -0.0000551032   0.0001786867   0.0000094051
        0.0040888920   0.0120174967   0.0107730514   0.0001051561  -0.0001008459
        0.0009288817  -0.0031171936  -0.1005191875  -0.1183973174  -0.0000949986
       -0.0235071750  -0.0046936746   0.0020432824   0.1053303057   0.1077943438
       -0.0025318284   0.0056436904   0.0043146872  -0.0002378450   0.0001596277
       -0.0002159518  -0.0002713350   0.0011010560  -0.0000122191   0.0000142678
       -0.0000259425   0.0000875634   0.0000063405  -0.0000645947   0.0001209847
        0.0000841013  -0.0000382196  -0.0001673447  -0.0001780839  -0.0000056165
       -0.0007022661   0.0000892444   0.0000094051   0.0001692614
       -0.0091887476  -0.0100332334   0.0033565048  -0.0005684176  -0.0001031274
       -0.0001302992  -0.2423808109  -0.0928781429   0.0182503649   0.0033544279
        0.0014822134   0.0008278770   0.0089587666   0.0018305638  -0.0025318284
        0.2433623710   0.0961577229  -0.0190341850  -0.0021646511   0.0013341535
        0.0003412830  -0.0012715017   0.0005321709  -0.0012306449  -0.0000810318
        0.0001290792   0.0000022702  -0.0004088269   0.0013833952   0.0001281212
        0.0001512633  -0.0000076890   0.0000564035   0.0003212699   0.0002296195
       -0.0000416982  -0.0000841112  -0.0000567258   0.0000058310
        0.0154598319   0.0168452939  -0.0057046681  -0.0001127182   0.0002890499
        0.0001062950  -0.0940852849  -0.1204154256   0.0171617890  -0.0011899550
       -0.0002601655  -0.0002408132  -0.0197458891  -0.0040701813   0.0056436904
        0.0961577229   0.1108712975  -0.0167503775   0.0014335806  -0.0012345464
       -0.0003177371   0.0004050327   0.0000082682   0.0003340089   0.0001290792
       -0.0000023020  -0.0000016811   0.0013833952  -0.0018751795  -0.0002129047
       -0.0000076890  -0.0000799008  -0.0000018740   0.0002296195  -0.0001076374
       -0.0000181118  -0.0000567258   0.0000314290   0.0000023842
       -0.0079665722  -0.0088650767   0.0026399046  -0.0001458759   0.0000857834
        0.0005047827   0.0182857390   0.0170844639  -0.0595655854   0.0238577104
        0.0117914405   0.0061367956  -0.0142133762  -0.0030710531   0.0043146872
       -0.0190341850  -0.0167503775   0.0470061013   0.0005027643  -0.0001050959
       -0.0005447584  -0.0014371322   0.0000621029  -0.0007730145   0.0000022702
       -0.0000016811   0.0000932517   0.0001281212  -0.0002129047   0.0004039512
        0.0000564035  -0.0000018740  -0.0000664092  -0.0000416982  -0.0000181118
       -0.0002040849   0.0000058310   0.0000023842   0.0000543780
       -0.1938211223   0.0135897567  -0.0016870106   0.0210435122  -0.0397498825
       -0.0338202323   0.0108386560   0.0339422968   0.0319460093  -0.0011623341
        0.0007874222  -0.0003857816  -0.0001401108  -0.0003055391  -0.0002378450
       -0.0021646511   0.0014335806   0.0005027643   0.7942050305  -0.0126182701
        0.0456494643   0.0003813489   0.0078853835   0.0018565566  -0.2836489184
        0.1685716375  -0.1444283438  -0.3444500162  -0.1703920434   0.1027147134
       -0.0017451632  -0.0019242589  -0.0020122024   0.0006651582  -0.0018365936
       -0.0001300397  -0.0000013896   0.0006165103   0.0000319474
        0.0178469202  -0.3426710912  -0.1877034761   0.0044814450  -0.0084238923
       -0.0056043679  -0.0036864284  -0.0136118000  -0.0142231211   0.0008828523
       -0.0029419707   0.0007356485  -0.0003007642   0.0006051861   0.0001596277
        0.0013341535  -0.0012345464  -0.0001050959  -0.0126182701   0.7517626649
        0.0753362707   0.0008987646   0.0239100531   0.0055820902   0.1584720052
       -0.2128810163   0.0825281889  -0.1641741824  -0.1929854738   0.0442360255
       -0.0019204193   0.0003081461  -0.0010272614  -0.0018325868  -0.0022791719
        0.0000400007   0.0006165103   0.0004429124   0.0000454701
        0.0002547199  -0.1584480356  -0.2439185883  -0.0059155980   0.0111102015
        0.0070298391   0.0062467856   0.0227675552   0.0236173927  -0.0002307919
        0.0009397415  -0.0008629852  -0.0002300900   0.0001698397  -0.0002159518
        0.0003412830  -0.0003177371  -0.0005447584   0.0456494643   0.0753362707
        0.3765088414  -0.0013746780  -0.0366817252  -0.0085630250  -0.1121257812
        0.0622284527  -0.0980280186   0.0691912146   0.0243984124  -0.0557607678
       -0.0018635550  -0.0013018760  -0.0000685472   0.0000250793  -0.0002465698
        0.0012387652   0.0000319474   0.0000454701  -0.0004321961
       -0.0918674449  -0.0110686362   0.0356187227   0.0025091454  -0.0039032904
        0.0283447976   0.0117647044   0.0010908829  -0.0233890354   0.0002337305
        0.0002284311  -0.0000599700  -0.0001658552   0.0007227752  -0.0002713350
       -0.0012715017   0.0004050327  -0.0014371322   0.0003813489   0.0008987646
       -0.0013746780   0.0809988377   0.0112616367  -0.0377703989  -0.0003915282
        0.0011147972   0.0014047874   0.0001568865  -0.0009398771  -0.0013998077
       -0.0021429161  -0.0001949172   0.0004190743  -0.0001658188   0.0005410361
       -0.0001922181  -0.0000395885  -0.0001566356   0.0001071934
       -0.0136396027  -0.1196428406   0.0520867792  -0.0002822512   0.0009247683
        0.0156144299  -0.0069609074  -0.0001751363   0.0146026043   0.0002337683
        0.0003523746   0.0002761857   0.0005903304  -0.0014849662   0.0011010560
        0.0005321709   0.0000082682   0.0000621029   0.0078853835   0.0239100531
       -0.0366817252   0.0112616367   0.0999952986  -0.0414204665   0.0012647898
       -0.0013250235  -0.0018807779  -0.0010670688  -0.0018889324  -0.0028453938
       -0.0001986629  -0.0005649359  -0.0002478270   0.0005370490  -0.0000937540
       -0.0007661321  -0.0001566356  -0.0000151740   0.0000991644
        0.0366942547   0.0398352964  -0.2762452396   0.0003974244  -0.0005082100
        0.0087493471   0.0005862365   0.0001609087  -0.0009924288  -0.0000513018
        0.0002876001  -0.0001980055  -0.0004864409   0.0008178010  -0.0000122191
       -0.0012306449   0.0003340089  -0.0007730145   0.0018565566   0.0055820902
       -0.0085630250  -0.0377703989  -0.0414204665   0.2820982426   0.0011722493
       -0.0018881346  -0.0011588270  -0.0012026185  -0.0028391554  -0.0024431496
        0.0002740647   0.0000200671  -0.0004036062  -0.0003465746  -0.0004809703
       -0.0001199406   0.0001071934   0.0000991644   0.0000618662
        0.0068729325  -0.0034116122   0.0056262228   0.0014179569  -0.0028223064
       -0.0003666882   0.0000304348  -0.0003978193  -0.0000763633   0.0000439512
        0.0001924152  -0.0000758307   0.0000295523   0.0001115138   0.0000142678
       -0.0000810318   0.0001290792   0.0000022702  -0.2836489184   0.1584720052
       -0.1121257812  -0.0003915282   0.0012647898   0.0011722493   0.2906914063
       -0.1732448963   0.1155433818  -0.0141944804   0.0193553145  -0.0098580569
       -0.0004415517   0.0002737047   0.0001541169  -0.0004235763   0.0002452581
       -0.0000161567   0.0000948528  -0.0001674464   0.0000063683
        0.0214235208  -0.0090178361   0.0150313849  -0.0027239578  -0.0118924398
       -0.0023065742  -0.0003948804   0.0002791379  -0.0000808452   0.0001924152
       -0.0001484349   0.0001226884   0.0001115138  -0.0001118772  -0.0000259425
        0.0001290792  -0.0000023020  -0.0000016811   0.1685716375  -0.2128810163
        0.0622284527   0.0011147972  -0.0013250235  -0.0018881346  -0.1732448963
        0.2135074908  -0.0626677127  -0.0155307457   0.0212569040  -0.0105347809
        0.0002737047  -0.0003056795   0.0001970466   0.0002452581   0.0008936391
       -0.0000896842  -0.0001674464  -0.0002525621   0.0000157826
        0.0222712269  -0.0081435622   0.0137175490  -0.0005191611  -0.0023113979
        0.0013970168  -0.0000809197  -0.0000809893  -0.0002954072  -0.0000758307
        0.0001226884   0.0001145269   0.0000142678  -0.0000259425   0.0000875634
        0.0000022702  -0.0000016811   0.0000932517  -0.1444283438   0.0825281889
       -0.0980280186   0.0014047874  -0.0018807779  -0.0011588270   0.1155433818
       -0.0626677127   0.0804890870   0.0057239927  -0.0076619588   0.0044279648
        0.0001541169   0.0001970466  -0.0005446730  -0.0000161567  -0.0000896842
       -0.0004618519   0.0000063683   0.0000157826   0.0001618179
        0.0111506316   0.0037384217  -0.0052488830  -0.0001921832  -0.0009764090
       -0.0001497798  -0.0001964787   0.0008913281  -0.0000346742   0.0002703199
        0.0000379202  -0.0000130986   0.0001286165   0.0000365158   0.0000063405
       -0.0004088269   0.0013833952   0.0001281212  -0.3444500162  -0.1641741824
        0.0691912146   0.0001568865  -0.0010670688  -0.0012026185  -0.0141944804
       -0.0155307457   0.0057239927   0.3475496863   0.1750803327  -0.0685910911
        0.0002481989   0.0003050803   0.0002005752  -0.0000423483   0.0004166917
       -0.0000099278  -0.0000200058  -0.0001412798  -0.0000001713
       -0.0249692917  -0.0078312003   0.0109162774  -0.0009574449  -0.0004374288
       -0.0003349771   0.0007846865  -0.0074501258  -0.0001712866   0.0000379202
       -0.0005061441   0.0002688490   0.0000365158  -0.0002398071  -0.0000645947
        0.0013833952  -0.0018751795  -0.0002129047  -0.1703920434  -0.1929854738
        0.0243984124  -0.0009398771  -0.0018889324  -0.0028391554   0.0193553145
        0.0212569040  -0.0076619588   0.1750803327   0.1917445572  -0.0244049528
        0.0003050803  -0.0000665497   0.0001222233   0.0004166917   0.0003545407
       -0.0000157241  -0.0001412798  -0.0000751604  -0.0000002080
       -0.0231290722  -0.0060465756   0.0082397768  -0.0001791804  -0.0003359072
        0.0006485874   0.0001306556  -0.0001660561  -0.0002708807  -0.0000130986
        0.0002688490   0.0001793000   0.0000063405  -0.0000645947   0.0001209847
        0.0001281212  -0.0002129047   0.0004039512   0.1027147134   0.0442360255
       -0.0557607678  -0.0013998077  -0.0028453938  -0.0024431496  -0.0098580569
       -0.0105347809   0.0044279648  -0.0685910911  -0.0244049528   0.0448350309
        0.0002005752   0.0001222233  -0.0001720988  -0.0000099278  -0.0000157241
       -0.0003050617  -0.0000001713  -0.0000002080   0.0000963628
       -0.0102201101   0.0183935447  -0.0188663276  -0.3626441002   0.0726359886
       -0.1541117231  -0.0007632121   0.0002018775  -0.0004899420   0.0001832875
       -0.0000958645   0.0002481545   0.0002670150  -0.0002045350   0.0000841013
        0.0001512633  -0.0000076890   0.0000564035  -0.0017451632  -0.0019204193
       -0.0018635550  -0.0021429161  -0.0001986629   0.0002740647  -0.0004415517
        0.0002737047   0.0001541169   0.0002481989   0.0003050803   0.0002005752
        0.3373869594  -0.0887213136   0.1653651296   0.0405060870  -0.0009963175
        0.0079347424  -0.0007857575   0.0003346062   0.0010142596
       -0.0164545993   0.0299547100  -0.0171852970   0.0560030636  -0.1861448963
        0.1093913761   0.0002027272   0.0004500068   0.0002216136  -0.0000958645
       -0.0001586699  -0.0000648210  -0.0002045350  -0.0000901097  -0.0000382196
       -0.0000076890  -0.0000799008  -0.0000018740  -0.0019242589   0.0003081461
       -0.0013018760  -0.0001949172  -0.0005649359   0.0000200671   0.0002737047
       -0.0003056795   0.0001970466   0.0003050803  -0.0000665497   0.0001222233
       -0.0887213136   0.1598711005  -0.1199567939   0.0505613857   0.0072096640
        0.0245210052   0.0002572161  -0.0103828856   0.0040755495
        0.0032788666  -0.0056434559   0.0160274774  -0.1441401381   0.1154212110
       -0.1640944245  -0.0004570455   0.0001608399   0.0005212834   0.0002481545
       -0.0000648210  -0.0000159155   0.0000841013  -0.0000382196  -0.0001673447
        0.0000564035  -0.0000018740  -0.0000664092  -0.0020122024  -0.0010272614
       -0.0000685472   0.0004190743  -0.0002478270  -0.0004036062   0.0001541169
        0.0001970466  -0.0005446730   0.0002005752   0.0001222233  -0.0001720988
        0.1653651296  -0.1199567939   0.1493846573  -0.0240774812   0.0069849311
        0.0063370168   0.0008804452   0.0040940008  -0.0067374158
        0.0190200829  -0.0344713957   0.0258126353  -0.2246289735  -0.0676993677
       -0.0177459719  -0.0128483022  -0.0061278426   0.0009373053  -0.0001539203
        0.0002443086   0.0002629032  -0.0000802369   0.0000211119  -0.0001780839
        0.0003212699   0.0002296195  -0.0000416982   0.0006651582  -0.0018325868
        0.0000250793  -0.0001658188   0.0005370490  -0.0003465746  -0.0004235763
        0.0002452581  -0.0000161567  -0.0000423483   0.0004166917  -0.0000099278
        0.0405060870   0.0505613857  -0.0240774812   0.6126303299   0.1411351124
        0.0868227325  -0.4347997515  -0.0832593440  -0.0714447613
       -0.0001274870   0.0003248657   0.0034588093  -0.0124301555  -0.3682248243
        0.1993254570  -0.0061270033   0.0001260044   0.0005507820   0.0002443086
       -0.0007938362   0.0000888960   0.0000211119  -0.0007489764  -0.0000056165
        0.0002296195  -0.0001076374  -0.0000181118  -0.0018365936  -0.0022791719
       -0.0002465698   0.0005410361  -0.0000937540  -0.0004809703   0.0002452581
        0.0008936391  -0.0000896842   0.0004166917   0.0003545407  -0.0000157241
       -0.0009963175   0.0072096640   0.0069849311   0.1411351124   0.4512986774
       -0.2206400219  -0.1213155814  -0.0879591912   0.0110878232
        0.0043143334  -0.0076569511   0.0121348419  -0.0518298523   0.1816800982
       -0.1707161755   0.0009698002   0.0004907503   0.0026644542   0.0002629032
        0.0000888960  -0.0007807829  -0.0001780839  -0.0000056165  -0.0007022661
       -0.0000416982  -0.0000181118  -0.0002040849  -0.0001300397   0.0000400007
        0.0012387652  -0.0001922181  -0.0007661321  -0.0001199406  -0.0000161567
       -0.0000896842  -0.0004618519  -0.0000099278  -0.0000157241  -0.0003050617
        0.0079347424   0.0245210052   0.0063370168   0.0868227325  -0.2206400219
        0.1918206396  -0.0479065349   0.0223714913  -0.0409055542
        0.0001567470  -0.0004589098  -0.0006932918   0.0095032243  -0.0001884624
        0.0019398912   0.0005988237   0.0003617834  -0.0000218966  -0.0003040942
       -0.0001688766  -0.0001476317  -0.0003383758  -0.0000551032   0.0000892444
       -0.0000841112  -0.0000567258   0.0000058310  -0.0000013896   0.0006165103
        0.0000319474  -0.0000395885  -0.0001566356   0.0001071934   0.0000948528
       -0.0001674464   0.0000063683  -0.0000200058  -0.0001412798  -0.0000001713
       -0.0007857575   0.0002572161   0.0008804452  -0.4347997515  -0.1213155814
       -0.0479065349   0.4260194263   0.1214735111   0.0457086053
       -0.0005045588   0.0008634499   0.0014955671  -0.0382764408  -0.0000450846
       -0.0092038276   0.0003617834  -0.0002310413  -0.0000082054  -0.0001688766
        0.0001501350  -0.0000488725  -0.0000551032   0.0001786867   0.0000094051
       -0.0000567258   0.0000314290   0.0000023842   0.0006165103   0.0004429124
        0.0000454701  -0.0001566356  -0.0000151740   0.0000991644  -0.0001674464
       -0.0002525621   0.0000157826  -0.0001412798  -0.0000751604  -0.0000002080
        0.0003346062  -0.0103828856   0.0040940008  -0.0832593440  -0.0879591912
        0.0223714913   0.1214735111   0.0972944863  -0.0188721522
       -0.0007722231   0.0015064508   0.0023637993   0.0254232345   0.0020874081
        0.0096707254  -0.0000218966  -0.0000082054  -0.0003661176  -0.0001476317
       -0.0000488725   0.0001633161   0.0000892444   0.0000094051   0.0001692614
        0.0000058310   0.0000023842   0.0000543780   0.0000319474   0.0000454701
       -0.0004321961   0.0001071934   0.0000991644   0.0000618662   0.0000063683
        0.0000157826   0.0001618179  -0.0000001713  -0.0000002080   0.0000963628
        0.0010142596   0.0040755495  -0.0067374158  -0.0714447613   0.0110878232
       -0.0409055542   0.0457086053  -0.0188721522   0.0356997564
$end
