$ufftopology
nxtnei12
    1     3
          2     4    11
    2     3
          1     3     7
    3     3
          2     6    12
    4     3
          1     5    10
    5     3
          4     6    13
    6     3
          3     5     9
    7     2
          2     8
    8     1
          7
    9     1
          6
   10     1
          4
   11     1
          1
   12     1
          3
   13     4
          5    14    15    16
   14     4
         13    17    21    22
   15     1
         13
   16     1
         13
   17     3
         14    18    19
   18     1
         17
   19     2
         17    20
   20     1
         19
   21     3
         14    23    24
   22     1
         14
   23     1
         21
   24     1
         21
nxtnei13
    1     4
          3     7     5    10
    2     5
          4    11     6    12     8
    3     4
          1     7     5     9
    4     4
          2    11     6    13
    5     7
          1    10     3     9    14    15    16
    6     4
          2    12     4    13
    7     2
          1     3
    8     1
          2
    9     2
          3     5
   10     2
          1     5
   11     2
          2     4
   12     2
          2     6
   13     5
          4     6    17    21    22
   14     7
          5    15    16    18    19    23    24
   15     3
          5    14    16
   16     3
          5    14    15
   17     4
         13    21    22    20
   18     2
         14    19
   19     2
         14    18
   20     1
         17
   21     3
         13    17    22
   22     3
         13    17    21
   23     2
         14    24
   24     2
         14    23
nxtnei14
    1     4
          6    12     8    13
    2     3
          5    10     9
    3     4
          4    11     8    13
    4     6
          3     7     9    14    15    16
    5     6
          2    11    12    17    21    22
    6     6
          1     7    10    14    15    16
    7     4
          4    11     6    12
    8     2
          1     3
    9     4
          2    12     4    13
   10     4
          2    11     6    13
   11     4
          3     7     5    10
   12     4
          1     7     5     9
   13     8
          1    10     3     9    18    19    23    24
   14     3
          4     6    20
   15     5
          4     6    17    21    22
   16     5
          4     6    17    21    22
   17     5
          5    15    16    23    24
   18     4
         13    21    22    20
   19     3
         13    21    22
   20     2
         14    18
   21     5
          5    15    16    18    19
   22     7
          5    15    16    18    19    23    24
   23     3
         13    17    22
   24     3
         13    17    22
connectivity (= bond)
                    24
     1     2   2.569683   2.000000
     1     4   2.565385   2.000000
     1    11   2.050019   1.000000
     2     3   2.555890   2.000000
     2     7   2.642303   1.000000
     3     6   2.564632   2.000000
     3    12   2.049979   1.000000
     4     5   2.573280   2.000000
     4    10   2.055668   1.000000
     5     6   2.573267   2.000000
     5    13   2.864035   1.000000
     6     9   2.055455   1.000000
     7     8   1.916324   1.000000
    13    14   2.911805   1.000000
    13    15   2.102947   1.000000
    13    16   2.102750   1.000000
    14    17   2.901561   1.000000
    14    21   2.787721   1.000000
    14    22   2.104484   1.000000
    17    18   2.627753   1.000000
    17    19   2.637489   1.000000
    19    20   1.906962   1.000000
    21    23   1.980552   1.000000
    21    24   1.983185   1.000000
angle
                    38
     1     2     3     2     119.63       1.00       4.00
     1     2     7     2     121.57       1.00       5.00
     1     4     5     2     120.30       2.00       8.00
     1     4    10     2     119.68       2.00       9.00
     2     1     4     2     120.14       1.00       2.00
     2     1    11     2     120.10       1.00       3.00
     2     3     6     2     120.47       4.00       6.00
     2     3    12     2     118.93       4.00       7.00
     2     7     8     9     114.15       5.00      13.00
     3     2     7     2     118.80       4.00       5.00
     3     6     5     2     120.17       6.00      10.00
     3     6     9     2     119.30       6.00      12.00
     4     1    11     2     119.76       2.00       3.00
     4     5     6     2     119.29       8.00      10.00
     4     5    13     2     120.29       8.00      11.00
     5     4    10     2     120.02       8.00       9.00
     5     6     9     2     120.52      10.00      12.00
     5    13    14     9     112.98      11.00      14.00
     5    13    15     9     109.78      11.00      15.00
     5    13    16     9     109.87      11.00      16.00
     6     3    12     2     120.61       6.00       7.00
     6     5    13     2     120.41      10.00      11.00
    13    14    17     9     112.07      14.00      17.00
    13    14    21     9     109.40      14.00      18.00
    13    14    22     9     107.02      14.00      19.00
    14    13    15     9     109.63      14.00      15.00
    14    13    16     9     108.52      14.00      16.00
    14    17    18     2     120.31      17.00      20.00
    14    17    19     2     121.08      17.00      21.00
    14    21    23     9     108.61      18.00      23.00
    14    21    24     9     109.75      18.00      24.00
    15    13    16     9     105.81      15.00      16.00
    17    14    21     9     113.81      17.00      18.00
    17    14    22     9     106.45      17.00      19.00
    17    19    20     9     112.10      21.00      22.00
    18    17    19     2     118.51      20.00      21.00
    21    14    22     9     107.73      18.00      19.00
    23    21    24     9     105.30      23.00      24.00
torsion
                    55
     4     1     2     3     1     3 359.76832785 120.14090204 119.62529125
     4     1     2     7     1     3 179.77861691 120.14090204 121.57470282
    11     1     2     3     1     3 179.48413878 120.09886690 119.62529125
    11     1     2     7     1     3 359.49442784 120.09886690 121.57470282
     2     1     4     5     2     3 359.72660725 120.14090204 120.30041180
     2     1     4    10     2     3 178.97349027 120.14090204 119.67864329
    11     1     4     5     2     3 180.00982925 119.75962364 120.30041180
    11     1     4    10     2     3 359.25671226 119.75962364 119.67864329
     1     2     3     6     4     3   0.35035108 119.62529125 120.46789676
     1     2     3    12     4     3 180.72397519 119.62529125 118.92592250
     7     2     3     6     4     3 180.34034791 118.80000514 120.46789676
     7     2     3    12     4     3   0.71397202 118.80000514 118.92592250
     1     2     7     8     5     3   1.23243445 121.57470282 114.14702203
     3     2     7     8     5     3 181.24264097 118.80000514 114.14702203
     2     3     6     5     6     3   0.03584588 120.46789676 120.17298648
     2     3     6     9     6     3 180.77711441 120.46789676 119.29857166
    12     3     6     5     6     3 179.65590595 120.60511301 120.17298648
    12     3     6     9     6     3   0.39717448 120.60511301 119.29857166
     1     4     5     6     8     3   0.65475464 120.30041180 119.28900882
     1     4     5    13     8     3 179.32198226 120.30041180 120.28566815
    10     4     5     6     8     3 181.41042552 120.01665692 119.28900882
    10     4     5    13     8     3   0.07765314 120.01665692 120.28566815
     4     5     6     3    10     3 359.46337133 119.28900882 120.17298648
     4     5     6     9    10     3 178.71292292 119.28900882 120.52424506
    13     5     6     3    10     3 180.79786276 120.41178587 120.17298648
    13     5     6     9    10     3   0.04741436 120.41178587 120.52424506
     4     5    13    14    11    22 270.47346648 120.28566815 112.98428222
     4     5    13    15    11    22 147.77672465 120.28566815 109.77573543
     4     5    13    16    11    22  31.81324548 120.28566815 109.87126107
     6     5    13    14    11    22  89.12561810 120.41178587 112.98428222
     6     5    13    15    11    22 326.42887627 120.41178587 109.77573543
     6     5    13    16    11    22 210.46539711 120.41178587 109.87126107
     5    13    14    17    14     1 297.38117331 112.98428222 112.07438245
     5    13    14    21    14     1  64.58773069 112.98428222 109.39981347
     5    13    14    22    14     1 181.03770102 112.98428222 107.01525678
    15    13    14    17    14     1  60.16180579 109.62509913 112.07438245
    15    13    14    21    14     1 187.36836317 109.62509913 109.39981347
    15    13    14    22    14     1 303.81833350 109.62509913 107.01525678
    16    13    14    17    14     1 175.27863294 108.51694859 112.07438245
    16    13    14    21    14     1 302.48519032 108.51694859 109.39981347
    16    13    14    22    14     1  58.93516066 108.51694859 107.01525678
    13    14    17    18    17    22  98.20745144 112.07438245 120.31255897
    13    14    17    19    17    22 281.92689001 112.07438245 121.08050481
    21    14    17    18    17    22 333.40589628 113.81099072 120.31255897
    21    14    17    19    17    22 157.12533484 113.81099072 121.08050481
    22    14    17    18    17    22 214.88903405 106.45429753 120.31255897
    22    14    17    19    17    22  38.60847262 106.45429753 121.08050481
    13    14    21    23    18     1 165.90617789 109.39981347 108.61070960
    13    14    21    24    18     1 280.53064133 109.39981347 109.75134525
    17    14    21    23    18     1 292.12696657 113.81099072 108.61070960
    17    14    21    24    18     1  46.75143001 113.81099072 109.75134525
    22    14    21    23    18     1  49.91046023 107.73041062 108.61070960
    22    14    21    24    18     1 164.53492366 107.73041062 109.75134525
    14    17    19    20    21     3 356.26320181 121.08050481 112.10419646
    18    17    19    20    21     3 179.91699865 118.50534994 112.10419646
inversion
                     8
     1     2     4    11    11    11    11    0.246    0.246    0.245
     2     1     3     7    10    11    11   -0.009   -0.009   -0.009
     3     2     6    12    11    11    11   -0.327   -0.322   -0.327
     4     1     5    10    11    11    11    0.654    0.650    0.652
     5     4     6    13    11    11    11    1.151    1.162    1.164
     6     3     5     9    11    11    11   -0.646   -0.641   -0.649
    17    14    18    19    10    10    11   -3.185   -3.210   -3.129
    21    14    23    24     9     9     9   58.823   59.488   57.205
nonbond
                   214
    1     6    5.127
    1     8    4.792
    1     9    7.182
    1    12    6.280
    1    13    7.085
    1    14    8.587
    1    15    8.467
    1    16    7.538
    1    17    9.455
    1    18    9.026
    1    19   11.466
    1    20   12.127
    1    21    8.192
    1    22   10.492
    1    23   10.004
    1    24    7.045
    2     5    5.154
    2     9    6.296
    2    10    6.310
    2    13    8.018
    2    14    9.521
    2    15    8.959
    2    16    8.961
    2    17    9.686
    2    18    8.994
    2    19   11.353
    2    20   12.204
    2    21    9.633
    2    22   11.500
    2    23   11.379
    2    24    8.366
    3     4    5.121
    3     8    6.132
    3    10    7.177
    3    11    6.292
    3    13    7.084
    3    14    8.581
    3    15    7.548
    3    16    8.475
    3    17    8.250
    3    18    7.778
    3    19    9.480
    3    20   10.346
    3    21    9.380
    3    22   10.473
    3    23   11.071
    3    24    8.335
    4     7    6.888
    4     8    7.346
    4     9    6.316
    4    12    7.171
    4    14    6.333
    4    15    6.328
    4    16    5.016
    4    17    7.713
    4    18    7.866
    4    19    9.760
    4    20   10.174
    4    21    6.085
    4    22    8.106
    4    23    8.016
    4    24    5.397
    5     7    7.796
    5     8    8.782
    5    11    6.312
    5    12    6.320
    5    17    5.821
    5    18    6.459
    5    19    7.499
    5    20    7.846
    5    21    5.699
    5    22    6.572
    5    23    7.593
    5    24    5.378
    6     7    6.841
    6     8    8.286
    6    10    6.310
    6    11    7.177
    6    14    6.329
    6    15    5.032
    6    16    6.343
    6    17    6.180
    6    18    6.399
    6    19    7.322
    6    20    7.966
    6    21    7.618
    6    22    8.085
    6    23    9.322
    6    24    7.006
    7     9    8.469
    7    10    8.548
    7    11    5.004
    7    12    4.849
    7    13   10.660
    7    14   12.079
    7    15   11.540
    7    16   11.562
    7    17   12.039
    7    18   11.020
    7    19   13.646
    7    20   14.622
    7    21   12.030
    7    22   14.091
    7    23   13.689
    7    24   10.586
    8     9   10.072
    8    10    8.666
    8    11    4.413
    8    12    6.740
    8    13   11.606
    8    14   12.988
    8    15   12.699
    8    16   12.254
    8    17   13.216
    8    18   12.148
    8    19   15.032
    8    20   15.980
    8    21   12.573
    8    22   14.998
    8    23   14.207
    8    24   11.076
    9    10    8.023
    9    11    9.232
    9    12    4.614
    9    13    5.115
    9    14    6.444
    9    15    4.674
    9    16    6.986
    9    17    5.695
    9    18    6.265
    9    19    6.097
    9    20    6.700
    9    21    8.326
    9    22    7.908
    9    23    9.824
    9    24    7.977
   10    11    4.601
   10    12    9.226
   10    13    5.093
   10    14    6.433
   10    15    6.947
   10    16    4.625
   10    17    8.408
   10    18    8.770
   10    19   10.590
   10    20   10.815
   10    21    5.582
   10    22    7.928
   10    23    7.439
   10    24    5.237
   11    12    7.970
   11    13    8.717
   11    14   10.088
   11    15   10.242
   11    16    8.837
   11    17   11.155
   11    18   10.594
   11    19   13.311
   11    20   13.967
   11    21    9.234
   11    22   11.938
   11    23   10.947
   11    24    8.025
   12    13    8.736
   12    14   10.096
   12    15    8.878
   12    16   10.270
   12    17    9.293
   12    18    8.640
   12    19   10.135
   12    20   11.116
   12    21   11.097
   12    22   11.928
   12    23   12.675
   12    24   10.013
   13    18    6.519
   13    19    6.210
   13    20    5.982
   13    23    6.349
   13    24    5.360
   14    20    4.908
   15    17    5.294
   15    18    7.344
   15    19    5.747
   15    20    5.109
   15    21    6.467
   15    22    4.633
   15    23    7.934
   15    24    7.255
   16    17    6.611
   16    18    8.316
   16    19    8.007
   16    20    7.491
   16    21    5.056
   16    22    4.635
   16    23    6.729
   16    24    6.091
   17    23    5.282
   17    24    5.017
   18    20    6.153
   18    21    5.474
   18    22    6.325
   18    23    5.842
   18    24    4.763
   19    21    7.160
   19    22    5.066
   19    23    7.477
   19    24    7.639
   20    21    7.513
   20    22    4.474
   20    23    7.868
   20    24    8.400
   22    23    4.380
   22    24    5.614
qpartial
                    24
        -0.10335    0.24999   -0.03173   -0.08774    0.04092   -0.12955
        -0.68786    0.35559    0.12919    0.20316    0.11357    0.16584
        -0.21342   -0.05614    0.12588    0.13625    0.58505   -0.41088
        -0.64299    0.30398   -0.66566    0.09029    0.24238    0.28721
$end
