$coord                                                                          
   -1.27899941033473      3.03182422257573      1.32173627825341      c       
   -0.93783857979872      5.13732295670536     -0.08470684117113      c       
    0.90890403963814      5.21031598987425     -1.84920993426122      c       
    0.22255144850494      0.98166614575673      0.96056970159750      c       
    2.07436870263058      1.02706447779531     -0.83072255558817      c       
    2.41324584734223      3.16685473124998     -2.22701219217403      c       
   -2.47628699447023      7.23412438282595      0.29501969925040      o       
   -4.02209664303501      7.14923026296404     -0.83439509374916      h       
    3.88988753150973      3.26409491781757     -3.65156073062163      h       
   -0.09699590754870     -0.70829176756138      2.09284529158967      h       
   -2.76634643919418      3.00544204567659      2.73368407842874      h       
    1.17599150410701      6.92035551828803     -2.94865551639079      h       
    3.76995094961653     -1.25348514612846     -1.24282642634033      c       
    2.47409968258454     -3.48012420747336     -2.64745465876367      c       
    4.47500545063703     -1.92390947338841      0.62398444338684      h       
    5.48731415832156     -0.70070684320513     -2.32260917098625      h       
    0.46168520596161     -4.75025635362373     -1.01002712073827      c       
    1.20821546805776     -6.58244721767262      0.70761736805933      o       
   -2.01213824375817     -3.86523577512066     -0.88691536846843      o       
   -2.95054253999649     -4.30401732309338     -2.48665368961686      h       
    1.64104253758631     -2.75807486540471     -5.22703722487857      n       
    3.93405522262565     -4.98039563362304     -2.87571800547151      h       
   -0.27816698294553     -3.12242077102231     -5.51278320800338      h       
    1.87986486606275     -0.83037233770498     -5.58606468347945      h       
$end                                                                            
