    24
 Energy =       0.4629835527
c     1.6703672    2.6182922    0.2614132  0.00    0.0451851    0.0677422    0.0349867
c     0.3248649    2.9356558    0.1418766  0.00   -0.0082377    0.1013591    0.0372551
c    -0.5827484    1.9945952   -0.3219261  0.00   -0.0875479    0.0437707   -0.0018976
c     2.1038063    1.3347474   -0.0833024  0.00    0.0670919   -0.0111210    0.0081163
c     1.2047783    0.3610782   -0.5608861  0.00    0.0190619   -0.0951510   -0.0239531
c    -0.1441045    0.7159142   -0.6796715  0.00   -0.0310473   -0.0465427   -0.0214190
o    -0.1504797    4.1703171    0.4675790  0.00   -0.0618040   -0.0483423    0.0204321
h    -0.7850651    4.0755150    1.1967033  0.00    0.0570575   -0.0067019   -0.0491812
h    -0.8895274    0.0262790   -1.0546636  0.00   -0.0076409    0.0028476   -0.0019356
h     3.1621727    1.0964802    0.0165124  0.00    0.0026463    0.0001985   -0.0006115
h     2.3926004    3.3457758    0.6178375  0.00    0.0097610   -0.0075393   -0.0008375
h    -1.6336796    2.2563998   -0.4108671  0.00   -0.0023547   -0.0010149    0.0015565
c     1.7669373   -1.0073413   -0.8964724  0.00    0.3624628   -0.5385371    0.0541214
c     0.8861134   -2.0194266   -1.6556448  0.00    0.1306672    0.0932545    0.0882506
h     2.1212937   -1.4658931    0.0371405  0.00    0.7447049   -1.2389837   -0.7805497
h     2.6645729   -0.8285312   -1.5058794  0.00   -0.0105998   -0.0398377    0.0277110
c     1.7481012   -3.2276699   -2.0845864  0.00   -0.0693171   -0.2762076   -0.2529333
o     1.5179317   -3.9787875   -3.0189800  0.00    0.0617526    0.1746904    0.2224637
o     2.8094516   -3.3865268   -1.2478409  0.00   -0.0592992    0.0976512    0.0379186
h     2.7944772   -2.5928198   -0.6549742  0.00   -1.1456130    1.7932736    0.6057334
n    -0.2697763   -2.5678537   -0.8742070  0.00   -0.0688562   -0.0919913   -0.0255358
h     0.4960411   -1.5757973   -2.5789902  0.00   -0.0092916   -0.0149927    0.0225932
h    -1.1308243   -2.1540904   -1.2498506  0.00    0.0328451   -0.0066244    0.0051817
h    -0.3593670   -3.5651556   -1.0813225  0.00    0.0283731    0.0487997   -0.0074661
    24
 Energy =       0.4267175848
c     1.6465329    2.6122569    0.2801532  0.00    0.0405867    0.0608200    0.0314272
c     0.3039040    2.9242291    0.1633471  0.00   -0.0073904    0.0910468    0.0334371
c    -0.5975481    1.9822322   -0.2991097  0.00   -0.0786145    0.0393575   -0.0017022
c     2.0838731    1.3347221   -0.0632720  0.00    0.0602616   -0.0100410    0.0072755
c     1.1909995    0.3605714   -0.5393857  0.00    0.0169660   -0.0854701   -0.0214816
c    -0.1558682    0.7086980   -0.6562121  0.00   -0.0278923   -0.0418024   -0.0192462
o    -0.1718504    4.1601057    0.4956215  0.00   -0.0554723   -0.0434063    0.0181620
h    -0.7986169    4.0664352    1.2376486  0.00    0.0512153   -0.0060552   -0.0439765
h    -0.8980612    0.0165927   -1.0279927  0.00   -0.0067743    0.0028287   -0.0019037
h     3.1430419    1.1012313    0.0378030  0.00    0.0023867    0.0001570   -0.0005574
h     2.3633838    3.3444392    0.6375596  0.00    0.0087800   -0.0067614   -0.0007439
h    -1.6492755    2.2406192   -0.3867138  0.00   -0.0021206   -0.0009015    0.0014006
c     1.7620892   -1.0065140   -0.8718521  0.00    0.3273224   -0.4856981    0.0497076
c     0.9143482   -2.0173716   -1.6841993  0.00    0.1199283    0.0839375    0.0783058
h     2.1453889   -1.4553915    0.0641595  0.00    0.6734561   -1.1190392   -0.7042498
h     2.6640802   -0.8083325   -1.4713634  0.00   -0.0093661   -0.0357664    0.0248913
c     1.7862721   -3.2339516   -2.0684138  0.00   -0.0606082   -0.2471444   -0.2277689
o     1.5754327   -4.0120546   -3.0082018  0.00    0.0557340    0.1561737    0.1996563
o     2.8287481   -3.4002614   -1.2090983  0.00   -0.0527724    0.0871996    0.0342981
h     2.8142664   -2.5938124   -0.6379720  0.00   -1.0348123    1.6195340    0.5470237
n    -0.2958916   -2.5448671   -0.9709252  0.00   -0.0619152   -0.0847173   -0.0181463
h     0.5910237   -1.5631711   -2.6319977  0.00   -0.0088184   -0.0124979    0.0180679
h    -1.1255050   -2.1166561   -1.4086037  0.00    0.0259550   -0.0049382    0.0029428
h    -0.4028302   -3.5385921   -1.2019815  0.00    0.0239647    0.0431844   -0.0068197
    24
 Energy =       0.4090182311
c     1.6160345    2.6085437    0.3141959  0.00    0.0380984    0.0569585    0.0293757
c     0.2713478    2.9068600    0.2107215  0.00   -0.0061743    0.0837217    0.0305817
c    -0.6182141    1.9663234   -0.2719054  0.00   -0.0737095    0.0365882   -0.0017773
c     2.0649020    1.3425175   -0.0485076  0.00    0.0566639   -0.0096843    0.0067932
c     1.1817320    0.3664683   -0.5333079  0.00    0.0158612   -0.0803640   -0.0201345
c    -0.1660927    0.7037333   -0.6456109  0.00   -0.0262126   -0.0394715   -0.0180911
o    -0.2227560    4.1211895    0.6046590  0.00   -0.0515046   -0.0376303    0.0161603
h    -0.8419805    3.9742594    1.3502153  0.00    0.0464903   -0.0061057   -0.0394398
h    -0.9029859    0.0098593   -1.0204806  0.00   -0.0062958    0.0029764   -0.0018117
h     3.1259763    1.1176055    0.0513860  0.00    0.0022673    0.0001264   -0.0005167
h     2.3230985    3.3406753    0.6910230  0.00    0.0082977   -0.0060967   -0.0006163
h    -1.6736343    2.2136390   -0.3478101  0.00   -0.0021460   -0.0007544    0.0013349
c     1.7662210   -0.9954310   -0.8703075  0.00    0.3078857   -0.4561128    0.0473610
c     0.9500775   -2.0061313   -1.7281437  0.00    0.1145536    0.0790101    0.0727216
h     2.1730032   -1.4357844    0.0677280  0.00    0.6334534   -1.0519479   -0.6615422
h     2.6722655   -0.7785978   -1.4581905  0.00   -0.0085930   -0.0335578    0.0233347
c     1.8271323   -3.2329236   -2.0711624  0.00   -0.0556378   -0.2310095   -0.2142928
o     1.6354862   -4.0340422   -3.0085865  0.00    0.0524374    0.1459257    0.1871602
o     2.8466945   -3.4040494   -1.1859469  0.00   -0.0487160    0.0808727    0.0322642
h     2.8358181   -2.5817492   -0.6425875  0.00   -0.9729053    1.5227670    0.5144654
n    -0.3053034   -2.5173093   -1.0807527  0.00   -0.0586558   -0.0810671   -0.0134288
h     0.6861419   -1.5453232   -2.6934676  0.00   -0.0085469   -0.0109877    0.0152402
h    -1.1025349   -2.0735416   -1.5673568  0.00    0.0218195   -0.0040555    0.0013453
h    -0.4244919   -3.5056343   -1.3368065  0.00    0.0212692    0.0398985   -0.0064872
    24
 Energy =       0.3730054662
c     1.6604723    2.5838116    0.3430952  0.00    0.0328881    0.0494803    0.0254132
c     0.3220584    2.8970284    0.2623784  0.00   -0.0047811    0.0710356    0.0254951
c    -0.5752127    1.9839682   -0.2452299  0.00   -0.0641031    0.0312571   -0.0019304
c     2.0939882    1.3258203   -0.0520597  0.00    0.0493637   -0.0086197    0.0059248
c     1.1999799    0.3724744   -0.5507350  0.00    0.0138342   -0.0699445   -0.0174033
c    -0.1399331    0.7312197   -0.6514926  0.00   -0.0226837   -0.0347574   -0.0157232
o    -0.1559449    4.0981094    0.7270480  0.00   -0.0451143   -0.0294636    0.0147436
h    -0.7648017    3.9182743    1.4816040  0.00    0.0395188   -0.0057569   -0.0329702
h    -0.8896689    0.0646443   -1.0389483  0.00   -0.0059533    0.0006109   -0.0023938
h     3.1522881    1.0863399    0.0406844  0.00    0.0020661    0.0001409   -0.0003944
h     2.3728493    3.2987646    0.7434068  0.00    0.0072431   -0.0048493   -0.0002020
h    -1.6288226    2.2435372   -0.3052046  0.00   -0.0021523   -0.0006462    0.0012229
c     1.7651057   -0.9975014   -0.9091632  0.00    0.2690496   -0.3984880    0.0418468
c     0.9312558   -2.0053104   -1.7638494  0.00    0.1018507    0.0725246    0.0618364
h     2.1889476   -1.4366380    0.0218418  0.00    0.5543921   -0.9196759   -0.5783546
h     2.6610980   -0.7849745   -1.5165309  0.00   -0.0072640   -0.0296374    0.0199866
c     1.7530835   -3.2890676   -2.0278495  0.00   -0.0477549   -0.1962904   -0.1886968
o     1.5572485   -4.0966141   -2.9840074  0.00    0.0456461    0.1261848    0.1620471
o     2.7077502   -3.5273488   -1.0812125  0.00   -0.0398741    0.0143011    0.0157235
h     2.8550700   -2.5968260   -0.6949421  0.00   -0.8479499    1.3799276    0.4654492
n    -0.3752325   -2.4285672   -1.1548983  0.00   -0.0498279   -0.0681497   -0.0038396
h     0.7361162   -1.5661710   -2.7599991  0.00   -0.0069321   -0.0076886    0.0105032
h    -1.1266447   -1.9147885   -1.6546677  0.00    0.0142775    0.0009649   -0.0007764
h    -0.5831127   -3.3990283   -1.4502710  0.00    0.0142607    0.0275396   -0.0075077
    24
 Energy =       0.3623835230
c     1.6470933    2.5875421    0.3309620  0.00    0.0311794    0.0468997    0.0241459
c     0.3083295    2.8952398    0.2692065  0.00   -0.0041653    0.0666388    0.0241059
c    -0.5957792    1.9672766   -0.1950798  0.00   -0.0609687    0.0288507   -0.0021706
c     2.0781931    1.3280149   -0.0545280  0.00    0.0469809   -0.0080829    0.0057108
c     1.1804550    0.3641211   -0.5232559  0.00    0.0134471   -0.0662427   -0.0163691
c    -0.1645069    0.7096769   -0.5864391  0.00   -0.0218088   -0.0326463   -0.0148847
o    -0.1577594    4.1161461    0.6971755  0.00   -0.0416091   -0.0263947    0.0130657
h    -0.7561520    3.9744562    1.4708893  0.00    0.0364165   -0.0056038   -0.0299020
h    -0.9239250    0.0282166   -0.9249225  0.00   -0.0063737    0.0019145   -0.0021565
h     3.1403631    1.0977465    0.0174403  0.00    0.0022469    0.0001578   -0.0003259
h     2.3644794    3.3152524    0.6994416  0.00    0.0072846   -0.0041854    0.0000180
h    -1.6520280    2.2205312   -0.2349075  0.00   -0.0023223   -0.0007073    0.0010704
c     1.7522810   -1.0052166   -0.8805627  0.00    0.2549123   -0.3764291    0.0398976
c     0.9544686   -2.0153546   -1.7799200  0.00    0.0987828    0.0691730    0.0579270
h     2.2105070   -1.4284061    0.0479096  0.00    0.5252025   -0.8708000   -0.5469711
h     2.6483173   -0.7747630   -1.4823875  0.00   -0.0067436   -0.0278500    0.0188650
c     1.7776527   -3.3075368   -2.0004539  0.00   -0.0430452   -0.1852297   -0.1784991
o     1.6032630   -4.1374230   -2.9512500  0.00    0.0431987    0.1187915    0.1528607
o     2.7203187   -3.5334351   -1.0395637  0.00   -0.0374842    0.0130523    0.0149583
h     2.8677185   -2.5976508   -0.6753446  0.00   -0.8026153    1.3062351    0.4407173
n    -0.3921749   -2.4240217   -1.2511378  0.00   -0.0475021   -0.0645419    0.0013866
h     0.8233077   -1.5749035   -2.7883941  0.00   -0.0067082   -0.0065121    0.0080019
h    -1.1003825   -1.8708746   -1.7768562  0.00    0.0109468    0.0005949   -0.0031597
h    -0.6161023   -3.3734777   -1.6090241  0.00    0.0107481    0.0229177   -0.0082924
    24
 Energy =       0.3544030618
c     1.6302209    2.5903820    0.3209679  0.00    0.0299409    0.0447535    0.0231032
c     0.2896928    2.8877541    0.2830858  0.00   -0.0038594    0.0635437    0.0230743
c    -0.6171132    1.9458578   -0.1442085  0.00   -0.0583524    0.0270617   -0.0022975
c     2.0629692    1.3325499   -0.0620142  0.00    0.0450833   -0.0075978    0.0055619
c     1.1643494    0.3572890   -0.5030312  0.00    0.0133395   -0.0631420   -0.0155345
c    -0.1855952    0.6867141   -0.5265744  0.00   -0.0211901   -0.0307179   -0.0141420
o    -0.1722920    4.1173857    0.6931453  0.00   -0.0391759   -0.0247370    0.0120486
h    -0.7595422    3.9950843    1.4805346  0.00    0.0343703   -0.0053825   -0.0280026
h    -0.9507810   -0.0104794   -0.8173025  0.00   -0.0069259    0.0028899   -0.0017019
h     3.1291281    1.1138558   -0.0125183  0.00    0.0024925    0.0001479   -0.0002708
h     2.3493978    3.3294655    0.6632694  0.00    0.0072793   -0.0037481    0.0001439
h    -1.6766730    2.1889646   -0.1595122  0.00   -0.0026243   -0.0007391    0.0009472
c     1.7446920   -1.0096341   -0.8622947  0.00    0.2430508   -0.3582025    0.0382072
c     0.9789573   -2.0208924   -1.7985159  0.00    0.0960397    0.0664954    0.0548787
h     2.2345149   -1.4175849    0.0617153  0.00    0.5009689   -0.8303016   -0.5209824
h     2.6392846   -0.7625707   -1.4604335  0.00   -0.0063191   -0.0264048    0.0179247
c     1.7978750   -3.3225182   -1.9787211  0.00   -0.0391987   -0.1763097   -0.1699004
o     1.6422860   -4.1696319   -2.9255948  0.00    0.0411843    0.1128037    0.1453172
o     2.7315479   -3.5366558   -1.0069263  0.00   -0.0355688    0.0119046    0.0142367
h     2.8838683   -2.5951856   -0.6662778  0.00   -0.7649989    1.2453188    0.4202706
n    -0.3991051   -2.4122795   -1.3424049  0.00   -0.0448811   -0.0610926    0.0062371
h     0.9052003   -1.5816370   -2.8152923  0.00   -0.0064364   -0.0055966    0.0060865
h    -1.0659189   -1.8112379   -1.8743212  0.00    0.0082322    0.0009332   -0.0055067
h    -0.6390262   -3.3338386   -1.7677772  0.00    0.0075494    0.0181199   -0.0096991
    24
 Energy =       0.3491744408
c     1.6035028    2.5937335    0.3135506  0.00    0.0291383    0.0430661    0.0222814
c     0.2597717    2.8738932    0.3020153  0.00   -0.0036908    0.0612990    0.0222887
c    -0.6440582    1.9154903   -0.0921475  0.00   -0.0563313    0.0257142   -0.0023870
c     2.0440631    1.3406833   -0.0710608  0.00    0.0437174   -0.0072063    0.0054556
c     1.1496223    0.3507986   -0.4860039  0.00    0.0134750   -0.0606773   -0.0149202
c    -0.2057342    0.6578150   -0.4689172  0.00   -0.0208669   -0.0290410   -0.0135303
o    -0.2067242    4.1050510    0.7048834  0.00   -0.0374440   -0.0236192    0.0113573
h    -0.7822503    3.9890538    1.5032910  0.00    0.0328934   -0.0052115   -0.0266806
h    -0.9707849   -0.0588925   -0.7129927  0.00   -0.0076410    0.0038713   -0.0008076
h     3.1145975    1.1382940   -0.0447843  0.00    0.0028325    0.0001151   -0.0002303
h     2.3200724    3.3457179    0.6331278  0.00    0.0073080   -0.0034182    0.0002333
h    -1.7075461    2.1429763   -0.0805880  0.00   -0.0030647   -0.0007462    0.0008583
c     1.7438200   -1.0104498   -0.8490850  0.00    0.2336518   -0.3436698    0.0369649
c     1.0113371   -2.0214227   -1.8213119  0.00    0.0945473    0.0645286    0.0525994
h     2.2641053   -1.4032955    0.0699054  0.00    0.4817462   -0.7982668   -0.5003190
h     2.6369946   -0.7453100   -1.4420499  0.00   -0.0059309   -0.0252715    0.0171443
c     1.8185885   -3.3366066   -1.9551033  0.00   -0.0357035   -0.1693923   -0.1628977
o     1.6853520   -4.2001573   -2.8971354  0.00    0.0395618    0.1079825    0.1392332
o     2.7403242   -3.5376788   -0.9697302  0.00   -0.0340092    0.0102616    0.0135903
h     2.9055165   -2.5881454   -0.6625540  0.00   -0.7350782    1.1976464    0.4042331
n    -0.3972079   -2.3864860   -1.4424876  0.00   -0.0435433   -0.0595771    0.0107344
h     1.0003083   -1.5868300   -2.8448854  0.00   -0.0061285   -0.0046317    0.0040209
h    -1.0174033   -1.7380088   -1.9804085  0.00    0.0057259    0.0015981   -0.0082466
h    -0.6483293   -3.2790664   -1.9265303  0.00    0.0048346    0.0146460   -0.0109757
    24
 Energy =       0.3498493442
c     1.5755915    2.5954557    0.3128455  0.00    0.0289511    0.0424657    0.0219785
c     0.2287478    2.8585854    0.3211273  0.00   -0.0036447    0.0605268    0.0220013
c    -0.6690348    1.8859780   -0.0513641  0.00   -0.0556341    0.0252185   -0.0024219
c     2.0259342    1.3476797   -0.0752573  0.00    0.0433182   -0.0070637    0.0054178
c     1.1381915    0.3446586   -0.4729338  0.00    0.0136793   -0.0597616   -0.0147259
c    -0.2212323    0.6310696   -0.4258070  0.00   -0.0208628   -0.0283242   -0.0132850
o    -0.2465310    4.0868857    0.7238803  0.00   -0.0368639   -0.0231816    0.0111272
h    -0.8146715    3.9681962    1.5277765  0.00    0.0323562   -0.0051555   -0.0262085
h    -0.9820020   -0.1023448   -0.6364648  0.00   -0.0081414    0.0046081    0.0000106
h     3.0997362    1.1605173   -0.0656662  0.00    0.0030646    0.0000834   -0.0002191
h     2.2873365    3.3580053    0.6181108  0.00    0.0073594   -0.0032782    0.0002723
h    -1.7355128    2.0984094   -0.0193468  0.00   -0.0033733   -0.0007402    0.0008301
c     1.7464490   -1.0102913   -0.8393017  0.00    0.2303180   -0.3380862    0.0367967
c     1.0448646   -2.0192520   -1.8444806  0.00    0.0951064    0.0643373    0.0518360
h     2.2872239   -1.3930518    0.0774919  0.00    0.4744563   -0.7862805   -0.4925034
h     2.6411213   -0.7297704   -1.4229202  0.00   -0.0056882   -0.0248267    0.0168111
c     1.8339347   -3.3508297   -1.9299780  0.00   -0.0332771   -0.1668730   -0.1600027
o     1.7239150   -4.2309535   -2.8627365  0.00    0.0388656    0.1059156    0.1367074
o     2.7383439   -3.5390561   -0.9267646  0.00   -0.0332658    0.0082885    0.0133787
h     2.9218889   -2.5809451   -0.6593530  0.00   -0.7236738    1.1808145    0.3984325
n    -0.3892359   -2.3551501   -1.5402010  0.00   -0.0431462   -0.0593948    0.0153868
h     1.0948497   -1.5923970   -2.8719909  0.00   -0.0059071   -0.0038585    0.0022138
h    -0.9632001   -1.6571422   -2.0723849  0.00    0.0036743    0.0031401   -0.0108952
h    -0.6487704   -3.2130999   -2.0852834  0.00    0.0023292    0.0114263   -0.0129393
    24
 Energy =       0.3415139395
c     1.6018706    2.5952715    0.3053835  0.00    0.0285295    0.0417445    0.0215934
c     0.2580698    2.8725472    0.3042908  0.00   -0.0035811    0.0594702    0.0216051
c    -0.6468705    1.9106190   -0.0767333  0.00   -0.0546957    0.0247520   -0.0023825
c     2.0420129    1.3429874   -0.0791282  0.00    0.0426548   -0.0069413    0.0053269
c     1.1466406    0.3502279   -0.4830992  0.00    0.0135797   -0.0586949   -0.0144941
c    -0.2093930    0.6528964   -0.4516939  0.00   -0.0205886   -0.0277153   -0.0130336
o    -0.2062175    4.1063264    0.7035651  0.00   -0.0362172   -0.0226818    0.0109036
h    -0.7744794    3.9964565    1.5090950  0.00    0.0317373   -0.0050656   -0.0256839
h    -0.9759957   -0.0678997   -0.6803945  0.00   -0.0082272    0.0052577    0.0006089
h     3.1135947    1.1436944   -0.0622452  0.00    0.0031168    0.0000566   -0.0002171
h     2.3191977    3.3507104    0.6154484  0.00    0.0072757   -0.0031877    0.0002808
h    -1.7111219    2.1355220   -0.0556251  0.00   -0.0034608   -0.0007160    0.0008139
c     1.7420988   -1.0104396   -0.8488149  0.00    0.2266446   -0.3320046    0.0367792
c     1.0098074   -2.0235497   -1.8205767  0.00    0.0952846    0.0642421    0.0508586
h     2.2766848   -1.3952976    0.0638106  0.00    0.4657985   -0.7722132   -0.4837094
h     2.6293949   -0.7413920   -1.4498783  0.00   -0.0053654   -0.0243278    0.0163887
c     1.8249625   -3.3346616   -1.9596221  0.00   -0.0306286   -0.1636396   -0.1568487
o     1.6910379   -4.1939124   -2.9111223  0.00    0.0379380    0.1033924    0.1336562
o     2.7566286   -3.5362025   -0.9820053  0.00   -0.0320101    0.0053657    0.0132394
h     2.9168116   -2.5863530   -0.6675376  0.00   -0.7105243    1.1618219    0.3918458
n    -0.4014556   -2.3922693   -1.4398175  0.00   -0.0427969   -0.0587859    0.0198714
h     0.9960720   -1.5857468   -2.8469206  0.00   -0.0057892   -0.0029883    0.0002501
h    -1.0233283   -1.7409340   -1.9808510  0.00    0.0014974    0.0046605   -0.0132145
h    -0.6580849   -3.2874441   -1.9265303  0.00   -0.0001719    0.0081983   -0.0144384
    24
 Energy =       0.3293327198
c     1.6226880    2.5934535    0.2998130  0.00    0.0275963    0.0403018    0.0208294
c     0.2819806    2.8820532    0.2897784  0.00   -0.0034477    0.0574045    0.0208385
c    -0.6276219    1.9300193   -0.1017353  0.00   -0.0527960    0.0238440   -0.0022969
c     2.0550237    1.3386183   -0.0825791  0.00    0.0412405   -0.0066868    0.0051434
c     1.1544599    0.3553996   -0.4941000  0.00    0.0132239   -0.0566049   -0.0140050
c    -0.1980212    0.6714172   -0.4790776  0.00   -0.0199305   -0.0266289   -0.0125376
o    -0.1736313    4.1195247    0.6888520  0.00   -0.0349297   -0.0218420    0.0104952
h    -0.7386756    4.0155670    1.4984115  0.00    0.0305858   -0.0048844   -0.0247306
h    -0.9678593   -0.0381193   -0.7288501  0.00   -0.0081480    0.0058138    0.0010716
h     3.1245476    1.1293136   -0.0584518  0.00    0.0030885    0.0000344   -0.0002120
h     2.3436133    3.3428398    0.6161726  0.00    0.0070603   -0.0030482    0.0002816
h    -1.6897475    2.1654446   -0.0917265  0.00   -0.0034664   -0.0006892    0.0007811
c     1.7398288   -1.0088829   -0.8615505  0.00    0.2193248   -0.3204630    0.0362390
c     0.9766350   -2.0265605   -1.7962752  0.00    0.0937573    0.0630103    0.0488843
h     2.2720307   -1.3940958    0.0442693  0.00    0.4492665   -0.7451672   -0.4669292
h     2.6170111   -0.7492042   -1.4824304  0.00   -0.0049302   -0.0234131    0.0156633
c     1.8135093   -3.3159133   -1.9892257  0.00   -0.0277497   -0.1572328   -0.1512360
o     1.6546277   -4.1521744   -2.9621779  0.00    0.0363306    0.0990268    0.1282176
o     2.7773012   -3.5292103   -1.0425843  0.00   -0.0298189    0.0023292    0.0129438
h     2.9184309   -2.5908376   -0.6809268  0.00   -0.6855685    1.1233203    0.3788421
n    -0.4065638   -2.4246122   -1.3391414  0.00   -0.0416765   -0.0570152    0.0237423
h     0.8994746   -1.5802613   -2.8184599  0.00   -0.0056747   -0.0020944   -0.0016573
h    -1.0754431   -1.8198219   -1.8812299  0.00   -0.0007936    0.0057518   -0.0151128
h    -0.6556610   -3.3528003   -1.7677772  0.00   -0.0025442    0.0049333   -0.0152555
    24
 Energy =       0.3131423324
c     1.6377237    2.5902673    0.2954379  0.00    0.0260925    0.0380485    0.0196377
c     0.3001424    2.8874189    0.2767045  0.00   -0.0032351    0.0541929    0.0196497
c    -0.6115876    1.9443747   -0.1268915  0.00   -0.0498202    0.0224491   -0.0021567
c     2.0647110    1.3347590   -0.0859778  0.00    0.0389842   -0.0062919    0.0048533
c     1.1614314    0.3602735   -0.5060746  0.00    0.0125731   -0.0533665   -0.0132260
c    -0.1873639    0.6867032   -0.5080254  0.00   -0.0188473   -0.0250155   -0.0117703
o    -0.1491509    4.1271324    0.6781302  0.00   -0.0329040   -0.0205835    0.0098337
h    -0.7070759    4.0267965    1.4946624  0.00    0.0288049   -0.0046130   -0.0232417
h    -0.9577785   -0.0131482   -0.7811476  0.00   -0.0078810    0.0062165    0.0013730
h     3.1324000    1.1175836   -0.0545904  0.00    0.0029751    0.0000159   -0.0002039
h     2.3602329    3.3348102    0.6193349  0.00    0.0066984   -0.0028502    0.0002750
h    -1.6717236    2.1884231   -0.1282098  0.00   -0.0033824   -0.0006555    0.0007313
c     1.7395441   -1.0056077   -0.8774082  0.00    0.2079434   -0.3029200    0.0350912
c     0.9457478   -2.0287825   -1.7713196  0.00    0.0903061    0.0604546    0.0458333
h     2.2736385   -1.3894522    0.0193082  0.00    0.4240636   -0.7038148   -0.4413407
h     2.6037069   -0.7532105   -1.5205226  0.00   -0.0043669   -0.0220447    0.0146002
c     1.7998190   -3.2955580   -2.0175278  0.00   -0.0247561   -0.1473809   -0.1427761
o     1.6154402   -4.1071033   -3.0143187  0.00    0.0339836    0.0926640    0.1201297
o     2.7993930   -3.5187172   -1.1069059  0.00   -0.0266942   -0.0005979    0.0124591
h     2.9271443   -2.5947646   -0.6993889  0.00   -0.6475363    1.0631500    0.3586966
n    -0.4039676   -2.4521257   -1.2377891  0.00   -0.0397180   -0.0540072    0.0268057
h     0.8056234   -1.5767912   -2.7865031  0.00   -0.0055410   -0.0011999   -0.0034339
h    -1.1186143   -1.8929771   -1.7729558  0.00   -0.0030892    0.0064075   -0.0164527
h    -0.6414985   -3.4091473   -1.6090241  0.00   -0.0046532    0.0017423   -0.0153675
    24
 Energy =       0.2933197192
c     1.6458326    2.5860105    0.2924911  0.00    0.0240329    0.0349927    0.0180196
c     0.3113385    2.8888837    0.2643561  0.00   -0.0029418    0.0498441    0.0180432
c    -0.5996591    1.9538425   -0.1534524  0.00   -0.0457839    0.0205743   -0.0019602
c     2.0703112    1.3317172   -0.0888503  0.00    0.0358991   -0.0057614    0.0044560
c     1.1671233    0.3650650   -0.5191374  0.00    0.0116314   -0.0489907   -0.0121567
c    -0.1779309    0.6988965   -0.5394584  0.00   -0.0173572   -0.0228835   -0.0107360
o    -0.1344506    4.1294588    0.6700898  0.00   -0.0301235   -0.0188824    0.0088714
h    -0.6809110    4.0307033    1.4967461  0.00    0.0263734   -0.0042681   -0.0211703
h    -0.9460134    0.0070409   -0.8383414  0.00   -0.0074362    0.0064265    0.0014988
h     3.1364402    1.1089089   -0.0495298  0.00    0.0027846    0.0000000   -0.0001926
h     2.3676613    3.3269898    0.6255732  0.00    0.0061974   -0.0025888    0.0002634
h    -1.6579895    2.2045806   -0.1669938  0.00   -0.0032169   -0.0006129    0.0006651
c     1.7412970   -1.0002793   -0.8963108  0.00    0.1925695   -0.2795673    0.0333046
c     0.9181535   -2.0306474   -1.7456387  0.00    0.0849598    0.0565624    0.0417376
h     2.2820834   -1.3809623   -0.0105129  0.00    0.3904965   -0.6486210   -0.4071912
h     2.5893250   -0.7528222   -1.5639262  0.00   -0.0036793   -0.0202383    0.0132083
c     1.7854934   -3.2742122   -2.0438466  0.00   -0.0217422   -0.1342634   -0.1314023
o     1.5761551   -4.0595816   -3.0665240  0.00    0.0309470    0.0843988    0.1094615
o     2.8228975   -3.5050845   -1.1735114  0.00   -0.0227986   -0.0032171    0.0117365
h     2.9435275   -2.5980026   -0.7226817  0.00   -0.5967895    0.9818698    0.3315693
n    -0.3921199   -2.4754921   -1.1352700  0.00   -0.0369379   -0.0498867    0.0289664
h     0.7151622   -1.5760442   -2.7510134  0.00   -0.0053748   -0.0003174   -0.0050257
h    -1.1514599   -1.9605845   -1.6549888  0.00   -0.0053233    0.0066519   -0.0171718
h    -0.6143296   -3.4572280   -1.4502710  0.00   -0.0063862   -0.0012217   -0.0147950
    24
 Energy =       0.2705150405
c     1.6444676    2.5808883    0.2924960  0.00    0.0214901    0.0312174    0.0160128
c     0.3128807    2.8862328    0.2525414  0.00   -0.0025675    0.0444709    0.0160656
c    -0.5936362    1.9580643   -0.1832162  0.00   -0.0408003    0.0182587   -0.0017109
c     2.0702586    1.3299611   -0.0896848  0.00    0.0320793   -0.0051063    0.0039608
c     1.1708582    0.3700434   -0.5333354  0.00    0.0104308   -0.0435844   -0.0108197
c    -0.1705181    0.7078885   -0.5751053  0.00   -0.0155242   -0.0202848   -0.0094610
o    -0.1333808    4.1259605    0.6642568  0.00   -0.0266314   -0.0167385    0.0075838
h    -0.6636513    4.0264610    1.5040939  0.00    0.0233258   -0.0038802   -0.0185169
h    -0.9326578    0.0222269   -0.9032934  0.00   -0.0068565    0.0064158    0.0014299
h     3.1351695    1.1041496   -0.0405375  0.00    0.0025377   -0.0000142   -0.0001775
h     2.3626663    3.3196759    0.6376103  0.00    0.0055871   -0.0022559    0.0002539
h    -1.6504155    2.2132440   -0.2111853  0.00   -0.0029940   -0.0005614    0.0005821
c     1.7455843   -0.9920652   -0.9185470  0.00    0.1735757   -0.2510680    0.0308854
c     0.8956297   -2.0325115   -1.7192443  0.00    0.0779313    0.0514573    0.0366854
h     2.2989636   -1.3673161   -0.0453231  0.00    0.3495869   -0.5811949   -0.3653876
h     2.5737035   -0.7464167   -1.6130214  0.00   -0.0028706   -0.0180391    0.0115181
c     1.7736350   -3.2517662   -2.0684238  0.00   -0.0187758   -0.1183141   -0.1172614
o     1.5415815   -4.0089040   -3.1194089  0.00    0.0273544    0.0744548    0.0964711
o     2.8495845   -3.4879462   -1.2419317  0.00   -0.0183595   -0.0054043    0.0107264
h     2.9691901   -2.5996714   -0.7510959  0.00   -0.5347428    0.8817974    0.2981867
n    -0.3679358   -2.4961791   -1.0305964  0.00   -0.0334229   -0.0449587    0.0302560
h     0.6286002   -1.5787723   -2.7117722  0.00   -0.0051845    0.0005670   -0.0064273
h    -1.1715179   -2.0236012   -1.5247606  0.00   -0.0075109    0.0065274   -0.0172708
h    -0.5711223   -3.4984894   -1.2915179  0.00   -0.0076583   -0.0037620   -0.0135849
    24
 Energy =       0.2452959200
c     1.6283620    2.5747052    0.2992273  0.00    0.0185741    0.0268363    0.0136645
c     0.2992957    2.8780950    0.2421432  0.00   -0.0020962    0.0382073    0.0137771
c    -0.5969507    1.9554165   -0.2186607  0.00   -0.0350219    0.0155250   -0.0014198
c     2.0614404    1.3301590   -0.0852550  0.00    0.0276600   -0.0043240    0.0033839
c     1.1715380    0.3755068   -0.5486191  0.00    0.0089996   -0.0372629   -0.0092365
c    -0.1663506    0.7129186   -0.6179033  0.00   -0.0134468   -0.0172914   -0.0079806
o    -0.1538596    4.1142419    0.6618453  0.00   -0.0224834   -0.0141033    0.0059695
h    -0.6629074    4.0105383    1.5175151  0.00    0.0197078   -0.0034909   -0.0152941
h    -0.9172667    0.0314936   -0.9816571  0.00   -0.0062277    0.0061368    0.0011064
h     3.1255844    1.1050167   -0.0223431  0.00    0.0022783   -0.0000276   -0.0001549
h     2.3383980    3.3128792    0.6617476  0.00    0.0049271   -0.0018155    0.0002683
h    -1.6525328    2.2119133   -0.2655547  0.00   -0.0027664   -0.0005038    0.0004762
c     1.7538427   -0.9791592   -0.9454281  0.00    0.1513081   -0.2181132    0.0278385
c     0.8813230   -2.0346862   -1.6920892  0.00    0.0695093    0.0453156    0.0307207
h     2.3283927   -1.3452882   -0.0872922  0.00    0.3023870   -0.5031304   -0.3167615
h     2.5563096   -0.7302908   -1.6701464  0.00   -0.0018953   -0.0154735    0.0095286
c     1.7695654   -3.2267293   -2.0930571  0.00   -0.0159119   -0.0998749   -0.1003988
o     1.5196829   -3.9507307   -3.1769791  0.00    0.0233732    0.0629613    0.0812867
o     2.8842773   -3.4653805   -1.3139955  0.00   -0.0135347   -0.0071406    0.0093696
h     3.0083194   -2.5975670   -0.7865996  0.00   -0.4627971    0.7652714    0.2592618
n    -0.3251456   -2.5168358   -0.9214431  0.00   -0.0292748   -0.0397372    0.0309019
h     0.5460710   -1.5861809   -2.6678535  0.00   -0.0050253    0.0015305   -0.0077287
h    -1.1737498   -2.0835442   -1.3758395  0.00   -0.0098532    0.0060989   -0.0167989
h    -0.5057014   -3.5353347   -1.1327647  0.00   -0.0083899   -0.0055939   -0.0117799
    24
 Energy =       0.2212605931
c     1.5905157    2.5671496    0.3192029  0.00    0.0158314    0.0226200    0.0113868
c     0.2630087    2.8621475    0.2379479  0.00   -0.0015589    0.0320581    0.0115618
c    -0.6148696    1.9425693   -0.2572230  0.00   -0.0294597    0.0127540   -0.0011744
c     2.0396693    1.3330202   -0.0703483  0.00    0.0234359   -0.0034892    0.0028451
c     1.1673259    0.3809527   -0.5624327  0.00    0.0075105   -0.0310273   -0.0076561
c    -0.1678311    0.7115301   -0.6658138  0.00   -0.0115368   -0.0144623   -0.0065881
o    -0.2067039    4.0902852    0.6680619  0.00   -0.0183929   -0.0112208    0.0044263
h    -0.6930840    3.9769065    1.5388197  0.00    0.0161227   -0.0031646   -0.0120906
h    -0.9007693    0.0318231   -1.0712657  0.00   -0.0057423    0.0054652    0.0004959
h     3.1037545    1.1141687    0.0112218  0.00    0.0021184   -0.0000346   -0.0001153
h     2.2860859    3.3066309    0.7064106  0.00    0.0044047   -0.0012438    0.0003563
h    -1.6698791    2.1953786   -0.3282326  0.00   -0.0026395   -0.0004511    0.0003460
c     1.7677074   -0.9599795   -0.9762317  0.00    0.1286811   -0.1854994    0.0244010
c     0.8824693   -2.0370836   -1.6681575  0.00    0.0608503    0.0390430    0.0247944
h     2.3744705   -1.3114395   -0.1365146  0.00    0.2559154   -0.4257202   -0.2680281
h     2.5379239   -0.6995108   -1.7330640  0.00   -0.0008006   -0.0128614    0.0074653
c     1.7828228   -3.1985213   -2.1192395  0.00   -0.0135346   -0.0817543   -0.0828467
o     1.5268346   -3.8816338   -3.2416868  0.00    0.0197264    0.0514690    0.0659099
o     2.9318207   -3.4357966   -1.3856243  0.00   -0.0092900   -0.0080292    0.0077798
h     3.0635881   -2.5872113   -0.8292926  0.00   -0.3913016    0.6489232    0.2201810
n    -0.2588093   -2.5396060   -0.8191164  0.00   -0.0250424   -0.0355607    0.0307934
h     0.4785656   -1.5990146   -2.6237803  0.00   -0.0049473    0.0024841   -0.0087073
h    -1.1489133   -2.1342116   -1.2170863  0.00   -0.0121447    0.0055833   -0.0157873
h    -0.4177654   -3.5673969   -0.9975573  0.00   -0.0082059   -0.0058809   -0.0097487
    24
 Energy =       0.2019487339
c     1.5283473    2.5565277    0.3581235  0.00    0.0137817    0.0194368    0.0096642
c     0.2012550    2.8359410    0.2468998  0.00   -0.0009883    0.0271046    0.0098073
c    -0.6494448    1.9172270   -0.2920388  0.00   -0.0251852    0.0103759   -0.0010905
c     2.0033056    1.3376839   -0.0412239  0.00    0.0202454   -0.0026631    0.0024929
c     1.1573616    0.3854362   -0.5717863  0.00    0.0060738   -0.0259518   -0.0063659
c    -0.1760730    0.7022568   -0.7134647  0.00   -0.0101509   -0.0124440   -0.0056311
o    -0.2957302    4.0500160    0.6912355  0.00   -0.0151515   -0.0084031    0.0034297
h    -0.7642960    3.9192441    1.5718237  0.00    0.0132115   -0.0029003   -0.0095366
h    -0.8842526    0.0226387   -1.1653765  0.00   -0.0055591    0.0044448   -0.0003405
h     3.0680528    1.1317001    0.0627151  0.00    0.0021557   -0.0000236   -0.0000478
h     2.2026116    3.2986447    0.7775956  0.00    0.0041881   -0.0005198    0.0005791
h    -1.7045190    2.1604567   -0.3907874  0.00   -0.0026884   -0.0004190    0.0001917
c     1.7876428   -0.9336740   -1.0104548  0.00    0.1090545   -0.1584449    0.0210214
c     0.9033355   -2.0389831   -1.6522305  0.00    0.0534408    0.0337909    0.0199353
h     2.4384717   -1.2634512   -0.1945742  0.00    0.2175765   -0.3611049   -0.2265503
h     2.5179213   -0.6506933   -1.7999666  0.00    0.0004309   -0.0105004    0.0054697
c     1.8204083   -3.1646040   -2.1519555  0.00   -0.0116944   -0.0665715   -0.0666439
o     1.5755528   -3.7927577   -3.3205267  0.00    0.0169680    0.0413265    0.0519591
o     2.9958921   -3.3969606   -1.4563337  0.00   -0.0062452   -0.0081898    0.0061553
h     3.1344149   -2.5636936   -0.8800939  0.00   -0.3313902    0.5509901    0.1869983
n    -0.1681699   -2.5680774   -0.7349596  0.00   -0.0209374   -0.0332860    0.0307968
h     0.4331277   -1.6161793   -2.5851417  0.00   -0.0050514    0.0034135   -0.0093987
h    -1.0920719   -2.1703345   -1.0583332  0.00   -0.0149051    0.0056202   -0.0147632
h    -0.3152057   -3.5972071   -0.9101478  0.00   -0.0071798   -0.0050814   -0.0081322
    24
 Energy =       0.1881795687
c     1.4351309    2.5390733    0.4223358  0.00    0.0123885    0.0176451    0.0086814
c     0.1068376    2.7924719    0.2797994  0.00   -0.0003096    0.0234871    0.0085543
c    -0.7060718    1.8724469   -0.3120292  0.00   -0.0224258    0.0085417   -0.0011957
c     1.9481064    1.3435077    0.0043299  0.00    0.0182754   -0.0018162    0.0023718
c     1.1394043    0.3881656   -0.5745929  0.00    0.0043338   -0.0221324   -0.0054562
c    -0.1940781    0.6813543   -0.7540840  0.00   -0.0091941   -0.0115664   -0.0052856
o    -0.4304472    3.9827381    0.7468944  0.00   -0.0128362   -0.0052675    0.0028429
h    -0.8875228    3.8216637    1.6306393  0.00    0.0108661   -0.0027362   -0.0072988
h    -0.8696184    0.0007181   -1.2571235  0.00   -0.0057086    0.0030834   -0.0014540
h     3.0147434    1.1599728    0.1307615  0.00    0.0024384   -0.0000024    0.0000449
h     2.0797481    3.2850944    0.8815713  0.00    0.0043070    0.0004732    0.0010268
h    -1.7623777    2.0976958   -0.4385049  0.00   -0.0029042   -0.0003944    0.0000182
c     1.8147171   -0.8959534   -1.0525943  0.00    0.0926576   -0.1382120    0.0177405
c     0.9484872   -2.0386723   -1.6490443  0.00    0.0477619    0.0302002    0.0163211
h     2.5290371   -1.1912582   -0.2736411  0.00    0.1892636   -0.3119202   -0.1932682
h     2.4893066   -0.5741254   -1.8788016  0.00    0.0023056   -0.0080997    0.0029796
c     1.8914220   -3.1159149   -2.2025599  0.00   -0.0100880   -0.0537349   -0.0497162
o     1.6822084   -3.6579068   -3.4324368  0.00    0.0151518    0.0315529    0.0369230
o     3.0863626   -3.3397173   -1.5366676  0.00   -0.0040157   -0.0080931    0.0043570
h     3.2276979   -2.5164052   -0.9489389  0.00   -0.2849821    0.4750840    0.1610222
n    -0.0453462   -2.6082634   -0.6729358  0.00   -0.0161013   -0.0327385    0.0326568
h     0.4099504   -1.6364814   -2.5550754  0.00   -0.0056142    0.0046100   -0.0102401
h    -0.9947022   -2.1979487   -0.8995801  0.00   -0.0198228    0.0072534   -0.0141497
h    -0.1950577   -3.6310984   -0.8787239  0.00   -0.0057470   -0.0052172   -0.0074760
    24
 Energy =       0.1860481666
c     1.3438193    2.5200682    0.4863822  0.00    0.0118789    0.0176085    0.0086283
c     0.0112124    2.7419087    0.3339210  0.00    0.0000098    0.0222853    0.0081143
c    -0.7693487    1.8166155   -0.2927996  0.00   -0.0219319    0.0082737   -0.0011936
c     1.8933224    1.3496795    0.0443388  0.00    0.0179515   -0.0015598    0.0023227
c     1.1174314    0.3874035   -0.5679020  0.00    0.0030461   -0.0207759   -0.0052968
c    -0.2205900    0.6507598   -0.7592994  0.00   -0.0087802   -0.0117952   -0.0054789
o    -0.5644008    3.9044437    0.8284068  0.00   -0.0123133   -0.0031142    0.0024686
h    -1.0147611    3.7076939    1.7096375  0.00    0.0098172   -0.0028051   -0.0059164
h    -0.8696414   -0.0338821   -1.2934565  0.00   -0.0058160    0.0023586   -0.0019376
h     2.9639744    1.1939477    0.1762933  0.00    0.0027950   -0.0000778    0.0000584
h     1.9627685    3.2714543    0.9724546  0.00    0.0044141    0.0010332    0.0013165
h    -1.8295589    2.0182819   -0.4277819  0.00   -0.0031025   -0.0002894   -0.0000202
c     1.8369964   -0.8567849   -1.0910619  0.00    0.0852809   -0.1319051    0.0158444
c     1.0019482   -2.0336170   -1.6646893  0.00    0.0455831    0.0297236    0.0158193
h     2.6199531   -1.1079818   -0.3588115  0.00    0.1821785   -0.2975606   -0.1807739
h     2.4508490   -0.4899670   -1.9482041  0.00    0.0041499   -0.0063956    0.0006964
c     1.9743560   -3.0618897   -2.2599578  0.00   -0.0092277   -0.0475714   -0.0369506
o     1.8225229   -3.4991537   -3.5485107  0.00    0.0147804    0.0254830    0.0245579
o     3.1746572   -3.2757357   -1.6017974  0.00   -0.0031663   -0.0080707    0.0030435
h     3.3144229   -2.4475313   -1.0214027  0.00   -0.2696136    0.4504487    0.1527165
n     0.0625568   -2.6461846   -0.6617606  0.00   -0.0150632   -0.0330686    0.0337864
h     0.4176746   -1.6485365   -2.5505101  0.00   -0.0061392    0.0053695   -0.0106216
h    -0.9000382   -2.2361830   -0.8284416  0.00   -0.0214393    0.0080786   -0.0138029
h    -0.0821885   -3.6636524   -0.8960499  0.00   -0.0052922   -0.0056730   -0.0073805
    24
 Energy =       0.1611036373
c     1.3511035    2.4831774    0.5752402  0.00    0.0091171    0.0151034    0.0073967
c     0.0225234    2.7122477    0.4110846  0.00    0.0007784    0.0176557    0.0066132
c    -0.7443285    1.8210125   -0.2761451  0.00   -0.0182528    0.0055051   -0.0015071
c     1.9089975    1.3356515    0.0877056  0.00    0.0149804   -0.0009986    0.0021191
c     1.1445962    0.4066623   -0.5825603  0.00    0.0015850   -0.0182614   -0.0048959
c    -0.1877859    0.6805266   -0.7872352  0.00   -0.0071567   -0.0109347   -0.0049671
o    -0.5631129    3.8475095    0.9595243  0.00   -0.0095775   -0.0000992    0.0020082
h    -0.9911437    3.6133731    1.8455777  0.00    0.0067711   -0.0029287   -0.0029259
h    -0.8277751    0.0210100   -1.3627751  0.00   -0.0051256    0.0007002   -0.0022571
h     2.9751607    1.1676235    0.2366649  0.00    0.0023845    0.0001191    0.0002707
h     1.9583759    3.2100632    1.1122713  0.00    0.0039982    0.0020729    0.0021020
h    -1.8021120    2.0281860   -0.4184661  0.00   -0.0026991   -0.0005371    0.0000087
c     1.8603233   -0.8307059   -1.1248138  0.00    0.0624323   -0.1003930    0.0069961
c     1.0003859   -1.9671141   -1.7447084  0.00    0.0334583    0.0231876    0.0122684
h     2.5505918   -1.1792396   -0.3289497  0.00    0.1517752   -0.2449567   -0.1386936
h     2.5437655   -0.4623330   -1.9308847  0.00    0.0053338   -0.0029222   -0.0018860
c     1.9418373   -3.0196611   -2.3427802  0.00   -0.0044633   -0.0224661   -0.0053768
o     1.6637698   -3.6100350   -3.5668383  0.00    0.0077998    0.0067683   -0.0033891
o     3.1493544   -3.2767187   -1.7093230  0.00   -0.0012263   -0.0202835   -0.0112991
h     3.2657028   -2.5331272   -1.0096847  0.00   -0.2148528    0.3734642    0.1362664
n     0.0524386   -2.5691467   -0.7505485  0.00   -0.0112219   -0.0258367    0.0269250
h     0.4345566   -1.5526802   -2.6259384  0.00   -0.0051740    0.0047602   -0.0087143
h    -0.9100363   -2.1714451   -0.9279882  0.00   -0.0168246    0.0063918   -0.0107945
h    -0.0792510   -3.5936798   -0.9594313  0.00   -0.0038395   -0.0051106   -0.0062681
    24
 Energy =       0.1392865543
c     1.3505348    2.4530791    0.6106566  0.00    0.0075203    0.0102805    0.0051662
c     0.0341395    2.7071003    0.4027750  0.00    0.0005512    0.0121647    0.0045740
c    -0.7200745    1.8432341   -0.3265931  0.00   -0.0129873    0.0031326   -0.0012644
c     1.9089420    1.3110233    0.1193318  0.00    0.0108771    0.0001450    0.0018907
c     1.1557746    0.4114409   -0.5954902  0.00    0.0010888   -0.0127709   -0.0029638
c    -0.1630745    0.7085403   -0.8407846  0.00   -0.0058573   -0.0075134   -0.0035734
o    -0.5490410    3.8487604    0.9411064  0.00   -0.0064388    0.0000308    0.0011334
h    -0.9757552    3.6304563    1.8329664  0.00    0.0043850   -0.0020291   -0.0017698
h    -0.7907182    0.0690966   -1.4524833  0.00   -0.0040963    0.0001935   -0.0022898
h     2.9672885    1.1251516    0.2988933  0.00    0.0023010    0.0002426    0.0004034
h     1.9486170    3.1620734    1.1795698  0.00    0.0032475    0.0017909    0.0017093
h    -1.7681534    2.0715555   -0.5046286  0.00   -0.0027441   -0.0004157   -0.0002589
c     1.8671415   -0.8183616   -1.1561497  0.00    0.0453453   -0.0699317    0.0054011
c     0.9881943   -1.9630029   -1.7301189  0.00    0.0239168    0.0154592    0.0070449
h     2.5596076   -1.1907248   -0.3716846  0.00    0.1086007   -0.1774363   -0.0994948
h     2.5300874   -0.4531302   -1.9781994  0.00    0.0038249   -0.0019341   -0.0013507
c     1.8964670   -3.0282477   -2.3530251  0.00   -0.0011006   -0.0092974    0.0034791
o     1.5137283   -3.6875559   -3.5198202  0.00    0.0014823   -0.0007884   -0.0117407
o     3.1381010   -3.2919556   -1.7851693  0.00    0.0021560   -0.0156010   -0.0069889
h     3.2918827   -2.5813300   -1.0670277  0.00   -0.1540035    0.2679620    0.0984630
n     0.0955362   -2.5393173   -0.6797914  0.00   -0.0034510   -0.0182956    0.0220497
h     0.3841432   -1.5682823   -2.5910549  0.00   -0.0037856    0.0036341   -0.0069890
h    -0.8617647   -2.1010943   -0.7692351  0.00   -0.0180900    0.0061903   -0.0075795
h    -0.0836661   -3.5573523   -0.8850459  0.00   -0.0027421   -0.0052127   -0.0050512
    24
 Energy =       0.1242591463
c     1.3162312    2.4119586    0.6723990  0.00    0.0059295    0.0077323    0.0040408
c     0.0095791    2.6779950    0.4300472  0.00    0.0007180    0.0088479    0.0035068
c    -0.7223589    1.8420329   -0.3502542  0.00   -0.0095087    0.0014404   -0.0013764
c     1.8877693    1.2879480    0.1597426  0.00    0.0080438    0.0010920    0.0018973
c     1.1561244    0.4170907   -0.6079070  0.00   -0.0003163   -0.0093272   -0.0018118
c    -0.1525816    0.7251586   -0.8838510  0.00   -0.0045815   -0.0057847   -0.0030197
o    -0.5841217    3.8089064    0.9802334  0.00   -0.0040913    0.0003360    0.0008737
h    -1.0167945    3.5798091    1.8672445  0.00    0.0028505   -0.0013997   -0.0010473
h    -0.7614056    0.1051852   -1.5348188  0.00   -0.0034669   -0.0006768   -0.0024453
h     2.9401828    1.0952871    0.3629664  0.00    0.0019364    0.0004205    0.0004731
h     1.8973290    3.1015098    1.2812626  0.00    0.0028564    0.0019466    0.0017457
h    -1.7628150    2.0807935   -0.5552446  0.00   -0.0023238   -0.0004364   -0.0004086
c     1.8790853   -0.7869090   -1.2079119  0.00    0.0319206   -0.0496086    0.0042229
c     0.9985679   -1.9560790   -1.7270779  0.00    0.0174647    0.0099911    0.0032224
h     2.6150732   -1.1545974   -0.4575853  0.00    0.0791860   -0.1286649   -0.0704572
h     2.4895557   -0.4040658   -2.0620966  0.00    0.0036994   -0.0006911   -0.0022048
c     1.8849186   -3.0169170   -2.3864253  0.00   -0.0009884   -0.0038352    0.0041427
o     1.4287961   -3.7064930   -3.5097120  0.00   -0.0011998   -0.0025166   -0.0118710
o     3.1613228   -3.2742153   -1.8919244  0.00    0.0049812   -0.0120658   -0.0037742
h     3.3550898   -2.5867841   -1.1676144  0.00   -0.1102194    0.1923416    0.0709679
n     0.1765216   -2.5253569   -0.6223354  0.00    0.0033871   -0.0143394    0.0193988
h     0.3433585   -1.5882533   -2.5603172  0.00   -0.0033811    0.0031177   -0.0065541
h    -0.7653133   -2.0424397   -0.6104820  0.00   -0.0209776    0.0080217   -0.0047741
h    -0.0561769   -3.5304077   -0.8393401  0.00   -0.0019187   -0.0059414   -0.0047477
    24
 Energy =       0.1085190221
c     1.2884745    2.3420687    0.7746867  0.00    0.0043294    0.0053575    0.0032947
c    -0.0026901    2.6377662    0.4939945  0.00    0.0010027    0.0054283    0.0026506
c    -0.7116716    1.8527434   -0.3559280  0.00   -0.0061336   -0.0007051   -0.0020110
c     1.8686928    1.2425785    0.2237838  0.00    0.0052689    0.0023485    0.0023930
c     1.1591269    0.4246303   -0.6174235  0.00   -0.0018691   -0.0063364   -0.0013814
c    -0.1342171    0.7595730   -0.9238831  0.00   -0.0033532   -0.0042513   -0.0028568
o    -0.6009924    3.7531316    1.0715024  0.00   -0.0012908    0.0010920    0.0003912
h    -1.0486757    3.5019219    1.9461176  0.00    0.0010077   -0.0008712    0.0001545
h    -0.7245508    0.1751697   -1.6239231  0.00   -0.0028712   -0.0021121   -0.0024293
h     2.9108178    1.0285107    0.4549478  0.00    0.0016952    0.0007465    0.0007635
h     1.8520865    2.9937239    1.4400157  0.00    0.0027343    0.0024926    0.0022698
h    -1.7400527    2.1151782   -0.5892575  0.00   -0.0019077   -0.0005098   -0.0006803
c     1.8855162   -0.7498285   -1.2686775  0.00    0.0177705   -0.0276306    0.0020402
c     1.0022802   -1.9310351   -1.7493640  0.00    0.0098775    0.0050914    0.0003657
h     2.6469668   -1.1363719   -0.5505622  0.00    0.0470064   -0.0780639   -0.0405321
h     2.4523666   -0.3462639   -2.1413746  0.00    0.0024594   -0.0000674   -0.0018686
c     1.8555368   -2.9835073   -2.4641820  0.00   -0.0008941    0.0005201    0.0029694
o     1.3229489   -3.6762049   -3.5502895  0.00   -0.0023989   -0.0031065   -0.0089801
o     3.1573689   -3.2636655   -2.0491266  0.00    0.0058763   -0.0099848   -0.0032815
h     3.4054149   -2.6279598   -1.2995382  0.00   -0.0633375    0.1139257    0.0434111
n     0.2596955   -2.5037113   -0.5983921  0.00    0.0082659   -0.0090227    0.0137302
h     0.2941788   -1.5770908   -2.5409189  0.00   -0.0026269    0.0022337   -0.0051154
h    -0.6513359   -1.9785183   -0.4796936  0.00   -0.0195409    0.0089178   -0.0015759
h    -0.0293480   -3.4916821   -0.8235166  0.00   -0.0010699   -0.0054924   -0.0037215
    24
 Energy =       0.1007193881
c     1.2669695    2.2761930    0.8618735  0.00    0.0029604    0.0044649    0.0029973
c    -0.0139139    2.5964861    0.5655866  0.00    0.0011773    0.0037730    0.0022824
c    -0.7074348    1.8597519   -0.3376570  0.00   -0.0045139   -0.0011138   -0.0020024
c     1.8532232    1.2018950    0.2697178  0.00    0.0039621    0.0023374    0.0022750
c     1.1586046    0.4332259   -0.6274144  0.00   -0.0024643   -0.0050989   -0.0013568
c    -0.1245598    0.7915135   -0.9448415  0.00   -0.0022944   -0.0036132   -0.0027786
o    -0.6158246    3.6905978    1.1801575  0.00   -0.0001056    0.0021672   -0.0000909
h    -1.0792833    3.4071309    2.0374620  0.00   -0.0000021   -0.0009272    0.0012208
h    -0.7018715    0.2437469   -1.6842262  0.00   -0.0024827   -0.0025362   -0.0022523
h     2.8881352    0.9694451    0.5131972  0.00    0.0013214    0.0007700    0.0007418
h     1.8187420    2.8907717    1.5708781  0.00    0.0023910    0.0025555    0.0023972
h    -1.7275965    2.1419258   -0.5819120  0.00   -0.0014238   -0.0004667   -0.0006467
c     1.8856738   -0.7120101   -1.3280212  0.00    0.0105117   -0.0175488    0.0010270
c     1.0044251   -1.9102545   -1.7679540  0.00    0.0068275    0.0036831   -0.0009840
h     2.6874513   -1.0957311   -0.6501913  0.00    0.0318469   -0.0520296   -0.0250992
h     2.3986099   -0.2871140   -2.2239198  0.00    0.0023321    0.0005827   -0.0024757
c     1.8282667   -2.9452329   -2.5427433  0.00   -0.0013396    0.0016628    0.0016226
o     1.2365504   -3.6282618   -3.6031529  0.00   -0.0026187   -0.0029178   -0.0071247
o     3.1530231   -3.2323881   -2.2078797  0.00    0.0069126   -0.0086333   -0.0027923
h     3.4482299   -2.6339232   -1.4479269  0.00   -0.0401446    0.0745663    0.0291530
n     0.3428602   -2.4994010   -0.5789086  0.00    0.0080325   -0.0078629    0.0117589
h     0.2424824   -1.5694136   -2.5129379  0.00   -0.0029016    0.0019892   -0.0049313
h    -0.5394508   -1.9543963   -0.3727570  0.00   -0.0172219    0.0086591    0.0000741
h     0.0146258   -3.4734002   -0.8074314  0.00   -0.0007623   -0.0044626   -0.0030150
    24
 Energy =       0.0962148352
c     1.2693165    2.2035083    0.9470418  0.00    0.0029984    0.0039129    0.0032400
c     0.0035264    2.5652606    0.6332488  0.00    0.0011517    0.0030846    0.0024224
c    -0.6808099    1.8873498   -0.3221333  0.00   -0.0042290   -0.0015841   -0.0025606
c     1.8497207    1.1471040    0.3182523  0.00    0.0038710    0.0026843    0.0028786
c     1.1634603    0.4384225   -0.6336404  0.00   -0.0026189   -0.0048597   -0.0015801
c    -0.1036688    0.8376977   -0.9653449  0.00   -0.0023970   -0.0032191   -0.0030121
o    -0.5908801    3.6436205    1.2825728  0.00    0.0008247    0.0031082   -0.0008277
h    -1.0814898    3.3321165    2.1156015  0.00   -0.0007706   -0.0013210    0.0022202
h    -0.6709975    0.3382217   -1.7465232  0.00   -0.0028763   -0.0027610   -0.0027219
h     2.8731777    0.8817177    0.5768977  0.00    0.0016435    0.0008246    0.0010324
h     1.8145861    2.7722880    1.6987785  0.00    0.0026431    0.0027617    0.0029199
h    -1.6881599    2.2029981   -0.5794171  0.00   -0.0016883   -0.0004261   -0.0009057
c     1.8782743   -0.6871308   -1.3766843  0.00    0.0066107   -0.0120515    0.0004553
c     0.9885844   -1.8915172   -1.7819675  0.00    0.0052130    0.0034106   -0.0015372
h     2.7127107   -1.0717576   -0.7376833  0.00    0.0233817   -0.0371418   -0.0165272
h     2.3450690   -0.2484594   -2.2908279  0.00    0.0020831    0.0007651   -0.0026389
c     1.7714461   -2.9111513   -2.6199076  0.00   -0.0017120    0.0023231    0.0008370
o     1.1200705   -3.5750508   -3.6573405  0.00   -0.0030224   -0.0031788   -0.0066987
o     3.1129306   -3.2096726   -2.3666328  0.00    0.0079840   -0.0082750   -0.0029532
h     3.4563006   -2.6430500   -1.6041498  0.00   -0.0271287    0.0528710    0.0214847
n     0.4035889   -2.4982660   -0.5632164  0.00    0.0078159   -0.0072410    0.0108128
h     0.1789158   -1.5532946   -2.4755229  0.00   -0.0032903    0.0017368   -0.0049953
h    -0.4485928   -1.9401828   -0.2813153  0.00   -0.0157402    0.0084801    0.0012797
h     0.0408579   -3.4596155   -0.7910889  0.00   -0.0007469   -0.0039038   -0.0026247
    24
 Energy =       0.0951831279
c     1.3418677    2.1579598    0.9920122  0.00    0.0033484    0.0038357    0.0035504
c     0.0871240    2.5653454    0.6871855  0.00    0.0008942    0.0029372    0.0024108
c    -0.6176178    1.9302116   -0.2828670  0.00   -0.0046692   -0.0013562   -0.0026873
c     1.8903903    1.0983553    0.3391086  0.00    0.0043463    0.0024097    0.0030351
c     1.1827087    0.4329154   -0.6286108  0.00   -0.0021716   -0.0048888   -0.0016161
c    -0.0722081    0.8784234   -0.9502001  0.00   -0.0028308   -0.0031113   -0.0032839
o    -0.4743309    3.6471943    1.3606730  0.00    0.0003818    0.0038486   -0.0003672
h    -0.9748354    3.3323194    2.1864082  0.00   -0.0007268   -0.0013412    0.0020800
h    -0.6543133    0.4155243   -1.7432686  0.00   -0.0031561   -0.0027291   -0.0030127
h     2.9056241    0.7958402    0.5912729  0.00    0.0022178    0.0006276    0.0011959
h     1.9041478    2.6933006    1.7560469  0.00    0.0028338    0.0028467    0.0031729
h    -1.6152484    2.2823339   -0.5327314  0.00   -0.0022383   -0.0001968   -0.0010524
c     1.8598972   -0.6979780   -1.3994926  0.00    0.0061067   -0.0104649    0.0003145
c     0.9313877   -1.8762949   -1.8008064  0.00    0.0041209    0.0032799   -0.0008673
h     2.7016122   -1.1092073   -0.7837971  0.00    0.0215224   -0.0331552   -0.0141612
h     2.3156337   -0.2577197   -2.3180629  0.00    0.0019011    0.0006677   -0.0024638
c     1.6618850   -2.8991780   -2.6832710  0.00   -0.0018082    0.0024818    0.0009631
o     0.9613174   -3.5276743   -3.7118327  0.00   -0.0038006   -0.0039707   -0.0077505
o     3.0024641   -3.2369527   -2.4782152  0.00    0.0089011   -0.0088879   -0.0034948
h     3.3804305   -2.6972787   -1.7132652  0.00   -0.0235939    0.0476708    0.0200599
n     0.3702426   -2.4907236   -0.5754293  0.00    0.0077783   -0.0064517    0.0101328
h     0.1079843   -1.5092916   -2.4628535  0.00   -0.0036603    0.0017152   -0.0050631
h    -0.4645039   -1.9229296   -0.2639163  0.00   -0.0148933    0.0081247    0.0014172
h    -0.0137217   -3.4433385   -0.8050896  0.00   -0.0008036   -0.0038918   -0.0025125
    24
 Energy =       0.0937437718
c     1.2393726    2.1634704    0.9911086  0.00    0.0033919    0.0038384    0.0037829
c    -0.0133523    2.5500065    0.6511488  0.00    0.0008351    0.0028503    0.0022726
c    -0.6778233    1.9072299   -0.3425701  0.00   -0.0049022   -0.0010700   -0.0026684
c     1.8263308    1.1175540    0.3495031  0.00    0.0045904    0.0021204    0.0030283
c     1.1597293    0.4454923   -0.6425021  0.00   -0.0018633   -0.0047202   -0.0018303
c    -0.0933712    0.8688254   -0.9989530  0.00   -0.0028927   -0.0030332   -0.0034839
o    -0.6137202    3.6187796    1.3127763  0.00    0.0002386    0.0043458   -0.0002230
h    -1.1335885    3.2918425    2.1219642  0.00   -0.0010180   -0.0012635    0.0024238
h    -0.6410426    0.3984155   -1.8128281  0.00   -0.0032854   -0.0026856   -0.0033077
h     2.8392438    0.8318612    0.6304017  0.00    0.0025360    0.0004796    0.0012744
h     1.7694677    2.7046626    1.7740011  0.00    0.0028984    0.0028932    0.0033454
h    -1.6740590    2.2430187   -0.6201612  0.00   -0.0025026   -0.0000337   -0.0011078
c     1.8776670   -0.6685521   -1.3997846  0.00    0.0059443   -0.0083803   -0.0002057
c     0.9959597   -1.8911877   -1.7709928  0.00    0.0034706    0.0024901   -0.0010287
h     2.7352214   -1.0387245   -0.7822183  0.00    0.0195850   -0.0297544   -0.0120476
h     2.3107977   -0.2258040   -2.3279806  0.00    0.0018037    0.0009716   -0.0023282
c     1.7606509   -2.8964963   -2.6447961  0.00   -0.0023300    0.0021989    0.0011941
o     1.0759045   -3.5638421   -3.6596088  0.00   -0.0041975   -0.0039570   -0.0076944
o     3.1168766   -3.1800338   -2.4488672  0.00    0.0095471   -0.0084432   -0.0030470
h     3.4911777   -2.6184700   -1.6970712  0.00   -0.0201571    0.0423289    0.0180578
n     0.4762348   -2.5103929   -0.5304097  0.00    0.0068972   -0.0068340    0.0095716
h     0.1481957   -1.5681292   -2.4260222  0.00   -0.0041740    0.0018097   -0.0051523
h    -0.3550939   -1.9512770   -0.1973562  0.00   -0.0136017    0.0073908    0.0014084
h     0.0971584   -3.4670920   -0.7497844  0.00   -0.0008137   -0.0035426   -0.0022344
    24
 Energy =       0.0912482286
c     1.1400633    2.1251871    1.0308157  0.00    0.0033121    0.0034785    0.0038863
c    -0.0988803    2.5162595    0.6479607  0.00    0.0009071    0.0026500    0.0022879
c    -0.7168584    1.8995539   -0.3917679  0.00   -0.0046458   -0.0012409   -0.0029741
c     1.7597479    1.1013049    0.3852628  0.00    0.0043988    0.0023372    0.0034339
c     1.1403265    0.4577555   -0.6550379  0.00   -0.0020129   -0.0044385   -0.0023637
c    -0.0986289    0.8837714   -1.0524874  0.00   -0.0027261   -0.0028035   -0.0034762
o    -0.7318097    3.5640376    1.3127354  0.00    0.0013393    0.0045786   -0.0012405
h    -1.2867317    3.2136470    2.0893354  0.00   -0.0020329   -0.0015732    0.0036515
h    -0.6046338    0.4339345   -1.9054272  0.00   -0.0033654   -0.0025125   -0.0038249
h     2.7608645    0.8113829    0.7020277  0.00    0.0025814    0.0005438    0.0014733
h     1.6334028    2.6456822    1.8511349  0.00    0.0029620    0.0028879    0.0036345
h    -1.7018810    2.2391788   -0.7026589  0.00   -0.0024576   -0.0000466   -0.0012248
c     1.8894317   -0.6307344   -1.4159402  0.00    0.0047023   -0.0053308   -0.0009665
c     1.0493903   -1.8931212   -1.7446733  0.00    0.0034208    0.0022620   -0.0027877
h     2.7734323   -0.9618142   -0.8152751  0.00    0.0153978   -0.0233170   -0.0085468
h     2.2814618   -0.1814062   -2.3592723  0.00    0.0016560    0.0014323   -0.0023076
c     1.8189086   -2.8653183   -2.6506798  0.00   -0.0033147    0.0020296    0.0006814
o     1.1183766   -3.5559353   -3.6375408  0.00   -0.0040296   -0.0030532   -0.0061607
o     3.1939192   -3.0976005   -2.5148902  0.00    0.0105829   -0.0071225   -0.0020581
h     3.5897911   -2.5283255   -1.7807161  0.00   -0.0141581    0.0319662    0.0136663
n     0.6161515   -2.5324486   -0.4805786  0.00    0.0058569   -0.0087556    0.0098489
h     0.1557818   -1.6096921   -2.3568202  0.00   -0.0049712    0.0018559   -0.0051925
h    -0.1963408   -1.9847551   -0.0885177  0.00   -0.0125809    0.0068574    0.0022324
h     0.2326524   -3.4893871   -0.6879918  0.00   -0.0008223   -0.0026851   -0.0016724
    24
 Energy =       0.0890794578
c     1.0667824    2.0624042    1.0946993  0.00    0.0032580    0.0029689    0.0039356
c    -0.1526066    2.4765449    0.6749367  0.00    0.0008869    0.0023873    0.0024379
c    -0.7295917    1.9045780   -0.4132059  0.00   -0.0042461   -0.0015854   -0.0034842
c     1.7078986    1.0606310    0.4364687  0.00    0.0040533    0.0026682    0.0040839
c     1.1302518    0.4651169   -0.6551426  0.00   -0.0022299   -0.0041865   -0.0029906
c    -0.0888491    0.9120371   -1.0867013  0.00   -0.0026275   -0.0025531   -0.0034412
o    -0.8064463    3.5030293    1.3519271  0.00    0.0027125    0.0047418   -0.0023855
h    -1.3993691    3.1278407    2.0890235  0.00   -0.0030398   -0.0021204    0.0046966
h    -0.5577146    0.4974024   -1.9789847  0.00   -0.0032721   -0.0023092   -0.0042754
h     2.6924721    0.7506706    0.7845266  0.00    0.0025239    0.0006473    0.0017523
h     1.5276764    2.5472621    1.9550039  0.00    0.0030004    0.0028236    0.0039702
h    -1.6987599    2.2622567   -0.7520760  0.00   -0.0023162   -0.0001190   -0.0013823
c     1.8971910   -0.5989762   -1.4288550  0.00    0.0030799   -0.0033261   -0.0013043
c     1.0828729   -1.8825286   -1.7319728  0.00    0.0030211    0.0033125   -0.0040626
h     2.8021322   -0.9070096   -0.8483871  0.00    0.0111651   -0.0170610   -0.0055285
h     2.2545252   -0.1405313   -2.3812282  0.00    0.0013209    0.0013815   -0.0020138
c     1.8291953   -2.8157382   -2.6978515  0.00   -0.0045736    0.0021472   -0.0001095
o     1.0906837   -3.5153712   -3.6493647  0.00   -0.0041099   -0.0026170   -0.0051515
o     3.2185528   -3.0063957   -2.6530231  0.00    0.0126994   -0.0065542   -0.0019938
h     3.6506105   -2.4380123   -1.9394692  0.00   -0.0086735    0.0228006    0.0098060
n     0.7440826   -2.5547533   -0.4553971  0.00    0.0057390   -0.0102959    0.0100491
h     0.1446895   -1.6183336   -2.2838528  0.00   -0.0055119    0.0019807   -0.0049238
h    -0.0414060   -2.0219811    0.0062839  0.00   -0.0121140    0.0067594    0.0035054
h     0.3530642   -3.5089859   -0.6583603  0.00   -0.0007461   -0.0018911   -0.0011900
    24
 Energy =       0.0882024799
c     1.0216855    2.0083560    1.1537650  0.00    0.0027944    0.0026375    0.0036287
c    -0.1855964    2.4388652    0.7168007  0.00    0.0008565    0.0020437    0.0023057
c    -0.7369797    1.9011689   -0.4011235  0.00   -0.0036873   -0.0015195   -0.0033003
c     1.6764535    1.0248432    0.4820190  0.00    0.0035216    0.0024660    0.0038856
c     1.1251125    0.4656569   -0.6410523  0.00   -0.0020893   -0.0036662   -0.0029865
c    -0.0820564    0.9275722   -1.0878899  0.00   -0.0022440   -0.0023415   -0.0031836
o    -0.8526696    3.4475639    1.4071109  0.00    0.0028382    0.0044771   -0.0023442
h    -1.4664944    3.0536865    2.1167061  0.00   -0.0030436   -0.0021069    0.0045108
h    -0.5285815    0.5397158   -2.0032736  0.00   -0.0028613   -0.0021087   -0.0040075
h     2.6508192    0.7007375    0.8446840  0.00    0.0021690    0.0006197    0.0016366
h     1.4621556    2.4658652    2.0389023  0.00    0.0026922    0.0025686    0.0037474
h    -1.6965143    2.2715157   -0.7525768  0.00   -0.0019694   -0.0001456   -0.0012663
c     1.9048072   -0.5774209   -1.4286478  0.00    0.0021208   -0.0024016   -0.0011878
c     1.1051108   -1.8666686   -1.7412024  0.00    0.0019043    0.0035965   -0.0038526
h     2.8147715   -0.8820903   -0.8549615  0.00    0.0084151   -0.0131892   -0.0037856
h     2.2517104   -0.1033966   -2.3768181  0.00    0.0010743    0.0011454   -0.0016874
c     1.8325096   -2.7647071   -2.7548597  0.00   -0.0056299    0.0019165   -0.0003732
o     1.0671779   -3.4784428   -3.6738133  0.00   -0.0042740   -0.0023747   -0.0045416
o     3.2288119   -2.9124397   -2.7867733  0.00    0.0138226   -0.0061869   -0.0022171
h     3.6881713   -2.3350744   -2.0982223  0.00   -0.0054355    0.0177484    0.0075934
n     0.8181876   -2.5755827   -0.4726123  0.00    0.0053431   -0.0097458    0.0090352
h     0.1454668   -1.6045244   -2.2542923  0.00   -0.0049098    0.0019480   -0.0042246
h     0.0510262   -2.0587121    0.0341193  0.00   -0.0107954    0.0062281    0.0036051
h     0.4228527   -3.5253306   -0.6869910  0.00   -0.0006126   -0.0016088   -0.0009903
    24
 Energy =       0.0881876906
c     1.0055308    1.9736956    1.1937108  0.00    0.0025440    0.0024969    0.0034319
c    -0.1974111    2.4129263    0.7540109  0.00    0.0008281    0.0018786    0.0021922
c    -0.7395599    1.8949333   -0.3772290  0.00   -0.0034172   -0.0014224   -0.0031030
c     1.6653036    1.0012925    0.5108881  0.00    0.0032654    0.0022947    0.0036585
c     1.1234537    0.4624778   -0.6261499  0.00   -0.0019483   -0.0033742   -0.0028323
c    -0.0794762    0.9328106   -1.0748891  0.00   -0.0020418   -0.0022219   -0.0030155
o    -0.8692158    3.4107552    1.4553106  0.00    0.0026927    0.0042760   -0.0021586
h    -1.4898077    3.0061257    2.1525865  0.00   -0.0028888   -0.0020062    0.0042429
h    -0.5180738    0.5610449   -2.0004709  0.00   -0.0026528   -0.0019927   -0.0037933
h     2.6361631    0.6699837    0.8759595  0.00    0.0019862    0.0005845    0.0015285
h     1.4386619    2.4156224    2.0899801  0.00    0.0025024    0.0024161    0.0035493
h    -1.6956185    2.2721707   -0.7303588  0.00   -0.0018042   -0.0001438   -0.0011801
c     1.9088345   -0.5666871   -1.4258766  0.00    0.0017888   -0.0020276   -0.0010309
c     1.1138290   -1.8533716   -1.7592687  0.00    0.0013770    0.0034471   -0.0037008
h     2.8171060   -0.8786982   -0.8531836  0.00    0.0074476   -0.0117467   -0.0030975
h     2.2570340   -0.0776646   -2.3658522  0.00    0.0010184    0.0010896   -0.0016486
c     1.8342381   -2.7295865   -2.7972806  0.00   -0.0059713    0.0017596   -0.0004162
o     1.0590013   -3.4578891   -3.6961092  0.00   -0.0043124   -0.0022646   -0.0042596
o     3.2324491   -2.8450562   -2.8721113  0.00    0.0138734   -0.0059881   -0.0023384
h     3.7035497   -2.2542055   -2.2032912  0.00   -0.0042397    0.0160058    0.0068445
n     0.8404143   -2.5881411   -0.5029860  0.00    0.0050466   -0.0090953    0.0085422
h     0.1489727   -1.5860178   -2.2585296  0.00   -0.0044904    0.0018407   -0.0038953
h     0.0796206   -2.0818435    0.0225847  0.00   -0.0099989    0.0058420    0.0034316
h     0.4429383   -3.5335208   -0.7324471  0.00   -0.0006047   -0.0016478   -0.0009513
    24
 Energy =       0.0885189537
c     0.9938617    1.9245232    1.2507790  0.00    0.0022799    0.0024673    0.0033580
c    -0.2062115    2.3743852    0.8144990  0.00    0.0008332    0.0017301    0.0021408
c    -0.7419534    1.8825017   -0.3310581  0.00   -0.0032294   -0.0013075   -0.0029387
c     1.6573434    0.9677098    0.5495820  0.00    0.0030910    0.0021148    0.0034790
c     1.1220993    0.4555098   -0.6024547  0.00   -0.0017944   -0.0030827   -0.0027058
c    -0.0780788    0.9364522   -1.0468381  0.00   -0.0018307   -0.0021793   -0.0029537
o    -0.8812909    3.3569614    1.5340604  0.00    0.0025376    0.0042805   -0.0019031
h    -1.5060919    2.9376932    2.2186202  0.00   -0.0027919   -0.0019548    0.0040410
h    -0.5111718    0.5866652   -1.9833087  0.00   -0.0024921   -0.0019228   -0.0036996
h     2.6260928    0.6279052    0.9120286  0.00    0.0018304    0.0005487    0.0014377
h     1.4219449    2.3459313    2.1590698  0.00    0.0023438    0.0023265    0.0034515
h    -1.6956621    2.2682874   -0.6809116  0.00   -0.0016697   -0.0001347   -0.0011080
c     1.9128012   -0.5532618   -1.4227844  0.00    0.0013749   -0.0014634   -0.0007302
c     1.1212407   -1.8319160   -1.7938512  0.00    0.0005845    0.0032705   -0.0038536
h     2.8167432   -0.8819434   -0.8516042  0.00    0.0065143   -0.0103469   -0.0021029
h     2.2659477   -0.0396258   -2.3478826  0.00    0.0010573    0.0011626   -0.0018522
c     1.8369391   -2.6790615   -2.8600502  0.00   -0.0070809    0.0015969   -0.0004541
o     1.0545446   -3.4317465   -3.7323885  0.00   -0.0047804   -0.0023075   -0.0040965
o     3.2359033   -2.7463700   -2.9883979  0.00    0.0149011   -0.0061288   -0.0028977
h     3.7175323   -2.1311855   -2.3490921  0.00   -0.0024352    0.0146010    0.0062174
n     0.8523426   -2.6029421   -0.5586147  0.00    0.0048798   -0.0085052    0.0085269
h     0.1547477   -1.5530993   -2.2822930  0.00   -0.0040910    0.0017299   -0.0036703
h     0.0957682   -2.1111346   -0.0144283  0.00   -0.0093087    0.0055312    0.0033240
h     0.4525455   -3.5410823   -0.8136833  0.00   -0.0007235   -0.0020265   -0.0010098
    24
 Energy =       0.0894866738
c     1.0021233    1.8708624    1.3151283  0.00    0.0021556    0.0025804    0.0034887
c    -0.2012335    2.3282548    0.8960627  0.00    0.0008236    0.0016889    0.0021321
c    -0.7428499    1.8606269   -0.2567590  0.00   -0.0033110   -0.0011325   -0.0028242
c     1.6632383    0.9307876    0.5888498  0.00    0.0031790    0.0019163    0.0033633
c     1.1220443    0.4425587   -0.5708315  0.00   -0.0015650   -0.0028543   -0.0025374
c    -0.0814912    0.9318297   -0.9974001  0.00   -0.0017501   -0.0021969   -0.0030450
o    -0.8733019    3.2946009    1.6404854  0.00    0.0023372    0.0045928   -0.0016430
h    -1.4928883    2.8603166    2.3204205  0.00   -0.0028206   -0.0019671    0.0040261
h    -0.5195551    0.6041062   -1.9393094  0.00   -0.0024893   -0.0018669   -0.0038011
h     2.6353085    0.5856904    0.9372484  0.00    0.0018721    0.0004783    0.0014128
h     1.4350381    2.2735483    2.2296122  0.00    0.0022945    0.0023394    0.0034960
h    -1.6990032    2.2528631   -0.5926317  0.00   -0.0017178   -0.0000729   -0.0010924
c     1.9136596   -0.5422523   -1.4202012  0.00    0.0010948   -0.0006528   -0.0002076
c     1.1201184   -1.8027767   -1.8488485  0.00    0.0000110    0.0029670   -0.0048658
h     2.8083588   -0.9020355   -0.8507938  0.00    0.0062149   -0.0097238   -0.0009030
h     2.2787799    0.0049095   -2.3219279  0.00    0.0012952    0.0015436   -0.0025304
c     1.8409244   -2.6212847   -2.9354156  0.00   -0.0086150    0.0015739   -0.0005020
o     1.0622257   -3.4065487   -3.7827001  0.00   -0.0056596   -0.0026391   -0.0042119
o     3.2386025   -2.6318321   -3.1103041  0.00    0.0162945   -0.0069654   -0.0040476
h     3.7215347   -1.9796475   -2.5078452  0.00   -0.0002889    0.0147201    0.0062905
n     0.8286484   -2.6137027   -0.6436584  0.00    0.0049445   -0.0082304    0.0097768
h     0.1625271   -1.5024357   -2.3414576  0.00   -0.0040646    0.0015671   -0.0038742
h     0.0677982   -2.1360485   -0.0932422  0.00   -0.0090832    0.0053471    0.0033622
h     0.4273310   -3.5412337   -0.9354835  0.00   -0.0011520   -0.0030129   -0.0012628
    24
 Energy =       0.0879588628
c     0.9680639    1.9170613    1.2557714  0.00    0.0022591    0.0025758    0.0036720
c    -0.2227094    2.3764106    0.8026616  0.00    0.0006381    0.0017373    0.0019917
c    -0.7413066    1.8955823   -0.3555739  0.00   -0.0036318   -0.0008039   -0.0027285
c     1.6392323    0.9617922    0.5586893  0.00    0.0034898    0.0015756    0.0032347
c     1.1213705    0.4615392   -0.6063817  0.00   -0.0011125   -0.0025578   -0.0022115
c    -0.0693427    0.9512203   -1.0672017  0.00   -0.0019079   -0.0020322   -0.0031529
o    -0.9057051    3.3570849    1.5184521  0.00    0.0021470    0.0050148   -0.0016013
h    -1.5450323    2.9357936    2.1884616  0.00   -0.0030642   -0.0020318    0.0042277
h    -0.4875588    0.6087979   -2.0136204  0.00   -0.0025459   -0.0016577   -0.0039609
h     2.5999767    0.6134564    0.9352376  0.00    0.0022255    0.0002826    0.0014913
h     1.3824963    2.3293633    2.1745400  0.00    0.0023065    0.0023064    0.0035408
h    -1.6876099    2.2885606   -0.7183919  0.00   -0.0020235    0.0001084   -0.0011614
c     1.9181245   -0.5481050   -1.4206381  0.00    0.0011658    0.0004782    0.0003080
c     1.1320998   -1.8373406   -1.7783181  0.00    0.0000417    0.0023831   -0.0067197
h     2.8260838   -0.8644942   -0.8471791  0.00    0.0062163   -0.0090477    0.0005152
h     2.2661022   -0.0393020   -2.3525918  0.00    0.0015954    0.0020910   -0.0035326
c     1.8355258   -2.6776212   -2.8583318  0.00   -0.0094655    0.0018202   -0.0006672
o     1.0410364   -3.4274679   -3.7236264  0.00   -0.0064076   -0.0030305   -0.0044168
o     3.2352174   -2.7442054   -3.0039670  0.00    0.0162423   -0.0082484   -0.0056299
h     3.7292874   -2.1384006   -2.3608577  0.00    0.0021447    0.0151988    0.0071443
n     0.8926830   -2.6125890   -0.5372247  0.00    0.0051304   -0.0080571    0.0119610
h     0.1533612   -1.5679744   -2.2492126  0.00   -0.0045674    0.0012373   -0.0044000
h     0.1463869   -2.1250667    0.0243040  0.00   -0.0090239    0.0049976    0.0035818
h     0.4901545   -3.5529386   -0.7860035  0.00   -0.0018522   -0.0043401   -0.0014858
    24
 Energy =       0.0862005194
c     0.9319956    1.9502204    1.2021584  0.00    0.0021977    0.0024173    0.0035648
c    -0.2502726    2.4066915    0.7239727  0.00    0.0005214    0.0016674    0.0018215
c    -0.7484687    1.9166792   -0.4393090  0.00   -0.0035872   -0.0006190   -0.0025696
c     1.6151188    0.9891043    0.5251596  0.00    0.0034460    0.0013497    0.0030307
c     1.1184152    0.4815924   -0.6454442  0.00   -0.0007869   -0.0021780   -0.0019095
c    -0.0644127    0.9658039   -1.1306095  0.00   -0.0018773   -0.0017952   -0.0030320
o    -0.9459612    3.3926461    1.4200624  0.00    0.0018934    0.0048759   -0.0014306
h    -1.5973924    2.9764165    2.0812625  0.00   -0.0029515   -0.0019054    0.0040262
h    -0.4658808    0.6106726   -2.0800099  0.00   -0.0024118   -0.0015219   -0.0038992
h     2.5675866    0.6411125    0.9226555  0.00    0.0022725    0.0001880    0.0014743
h     1.3295565    2.3686139    2.1253795  0.00    0.0021999    0.0021685    0.0033958
h    -1.6886269    2.3061572   -0.8214655  0.00   -0.0020509    0.0001831   -0.0011394
c     1.9208695   -0.5424001   -1.4342815  0.00    0.0009252    0.0019091    0.0006672
c     1.1487833   -1.8602700   -1.7174673  0.00   -0.0001892    0.0016583   -0.0083614
h     2.8497377   -0.8094413   -0.8699233  0.00    0.0062211   -0.0077069    0.0021385
h     2.2388485   -0.0675026   -2.3956693  0.00    0.0018482    0.0025900   -0.0044316
c     1.8385745   -2.7213050   -2.7878736  0.00   -0.0102171    0.0021580   -0.0007111
o     1.0346362   -3.4287044   -3.6806672  0.00   -0.0073424   -0.0034555   -0.0046876
o     3.2377370   -2.8481914   -2.8930319  0.00    0.0157868   -0.0094688   -0.0074699
h     3.7338545   -2.2956946   -2.2021046  0.00    0.0050045    0.0151269    0.0083850
n     0.9652637   -2.5969737   -0.4426080  0.00    0.0052554   -0.0075692    0.0137926
h     0.1494477   -1.6242356   -2.1648498  0.00   -0.0050292    0.0010409   -0.0047422
h     0.2339998   -2.1001824    0.1299332  0.00   -0.0086231    0.0044611    0.0036731
h     0.5645280   -3.5496526   -0.6462717  0.00   -0.0025058   -0.0055744   -0.0015855
    24
 Energy =       0.0843177389
c     0.8960147    1.9657081    1.1587882  0.00    0.0019697    0.0021260    0.0031903
c    -0.2807110    2.4193111    0.6645566  0.00    0.0004402    0.0014794    0.0015901
c    -0.7617238    1.9281357   -0.5050434  0.00   -0.0032297   -0.0005142   -0.0023003
c     1.5913090    1.0072822    0.4909319  0.00    0.0030875    0.0011691    0.0027152
c     1.1129623    0.5014681   -0.6870506  0.00   -0.0005827   -0.0018272   -0.0016289
c    -0.0657933    0.9790676   -1.1864638  0.00   -0.0016826   -0.0015162   -0.0027155
o    -0.9890070    3.4023714    1.3515731  0.00    0.0016262    0.0043451   -0.0012162
h    -1.6466637    2.9838236    2.0045160  0.00   -0.0026194   -0.0016677    0.0035627
h    -0.4539126    0.6168096   -2.1387472  0.00   -0.0020924   -0.0014128   -0.0035497
h     2.5377597    0.6591521    0.9019825  0.00    0.0020627    0.0001618    0.0013615
h     1.2788354    2.3834822    2.0879975  0.00    0.0019673    0.0019255    0.0030526
h    -1.6984463    2.3137079   -0.8988880  0.00   -0.0018541    0.0001879   -0.0010225
c     1.9201055   -0.5271288   -1.4623459  0.00    0.0003328    0.0032479    0.0009525
c     1.1685440   -1.8720573   -1.6691621  0.00   -0.0007263    0.0009025   -0.0094712
h     2.8765600   -0.7421659   -0.9224292  0.00    0.0064352   -0.0059114    0.0034989
h     2.1947093   -0.0813519   -2.4517949  0.00    0.0020066    0.0031114   -0.0052563
c     1.8504573   -2.7534745   -2.7252012  0.00   -0.0104682    0.0024255   -0.0006332
o     1.0464769   -3.4172139   -3.6514594  0.00   -0.0080665   -0.0036979   -0.0048579
o     3.2453874   -2.9390872   -2.7814148  0.00    0.0150036   -0.0099433   -0.0087278
h     3.7318614   -2.4382476   -2.0433514  0.00    0.0072157    0.0139097    0.0093858
n     1.0416287   -2.5663749   -0.3633219  0.00    0.0052671   -0.0066669    0.0148654
h     0.1505414   -1.6715621   -2.0931199  0.00   -0.0052815    0.0009576   -0.0048219
h     0.3253319   -2.0600555    0.2186456  0.00   -0.0078015    0.0037581    0.0035684
h     0.6457107   -3.5304431   -0.5202002  0.00   -0.0030098   -0.0065499   -0.0015421
    24
 Energy =       0.0822504897
c     0.8556937    1.9598034    1.1269623  0.00    0.0015589    0.0017076    0.0025853
c    -0.3141840    2.4169850    0.6204462  0.00    0.0003672    0.0011666    0.0012768
c    -0.7767213    1.9381066   -0.5609181  0.00   -0.0025972   -0.0004511   -0.0019423
c     1.5634594    1.0115213    0.4584336  0.00    0.0024308    0.0009527    0.0023064
c     1.1050752    0.5219001   -0.7328253  0.00   -0.0005194   -0.0015273   -0.0014555
c    -0.0690000    0.9980328   -1.2416807  0.00   -0.0013261   -0.0012188   -0.0022498
o    -1.0352563    3.3897783    1.3080618  0.00    0.0013530    0.0035117   -0.0009462
h    -1.6986115    2.9622281    1.9484522  0.00   -0.0021418   -0.0013439    0.0028835
h    -0.4434579    0.6382117   -2.1999608  0.00   -0.0015558   -0.0012911   -0.0028772
h     2.5025534    0.6570500    0.8799237  0.00    0.0016453    0.0001655    0.0011830
h     1.2223368    2.3657681    2.0671392  0.00    0.0016059    0.0015824    0.0025550
h    -1.7092521    2.3243447   -0.9629200  0.00   -0.0014571    0.0001456   -0.0008161
c     1.9151042   -0.5046832   -1.5038252  0.00   -0.0005494    0.0042031    0.0012338
c     1.1916714   -1.8749341   -1.6287591  0.00   -0.0013371    0.0001238   -0.0098224
h     2.9037302   -0.6649119   -1.0036051  0.00    0.0068301   -0.0038040    0.0041329
h     2.1333325   -0.0875712   -2.5203907  0.00    0.0019736    0.0035638   -0.0059267
c     1.8690755   -2.7752897   -2.6677335  0.00   -0.0094791    0.0026094   -0.0002581
o     1.0743307   -3.3908530   -3.6344817  0.00   -0.0083590   -0.0037057   -0.0049172
o     3.2545625   -3.0190667   -2.6681028  0.00    0.0132432   -0.0092205   -0.0088611
h     3.7203480   -2.5680047   -1.8845983  0.00    0.0081502    0.0113500    0.0097846
n     1.1282556   -2.5217125   -0.2943170  0.00    0.0050551   -0.0051749    0.0147149
h     0.1551407   -1.7142548   -2.0248806  0.00   -0.0052384    0.0009167   -0.0045109
h     0.4298645   -2.0052830    0.2986278  0.00   -0.0063722    0.0027812    0.0032211
h     0.7398869   -3.4960083   -0.4000502  0.00   -0.0032807   -0.0070426   -0.0012939
    24
 Energy =       0.0800687749
c     0.8007089    1.9268620    1.1081236  0.00    0.0011315    0.0011574    0.0019764
c    -0.3542556    2.4020284    0.5846854  0.00    0.0002771    0.0007836    0.0010025
c    -0.7884485    1.9564414   -0.6196017  0.00   -0.0018381   -0.0005336   -0.0018719
c     1.5228049    0.9955938    0.4319424  0.00    0.0015904    0.0006577    0.0021090
c     1.0943264    0.5437763   -0.7836957  0.00   -0.0006528   -0.0012423   -0.0018073
c    -0.0675375    1.0316287   -1.3059182  0.00   -0.0009661   -0.0009531   -0.0018540
o    -1.0902379    3.3573061    1.2800228  0.00    0.0012783    0.0025436   -0.0006720
h    -1.7660241    2.9143917    1.8956361  0.00   -0.0016962   -0.0010664    0.0021313
h    -0.4215096    0.6894592   -2.2777488  0.00   -0.0008902   -0.0011838   -0.0020539
h     2.4474979    0.6215941    0.8674636  0.00    0.0011852    0.0001443    0.0010983
h     1.1429258    2.3036263    2.0688576  0.00    0.0012463    0.0012207    0.0022241
h    -1.7105889    2.3541909   -1.0329440  0.00   -0.0009620    0.0000588   -0.0006384
c     1.9061331   -0.4778275   -1.5542129  0.00   -0.0012254    0.0042458    0.0013852
c     1.2210626   -1.8706955   -1.5887393  0.00   -0.0014947   -0.0005273   -0.0089534
h     2.9267287   -0.5800410   -1.1057353  0.00    0.0066848   -0.0017988    0.0033912
h     2.0581788   -0.0949220   -2.5959422  0.00    0.0015192    0.0035007   -0.0057506
c     1.8935843   -2.7860208   -2.6124037  0.00   -0.0061132    0.0027911    0.0009403
o     1.1178234   -3.3381641   -3.6312777  0.00   -0.0081119   -0.0034939   -0.0051613
o     3.2616467   -3.0927304   -2.5516435  0.00    0.0097995   -0.0065561   -0.0068207
h     3.6974396   -2.6910784   -1.7258452  0.00    0.0067802    0.0074336    0.0086151
n     1.2371011   -2.4637124   -0.2295213  0.00    0.0044632   -0.0030089    0.0124360
h     0.1645078   -1.7564392   -1.9454402  0.00   -0.0047587    0.0008431   -0.0035482
h     0.5629578   -1.9371386    0.3796627  0.00   -0.0041504    0.0015090    0.0025569
h     0.8611121   -3.4469719   -0.2767272  0.00   -0.0030963   -0.0065251   -0.0007343
    24
 Energy =       0.0783921212
c     0.7270766    1.8794481    1.0926802  0.00    0.0010094    0.0003584    0.0014754
c    -0.4020003    2.3865072    0.5431919  0.00    0.0000577    0.0004689    0.0007671
c    -0.7946155    1.9893352   -0.6914037  0.00   -0.0011527   -0.0006227   -0.0021076
c     1.4653440    0.9660480    0.4108727  0.00    0.0008269    0.0000578    0.0019353
c     1.0789251    0.5648281   -0.8348922  0.00   -0.0004175   -0.0004591   -0.0020268
c    -0.0594449    1.0794149   -1.3807438  0.00   -0.0009687   -0.0004820   -0.0014750
o    -1.1554597    3.3226984    1.2444733  0.00    0.0013613    0.0014528   -0.0005575
h    -1.8519709    2.8640004    1.8235553  0.00   -0.0013380   -0.0008702    0.0013734
h    -0.3838069    0.7677623   -2.3723464  0.00   -0.0004780   -0.0008496   -0.0013600
h     2.3666710    0.5608472    0.8670431  0.00    0.0008989   -0.0000872    0.0010559
h     1.0344019    2.2148519    2.0796730  0.00    0.0009431    0.0007429    0.0019759
h    -1.6973109    2.4101596   -1.1238726  0.00   -0.0006897    0.0000476   -0.0006571
c     1.8935508   -0.4556972   -1.5992916  0.00   -0.0005719    0.0027571    0.0010759
c     1.2587006   -1.8665088   -1.5382053  0.00   -0.0008108   -0.0005251   -0.0062353
h     2.9371975   -0.4992238   -1.2026742  0.00    0.0041737   -0.0006210    0.0014146
h     1.9812082   -0.1184762   -2.6617560  0.00    0.0005976    0.0021929   -0.0035755
c     1.9223383   -2.7925411   -2.5530994  0.00   -0.0006775    0.0027962    0.0033047
o     1.1763193   -3.2540051   -3.6370318  0.00   -0.0072902   -0.0029362   -0.0060863
o     3.2619928   -3.1757088   -2.4319745  0.00    0.0057131   -0.0021226   -0.0017565
h     3.6669083   -2.8212011   -1.5733841  0.00    0.0025993    0.0029324    0.0043841
n     1.3694017   -2.3989448   -0.1613392  0.00    0.0032001   -0.0004871    0.0075954
h     0.1826746   -1.8049599   -1.8418689  0.00   -0.0035016    0.0005285   -0.0018590
h     0.7199708   -1.8659537    0.4654371  0.00   -0.0013131    0.0003260    0.0012503
h     1.0198653   -3.3915237   -0.1440452  0.00   -0.0021714   -0.0045986    0.0000885
    24
 Energy =       0.0778480742
c     0.6697053    1.8782329    1.0561466  0.00   -0.0001790   -0.0001137   -0.0003525
c    -0.4444091    2.3937428    0.4873393  0.00   -0.0000038   -0.0000989   -0.0002101
c    -0.8092362    2.0085317   -0.7564610  0.00    0.0001737    0.0001746    0.0004955
c     1.4206073    0.9684147    0.3843669  0.00   -0.0001217   -0.0001891   -0.0005355
c     1.0596823    0.5752809   -0.8683587  0.00    0.0003786    0.0005331    0.0005793
c    -0.0637777    1.0988179   -1.4342224  0.00    0.0001060    0.0001133    0.0003582
o    -1.2118176    3.3255049    1.1784530  0.00   -0.0004563   -0.0003772    0.0001930
h    -1.9160072    2.8638279    1.7429076  0.00    0.0003798    0.0002777   -0.0003566
h    -0.3687805    0.7949734   -2.4325111  0.00    0.0000785    0.0001725    0.0003161
h     2.3095694    0.5553623    0.8548016  0.00   -0.0001894   -0.0000729   -0.0002932
h     0.9543857    2.2032966    2.0506005  0.00   -0.0001837   -0.0001827   -0.0004898
h    -1.6997882    2.4365576   -1.2047610  0.00    0.0000623    0.0000340    0.0001288
c     1.8815909   -0.4520839   -1.6158451  0.00    0.0004525    0.0002704    0.0000907
c     1.2961004   -1.8739978   -1.4794839  0.00   -0.0001661    0.0001377   -0.0008975
h     2.9337263   -0.4478956   -1.2508330  0.00   -0.0000069   -0.0001644    0.0001301
h     1.9284923   -0.1615110   -2.6910617  0.00   -0.0000755    0.0000591   -0.0002436
c     1.9464593   -2.8110013   -2.4930092  0.00    0.0004871    0.0010261    0.0020211
o     1.2319097   -3.1785530   -3.6285066  0.00   -0.0026670   -0.0008250   -0.0027919
o     3.2523074   -3.2758944   -2.3334606  0.00    0.0027653    0.0002725    0.0016494
h     3.6486405   -2.9527959   -1.4629188  0.00   -0.0006942   -0.0001857   -0.0006569
n     1.4798962   -2.3509067   -0.0945979  0.00    0.0006918    0.0011121    0.0011478
h     0.2094544   -1.8564604   -1.7369826  0.00   -0.0005467   -0.0000971   -0.0001277
h     0.8306085   -1.8250172    0.5360598  0.00    0.0003046   -0.0000817   -0.0004576
h     1.1786184   -3.3552695   -0.0286645  0.00   -0.0005899   -0.0017948    0.0003027
    24
 Energy =       0.0778233405
c     0.6717869    1.8863504    1.0553919  0.00    0.0000559    0.0000167    0.0000948
c    -0.4462263    2.3944556    0.4870141  0.00   -0.0000052    0.0000274    0.0000510
c    -0.8138053    2.0010336   -0.7541094  0.00   -0.0000509   -0.0000379   -0.0001329
c     1.4239439    0.9757804    0.3858199  0.00    0.0000350    0.0000311    0.0001331
c     1.0605379    0.5749878   -0.8646288  0.00   -0.0000704   -0.0001176   -0.0001252
c    -0.0667814    1.0910840   -1.4298813  0.00   -0.0000410   -0.0000171   -0.0000909
o    -1.2145923    3.3273163    1.1757080  0.00    0.0001014    0.0000923   -0.0000458
h    -1.9164543    2.8660198    1.7441250  0.00   -0.0000882   -0.0000653    0.0000796
h    -0.3732815    0.7811645   -2.4262948  0.00   -0.0000186   -0.0000333   -0.0000849
h     2.3164431    0.5693586    0.8559431  0.00    0.0000549   -0.0000003    0.0000837
h     0.9587528    2.2182499    2.0475939  0.00    0.0000452    0.0000377    0.0001297
h    -1.7073960    2.4232350   -1.2021376  0.00   -0.0000225    0.0000058   -0.0000438
c     1.8855516   -0.4502430   -1.6114510  0.00   -0.0000776   -0.0000546   -0.0000084
c     1.2987232   -1.8714021   -1.4817841  0.00    0.0000234   -0.0000044    0.0001654
h     2.9364700   -0.4477003   -1.2429579  0.00    0.0000157    0.0000218   -0.0000196
h     1.9368494   -0.1561953   -2.6852612  0.00    0.0000234   -0.0000078    0.0000362
c     1.9478276   -2.8058052   -2.4989879  0.00   -0.0001249    0.0000874    0.0000315
o     1.2474559   -3.1395347   -3.6510765  0.00   -0.0001498   -0.0000864   -0.0001573
o     3.2403721   -3.2995224   -2.3277320  0.00    0.0000460   -0.0001162   -0.0001980
h     3.6363004   -2.9887729   -1.4516708  0.00    0.0002378    0.0000471    0.0002618
n     1.4779699   -2.3526342   -0.0986222  0.00   -0.0001248   -0.0002126   -0.0002189
h     0.2132172   -1.8509935   -1.7411877  0.00    0.0000992    0.0000272    0.0000235
h     0.8270333   -1.8289997    0.5328984  0.00   -0.0000713    0.0000196    0.0000935
h     1.1772398   -3.3560758   -0.0377137  0.00    0.0001072    0.0003393   -0.0000580
    24
 Energy =       0.0778227181
c     0.6729124    1.8871038    1.0545505  0.00    0.0000012   -0.0000006    0.0000009
c    -0.4461989    2.3940257    0.4874205  0.00   -0.0000006    0.0000003   -0.0000001
c    -0.8148005    1.9999419   -0.7530457  0.00   -0.0000007    0.0000003   -0.0000008
c     1.4251041    0.9769862    0.3844451  0.00    0.0000008   -0.0000002    0.0000011
c     1.0606248    0.5754274   -0.8652742  0.00    0.0000009   -0.0000006    0.0000000
c    -0.0677445    1.0904291   -1.4293580  0.00   -0.0000008    0.0000004   -0.0000008
o    -1.2146898    3.3263090    1.1767312  0.00    0.0000013    0.0000014   -0.0000012
h    -1.9152915    2.8645323    1.7461712  0.00   -0.0000019   -0.0000010    0.0000012
h    -0.3751549    0.7799065   -2.4252138  0.00   -0.0000004    0.0000001   -0.0000008
h     2.3184175    0.5714146    0.8535947  0.00    0.0000008   -0.0000005    0.0000008
h     0.9606858    2.2195233    2.0462087  0.00    0.0000003   -0.0000001    0.0000007
h    -1.7093099    2.4211714   -1.2000784  0.00   -0.0000011    0.0000006   -0.0000008
c     1.8854040   -0.4497964   -1.6123986  0.00    0.0000003   -0.0000001    0.0000001
c     1.2987165   -1.8711143   -1.4827317  0.00   -0.0000004    0.0000017   -0.0000000
h     2.9364260   -0.4474133   -1.2441994  0.00    0.0000001   -0.0000002   -0.0000000
h     1.9362329   -0.1556544   -2.6862423  0.00    0.0000000    0.0000001   -0.0000001
c     1.9494937   -2.8054267   -2.4988861  0.00    0.0000007    0.0000074    0.0000152
o     1.2532649   -3.1346309   -3.6546445  0.00   -0.0000205   -0.0000051   -0.0000241
o     3.2400020   -3.3026395   -2.3234537  0.00    0.0000145   -0.0000059    0.0000009
h     3.6333651   -2.9934376   -1.4459156  0.00    0.0000060    0.0000026    0.0000071
n     1.4766028   -2.3519757   -0.0991147  0.00    0.0000025    0.0000002   -0.0000002
h     0.2134254   -1.8512368   -1.7434251  0.00   -0.0000010    0.0000002   -0.0000002
h     0.8260614   -1.8271218    0.5316879  0.00   -0.0000012    0.0000009    0.0000009
h     1.1743883   -3.3551669   -0.0378304  0.00   -0.0000010   -0.0000017    0.0000004
    24
 Energy =       0.0778227172
c     0.6729687    1.8871600    1.0545205  0.00    0.0000000   -0.0000000    0.0000000
c    -0.4461941    2.3940170    0.4874382  0.00   -0.0000000    0.0000000    0.0000000
c    -0.8148498    1.9998762   -0.7529933  0.00   -0.0000000    0.0000000   -0.0000000
c     1.4251576    0.9770487    0.3844039  0.00    0.0000000   -0.0000000    0.0000000
c     1.0606249    0.5754336   -0.8652810  0.00    0.0000000   -0.0000000   -0.0000000
c    -0.0677948    1.0903723   -1.4293184  0.00   -0.0000000    0.0000000   -0.0000000
o    -1.2146827    3.3262922    1.1767619  0.00    0.0000000    0.0000000   -0.0000000
h    -1.9152389    2.8645071    1.7462485  0.00   -0.0000000   -0.0000000    0.0000000
h    -0.3752466    0.7798055   -2.4251468  0.00   -0.0000000    0.0000000   -0.0000000
h     2.3185124    0.5715291    0.8535168  0.00    0.0000000   -0.0000000    0.0000000
h     0.9607853    2.2196257    2.0461501  0.00    0.0000000   -0.0000000    0.0000000
h    -1.7094006    2.4210543   -1.1999884  0.00   -0.0000000    0.0000000   -0.0000000
c     1.8854055   -0.4497798   -1.6124183  0.00    0.0000000   -0.0000000    0.0000000
c     1.2987179   -1.8710997   -1.4827808  0.00   -0.0000000    0.0000000   -0.0000000
h     2.9364268   -0.4474083   -1.2442164  0.00    0.0000000   -0.0000000    0.0000000
h     1.9362362   -0.1556190   -2.6862566  0.00    0.0000000    0.0000000   -0.0000000
c     1.9495659   -2.8054071   -2.4988938  0.00    0.0000000    0.0000000    0.0000000
o     1.2535037   -3.1344600   -3.6547738  0.00   -0.0000000   -0.0000000   -0.0000000
o     3.2399910   -3.3027492   -2.3233080  0.00    0.0000000   -0.0000000   -0.0000000
h     3.6332569   -2.9936266   -1.4457047  0.00    0.0000000    0.0000000    0.0000000
n     1.4765148   -2.3519542   -0.0991501  0.00    0.0000000   -0.0000000    0.0000000
h     0.2134449   -1.8512297   -1.7435446  0.00   -0.0000000    0.0000000   -0.0000000
h     0.8259436   -1.8270899    0.5316117  0.00   -0.0000000    0.0000000    0.0000000
h     1.1742891   -3.3551415   -0.0378792  0.00   -0.0000000   -0.0000000    0.0000000
