$ufftopology
nxtnei12
    1     3
          2     4    11
    2     3
          1     3     7
    3     3
          2     6    12
    4     3
          1     5    10
    5     3
          4     6    13
    6     3
          3     5     9
    7     2
          2     8
    8     1
          7
    9     1
          6
   10     1
          4
   11     1
          1
   12     1
          3
   13     4
          5    14    15    16
   14     4
         13    17    21    22
   15     1
         13
   16     1
         13
   17     3
         14    18    19
   18     1
         17
   19     2
         17    20
   20     1
         19
   21     3
         14    23    24
   22     1
         14
   23     1
         21
   24     1
         21
nxtnei13
    1     4
          3     7     5    10
    2     5
          4    11     6    12     8
    3     4
          1     7     5     9
    4     4
          2    11     6    13
    5     7
          1    10     3     9    14    15    16
    6     4
          2    12     4    13
    7     2
          1     3
    8     1
          2
    9     2
          3     5
   10     2
          1     5
   11     2
          2     4
   12     2
          2     6
   13     5
          4     6    17    21    22
   14     7
          5    15    16    18    19    23    24
   15     3
          5    14    16
   16     3
          5    14    15
   17     4
         13    21    22    20
   18     2
         14    19
   19     2
         14    18
   20     1
         17
   21     3
         13    17    22
   22     3
         13    17    21
   23     2
         14    24
   24     2
         14    23
nxtnei14
    1     4
          6    12     8    13
    2     3
          5    10     9
    3     4
          4    11     8    13
    4     6
          3     7     9    14    15    16
    5     6
          2    11    12    17    21    22
    6     6
          1     7    10    14    15    16
    7     4
          4    11     6    12
    8     2
          1     3
    9     4
          2    12     4    13
   10     4
          2    11     6    13
   11     4
          3     7     5    10
   12     4
          1     7     5     9
   13     8
          1    10     3     9    18    19    23    24
   14     3
          4     6    20
   15     5
          4     6    17    21    22
   16     5
          4     6    17    21    22
   17     5
          5    15    16    23    24
   18     4
         13    21    22    20
   19     3
         13    21    22
   20     2
         14    18
   21     5
          5    15    16    18    19
   22     7
          5    15    16    18    19    23    24
   23     3
         13    17    22
   24     3
         13    17    22
connectivity (= bond)
                    24
     1     2   2.557082   2.000000
     1     4   2.565541   2.000000
     1    11   2.049897   1.000000
     2     3   2.556322   2.000000
     2     7   2.628608   1.000000
     3     6   2.565233   2.000000
     3    12   2.050520   1.000000
     4     5   2.574395   2.000000
     4    10   2.055025   1.000000
     5     6   2.574908   2.000000
     5    13   2.859388   1.000000
     6     9   2.055075   1.000000
     7     8   1.916317   1.000000
    13    14   2.916038   1.000000
    13    15   2.104501   1.000000
    13    16   2.106213   1.000000
    14    17   2.883935   1.000000
    14    21   2.788398   1.000000
    14    22   2.109573   1.000000
    17    18   2.624501   1.000000
    17    19   2.634374   1.000000
    19    20   1.908907   1.000000
    21    23   1.978884   1.000000
    21    24   1.983294   1.000000
angle
                    38
     1     2     3     2     120.04       1.00       4.00
     1     2     7     2     120.02       1.00       5.00
     1     4     5     2     120.14       2.00       8.00
     1     4    10     2     119.49       2.00       9.00
     2     1     4     2     120.16       1.00       2.00
     2     1    11     2     119.19       1.00       3.00
     2     3     6     2     120.14       4.00       6.00
     2     3    12     2     119.30       4.00       7.00
     2     7     8     9     110.78       5.00      13.00
     3     2     7     2     119.94       4.00       5.00
     3     6     5     2     120.18       6.00      10.00
     3     6     9     2     119.47       6.00      12.00
     4     1    11     2     120.64       2.00       3.00
     4     5     6     2     119.33       8.00      10.00
     4     5    13     2     120.45       8.00      11.00
     5     4    10     2     120.37       8.00       9.00
     5     6     9     2     120.35      10.00      12.00
     5    13    14     9     112.05      11.00      14.00
     5    13    15     9     110.47      11.00      15.00
     5    13    16     9     108.77      11.00      16.00
     6     3    12     2     120.57       6.00       7.00
     6     5    13     2     120.20      10.00      11.00
    13    14    17     9     110.23      14.00      17.00
    13    14    21     9     109.46      14.00      18.00
    13    14    22     9     109.49      14.00      19.00
    14    13    15     9     109.45      14.00      15.00
    14    13    16     9     109.96      14.00      16.00
    14    17    18     2     119.04      17.00      20.00
    14    17    19     2     121.96      17.00      21.00
    14    21    23     9     109.06      18.00      23.00
    14    21    24     9     109.36      18.00      24.00
    15    13    16     9     105.96      15.00      16.00
    17    14    21     9     111.93      17.00      18.00
    17    14    22     9     105.66      17.00      19.00
    17    19    20     9     111.14      21.00      22.00
    18    17    19     2     118.96      20.00      21.00
    21    14    22     9     110.00      18.00      19.00
    23    21    24     9     105.37      23.00      24.00
torsion
                    55
     4     1     2     3     1     3 359.65058782 120.16479392 120.03634565
     4     1     2     7     1     3 179.99661019 120.16479392 120.02025621
    11     1     2     3     1     3 179.44184415 119.19270684 120.03634565
    11     1     2     7     1     3 359.78786652 119.19270684 120.02025621
     2     1     4     5     2     3   0.36668674 120.16479392 120.14310568
     2     1     4    10     2     3 180.44110152 120.16479392 119.48549761
    11     1     4     5     2     3 180.57849158 120.64216565 120.14310568
    11     1     4    10     2     3   0.65290636 120.64216565 119.48549761
     1     2     3     6     4     3   0.34198045 120.03634565 120.13880786
     1     2     3    12     4     3 180.57235423 120.03634565 119.29572697
     7     2     3     6     4     3 179.99622892 119.94249431 120.13880786
     7     2     3    12     4     3   0.22660269 119.94249431 119.29572697
     1     2     7     8     5     3 270.85204717 120.02025621 110.77894623
     3     2     7     8     5     3  91.19774259 119.94249431 110.77894623
     2     3     6     5     6     3 359.64796665 120.13880786 120.18009408
     2     3     6     9     6     3 179.88495986 120.13880786 119.47091069
    12     3     6     5     6     3 179.41463551 120.56505950 120.18009408
    12     3     6     9     6     3 359.65162873 120.56505950 119.47091069
     1     4     5     6     8     3 359.62690506 120.14310568 119.33491039
     1     4     5    13     8     3 180.67197794 120.14310568 120.45346542
    10     4     5     6     8     3 179.55182496 120.37135455 119.33491039
    10     4     5    13     8     3   0.59689784 120.37135455 120.45346542
     4     5     6     3    10     3   0.36591758 119.33491039 120.18009408
     4     5     6     9    10     3 180.12682675 119.33491039 120.34856778
    13     5     6     3    10     3 179.32351065 120.20333637 120.18009408
    13     5     6     9    10     3 359.08441982 120.20333637 120.34856778
     4     5    13    14    11    22  97.62107642 120.45346542 112.04610771
     4     5    13    15    11    22 335.29982776 120.45346542 110.47099704
     4     5    13    16    11    22 219.39833726 120.45346542 108.76990461
     6     5    13    14    11    22 278.67525030 120.20333637 112.04610771
     6     5    13    15    11    22 156.35400164 120.20333637 110.47099704
     6     5    13    16    11    22  40.45251114 120.20333637 108.76990461
     5    13    14    17    14     1 166.65973779 112.04610771 110.23165007
     5    13    14    21    14     1 290.18610691 112.04610771 109.45868019
     5    13    14    22    14     1  50.83401972 112.04610771 109.48754552
    15    13    14    17    14     1 289.55994697 109.45115750 110.23165007
    15    13    14    21    14     1  53.08631608 109.45115750 109.45868019
    15    13    14    22    14     1 173.73422889 109.45115750 109.48754552
    16    13    14    17    14     1  45.56731576 109.96084945 110.23165007
    16    13    14    21    14     1 169.09368488 109.96084945 109.45868019
    16    13    14    22    14     1 289.74159769 109.96084945 109.48754552
    13    14    17    18    17    22 257.96925398 110.23165007 119.04187657
    13    14    17    19    17    22  75.76154347 110.23165007 121.95982297
    21    14    17    18    17    22 135.89025314 111.92804025 119.04187657
    21    14    17    19    17    22 313.68254263 111.92804025 121.95982297
    22    14    17    18    17    22  16.17165995 105.66285489 119.04187657
    22    14    17    19    17    22 193.96394944 105.66285489 121.95982297
    13    14    21    23    18     1  71.43972201 109.45868019 109.06391004
    13    14    21    24    18     1 186.18941127 109.45868019 109.36227945
    17    14    21    23    18     1 193.96002772 111.92804025 109.06391004
    17    14    21    24    18     1 308.70971698 111.92804025 109.36227945
    22    14    21    23    18     1 311.10258015 109.99746013 109.06391004
    22    14    21    24    18     1  65.85226941 109.99746013 109.36227945
    14    17    19    20    21     3   2.36247540 121.95982297 111.13872908
    18    17    19    20    21     3 180.15646614 118.96224014 111.13872908
inversion
                     8
     1     2     4    11    11    11    11    0.182    0.180    0.183
     2     1     3     7    10    11    11   -0.300   -0.300   -0.299
     3     2     6    12    11    11    11   -0.201   -0.199   -0.202
     4     1     5    10    11    11    11   -0.065   -0.064   -0.065
     5     4     6    13    11    11    11   -0.901   -0.911   -0.909
     6     3     5     9    11    11    11   -0.206   -0.205   -0.207
    17    14    18    19    10    10    11    1.873    1.930    1.871
    21    14    23    24     9     9     9   58.957   59.130   57.121
nonbond
                   214
    1     6    5.124
    1     8    5.389
    1     9    7.179
    1    12    6.280
    1    13    7.082
    1    14    8.650
    1    15    7.525
    1    16    8.401
    1    17   11.382
    1    18   13.056
    1    19   12.667
    1    20   11.777
    1    21    8.440
    1    22    8.867
    1    23    7.094
    1    24   10.164
    2     5    5.143
    2     9    6.294
    2    10    6.296
    2    13    8.002
    2    14    9.471
    2    15    8.967
    2    16    8.914
    2    17   12.202
    2    18   13.444
    2    19   13.879
    2    20   13.283
    2    21    9.740
    2    22    9.148
    2    23    8.332
    2    24   11.331
    3     4    5.126
    3     8    5.413
    3    10    7.181
    3    11    6.278
    3    13    7.078
    3    14    8.448
    3    15    8.515
    3    16    7.548
    3    17   10.983
    3    18   11.810
    3    19   12.959
    3    20   12.705
    3    21    9.376
    3    22    7.762
    3    23    8.235
    3    24   10.879
    4     7    6.844
    4     8    7.694
    4     9    6.317
    4    12    7.176
    4    14    6.440
    4    15    4.987
    4    16    6.260
    4    17    9.042
    4    18   10.897
    4    19   10.166
    4    20    9.256
    4    21    6.358
    4    22    7.070
    4    23    5.426
    4    24    8.239
    5     7    7.772
    5     8    8.642
    5    11    6.321
    5    12    6.322
    5    17    7.292
    5    18    8.779
    5    19    8.847
    5    20    8.386
    5    21    5.772
    5    22    5.133
    5    23    5.270
    5    24    7.594
    6     7    6.841
    6     8    7.710
    6    10    6.317
    6    11    7.174
    6    14    6.164
    6    15    6.387
    6    16    5.053
    6    17    8.533
    6    18    9.363
    6    19   10.528
    6    20   10.415
    6    21    7.560
    6    22    5.616
    6    23    6.854
    6    24    9.110
    7     9    8.485
    7    10    8.488
    7    11    4.896
    7    12    4.896
    7    13   10.631
    7    14   12.012
    7    15   11.546
    7    16   11.491
    7    17   14.774
    7    18   15.943
    7    19   16.478
    7    20   15.847
    7    21   12.117
    7    22   11.553
    7    23   10.545
    7    24   13.604
    8     9    9.280
    8    10    9.254
    8    11    5.599
    8    12    5.644
    8    13   11.450
    8    14   12.418
    8    15   12.456
    8    16   12.478
    8    17   15.248
    8    18   16.387
    8    19   17.026
    8    20   16.397
    8    21   12.264
    8    22   11.793
    8    23   10.522
    8    24   13.550
    9    10    8.028
    9    11    9.229
    9    12    4.619
    9    13    5.100
    9    14    6.187
    9    15    7.037
    9    16    4.738
    9    17    8.076
    9    18    8.342
    9    19   10.307
    9    20   10.567
    9    21    8.160
    9    22    5.255
    9    23    7.787
    9    24    9.486
   10    11    4.622
   10    12    9.231
   10    13    5.110
   10    14    6.672
   10    15    4.559
   10    16    6.867
   10    17    9.019
   10    18   11.211
   10    19    9.627
   10    20    8.393
   10    21    6.024
   10    22    7.802
   10    23    5.373
   10    24    7.910
   11    12    7.952
   11    13    8.735
   11    14   10.229
   11    15    8.832
   11    16   10.175
   11    17   12.940
   11    18   14.790
   11    19   13.987
   11    20   12.888
   11    21    9.593
   11    22   10.605
   11    23    8.169
   11    24   11.254
   12    13    8.728
   12    14    9.919
   12    15   10.318
   12    16    8.892
   12    17   12.304
   12    18   12.770
   12    19   14.456
   12    20   14.382
   12    21   11.042
   12    22    8.913
   12    23    9.905
   12    24   12.396
   13    18    6.485
   13    19    6.117
   13    20    5.841
   13    23    5.215
   13    24    6.388
   14    20    4.896
   15    17    5.381
   15    18    7.527
   15    19    5.797
   15    20    5.003
   15    21    5.025
   15    22    5.866
   15    23    5.828
   15    24    6.818
   16    17    5.020
   16    18    6.058
   16    19    6.474
   16    20    6.674
   16    21    6.472
   16    22    4.903
   16    23    7.166
   16    24    7.980
   17    23    6.381
   17    24    4.985
   18    20    6.142
   18    21    6.893
   18    22    4.774
   18    23    8.327
   18    24    6.849
   19    21    5.657
   19    22    6.437
   19    23    7.596
   19    24    5.822
   20    21    4.955
   20    22    6.837
   20    23    6.853
   20    24    5.398
   22    23    4.453
   22    24    4.665
qpartial
                    24
        -0.04943    0.24314   -0.08859   -0.13920    0.02599   -0.09749
        -0.68470    0.35595    0.14055    0.13147    0.16007    0.14323
        -0.23467   -0.07486    0.12884    0.12664    0.57151   -0.42116
        -0.61579    0.31155   -0.61534    0.15954    0.23413    0.28863
$end
