$coord                                                                          
   -0.91314197504269      2.49371171107141      1.88906656451045      c       
    0.01416167280964      4.75344349775501      1.09129722463076      c       
    2.02744962182711      4.80826008417332     -0.48222429093191      c       
    0.17996825312080      0.30663464091308      1.11369631102737      c       
    2.21711156930132      0.36019543662155     -0.45664280317489      c       
    3.12679252179168      2.62681514431730     -1.26463340663710      c       
   -1.06757781575364      7.04144641918461      1.85217205641059      o       
   -2.56354757806208      6.84279676816063      3.03367983043052      h       
    4.73548243275105      2.71026378499467     -2.53967954485335      h       
   -0.59380483053778     -1.49233044264363      1.73894942131407      h       
   -2.53522582214785      2.43044621845396      3.14051984616067      h       
    2.74289876090481      6.62345166038810     -1.10990333373676      h       
    3.41069978848415     -2.07805078889104     -1.35663494704908      c       
    2.10526783615144     -3.09343819555201     -3.75186117559312      c       
    3.31316874804356     -3.53792311449127      0.15651904841977      h       
    5.45888559233091     -1.76724425776539     -1.72817571969423      h       
    3.63171194433048     -5.23417614815697     -4.96949303978159      c       
    5.33436712824896     -6.62974914641557     -3.53514223696715      o       
    3.27808124000140     -5.88453477786499     -7.49860889592062      o       
    1.94132835626191     -4.80876784014049     -8.33220230016196      h       
   -0.49272448310647     -3.87153384389814     -3.07755035000499      n       
    2.05449034220927     -1.53651721459555     -5.17262991315614      h       
   -1.79583394780269     -2.77109804361253     -4.08199822186479      h       
   -0.84609106940496     -5.76256770500575     -3.56155965866268      h       
$end                                                                            
