    24
 Energy =       0.1622394873
c    -0.3750178    1.6472058    0.7948734  0.00   -0.0691797    0.0375434    0.0640566
c     0.0303172    2.8109335    0.1570437  0.00   -0.0612472    0.0771076    0.0473046
c     1.0081136    2.7718125   -0.8262434  0.00    0.0160586    0.0873910   -0.0344041
c     0.2069418    0.4293490    0.4310970  0.00   -0.0249021   -0.0566550    0.0331304
c     1.2047783    0.3610782   -0.5608861  0.00    0.1072225   -0.0535974   -0.0470959
c     1.5988173    1.5541349   -1.1780186  0.00    0.0405204   -0.0080480   -0.0375607
o    -0.5069839    4.0230167    0.4710260  0.00   -0.0142014   -0.0324459    0.0221559
h    -1.1463012    3.9010909    1.1919392  0.00    0.0550179   -0.0263272   -0.0530157
h     2.3707231    1.5818724   -1.9364796  0.00   -0.0026386    0.0150880    0.0039460
h    -0.1206493   -0.4779662    0.9373943  0.00   -0.0009885    0.0005024    0.0030229
h    -1.1350442    1.6632136    1.5694669  0.00    0.0004423   -0.0027097    0.0010896
h     1.3163936    3.6907012   -1.3176857  0.00    0.0031685   -0.0005294   -0.0043403
c     1.7669373   -1.0073413   -0.8964724  0.00   -0.0239958   -0.0238517   -0.0090385
c     0.8861134   -2.0194266   -1.6556448  0.00    0.0734019    0.1151027   -0.1156897
h     2.1212937   -1.4658931    0.0371405  0.00   -0.0037276    0.0106734   -0.0120562
h     2.6645729   -0.8285312   -1.5058794  0.00   -0.0156126    0.0025889    0.0043353
c     1.7481012   -3.2276699   -2.0845864  0.00    0.0680055   -0.3375825    0.1992792
o     2.0121944   -4.2017215   -1.3977638  0.00   -0.0699466    0.2312290   -0.1658975
o     2.2274762   -3.0566202   -3.3466422  0.00   -0.0474576    0.0683688    0.0203943
h     1.7814171   -2.2395412   -3.6859046  0.00   -0.1053004    0.0243607    0.1590888
n    -0.2697763   -2.5678537   -0.8742070  0.00   -0.0649788   -0.0968776   -0.0239123
h     0.4960411   -1.5757973   -2.5789902  0.00    0.0771183   -0.0617387   -0.0511942
h    -1.1308243   -2.1540904   -1.2498506  0.00    0.0317288   -0.0171598    0.0051325
h    -0.3593670   -3.5651556   -1.0813225  0.00    0.0314921    0.0475671   -0.0087310
    24
 Energy =       0.1348965196
c    -0.3240931    1.6397467    0.8134281  0.00   -0.0566061    0.0306256    0.0523592
c     0.0961036    2.7860647    0.1662469  0.00   -0.0500927    0.0624689    0.0386903
c     1.0671224    2.7201273   -0.8129729  0.00    0.0129952    0.0713718   -0.0279917
c     0.2371752    0.4162680    0.4659634  0.00   -0.0202781   -0.0463689    0.0269081
c     1.2278139    0.3257767   -0.5196643  0.00    0.0872152   -0.0433216   -0.0392906
c     1.6357498    1.4968921   -1.1522061  0.00    0.0330235   -0.0063698   -0.0306762
o    -0.4229572    4.0159686    0.4684788  0.00   -0.0108282   -0.0261089    0.0172349
h    -1.0761032    3.9310300    1.1931289  0.00    0.0441099   -0.0214199   -0.0424117
h     2.4029577    1.4948904   -1.9170349  0.00   -0.0018693    0.0122941    0.0029001
h    -0.1057933   -0.4817631    0.9785937  0.00   -0.0008261    0.0002153    0.0025468
h    -1.0848638    1.6784542    1.5865347  0.00    0.0001815   -0.0022008    0.0010688
h     1.3864048    3.6299194   -1.3138840  0.00    0.0026120   -0.0002685   -0.0035958
c     1.7661883   -1.0526794   -0.8538864  0.00   -0.0200554   -0.0160882   -0.0079985
c     0.8530694   -1.9804042   -1.6814289  0.00    0.0584153    0.0933984   -0.0935517
h     2.0306735   -1.5641837    0.0911070  0.00   -0.0021282    0.0060891   -0.0053709
h     2.7152265   -0.9078021   -1.4009975  0.00   -0.0091760    0.0033507    0.0025794
c     1.6479494   -3.2127908   -2.1554725  0.00    0.0530011   -0.2736634    0.1642236
o     1.9261708   -4.2008342   -1.4386226  0.00   -0.0566023    0.1888472   -0.1343763
o     2.0687230   -3.0999961   -3.4519976  0.00   -0.0226031    0.0037729    0.0200081
h     1.8141084   -2.1439000   -3.7190665  0.00   -0.1002177    0.0682259    0.1234735
n    -0.3356212   -2.4748136   -0.9205885  0.00   -0.0526443   -0.0799564   -0.0174371
h     0.5105687   -1.4641183   -2.5935195  0.00    0.0625204   -0.0489831   -0.0454938
h    -1.1746610   -2.0261672   -1.3190792  0.00    0.0244999   -0.0129041    0.0034512
h    -0.4656444   -3.4788845   -1.0996565  0.00    0.0253534    0.0369936   -0.0072498
    24
 Energy =       0.0820181555
c    -0.3641169    1.6103594    0.7490826  0.00   -0.0113577    0.0078375    0.0109525
c     0.0364587    2.7286527    0.0799995  0.00   -0.0103785    0.0113845    0.0097263
c     0.9922809    2.6360238   -0.8794346  0.00    0.0030043    0.0152608   -0.0042418
c     0.1954378    0.4018914    0.4518536  0.00   -0.0044085   -0.0107192    0.0035359
c     1.1638713    0.3024971   -0.5111281  0.00    0.0154041   -0.0082102   -0.0090925
c     1.5563602    1.4305073   -1.1779773  0.00    0.0066799   -0.0001507   -0.0055782
o    -0.5119300    3.9788488    0.3494588  0.00    0.0001404   -0.0054268   -0.0021685
h    -1.1617156    3.9676853    1.1217958  0.00    0.0074616   -0.0046854   -0.0046818
h     2.3252134    1.3843734   -1.9444992  0.00    0.0002191    0.0022132    0.0003801
h    -0.1289927   -0.4848922    0.9940728  0.00   -0.0002847   -0.0010297    0.0002390
h    -1.1284348    1.6746565    1.5164480  0.00   -0.0000960   -0.0003968    0.0003363
h     1.3003061    3.5354727   -1.4033918  0.00    0.0005964    0.0004777   -0.0008814
c     1.7940958   -1.0433181   -0.8059114  0.00   -0.0041859   -0.0055382   -0.0024401
c     0.8954499   -1.9623729   -1.6515684  0.00    0.0196395    0.0188848   -0.0341228
h     2.0311832   -1.5544383    0.1541179  0.00   -0.0004636    0.0014970   -0.0006989
h     2.7696867   -0.8900361   -1.3192334  0.00   -0.0010986    0.0006844    0.0001392
c     1.7003323   -3.1437704   -2.1655448  0.00   -0.0002283   -0.0575899    0.0371600
o     2.0107728   -4.2015541   -1.3682193  0.00   -0.0104033    0.0418475   -0.0260340
o     2.2274762   -3.0429238   -3.4415044  0.00    0.0010528   -0.0053480   -0.0003950
h     1.9630636   -2.1214458   -3.7803355  0.00   -0.0472621    0.0317982    0.0572221
n    -0.2661713   -2.3963504   -0.8442251  0.00   -0.0056876   -0.0124809   -0.0018526
h     0.5603035   -1.4304168   -2.5694889  0.00    0.0325577   -0.0226052   -0.0266529
h    -1.1259034   -1.9085373   -1.1862611  0.00    0.0020083   -0.0008528    0.0009012
h    -0.4387595   -3.4241117   -0.9547019  0.00    0.0070906    0.0031483   -0.0017519
    24
 Energy =       0.0783073310
c    -0.4264792    1.5903437    0.7363252  0.00   -0.0088027    0.0062753    0.0085832
c    -0.0347269    2.7095971    0.0652311  0.00   -0.0076959    0.0084381    0.0074913
c     0.9446533    2.6262974   -0.8699998  0.00    0.0024459    0.0117693   -0.0033585
c     0.1623719    0.3913242    0.4637633  0.00   -0.0033774   -0.0085097    0.0027732
c     1.1525183    0.3026748   -0.4757548  0.00    0.0120843   -0.0065996   -0.0073159
c     1.5373076    1.4301067   -1.1448727  0.00    0.0053841   -0.0005751   -0.0045230
o    -0.6204286    3.9513298    0.3067222  0.00    0.0017145   -0.0032316   -0.0035837
h    -1.3204687    3.9303136    1.0380430  0.00    0.0030624   -0.0031824   -0.0011767
h     2.3219286    1.3894734   -1.8960706  0.00    0.0003806    0.0015684    0.0001137
h    -0.1593436   -0.4978473    1.0034855  0.00   -0.0002519   -0.0008313    0.0001841
h    -1.2101953    1.6469498    1.4849114  0.00   -0.0003862   -0.0001793    0.0005358
h     1.2453862    3.5264222   -1.3966337  0.00    0.0004326    0.0004289   -0.0006691
c     1.8101977   -1.0330982   -0.7541686  0.00   -0.0032698   -0.0036891   -0.0013797
c     0.9522985   -1.9448074   -1.6501480  0.00    0.0156448    0.0140460   -0.0277681
h     2.0092340   -1.5551416    0.2097802  0.00   -0.0002176    0.0010311    0.0002996
h     2.8073237   -0.8659099   -1.2229700  0.00    0.0003471    0.0006603   -0.0003986
c     1.7899465   -3.1050921   -2.1658905  0.00   -0.0001094   -0.0442354    0.0278798
o     2.1147766   -4.1631751   -1.3628233  0.00   -0.0077497    0.0318195   -0.0197916
o     2.3234016   -3.0053971   -3.4410560  0.00    0.0010110   -0.0047386   -0.0001624
h     2.0498494   -2.0983585   -3.8052162  0.00   -0.0371070    0.0252732    0.0446451
n    -0.2303729   -2.4045970   -0.8867937  0.00   -0.0040744   -0.0095401    0.0004710
h     0.6374274   -1.3885954   -2.5618942  0.00    0.0256403   -0.0174033   -0.0214305
h    -1.0911900   -1.9466558   -1.2697192  0.00   -0.0004342    0.0000494    0.0001778
h    -0.3691480   -3.4393566   -0.9908468  0.00    0.0053287    0.0013560   -0.0015970
    24
 Energy =       0.0751937952
c    -0.4986985    1.5667255    0.7181258  0.00   -0.0062575    0.0046734    0.0061328
c    -0.1320846    2.6878302    0.0372373  0.00   -0.0050459    0.0057591    0.0051057
c     0.8601732    2.6198324   -0.8839114  0.00    0.0015555    0.0086444   -0.0022327
c     0.1276160    0.3826136    0.4703756  0.00   -0.0021807   -0.0064617    0.0018876
c     1.1308494    0.3111114   -0.4539835  0.00    0.0084017   -0.0050062   -0.0050502
c     1.4897704    1.4385139   -1.1348412  0.00    0.0040030   -0.0007760   -0.0033622
o    -0.7588334    3.9163210    0.2553793  0.00    0.0009456   -0.0010409   -0.0026592
h    -1.4792219    3.8841256    0.9676327  0.00    0.0014571   -0.0019177   -0.0003416
h     2.2832273    1.4084782   -1.8774353  0.00    0.0003887    0.0009812   -0.0000175
h    -0.1763044   -0.5093067    1.0158198  0.00   -0.0001741   -0.0008140    0.0001577
h    -1.2937439    1.6109002    1.4555308  0.00   -0.0004395   -0.0000091    0.0005071
h     1.1405358    3.5212357   -1.4195192  0.00    0.0002710    0.0005912   -0.0005164
c     1.8304227   -1.0073656   -0.7125345  0.00   -0.0020048   -0.0026450   -0.0003952
c     1.0196824   -1.9323404   -1.6391984  0.00    0.0109328    0.0097543   -0.0205888
h     2.0110729   -1.5296582    0.2551691  0.00   -0.0000706    0.0007728    0.0004693
h     2.8386502   -0.8157578   -1.1487516  0.00    0.0011001    0.0004509   -0.0005634
c     1.9034838   -3.0647591   -2.1482288  0.00   -0.0002373   -0.0303903    0.0181645
o     2.2621495   -4.1082836   -1.3277373  0.00   -0.0045818    0.0210355   -0.0130160
o     2.4421909   -2.9711064   -3.4238228  0.00    0.0011482   -0.0045404    0.0002824
h     2.1541810   -2.0847945   -3.8224873  0.00   -0.0268634    0.0191319    0.0316037
n    -0.1688216   -2.4256908   -0.9058795  0.00   -0.0014846   -0.0054628    0.0022453
h     0.7078960   -1.3688013   -2.5481617  0.00    0.0185326   -0.0124494   -0.0156078
h    -1.0368201   -2.0137239   -1.3275157  0.00   -0.0029588    0.0010460   -0.0008106
h    -0.2611047   -3.4692988   -0.9878582  0.00    0.0035626   -0.0013271   -0.0013945
    24
 Energy =       0.0746848285
c    -0.5678028    1.5560511    0.6769862  0.00   -0.0059120    0.0045374    0.0057051
c    -0.2242146    2.6775277   -0.0152678  0.00   -0.0044497    0.0051589    0.0045628
c     0.7797086    2.6235435   -0.9244082  0.00    0.0012012    0.0083421   -0.0019765
c     0.0929733    0.3857933    0.4527259  0.00   -0.0018108   -0.0062896    0.0017098
c     1.1080561    0.3289256   -0.4592201  0.00    0.0075783   -0.0045402   -0.0045649
c     1.4436109    1.4561384   -1.1520438  0.00    0.0038968   -0.0010144   -0.0032129
o    -0.8870680    3.8920822    0.1790798  0.00    0.0004123    0.0001239   -0.0023646
h    -1.6174616    3.8497009    0.8808564  0.00    0.0010694   -0.0015654   -0.0001444
h     2.2463652    1.4372142   -1.8851622  0.00    0.0004936    0.0007905   -0.0001171
h    -0.1921622   -0.5065860    1.0077231  0.00   -0.0001417   -0.0009826    0.0002274
h    -1.3719456    1.5890315    1.4051675  0.00   -0.0005302    0.0000814    0.0005526
h     1.0416273    3.5250612   -1.4693345  0.00    0.0002114    0.0007900   -0.0005191
c     1.8503830   -0.9721700   -0.6890387  0.00   -0.0009549   -0.0024957   -0.0001556
c     1.0775465   -1.9379208   -1.6080550  0.00    0.0094882    0.0092607   -0.0191414
h     2.0382761   -1.4728293    0.2890155  0.00    0.0001637    0.0005169    0.0006762
h     2.8570786   -0.7569576   -1.1182475  0.00    0.0013591    0.0004455   -0.0004893
c     2.0061580   -3.0451317   -2.0965714  0.00   -0.0008471   -0.0261799    0.0146312
o     2.4209026   -4.0487080   -1.2472382  0.00   -0.0027303    0.0163283   -0.0098306
o     2.5370183   -2.9623236   -3.3768321  0.00    0.0013573   -0.0048954    0.0005930
h     2.2251925   -2.0939543   -3.7967438  0.00   -0.0245550    0.0182434    0.0281122
n    -0.0969148   -2.4631660   -0.8737069  0.00    0.0003119   -0.0035365    0.0033588
h     0.7484238   -1.3970824   -2.5254112  0.00    0.0164212   -0.0110005   -0.0144112
h    -0.9787932   -2.1038139   -1.3177550  0.00   -0.0050673    0.0018687   -0.0018355
h    -0.1406902   -3.5136254   -0.9231140  0.00    0.0030346   -0.0039875   -0.0013657
    24
 Energy =       0.0729313766
c    -0.5087645    1.5366506    0.7527353  0.00   -0.0045428    0.0034959    0.0042301
c    -0.1715485    2.6608364    0.0629103  0.00   -0.0033102    0.0035929    0.0033574
c     0.8102182    2.6059842   -0.8693986  0.00    0.0009637    0.0060973   -0.0015617
c     0.1370958    0.3641680    0.5047236  0.00   -0.0015139   -0.0044743    0.0014528
c     1.1300677    0.3073396   -0.4300273  0.00    0.0054979   -0.0026430   -0.0032924
c     1.4585991    1.4361064   -1.1216342  0.00    0.0030497   -0.0010274   -0.0024590
o    -0.8184261    3.8799577    0.2852656  0.00    0.0001901    0.0005224   -0.0017372
h    -1.5331297    3.8391116    1.0036795  0.00    0.0004429   -0.0010354    0.0002037
h     2.2419365    1.4147709   -1.8758506  0.00    0.0006815    0.0004721   -0.0003691
h    -0.1450835   -0.5315070    1.0556714  0.00   -0.0001177   -0.0007305    0.0002091
h    -1.2965256    1.5700258    1.4987328  0.00   -0.0006213    0.0001329    0.0005938
h     1.0668810    3.5095804   -1.4129554  0.00    0.0001752    0.0005802   -0.0004003
c     1.8455798   -1.0007981   -0.7023261  0.00    0.0004163   -0.0011093   -0.0002093
c     1.0481417   -1.9119427   -1.6564515  0.00    0.0062452    0.0064743   -0.0144486
h     2.0210418   -1.5424775    0.2570098  0.00    0.0004663   -0.0001635    0.0013829
h     2.8564589   -0.7925379   -1.1241087  0.00    0.0010925    0.0004790   -0.0002775
c     1.9451676   -3.0291491   -2.1860499  0.00   -0.0015670   -0.0147841    0.0073325
o     2.2925918   -4.1020857   -1.3812115  0.00   -0.0003549    0.0060852   -0.0033577
o     2.4901011   -2.9234971   -3.4608678  0.00    0.0010369   -0.0034736    0.0000702
h     2.1975588   -2.0490839   -3.8793359  0.00   -0.0183138    0.0135552    0.0204806
n    -0.1414064   -2.4267835   -0.9404865  0.00    0.0079716    0.0029961    0.0077548
h     0.7332760   -1.3243598   -2.5509841  0.00    0.0117371   -0.0073171   -0.0116150
h    -1.0097648   -1.9742392   -1.3337693  0.00   -0.0109138    0.0055691   -0.0050694
h    -0.2537985   -3.4692695   -1.0818671  0.00    0.0012883   -0.0132945   -0.0022708
    24
 Energy =       0.0711025048
c    -0.4857761    1.4812702    0.8350384  0.00   -0.0022243    0.0010800    0.0020696
c    -0.1902755    2.6161533    0.1442741  0.00   -0.0013781    0.0014568    0.0012647
c     0.7614475    2.5856521   -0.8186534  0.00    0.0009044    0.0026051   -0.0011908
c     0.1727380    0.3243808    0.5599088  0.00   -0.0011873   -0.0019453    0.0012463
c     1.1360838    0.2937242   -0.4046353  0.00    0.0021767   -0.0010762   -0.0010236
c     1.4216525    1.4313023   -1.0990236  0.00    0.0016666   -0.0002476   -0.0015066
o    -0.8500065    3.8227732    0.3995335  0.00    0.0002276    0.0009364   -0.0010259
h    -1.5443741    3.7647916    1.1373061  0.00   -0.0004961   -0.0003487    0.0007414
h     2.1788287    1.4275590   -1.8804177  0.00    0.0008737    0.0002350   -0.0007967
h    -0.0785983   -0.5811189    1.1099437  0.00   -0.0002904   -0.0006886    0.0004266
h    -1.2510499    1.4948366    1.6049798  0.00   -0.0007716   -0.0000027    0.0007623
h     0.9846236    3.4974088   -1.3636628  0.00    0.0003048    0.0006752   -0.0005357
c     1.8577445   -0.9994994   -0.7232553  0.00    0.0003096   -0.0002795   -0.0002846
c     1.0547934   -1.8753918   -1.7030652  0.00    0.0025029    0.0020021   -0.0053086
h     2.0415423   -1.5755143    0.2142370  0.00    0.0003049   -0.0004610    0.0012238
h     2.8638530   -0.7717331   -1.1450984  0.00    0.0005847    0.0001934   -0.0002561
c     1.9526946   -2.9649673   -2.2946792  0.00   -0.0006156   -0.0042966    0.0015106
o     2.2883041   -4.0826392   -1.5399646  0.00    0.0004653   -0.0002292    0.0002878
o     2.4998646   -2.8180242   -3.5683666  0.00    0.0006476   -0.0009614   -0.0012085
h     2.2119575   -1.9458017   -3.9894399  0.00   -0.0079919    0.0057183    0.0087874
n    -0.1206993   -2.4204300   -0.9879345  0.00    0.0029685    0.0014941    0.0040306
h     0.7184418   -1.2468696   -2.5620026  0.00    0.0050494   -0.0024902   -0.0061137
h    -0.9928062   -1.9581694   -1.3482852  0.00   -0.0045610    0.0024525   -0.0024155
h    -0.2347160   -3.4528925   -1.1633331  0.00    0.0005297   -0.0058219   -0.0006846
    24
 Energy =       0.0710806589
c    -0.4725797    1.4372283    0.8882811  0.00   -0.0020649    0.0008730    0.0019450
c    -0.1798736    2.5896154    0.2255168  0.00   -0.0011101    0.0012678    0.0009869
c     0.7656152    2.5829324   -0.7438242  0.00    0.0007067    0.0025844   -0.0010954
c     0.1824648    0.2868261    0.5790018  0.00   -0.0009632   -0.0020172    0.0011440
c     1.1397687    0.2802473   -0.3917559  0.00    0.0018305   -0.0010357   -0.0007299
c     1.4225046    1.4353482   -1.0580854  0.00    0.0016165   -0.0001822   -0.0015039
o    -0.8362784    3.7904415    0.5164621  0.00    0.0000335    0.0015469   -0.0009387
h    -1.5266666    3.7141984    1.2564105  0.00   -0.0006282   -0.0002483    0.0008273
h     2.1742057    1.4507425   -1.8446195  0.00    0.0008735    0.0002025   -0.0008239
h    -0.0676395   -0.6328981    1.1058314  0.00   -0.0002991   -0.0009207    0.0005155
h    -1.2332924    1.4316691    1.6628361  0.00   -0.0007848   -0.0000109    0.0007818
h     0.9864004    3.5084065   -1.2665653  0.00    0.0002933    0.0008833   -0.0005924
c     1.8552420   -1.0059461   -0.7516961  0.00    0.0003841   -0.0002867   -0.0001645
c     1.0397822   -1.8505515   -1.7487566  0.00    0.0017737    0.0019776   -0.0039864
h     2.0454358   -1.6083668    0.1679314  0.00    0.0003596   -0.0006447    0.0014363
h     2.8582597   -0.7692621   -1.1758763  0.00    0.0005554    0.0001507   -0.0002492
c     1.9324821   -2.9135608   -2.3979078  0.00   -0.0008012   -0.0030116    0.0010770
o     2.2673570   -4.0690325   -1.6987177  0.00    0.0009738   -0.0024944    0.0017578
o     2.4804152   -2.7055154   -3.6646330  0.00    0.0017494   -0.0016585   -0.0024211
h     2.1990582   -1.8119905   -4.0460899  0.00   -0.0068500    0.0062228    0.0062848
n    -0.1223764   -2.4235306   -1.0324264  0.00    0.0046044    0.0027776    0.0052679
h     0.6857352   -1.1914519   -2.5779502  0.00    0.0039354   -0.0014346   -0.0058161
h    -1.0097858   -2.0119511   -1.4189628  0.00   -0.0061795    0.0031546   -0.0028118
h    -0.1899663   -3.4667980   -1.1710001  0.00   -0.0000085   -0.0076957   -0.0008907
    24
 Energy =       0.0709124870
c    -0.4377408    1.4680319    0.8838283  0.00   -0.0019291    0.0004666    0.0019268
c    -0.1589339    2.6087161    0.1950728  0.00   -0.0010270    0.0012253    0.0008772
c     0.7683577    2.5858495   -0.7915792  0.00    0.0008406    0.0023697   -0.0012335
c     0.2130806    0.3133066    0.5832685  0.00   -0.0010822   -0.0018797    0.0012663
c     1.1516965    0.2903811   -0.4054582  0.00    0.0016716   -0.0010410   -0.0006375
c     1.4205667    1.4336139   -1.0976523  0.00    0.0015505    0.0001319   -0.0015572
o    -0.8112880    3.8138331    0.4769112  0.00    0.0002949    0.0014658   -0.0011301
h    -1.4881756    3.7499817    1.2306139  0.00   -0.0008240   -0.0002610    0.0010285
h     2.1576043    1.4356806   -1.8982547  0.00    0.0009415    0.0002630   -0.0009429
h    -0.0254389   -0.5969769    1.1318719  0.00   -0.0003953   -0.0010451    0.0006642
h    -1.1837320    1.4754083    1.6727440  0.00   -0.0008683   -0.0000973    0.0009021
h     0.9784229    3.5022187   -1.3346779  0.00    0.0003663    0.0009887   -0.0007057
c     1.8621925   -1.0012418   -0.7549971  0.00    0.0002007   -0.0000381    0.0000344
c     1.0347646   -1.8619017   -1.7281527  0.00    0.0015918    0.0021099   -0.0031318
h     2.0635450   -1.5898291    0.1712859  0.00    0.0003191   -0.0006378    0.0013836
h     2.8596315   -0.7719010   -1.1961075  0.00    0.0006427    0.0002395   -0.0002784
c     1.9124563   -2.9595563   -2.3416760  0.00   -0.0021189   -0.0022209    0.0030593
o     2.2669695   -4.0730725   -1.5833279  0.00    0.0011857   -0.0046283    0.0040367
o     2.4180242   -2.8326688   -3.6400153  0.00    0.0040110   -0.0031214   -0.0055614
h     2.1153232   -1.9707436   -4.0777310  0.00   -0.0063664    0.0081997    0.0029225
n    -0.1336891   -2.4001826   -0.9952816  0.00    0.0085547    0.0048293    0.0080162
h     0.6892301   -1.2202866   -2.5744021  0.00    0.0033247   -0.0007639   -0.0051210
h    -1.0107448   -1.9197349   -1.3305021  0.00   -0.0104581    0.0052774   -0.0040399
h    -0.2658545   -3.4321251   -1.1823768  0.00   -0.0004264   -0.0118325   -0.0017782
    24
 Energy =       0.0707675327
c    -0.3709774    1.4686808    0.9318264  0.00   -0.0016646    0.0006891    0.0015573
c    -0.0853576    2.6125560    0.2519797  0.00   -0.0007867    0.0008258    0.0006866
c     0.8234756    2.5856889   -0.7512809  0.00    0.0005199    0.0020211   -0.0008946
c     0.2544724    0.3068754    0.6057371  0.00   -0.0007405   -0.0015890    0.0009685
c     1.1743597    0.2797797   -0.3999327  0.00    0.0013350   -0.0006638   -0.0005341
c     1.4503264    1.4263659   -1.0828569  0.00    0.0013691   -0.0002432   -0.0012865
o    -0.7121539    3.8251878    0.5600183  0.00   -0.0000962    0.0017313   -0.0007011
h    -1.3771691    3.7637844    1.3243069  0.00   -0.0007777   -0.0000905    0.0009097
h     2.1721809    1.4249966   -1.8970320  0.00    0.0008642    0.0000878   -0.0008450
h     0.0094323   -0.6059745    1.1466143  0.00   -0.0002693   -0.0008478    0.0004997
h    -1.1026860    1.4792084    1.7338074  0.00   -0.0007935    0.0000247    0.0007959
h     1.0390837    3.5047161   -1.2871474  0.00    0.0002390    0.0007989   -0.0005105
c     1.8528951   -1.0205099   -0.7810118  0.00    0.0008765   -0.0000962    0.0000131
c     0.9941611   -1.8445203   -1.7591857  0.00    0.0009433    0.0015309   -0.0017226
h     2.0528080   -1.6302010    0.1317259  0.00    0.0004280   -0.0006434    0.0012547
h     2.8493833   -0.8050957   -1.2309584  0.00    0.0006498    0.0001631   -0.0002016
c     1.8346388   -2.9624705   -2.3898243  0.00   -0.0023338   -0.0022360    0.0045543
o     2.2106755   -4.0612642   -1.6216772  0.00    0.0007563   -0.0035879    0.0035445
o     2.2791661   -2.8777326   -3.7151537  0.00    0.0043768   -0.0026529   -0.0071684
h     1.9565700   -2.0339962   -4.1719531  0.00   -0.0045411    0.0064556    0.0011062
n    -0.1852469   -2.3568581   -1.0253779  0.00    0.0059231    0.0034303    0.0059838
h     0.6618106   -1.1787945   -2.5916240  0.00    0.0018745   -0.0000742   -0.0036624
h    -1.0524377   -1.8667411   -1.3663883  0.00   -0.0078239    0.0039315   -0.0029846
h    -0.3331428   -3.3868809   -1.2012079  0.00   -0.0003281   -0.0089653   -0.0013627
    24
 Energy =       0.0707737842
c    -0.3390274    1.4646731    0.9571647  0.00   -0.0015591    0.0006631    0.0014549
c    -0.0406511    2.6124875    0.2895564  0.00   -0.0006735    0.0007585    0.0005731
c     0.8643212    2.5851529   -0.7169830  0.00    0.0003872    0.0020161   -0.0007767
c     0.2697163    0.2984575    0.6155083  0.00   -0.0005959   -0.0016007    0.0008485
c     1.1856784    0.2707687   -0.3934927  0.00    0.0011892   -0.0006258   -0.0004267
c     1.4746204    1.4214840   -1.0639838  0.00    0.0012945   -0.0002473   -0.0012191
o    -0.6504538    3.8297469    0.6135620  0.00   -0.0002169    0.0018926   -0.0005893
h    -1.3138956    3.7682722    1.3791163  0.00   -0.0007116   -0.0000560    0.0008246
h     2.1932514    1.4197681   -1.8808757  0.00    0.0007896    0.0000693   -0.0007710
h     0.0137677   -0.6174568    1.1460358  0.00   -0.0002409   -0.0008936    0.0004844
h    -1.0679704    1.4755684    1.7615225  0.00   -0.0007228    0.0000302    0.0007231
h     1.0900847    3.5073694   -1.2431083  0.00    0.0002084    0.0008345   -0.0004875
c     1.8436421   -1.0345414   -0.7935879  0.00    0.0010460   -0.0000964    0.0000542
c     0.9692339   -1.8315226   -1.7804723  0.00    0.0007057    0.0012882   -0.0014425
h     2.0367534   -1.6594395    0.1102776  0.00    0.0004621   -0.0006903    0.0012585
h     2.8419664   -0.8282495   -1.2436419  0.00    0.0006516    0.0001605   -0.0001625
c     1.7888443   -2.9559282   -2.4274397  0.00   -0.0022232   -0.0021989    0.0045138
o     2.1745548   -4.0544527   -1.6641187  0.00    0.0006832   -0.0032647    0.0032647
o     2.2023168   -2.8808435   -3.7633186  0.00    0.0042203   -0.0024598   -0.0070819
h     1.8703994   -2.0409295   -4.2197740  0.00   -0.0040409    0.0058274    0.0008327
n    -0.2176514   -2.3325409   -1.0507282  0.00    0.0056466    0.0032274    0.0057339
h     0.6469906   -1.1475626   -2.6020576  0.00    0.0015100    0.0001411   -0.0034022
h    -1.0828344   -1.8559328   -1.4145686  0.00   -0.0074811    0.0038775   -0.0028562
h    -0.3573899   -3.3675479   -1.2011886  0.00   -0.0003287   -0.0086530   -0.0013507
    24
 Energy =       0.0705797570
c    -0.2660999    1.4396969    1.0308316  0.00   -0.0008018    0.0006808    0.0006534
c     0.0464961    2.5984860    0.3903324  0.00   -0.0000930    0.0001127    0.0000333
c     0.9316403    2.5783803   -0.6328205  0.00   -0.0002308    0.0013269   -0.0000768
c     0.3087588    0.2700790    0.6458589  0.00    0.0001391   -0.0011267    0.0001440
c     1.2054480    0.2497890   -0.3792336  0.00    0.0005144   -0.0001883   -0.0000291
c     1.5085318    1.4114736   -1.0226883  0.00    0.0007514   -0.0005805   -0.0006486
o    -0.5287524    3.8201166    0.7595338  0.00   -0.0007760    0.0021999    0.0001836
h    -1.1803327    3.7526094    1.5342417  0.00   -0.0003764    0.0001795    0.0003752
h     2.2112230    1.4154523   -1.8526598  0.00    0.0003934   -0.0001393   -0.0003646
h     0.0395751   -0.6544535    1.1535812  0.00   -0.0000333   -0.0006856    0.0002039
h    -0.9801608    1.4447351    1.8478329  0.00   -0.0003566    0.0001438    0.0003292
h     1.1686347    3.5093756   -1.1373670  0.00   -0.0000030    0.0006061   -0.0001792
c     1.8236032   -1.0586295   -0.8293368  0.00    0.0018249    0.0001334   -0.0001650
c     0.9227563   -1.7907409   -1.8426227  0.00    0.0000499   -0.0003688   -0.0002789
h     2.0007165   -1.7228167    0.0494858  0.00    0.0005422   -0.0009101    0.0011938
h     2.8258472   -0.8648322   -1.2752277  0.00    0.0003399    0.0001341    0.0000482
c     1.6995205   -2.9306285   -2.5151170  0.00   -0.0011944   -0.0014369    0.0029922
o     2.1002023   -4.0246219   -1.7562842  0.00    0.0000949   -0.0008245    0.0010301
o     2.0531357   -2.8862128   -3.8675653  0.00    0.0022225   -0.0008109   -0.0043943
h     1.7116463   -2.0577991   -4.3325621  0.00   -0.0009217    0.0013692   -0.0003259
n    -0.2884697   -2.2615638   -1.1334411  0.00    0.0035512    0.0011891    0.0040846
h     0.6331502   -1.0657636   -2.6409391  0.00   -0.0003107    0.0013008   -0.0016173
h    -1.1419557   -1.8207949   -1.5605163  0.00   -0.0052644    0.0034159   -0.0020106
h    -0.4088468   -3.3045358   -1.2199129  0.00   -0.0000617   -0.0057206   -0.0011812
    24
 Energy =       0.0705793705
c    -0.3053021    1.4412865    1.0080515  0.00   -0.0002652   -0.0003475    0.0004382
c    -0.0341950    2.5957827    0.3408236  0.00    0.0000979    0.0003386   -0.0002142
c     0.8382604    2.5816014   -0.6927411  0.00   -0.0000565    0.0010266   -0.0001689
c     0.2992786    0.2822543    0.6403006  0.00    0.0000588   -0.0008668    0.0001000
c     1.1846415    0.2685843   -0.3941061  0.00   -0.0001934   -0.0003216    0.0003877
c     1.4447827    1.4251668   -1.0654857  0.00    0.0002442    0.0005749   -0.0004715
o    -0.6390996    3.8069645    0.6934673  0.00   -0.0000358    0.0012675   -0.0002499
h    -1.2777719    3.7360137    1.4784128  0.00   -0.0001920   -0.0000350    0.0002383
h     2.1383948    1.4336052   -1.9026093  0.00    0.0000778    0.0001486   -0.0001433
h     0.0649288   -0.6391645    1.1712319  0.00   -0.0001534   -0.0009107    0.0003849
h    -1.0087913    1.4414595    1.8338596  0.00   -0.0000932   -0.0001382    0.0001450
h     1.0422401    3.5090359   -1.2183952  0.00    0.0001208    0.0007962   -0.0003519
c     1.8444366   -1.0273362   -0.8170625  0.00    0.0006457   -0.0002588    0.0006528
c     0.9753151   -1.8080593   -1.8199314  0.00   -0.0011319   -0.0000095    0.0001728
h     2.0361809   -1.6693673    0.0742122  0.00    0.0002176   -0.0004382    0.0003900
h     2.8432160   -0.8111305   -1.2604801  0.00    0.0004046    0.0000559    0.0000677
c     1.7878055   -2.9550198   -2.4365944  0.00    0.0001479   -0.0001359    0.0000294
o     2.1839737   -4.0207046   -1.6359017  0.00    0.0005431   -0.0014375    0.0008739
o     2.1761554   -2.9461805   -3.7785619  0.00    0.0010667   -0.0011006   -0.0014860
h     1.8452500   -2.1328857   -4.2763696  0.00   -0.0004185    0.0010439   -0.0006819
n    -0.2367831   -2.2790333   -1.1146448  0.00    0.0070589    0.0048240    0.0051324
h     0.6851216   -1.1187098   -2.6479983  0.00   -0.0003357    0.0008974   -0.0009055
h    -1.0781349   -1.7621729   -1.4790870  0.00   -0.0067200    0.0042667   -0.0033486
h    -0.4136358   -3.3051899   -1.2869864  0.00   -0.0010883   -0.0092403   -0.0009915
    24
 Energy =       0.0705796455
c    -0.3018316    1.4344852    1.0176132  0.00   -0.0002495   -0.0003453    0.0004173
c    -0.0235144    2.5922170    0.3591038  0.00    0.0000912    0.0003236   -0.0002020
c     0.8526802    2.5813017   -0.6713291  0.00   -0.0000460    0.0009625   -0.0001702
c     0.2991890    0.2754520    0.6442357  0.00    0.0000480   -0.0008128    0.0001083
c     1.1882833    0.2650143   -0.3869878  0.00   -0.0001701   -0.0003043    0.0003662
c     1.4557646    1.4249184   -1.0495859  0.00    0.0002314    0.0005543   -0.0004500
o    -0.6247953    3.8034559    0.7175513  0.00   -0.0000235    0.0011845   -0.0002498
h    -1.2666195    3.7299253    1.4996741  0.00   -0.0001857   -0.0000359    0.0002313
h     2.1523482    1.4359785   -1.8842129  0.00    0.0000766    0.0001445   -0.0001402
h     0.0588254   -0.6485091    1.1678887  0.00   -0.0001478   -0.0008626    0.0003707
h    -1.0083933    1.4320639    1.8407825  0.00   -0.0000905   -0.0001350    0.0001415
h     1.0623563    3.5112942   -1.1900950  0.00    0.0001169    0.0007555   -0.0003388
c     1.8434400   -1.0308676   -0.8169606  0.00    0.0006193   -0.0001966    0.0006033
c     0.9753964   -1.7983608   -1.8309788  0.00   -0.0009898   -0.0000452    0.0001775
h     2.0271844   -1.6812088    0.0699704  0.00    0.0002103   -0.0004399    0.0004087
h     2.8456095   -0.8163103   -1.2534498  0.00    0.0003928    0.0000710    0.0000551
c     1.7836854   -2.9453591   -2.4527374  0.00   -0.0001316   -0.0000269    0.0005840
o     2.2068160   -3.9979455   -1.6481237  0.00    0.0005638   -0.0016236    0.0012759
o     2.1354704   -2.9530913   -3.8052697  0.00    0.0012702   -0.0011815   -0.0020358
h     1.7816325   -2.1516992   -4.3071006  0.00   -0.0004722    0.0013050   -0.0010649
n    -0.2433726   -2.2679366   -1.1363312  0.00    0.0063525    0.0042541    0.0046836
h     0.6945909   -1.0993969   -2.6541248  0.00   -0.0003629    0.0009053   -0.0008340
h    -1.0815034   -1.7539699   -1.5108336  0.00   -0.0061385    0.0038853   -0.0030300
h    -0.4169744   -3.2946507   -1.3052948  0.00   -0.0009650   -0.0083361   -0.0009079
    24
 Energy =       0.0705605755
c    -0.3072672    1.4158170    1.0341532  0.00   -0.0002714   -0.0005054    0.0004771
c    -0.0098972    2.5814647    0.3981716  0.00    0.0000479    0.0003631   -0.0001596
c     0.8809247    2.5796069   -0.6198597  0.00    0.0000870    0.0008772   -0.0003158
c     0.2891384    0.2578703    0.6505962  0.00   -0.0000831   -0.0007376    0.0002731
c     1.1928619    0.2564325   -0.3680214  0.00   -0.0000561   -0.0003170    0.0003312
c     1.4797030    1.4244274   -1.0080170  0.00    0.0002627    0.0006777   -0.0005122
o    -0.6063596    3.7917657    0.7672656  0.00    0.0001441    0.0010208   -0.0004205
h    -1.2598718    3.7111829    1.5390636  0.00   -0.0002832   -0.0000723    0.0003532
h     2.1880134    1.4427680   -1.8327307  0.00    0.0001442    0.0001882   -0.0002273
h     0.0330183   -0.6723049    1.1554612  0.00   -0.0001976   -0.0008734    0.0004410
h    -1.0256898    1.4061948    1.8470596  0.00   -0.0001565   -0.0001789    0.0002277
h     1.1056296    3.5158504   -1.1208733  0.00    0.0001639    0.0007749   -0.0004028
c     1.8415665   -1.0380690   -0.8110313  0.00    0.0006037    0.0001689    0.0005833
c     0.9837440   -1.7750902   -1.8565730  0.00   -0.0003501   -0.0002392   -0.0000868
h     2.0018619   -1.7078074    0.0662940  0.00    0.0002216   -0.0005956    0.0006901
h     2.8539884   -0.8260544   -1.2249598  0.00    0.0005503    0.0002083   -0.0000360
c     1.7874320   -2.9207224   -2.4857577  0.00   -0.0010362    0.0004370    0.0026748
o     2.2659213   -3.9447672   -1.6735330  0.00    0.0008386   -0.0025225    0.0029792
o     2.0659937   -2.9638636   -3.8565751  0.00    0.0020697   -0.0017737   -0.0041128
h     1.6636019   -2.1889155   -4.3657656  0.00   -0.0009485    0.0025102   -0.0027699
n    -0.2544644   -2.2425199   -1.1949664  0.00    0.0042576    0.0023096    0.0037877
h     0.7296709   -1.0543519   -2.6698152  0.00   -0.0004745    0.0011869   -0.0008320
h    -1.0820124   -1.7328134   -1.5950595  0.00   -0.0049096    0.0029808   -0.0022462
h    -0.4212393   -3.2693003   -1.3611222  0.00   -0.0006245   -0.0058879   -0.0006965
    24
 Energy =       0.0704490701
c    -0.3537109    1.3785517    1.0436266  0.00   -0.0006086   -0.0010407    0.0009168
c    -0.0215035    2.5572849    0.4496905  0.00   -0.0002665    0.0005284    0.0001579
c     0.9075023    2.5733559   -0.5346582  0.00    0.0008403    0.0006466   -0.0010669
c     0.2458589    0.2254311    0.6517772  0.00   -0.0008382   -0.0005190    0.0010844
c     1.1878700    0.2418918   -0.3325641  0.00    0.0004447   -0.0004012    0.0000785
c     1.5099823    1.4231617   -0.9306252  0.00    0.0006011    0.0011358   -0.0009290
o    -0.6205957    3.7630579    0.8280431  0.00    0.0009803    0.0005398   -0.0012176
h    -1.3034691    3.6687786    1.5732554  0.00   -0.0010038   -0.0002281    0.0011457
h     2.2491536    1.4559617   -1.7282946  0.00    0.0006604    0.0003604   -0.0008046
h    -0.0386679   -0.7149601    1.1217142  0.00   -0.0004893   -0.0009603    0.0007627
h    -1.1028235    1.3546689    1.8289734  0.00   -0.0006732   -0.0003420    0.0007952
h     1.1596470    3.5199257   -1.0026325  0.00    0.0004297    0.0008905   -0.0006972
c     1.8392286   -1.0466498   -0.7869887  0.00    0.0004014    0.0012889    0.0009588
c     1.0199541   -1.7371688   -1.8954774  0.00    0.0017512   -0.0005414   -0.0019671
h     1.9505823   -1.7462005    0.0755441  0.00    0.0002027   -0.0009800    0.0016064
h     2.8729299   -0.8353546   -1.1480881  0.00    0.0015263    0.0006377   -0.0004226
c     1.8309474   -2.8766104   -2.5242653  0.00   -0.0009669    0.0006861    0.0028000
o     2.3725193   -3.8626968   -1.7045087  0.00    0.0008186   -0.0024095    0.0032409
o     2.0324592   -2.9644108   -3.9060263  0.00    0.0018347   -0.0017446   -0.0032955
h     1.5719383   -2.2251176   -4.4199071  0.00   -0.0012749    0.0027917   -0.0033341
n    -0.2578756   -2.2031155   -1.3087471  0.00   -0.0008365   -0.0020944    0.0028050
h     0.8205405   -0.9852806   -2.6966924  0.00   -0.0002706    0.0015913   -0.0015354
h    -1.0586174   -1.6915248   -1.7538126  0.00   -0.0029530    0.0012617   -0.0009476
h    -0.4175819   -3.2261789   -1.4859323  0.00   -0.0003097   -0.0010976   -0.0001346
    24
 Energy =       0.0702774667
c    -0.3746556    1.3567650    1.0525422  0.00   -0.0003525   -0.0007879    0.0005714
c    -0.0129771    2.5428965    0.4923634  0.00   -0.0001121    0.0003832    0.0000450
c     0.9406963    2.5670211   -0.4672546  0.00    0.0004895    0.0004636   -0.0006461
c     0.2202635    0.2043119    0.6519292  0.00   -0.0005099   -0.0003854    0.0006857
c     1.1873080    0.2287704   -0.3069428  0.00    0.0002051   -0.0003374    0.0001079
c     1.5389586    1.4175841   -0.8715226  0.00    0.0003522    0.0008123   -0.0005744
o    -0.6064476    3.7482613    0.8806037  0.00    0.0005946    0.0003917   -0.0007522
h    -1.3082155    3.6477834    1.6066446  0.00   -0.0005452   -0.0001510    0.0006442
h     2.2985377    1.4569560   -1.6489662  0.00    0.0003731    0.0002599   -0.0004777
h    -0.0878114   -0.7415950    1.0942346  0.00   -0.0003175   -0.0006821    0.0004993
h    -1.1435970    1.3265757    1.8176873  0.00   -0.0003673   -0.0002468    0.0004575
h     1.2162070    3.5194974   -0.9086324  0.00    0.0002877    0.0006565   -0.0004693
c     1.8346354   -1.0581317   -0.7711310  0.00    0.0003192    0.0009257    0.0005916
c     1.0449559   -1.7071922   -1.9245028  0.00    0.0011510   -0.0002606   -0.0011385
h     1.9063179   -1.7805348    0.0759750  0.00    0.0001654   -0.0007634    0.0011805
h     2.8828097   -0.8544659   -1.0911005  0.00    0.0010754    0.0004511   -0.0002849
c     1.8538841   -2.8462390   -2.5560267  0.00   -0.0012182    0.0022618    0.0054558
o     2.4829087   -3.7788950   -1.7329622  0.00    0.0019310   -0.0038485    0.0058812
o     1.9453974   -2.9997441   -3.9463369  0.00    0.0021462   -0.0026023   -0.0070419
h     1.4131851   -2.3050441   -4.4559463  0.00   -0.0024491    0.0036494   -0.0050328
n    -0.2622156   -2.1608624   -1.3978177  0.00   -0.0008758   -0.0017037    0.0019229
h     0.8931373   -0.9323253   -2.7139073  0.00   -0.0002266    0.0015226   -0.0008701
h    -1.0342117   -1.6273481   -1.8655295  0.00   -0.0016846    0.0007425   -0.0007216
h    -0.4328031   -3.1772446   -1.5999968  0.00   -0.0004315   -0.0007514   -0.0000336
    24
 Energy =       0.0700490771
c    -0.4408784    1.3250935    1.0377486  0.00   -0.0012796   -0.0019541    0.0014553
c    -0.0263236    2.5208975    0.5345480  0.00   -0.0005503    0.0009026    0.0004010
c     0.9800988    2.5558414   -0.3714596  0.00    0.0018121    0.0009446   -0.0018038
c     0.1541034    0.1737622    0.6341794  0.00   -0.0018219   -0.0007847    0.0018474
c     1.1738672    0.2087527   -0.2702846  0.00    0.0006401   -0.0009082   -0.0001279
c     1.5787333    1.4075638   -0.7783143  0.00    0.0012226    0.0020147   -0.0014022
o    -0.6182719    3.7254548    0.9274237  0.00    0.0021386    0.0006816   -0.0021030
h    -1.3613360    3.6164190    1.6116278  0.00   -0.0020658   -0.0004884    0.0019936
h     2.3814150    1.4558768   -1.5124481  0.00    0.0013881    0.0006907   -0.0013950
h    -0.1959355   -0.7792878    1.0299039  0.00   -0.0010233   -0.0015192    0.0011367
h    -1.2520726    1.2864566    1.7593344  0.00   -0.0013838   -0.0006379    0.0013478
h     1.2976106    3.5160949   -0.7679589  0.00    0.0009357    0.0015097   -0.0010851
c     1.8221183   -1.0760185   -0.7387809  0.00    0.0000941    0.0016819    0.0011779
c     1.0861189   -1.6721406   -1.9564928  0.00    0.0023549   -0.0003811   -0.0024324
h     1.8322553   -1.8261301    0.0879788  0.00    0.0000827   -0.0013046    0.0020438
h     2.8914040   -0.8839120   -0.9930675  0.00    0.0022078    0.0007187   -0.0003998
c     1.9037600   -2.8052819   -2.5871448  0.00   -0.0001362    0.0010259    0.0008556
o     2.5928452   -3.6973973   -1.7708884  0.00    0.0007916   -0.0019225    0.0023222
o     1.9320255   -3.0009790   -3.9699644  0.00    0.0008734   -0.0009695   -0.0016444
h     1.3524037   -2.3383589   -4.4662601  0.00   -0.0010414    0.0015609   -0.0018566
n    -0.2592365   -2.1140195   -1.5200576  0.00   -0.0024164   -0.0028420    0.0028380
h     0.9975026   -0.8699552   -2.7293919  0.00    0.0001789    0.0016302   -0.0018918
h    -0.9924721   -1.5587069   -2.0242826  0.00   -0.0022335    0.0010431   -0.0011891
h    -0.4334671   -3.1232248   -1.7525443  0.00   -0.0007685   -0.0006922   -0.0000881
    24
 Energy =       0.0698955642
c    -0.4379491    1.3247483    1.0373671  0.00   -0.0004178   -0.0007204    0.0005195
c    -0.0091532    2.5204407    0.5498454  0.00   -0.0001649    0.0003338    0.0001108
c     1.0051709    2.5536836   -0.3452412  0.00    0.0005872    0.0003800   -0.0006221
c     0.1508152    0.1718188    0.6292155  0.00   -0.0005931   -0.0003214    0.0006365
c     1.1784579    0.2049624   -0.2641833  0.00    0.0001906   -0.0003597   -0.0000189
c     1.5976022    1.4037822   -0.7566417  0.00    0.0004008    0.0007367   -0.0005034
o    -0.5942996    3.7266431    0.9479328  0.00    0.0007113    0.0003114   -0.0007382
h    -1.3440294    3.6187304    1.6232802  0.00   -0.0006785   -0.0001735    0.0006843
h     2.4069074    1.4508113   -1.4818299  0.00    0.0004493    0.0002518   -0.0004786
h    -0.2104216   -0.7808717    1.0123526  0.00   -0.0003461   -0.0005792    0.0004165
h    -1.2555076    1.2875567    1.7500660  0.00   -0.0004477   -0.0002326    0.0004608
h     1.3340985    3.5139157   -0.7293069  0.00    0.0003180    0.0005780   -0.0004009
c     1.8201841   -1.0812659   -0.7376461  0.00    0.0000769    0.0005917    0.0003756
c     1.0913869   -1.6609790   -1.9652277  0.00    0.0006184   -0.0001583   -0.0004382
h     1.8174675   -1.8376254    0.0813928  0.00    0.0000500   -0.0004628    0.0007191
h     2.8919124   -0.8968476   -0.9809611  0.00    0.0007413    0.0002233   -0.0001446
c     1.9016556   -2.7949260   -2.6038192  0.00   -0.0010404    0.0029077    0.0026652
o     2.6724360   -3.6346777   -1.8011595  0.00    0.0028349   -0.0034270    0.0054477
o     1.8380256   -3.0461620   -3.9790933  0.00    0.0007785   -0.0019552   -0.0054179
h     1.2046129   -2.4186315   -4.4575416  0.00   -0.0023392    0.0022572   -0.0032201
n    -0.2604197   -2.0924214   -1.5456630  0.00   -0.0007735   -0.0010963    0.0009746
h     1.0181966   -0.8531712   -2.7321402  0.00    0.0000841    0.0007422   -0.0005643
h    -0.9826245   -1.5322890   -2.0583984  0.00   -0.0008195    0.0003854   -0.0004228
h    -0.4382567   -3.1004242   -1.7791954  0.00   -0.0002207   -0.0002127   -0.0000403
    24
 Energy =       0.0697696032
c    -0.4776430    1.3120219    1.0168091  0.00   -0.0008791   -0.0014498    0.0008234
c     0.0010128    2.5095209    0.5805842  0.00   -0.0002310    0.0006570    0.0001656
c     1.0556112    2.5412989   -0.2675422  0.00    0.0011548    0.0007917   -0.0010053
c     0.1018945    0.1557657    0.6048367  0.00   -0.0011483   -0.0006907    0.0010062
c     1.1695320    0.1870326   -0.2412371  0.00    0.0001811   -0.0008179   -0.0000414
c     1.6387843    1.3880366   -0.6827820  0.00    0.0008327    0.0014570   -0.0007875
o    -0.5730777    3.7192122    0.9842334  0.00    0.0014583    0.0006496   -0.0012641
h    -1.3554128    3.6120371    1.6223658  0.00   -0.0013094   -0.0003410    0.0011220
h     2.4812056    1.4342296   -1.3699593  0.00    0.0008462    0.0005006   -0.0007496
h    -0.2985261   -0.7977155    0.9465330  0.00   -0.0007464   -0.0011405    0.0006639
h    -1.3274729    1.2762562    1.6914320  0.00   -0.0008394   -0.0004562    0.0007169
h     1.4243912    3.5031613   -0.6110009  0.00    0.0007044    0.0011710   -0.0006609
c     1.8019512   -1.1020824   -0.7194050  0.00   -0.0000077    0.0006349    0.0004027
c     1.1083803   -1.6388578   -1.9867141  0.00    0.0009381   -0.0001552   -0.0007182
h     1.7525934   -1.8762266    0.0815176  0.00   -0.0000025   -0.0007164    0.0008779
h     2.8859884   -0.9355415   -0.9179822  0.00    0.0009484    0.0002473   -0.0000730
c     1.9169576   -2.7729338   -2.6272615  0.00    0.0000320    0.0001171   -0.0005845
o     2.7344044   -3.5778497   -1.8416337  0.00   -0.0000970   -0.0003246    0.0001529
o     1.8076192   -3.0565786   -3.9880937  0.00    0.0000539    0.0001792    0.0002959
h     1.1467874   -2.4494538   -4.4500238  0.00    0.0001332    0.0000025    0.0001357
n    -0.2669796   -2.0512589   -1.6282117  0.00   -0.0008384   -0.0010994    0.0010891
h     1.0807183   -0.8135069   -2.7382147  0.00    0.0001087    0.0006821   -0.0008375
h    -0.9576162   -1.4680953   -2.1587936  0.00   -0.0008973    0.0005792   -0.0006279
h    -0.4548355   -3.0516717   -1.8860521  0.00   -0.0003954   -0.0004774   -0.0001026
    24
 Energy =       0.0697361211
c    -0.4737475    1.3187808    1.0105616  0.00   -0.0004396   -0.0007252    0.0004127
c     0.0058748    2.5152235    0.5750566  0.00   -0.0001167    0.0003285    0.0000839
c     1.0614118    2.5454720   -0.2709943  0.00    0.0005774    0.0003951   -0.0005045
c     0.1058168    0.1620510    0.6000209  0.00   -0.0005745   -0.0003451    0.0005042
c     1.1742204    0.1917497   -0.2441860  0.00    0.0000940   -0.0004075   -0.0000194
c     1.6444435    1.3917227   -0.6850224  0.00    0.0004156    0.0007287   -0.0003954
o    -0.5681467    3.7253637    0.9773795  0.00    0.0007298    0.0003267   -0.0006359
h    -1.3515177    3.6193380    1.6136085  0.00   -0.0006574   -0.0001716    0.0005650
h     2.4876277    1.4367371   -1.3705658  0.00    0.0004238    0.0002503   -0.0003769
h    -0.2951713   -0.7905717    0.9413615  0.00   -0.0003726   -0.0005716    0.0003312
h    -1.3242914    1.2842436    1.6835611  0.00   -0.0004209   -0.0002284    0.0003602
h     1.4310571    3.5065011   -0.6138114  0.00    0.0003516    0.0005863   -0.0003315
c     1.8067206   -1.0979521   -0.7207062  0.00    0.0000020    0.0003513    0.0002145
c     1.1098421   -1.6398719   -1.9834835  0.00    0.0004316   -0.0000838   -0.0002260
h     1.7614806   -1.8692147    0.0824404  0.00   -0.0000045   -0.0003686    0.0004495
h     2.8894223   -0.9307947   -0.9237167  0.00    0.0004851    0.0001118   -0.0000414
c     1.9168514   -2.7736517   -2.6267705  0.00   -0.0006833    0.0013621    0.0001988
o     2.7886888   -3.5374052   -1.8555546  0.00    0.0016473   -0.0014379    0.0023184
o     1.7544660   -3.0964888   -3.9752062  0.00    0.0000301   -0.0005992   -0.0017258
h     1.0618798   -2.5140764   -4.4244183  0.00   -0.0009046    0.0006387   -0.0009226
n    -0.2629963   -2.0531717   -1.6186364  0.00   -0.0004212   -0.0005472    0.0005633
h     1.0779902   -0.8175256   -2.7375084  0.00    0.0000758    0.0003732   -0.0004260
h    -0.9563549   -1.4743388   -2.1497581  0.00   -0.0004607    0.0003020   -0.0003268
h    -0.4493000   -3.0553191   -1.8702474  0.00   -0.0002080   -0.0002688   -0.0000696
    24
 Energy =       0.0697196906
c    -0.4812967    1.3196410    1.0019482  0.00    0.0000505    0.0000826   -0.0000351
c     0.0072755    2.5152011    0.5769435  0.00    0.0000059   -0.0000385   -0.0000048
c     1.0704829    2.5439023   -0.2584287  0.00   -0.0000627   -0.0000497    0.0000435
c     0.0970727    0.1622237    0.5917257  0.00    0.0000636    0.0000427   -0.0000461
c     1.1729627    0.1902830   -0.2419149  0.00   -0.0000041    0.0000442   -0.0000003
c     1.6522038    1.3894645   -0.6723044  0.00   -0.0000501   -0.0000839    0.0000344
o    -0.5651833    3.7260171    0.9793550  0.00   -0.0000757   -0.0000393    0.0000522
h    -1.3550007    3.6211352    1.6068419  0.00    0.0000625    0.0000163   -0.0000432
h     2.5016944    1.4333393   -1.3492232  0.00   -0.0000441   -0.0000281    0.0000311
h    -0.3107912   -0.7895833    0.9247893  0.00    0.0000461    0.0000681   -0.0000322
h    -1.3379411    1.2863954    1.6663551  0.00    0.0000434    0.0000258   -0.0000299
h     1.4473474    3.5042660   -0.5928670  0.00   -0.0000431   -0.0000676    0.0000299
c     1.8043725   -1.1000794   -0.7181370  0.00   -0.0000023   -0.0000536   -0.0000361
c     1.1128793   -1.6377285   -1.9849406  0.00   -0.0000804    0.0000128    0.0000429
h     1.7532629   -1.8723697    0.0827561  0.00    0.0000048    0.0000619   -0.0000732
h     2.8880199   -0.9356594   -0.9154661  0.00   -0.0000774   -0.0000207    0.0000022
c     1.9201985   -2.7713207   -2.6284171  0.00    0.0000353   -0.0000911   -0.0000588
o     2.8097911   -3.5190240   -1.8652206  0.00   -0.0001572    0.0000715   -0.0001674
o     1.7431652   -3.1076369   -3.9699967  0.00   -0.0000006    0.0000857    0.0001486
h     1.0422271   -2.5330527   -4.4142639  0.00    0.0001121   -0.0000579    0.0000940
n    -0.2618045   -2.0487437   -1.6273326  0.00    0.0000787    0.0000979   -0.0000864
h     1.0859511   -0.8141350   -2.7369574  0.00   -0.0000144   -0.0000646    0.0000711
h    -0.9513657   -1.4663387   -2.1586685  0.00    0.0000752   -0.0000522    0.0000541
h    -0.4492557   -3.0493960   -1.8831720  0.00    0.0000342    0.0000377    0.0000095
    24
 Energy =       0.0697189184
c    -0.4831920    1.3196176    0.9996850  0.00    0.0000017    0.0000042   -0.0000011
c     0.0074862    2.5154075    0.5774811  0.00   -0.0000005   -0.0000021    0.0000004
c     1.0728434    2.5444047   -0.2552253  0.00   -0.0000019   -0.0000031    0.0000013
c     0.0952568    0.1622647    0.5893832  0.00    0.0000021    0.0000025   -0.0000017
c     1.1732392    0.1905979   -0.2416368  0.00    0.0000004    0.0000019   -0.0000003
c     1.6545918    1.3900320   -0.6692495  0.00   -0.0000021   -0.0000046    0.0000013
o    -0.5649476    3.7261679    0.9801089  0.00   -0.0000019   -0.0000023    0.0000011
h    -1.3565524    3.6210549    1.6053718  0.00    0.0000009    0.0000005   -0.0000004
h     2.5058499    1.4341816   -1.3440033  0.00   -0.0000010   -0.0000015    0.0000008
h    -0.3141854   -0.7897000    0.9202826  0.00    0.0000021    0.0000039   -0.0000019
h    -1.3415396    1.2861472    1.6619524  0.00    0.0000011    0.0000014   -0.0000008
h     1.4514185    3.5049557   -0.5874136  0.00   -0.0000017   -0.0000036    0.0000014
c     1.8048554   -1.0996679   -0.7178886  0.00   -0.0000006   -0.0000033   -0.0000030
c     1.1140675   -1.6369758   -1.9853882  0.00   -0.0000109    0.0000018    0.0000076
h     1.7532309   -1.8721971    0.0828269  0.00    0.0000003    0.0000059   -0.0000071
h     2.8887050   -0.9352093   -0.9144885  0.00   -0.0000073   -0.0000031   -0.0000000
c     1.9218186   -2.7698159   -2.6297208  0.00   -0.0000356    0.0000496   -0.0000005
o     2.8227459   -3.5084410   -1.8705934  0.00    0.0000704   -0.0000518    0.0000823
o     1.7347286   -3.1138882   -3.9681467  0.00    0.0000005   -0.0000204   -0.0000512
h     1.0273723   -2.5445685   -4.4093073  0.00   -0.0000340    0.0000220   -0.0000312
n    -0.2607327   -2.0486990   -1.6285801  0.00    0.0000076    0.0000095   -0.0000089
h     1.0872199   -0.8130923   -2.7372188  0.00   -0.0000005   -0.0000060    0.0000067
h    -0.9502875   -1.4663831   -2.1601364  0.00    0.0000075   -0.0000052    0.0000052
h    -0.4477247   -3.0493928   -1.8846903  0.00    0.0000036    0.0000038   -0.0000001
    24
 Energy =       0.0697189101
c    -0.4832134    1.3196150    0.9996511  0.00   -0.0000000   -0.0000000    0.0000000
c     0.0074940    2.5154132    0.5774893  0.00   -0.0000000    0.0000000    0.0000000
c     1.0728794    2.5444209   -0.2551827  0.00    0.0000000    0.0000000   -0.0000000
c     0.0952355    0.1622640    0.5893430  0.00   -0.0000000   -0.0000000    0.0000000
c     1.1732445    0.1906071   -0.2416450  0.00    0.0000000   -0.0000000   -0.0000000
c     1.6546264    1.3900502   -0.6692157  0.00    0.0000000    0.0000000   -0.0000000
o    -0.5649377    3.7261719    0.9801268  0.00    0.0000000    0.0000000   -0.0000000
h    -1.3565702    3.6210511    1.6053540  0.00   -0.0000000   -0.0000000    0.0000000
h     2.5059078    1.4342093   -1.3439413  0.00   -0.0000000    0.0000000   -0.0000000
h    -0.3142272   -0.7897070    0.9202131  0.00    0.0000000   -0.0000000    0.0000000
h    -1.3415826    1.2861364    1.6618920  0.00    0.0000000   -0.0000000    0.0000000
h     1.4514783    3.5049786   -0.5873366  0.00   -0.0000000    0.0000000   -0.0000000
c     1.8048640   -1.0996569   -0.7179002  0.00    0.0000000    0.0000000   -0.0000000
c     1.1140591   -1.6369768   -1.9853987  0.00    0.0000000   -0.0000000   -0.0000000
h     1.7532530   -1.8721877    0.0828263  0.00    0.0000000    0.0000000   -0.0000000
h     2.8887169   -0.9351852   -0.9145114  0.00    0.0000000    0.0000000   -0.0000000
c     1.9218182   -2.7698063   -2.6297414  0.00   -0.0000000    0.0000000   -0.0000000
o     2.8228212   -3.5083141   -1.8707147  0.00   -0.0000000   -0.0000000    0.0000000
o     1.7346876   -3.1139590   -3.9680924  0.00    0.0000000    0.0000000   -0.0000000
h     1.0273103   -2.5446864   -4.4092118  0.00   -0.0000000    0.0000000   -0.0000000
n    -0.2607388   -2.0487271   -1.6285685  0.00    0.0000000   -0.0000000    0.0000000
h     1.0871886   -0.8130900   -2.7372370  0.00   -0.0000000    0.0000000   -0.0000000
h    -0.9503145   -1.4664018   -2.1600992  0.00   -0.0000000   -0.0000000    0.0000000
h    -0.4477323   -3.0494189   -1.8846951  0.00    0.0000000   -0.0000000    0.0000000
