$ufftopology
nxtnei12
    1     3
          2     4    11
    2     3
          1     3     7
    3     3
          2     6    12
    4     3
          1     5    10
    5     3
          4     6    13
    6     3
          3     5     9
    7     2
          2     8
    8     1
          7
    9     1
          6
   10     1
          4
   11     1
          1
   12     1
          3
   13     4
          5    14    15    16
   14     4
         13    17    21    22
   15     1
         13
   16     1
         13
   17     3
         14    18    19
   18     1
         17
   19     2
         17    20
   20     1
         19
   21     3
         14    23    24
   22     1
         14
   23     1
         21
   24     1
         21
nxtnei13
    1     4
          3     7     5    10
    2     5
          4    11     6    12     8
    3     4
          1     7     5     9
    4     4
          2    11     6    13
    5     7
          1    10     3     9    14    15    16
    6     4
          2    12     4    13
    7     2
          1     3
    8     1
          2
    9     2
          3     5
   10     2
          1     5
   11     2
          2     4
   12     2
          2     6
   13     5
          4     6    17    21    22
   14     7
          5    15    16    18    19    23    24
   15     3
          5    14    16
   16     3
          5    14    15
   17     4
         13    21    22    20
   18     2
         14    19
   19     2
         14    18
   20     1
         17
   21     3
         13    17    22
   22     3
         13    17    21
   23     2
         14    24
   24     2
         14    23
nxtnei14
    1     4
          6    12     8    13
    2     3
          5    10     9
    3     4
          4    11     8    13
    4     6
          3     7     9    14    15    16
    5     6
          2    11    12    17    21    22
    6     6
          1     7    10    14    15    16
    7     4
          4    11     6    12
    8     2
          1     3
    9     4
          2    12     4    13
   10     4
          2    11     6    13
   11     4
          3     7     5    10
   12     4
          1     7     5     9
   13     8
          1    10     3     9    18    19    23    24
   14     3
          4     6    20
   15     5
          4     6    17    21    22
   16     5
          4     6    17    21    22
   17     5
          5    15    16    23    24
   18     4
         13    21    22    20
   19     3
         13    21    22
   20     2
         14    18
   21     5
          5    15    16    18    19
   22     7
          5    15    16    18    19    23    24
   23     3
         13    17    22
   24     3
         13    17    22
connectivity (= bond)
                    24
     1     2   2.569486   2.000000
     1     4   2.564665   2.000000
     1    11   2.049991   1.000000
     2     3   2.555609   2.000000
     2     7   2.641950   1.000000
     3     6   2.564892   2.000000
     3    12   2.050115   1.000000
     4     5   2.573457   2.000000
     4    10   2.055202   1.000000
     5     6   2.572626   2.000000
     5    13   2.858885   1.000000
     6     9   2.053663   1.000000
     7     8   1.917154   1.000000
    13    14   2.924610   1.000000
    13    15   2.103369   1.000000
    13    16   2.107426   1.000000
    14    17   2.882057   1.000000
    14    21   2.789104   1.000000
    14    22   2.109946   1.000000
    17    18   2.625431   1.000000
    17    19   2.636200   1.000000
    19    20   1.902846   1.000000
    21    23   1.978154   1.000000
    21    24   1.979558   1.000000
angle
                    38
     1     2     3     2     119.63       1.00       4.00
     1     2     7     2     121.65       1.00       5.00
     1     4     5     2     120.27       2.00       8.00
     1     4    10     2     119.41       2.00       9.00
     2     1     4     2     120.16       1.00       2.00
     2     1    11     2     120.16       1.00       3.00
     2     3     6     2     120.47       4.00       6.00
     2     3    12     2     118.83       4.00       7.00
     2     7     8     9     114.13       5.00      13.00
     3     2     7     2     118.72       4.00       5.00
     3     6     5     2     120.14       6.00      10.00
     3     6     9     2     119.38       6.00      12.00
     4     1    11     2     119.69       2.00       3.00
     4     5     6     2     119.34       8.00      10.00
     4     5    13     2     120.17       8.00      11.00
     5     4    10     2     120.32       8.00       9.00
     5     6     9     2     120.47      10.00      12.00
     5    13    14     9     111.98      11.00      14.00
     5    13    15     9     110.75      11.00      15.00
     5    13    16     9     108.67      11.00      16.00
     6     3    12     2     120.71       6.00       7.00
     6     5    13     2     120.49      10.00      11.00
    13    14    17     9     111.27      14.00      17.00
    13    14    21     9     110.97      14.00      18.00
    13    14    22     9     109.18      14.00      19.00
    14    13    15     9     110.14      14.00      15.00
    14    13    16     9     109.53      14.00      16.00
    14    17    18     2     118.88      17.00      20.00
    14    17    19     2     122.33      17.00      21.00
    14    21    23     9     111.05      18.00      23.00
    14    21    24     9     109.53      18.00      24.00
    15    13    16     9     105.56      15.00      16.00
    17    14    21     9     111.93      17.00      18.00
    17    14    22     9     104.26      17.00      19.00
    17    19    20     9     111.78      21.00      22.00
    18    17    19     2     118.68      20.00      21.00
    21    14    22     9     108.97      18.00      19.00
    23    21    24     9     106.98      23.00      24.00
torsion
                    55
     4     1     2     3     1     3 359.98982072 120.15536958 119.63383218
     4     1     2     7     1     3 180.07942935 120.15536958 121.65080177
    11     1     2     3     1     3 179.92817185 120.15530792 119.63383218
    11     1     2     7     1     3   0.01778048 120.15530792 121.65080177
     2     1     4     5     2     3 359.84627849 120.15536958 120.26657145
     2     1     4    10     2     3 179.87359285 120.15536958 119.41253356
    11     1     4     5     2     3 179.90763944 119.68929395 120.26657145
    11     1     4    10     2     3 359.93495380 119.68929395 119.41253356
     1     2     3     6     4     3 359.98471098 119.63383218 120.46523340
     1     2     3    12     4     3 180.02012021 119.63383218 118.82580137
     7     2     3     6     4     3 179.89773393 118.71530693 120.46523340
     7     2     3    12     4     3 359.93314316 118.71530693 118.82580137
     1     2     7     8     5     3 359.68022745 121.65080177 114.13490477
     3     2     7     8     5     3 179.76903761 118.71530693 114.13490477
     2     3     6     5     6     3   0.20456103 120.46523340 120.14238679
     2     3     6     9     6     3 180.15731028 120.46523340 119.38275426
    12     3     6     5     6     3 180.16847978 120.70895562 120.14238679
    12     3     6     9     6     3   0.12122903 120.70895562 119.38275426
     1     4     5     6     8     3   0.33968739 120.26657145 119.33565460
     1     4     5    13     8     3 179.13467744 120.26657145 120.16709784
    10     4     5     6     8     3 180.31212321 120.32088931 119.33565460
    10     4     5    13     8     3 359.10711326 120.32088931 120.16709784
     4     5     6     3    10     3 359.63539112 119.33565460 120.14238679
     4     5     6     9    10     3 179.68316323 119.33565460 120.47484192
    13     5     6     3    10     3 180.84433350 120.48616471 120.14238679
    13     5     6     9    10     3   0.89210562 120.48616471 120.47484192
     4     5    13    14    11    22 281.69270363 120.16709784 111.98023415
     4     5    13    15    11    22 158.33006327 120.16709784 110.75403544
     4     5    13    16    11    22  42.81498056 120.16709784 108.66847722
     6     5    13    14    11    22 100.47369032 120.48616471 111.98023415
     6     5    13    15    11    22 337.11104996 120.48616471 110.75403544
     6     5    13    16    11    22 221.59596725 120.48616471 108.66847722
     5    13    14    17    14     1 169.02452660 111.98023415 111.26500121
     5    13    14    21    14     1 294.35830430 111.98023415 110.96627204
     5    13    14    22    14     1  54.48505922 111.98023415 109.18375087
    15    13    14    17    14     1 292.73508649 110.13544661 111.26500121
    15    13    14    21    14     1  58.06886420 110.13544661 110.96627204
    15    13    14    22    14     1 178.19561911 110.13544661 109.18375087
    16    13    14    17    14     1  48.40025354 109.52834737 111.26500121
    16    13    14    21    14     1 173.73403125 109.52834737 110.96627204
    16    13    14    22    14     1 293.86078616 109.52834737 109.18375087
    13    14    17    18    17    22 253.98552885 111.26500121 118.88238684
    13    14    17    19    17    22  70.17436717 111.26500121 122.32729356
    21    14    17    18    17    22 129.19224930 111.93182161 118.88238684
    21    14    17    19    17    22 305.38108763 111.93182161 122.32729356
    22    14    17    18    17    22  11.55051559 104.26296211 118.88238684
    22    14    17    19    17    22 187.73935391 104.26296211 122.32729356
    13    14    21    23    18     1 314.84228534 110.96627204 111.05028595
    13    14    21    24    18     1  72.78053763 110.96627204 109.52921597
    17    14    21    23    18     1  79.80108256 111.93182161 111.05028595
    17    14    21    24    18     1 197.73933485 111.93182161 109.52921597
    22    14    21    23    18     1 194.58867208 108.97034067 111.05028595
    22    14    21    24    18     1 312.52692437 108.97034067 109.52921597
    14    17    19    20    21     3   4.22747343 122.32729356 111.77703442
    18    17    19    20    21     3 180.42358696 118.68340038 111.77703442
inversion
                     8
     1     2     4    11    11    11    11    0.053    0.053    0.053
     2     1     3     7    10    11    11   -0.076   -0.078   -0.076
     3     2     6    12    11    11    11   -0.031   -0.031   -0.031
     4     1     5    10    11    11    11   -0.024   -0.024   -0.024
     5     4     6    13    11    11    11    1.042    1.050    1.054
     6     3     5     9    11    11    11    0.041    0.041    0.041
    17    14    18    19    10    10    11    3.220    3.337    3.214
    21    14    23    24     9     9     9   56.370   55.537   54.339
nonbond
                   214
    1     6    5.127
    1     8    4.794
    1     9    7.180
    1    12    6.278
    1    13    7.077
    1    14    8.409
    1    15    8.528
    1    16    7.560
    1    17   11.001
    1    18   11.919
    1    19   12.919
    1    20   12.635
    1    21    9.220
    1    22    7.758
    1    23    9.972
    1    24    8.046
    2     5    5.153
    2     9    6.296
    2    10    6.306
    2    13    8.011
    2    14    9.480
    2    15    8.983
    2    16    8.922
    2    17   12.237
    2    18   13.562
    2    19   13.847
    2    20   13.220
    2    21    9.659
    2    22    9.230
    2    23   10.037
    2    24    8.271
    3     4    5.121
    3     8    6.131
    3    10    7.177
    3    11    6.293
    3    13    7.080
    3    14    8.684
    3    15    7.527
    3    16    8.385
    3    17   11.411
    3    18   13.154
    3    19   12.622
    3    20   11.704
    3    21    8.445
    3    22    8.988
    3    23    8.374
    3    24    7.194
    4     7    6.889
    4     8    7.347
    4     9    6.314
    4    12    7.171
    4    14    6.115
    4    15    6.398
    4    16    5.071
    4    17    8.553
    4    18    9.475
    4    19   10.490
    4    20   10.347
    4    21    7.415
    4    22    5.576
    4    23    8.229
    4    24    6.678
    5     7    7.794
    5     8    8.781
    5    11    6.310
    5    12    6.320
    5    17    7.323
    5    18    8.885
    5    19    8.806
    5    20    8.315
    5    21    5.748
    5    22    5.181
    5    23    6.090
    5    24    5.295
    6     7    6.839
    6     8    8.285
    6    10    6.314
    6    11    7.177
    6    14    6.489
    6    15    4.985
    6    16    6.240
    6    17    9.076
    6    18   10.993
    6    19   10.122
    6    20    9.184
    6    21    6.424
    6    22    7.196
    6    23    6.193
    6    24    5.620
    7     9    8.467
    7    10    8.543
    7    11    5.008
    7    12    4.842
    7    13   10.652
    7    14   12.034
    7    15   11.565
    7    16   11.522
    7    17   14.824
    7    18   16.088
    7    19   16.454
    7    20   15.784
    7    21   12.023
    7    22   11.663
    7    23   12.389
    7    24   10.464
    8     9   10.071
    8    10    8.661
    8    11    4.418
    8    12    6.734
    8    13   11.600
    8    14   12.880
    8    15   12.742
    8    16   12.241
    8    17   15.614
    8    18   16.607
    8    19   17.442
    8    20   16.945
    8    21   13.106
    8    22   12.228
    8    23   13.686
    8    24   11.543
    9    10    8.026
    9    11    9.230
    9    12    4.620
    9    13    5.112
    9    14    6.762
    9    15    4.549
    9    16    6.838
    9    17    9.062
    9    18   11.300
    9    19    9.586
    9    20    8.328
    9    21    6.221
    9    22    7.968
    9    23    5.369
    9    24    5.759
   10    11    4.589
   10    12    9.226
   10    13    5.096
   10    14    6.093
   10    15    7.050
   10    16    4.776
   10    17    8.085
   10    18    8.452
   10    19   10.272
   10    20   10.502
   10    21    7.964
   10    22    5.105
   10    23    9.046
   10    24    7.527
   11    12    7.969
   11    13    8.708
   11    14    9.835
   11    15   10.319
   11    16    8.890
   11    17   12.289
   11    18   12.847
   11    19   14.395
   11    20   14.294
   11    21   10.822
   11    22    8.839
   11    23   11.768
   11    24    9.625
   12    13    8.735
   12    14   10.278
   12    15    8.833
   12    16   10.155
   12    17   12.969
   12    18   14.883
   12    19   13.941
   12    20   12.817
   12    21    9.639
   12    22   10.752
   12    23    9.285
   12    24    8.340
   13    18    6.582
   13    19    6.076
   13    20    5.772
   13    23    4.942
   13    24    5.305
   14    20    4.931
   15    17    5.390
   15    18    7.584
   15    19    5.715
   15    20    4.885
   15    21    5.180
   15    22    5.881
   15    23    4.577
   15    24    6.056
   16    17    5.092
   16    18    6.219
   16    19    6.453
   16    20    6.613
   16    21    6.513
   16    22    4.837
   16    23    6.871
   16    24    7.211
   17    23    5.454
   17    24    6.374
   18    20    6.144
   18    21    6.816
   18    22    4.697
   18    23    7.922
   18    24    8.223
   19    21    5.782
   19    22    6.428
   19    23    5.689
   19    24    7.714
   20    21    5.185
   20    22    6.875
   20    23    4.479
   20    24    7.084
   22    23    5.660
   22    24    4.421
qpartial
                    24
        -0.09437    0.24833   -0.03372   -0.09635    0.02676   -0.12781
        -0.68403    0.35732    0.13209    0.12891    0.11815    0.16807
        -0.27295   -0.08017    0.09274    0.14736    0.55314   -0.40908
        -0.62609    0.31446   -0.60854    0.19307    0.28456    0.26815
$end
