$hessian
        0.7391401660  -0.0005870628   0.0263809053  -0.3100030178  -0.0500508599
        0.0185651673  -0.1952263967   0.0489256315  -0.0832849220  -0.0072794272
        0.0174370021  -0.0126654829   0.0127693414  -0.0099916890   0.0033893085
        0.0039711685  -0.0018003076   0.0045485673  -0.1465327419   0.0460215406
       -0.0084173656  -0.1035050332  -0.0092363809   0.0636904657  -0.0015408745
       -0.0079027270  -0.0080731975   0.0045029803  -0.0252547914  -0.0000363453
       -0.0011702410  -0.0048925642  -0.0013750013   0.0065058768  -0.0010115666
       -0.0024616448  -0.0016318007  -0.0016562249  -0.0002604548
       -0.0005870628   0.8701400695   0.0766805700  -0.0630339858  -0.1629905182
       -0.0201487497   0.0573433114  -0.2030126096   0.0549812260  -0.0058958217
        0.0141150228  -0.0104030116  -0.0034423242   0.0025680063  -0.0009220978
        0.0149737372  -0.0063031822   0.0159902151   0.0199618583  -0.4181489872
       -0.1175379145  -0.0055353090  -0.1087095240   0.0057912381   0.0017735745
       -0.0107635392  -0.0095394967  -0.0037577497   0.0091488184   0.0017786592
        0.0001451824   0.0106425208   0.0014672671  -0.0129306331   0.0033439365
        0.0043719960   0.0009852226  -0.0000300140  -0.0025099010
        0.0263809053   0.0766805700   0.7886107495   0.0085152180  -0.0238816324
       -0.2040549270  -0.0736609102   0.0390300216  -0.1813605247   0.0020889671
       -0.0050125797   0.0034711340  -0.0192185326   0.0148963793  -0.0051105859
        0.0121270783  -0.0049503946   0.0125806622  -0.0191904922  -0.1209564973
       -0.2067540608   0.0618991981   0.0171803433  -0.2743236600  -0.0043048031
        0.0258442760   0.0228878288   0.0091409319  -0.0224876579  -0.0042925799
        0.0377580062   0.0174112206   0.0262174732  -0.0402438234  -0.0124039491
        0.0225129894  -0.0012917434  -0.0013500999  -0.0003844988
       -0.3100030178  -0.0630339858   0.0085152180   0.7798314580   0.2299807064
       -0.0554066518  -0.0091132570  -0.0078638312   0.0020705121  -0.0006058128
       -0.0000630707  -0.0002797696  -0.0025605608   0.0007703426  -0.0034269683
       -0.0045409602   0.0030291628  -0.0008883968   0.0214307179   0.0010900364
       -0.0022814335  -0.0016643438  -0.0011266010  -0.0005643899  -0.0001218289
       -0.0013606603   0.0000578024  -0.0002886758  -0.0009886926  -0.0006991184
       -0.2517804371  -0.0798696768   0.1361380432  -0.2349550765  -0.0813791831
       -0.1075972691   0.0143717948   0.0008154532   0.0243624216
       -0.0500508599  -0.1629905182  -0.0238816324   0.2299807064   0.3292240659
        0.1234120888   0.0232909399   0.0201528758  -0.0052294559  -0.0000553537
        0.0003741573   0.0001246825   0.0006249261   0.0008153422   0.0006305864
        0.0031679064  -0.0007440772   0.0004299007  -0.0503559668  -0.0025842324
        0.0054161177   0.0019339737   0.0018037581   0.0006697857  -0.0012831235
       -0.0013865402   0.0001250359  -0.0010579627  -0.0003298678  -0.0006252979
       -0.0739469504  -0.0650973114   0.0050553365  -0.0604155073  -0.1170457784
       -0.0731764022  -0.0218327281  -0.0021918738  -0.0329507458
        0.0185651673  -0.0201487497  -0.2040549270  -0.0554066518   0.1234120888
        0.9706491802  -0.0160948322  -0.0146596313   0.0027862882  -0.0002710620
        0.0001339495   0.0004585211  -0.0035910521   0.0004559601  -0.0022051510
       -0.0007318425   0.0005965137   0.0006096536  -0.0239391659  -0.0008962527
        0.0017729885   0.0295239328   0.0130622964   0.0098163525  -0.0001292974
        0.0001237737   0.0007125108  -0.0005319664  -0.0006241702   0.0000924958
        0.1531661281   0.0163102803  -0.3859203152  -0.1027730770  -0.1182637748
       -0.3968854119   0.0022137189   0.0004977162   0.0021678147
       -0.1952263967   0.0573433114  -0.0736609102  -0.0091132570   0.0232909399
       -0.0160948322   0.6040427066  -0.0022870698   0.0136245547  -0.2627927751
       -0.0801217861   0.0023007132  -0.0892252834   0.0039173204   0.0663878179
       -0.0631371398   0.0074869859  -0.0063910821   0.0082832286  -0.0039258582
        0.0096081251   0.0127556469  -0.0096585425   0.0038091615  -0.0005838440
       -0.0001591321   0.0000125919   0.0007433693   0.0034496449   0.0006983144
       -0.0047284046   0.0003967714   0.0005893522  -0.0012310685  -0.0000345239
       -0.0015346084   0.0002132178   0.0003019386   0.0006508019
        0.0489256315  -0.2030126096   0.0390300216  -0.0078638312   0.0201528758
       -0.0146596313  -0.0022870698   0.6393538143   0.0089625648  -0.0794298529
       -0.1000008896   0.0099087610   0.0036759934  -0.0631689782   0.0160473469
        0.0070464301  -0.2600509237  -0.0832843802   0.0296897089  -0.0128453667
        0.0314798000  -0.0036155809   0.0036462999  -0.0010540574  -0.0002331999
        0.0003000752  -0.0002620371   0.0034458926  -0.0256195862  -0.0063889936
        0.0003874151   0.0008357572  -0.0000103292  -0.0000434756   0.0007884400
       -0.0000423897   0.0003019386  -0.0003789083   0.0002733242
       -0.0832849220   0.0549812260  -0.1813605247   0.0020705121  -0.0052294559
        0.0027862882   0.0136245547   0.0089625648   0.5942068509   0.0016501912
        0.0096607714  -0.0607836671   0.0675081880   0.0155303420  -0.2728548102
       -0.0065853323  -0.0827869212  -0.1005295824   0.0235539352  -0.0097798982
        0.0239827945  -0.0193975851   0.0157130293  -0.0057636741   0.0001913209
       -0.0002608313  -0.0003436911   0.0007073690  -0.0063889325  -0.0003693700
        0.0007202946  -0.0003284573   0.0010042096  -0.0014093282  -0.0003467613
       -0.0000582330   0.0006508019   0.0002733242   0.0000834095
       -0.0072794272  -0.0058958217   0.0020889671  -0.0006058128  -0.0000553537
       -0.0002710620  -0.2627927751  -0.0794298529   0.0016501912   0.2641275222
        0.0812820118  -0.0013951449  -0.0000220751  -0.0001354043  -0.0000160973
        0.0091201259   0.0007681029  -0.0012846083  -0.0015348821   0.0010210201
       -0.0000799268  -0.0007326347   0.0004164132  -0.0012299891   0.0000184967
        0.0001965749  -0.0000729353  -0.0006977187   0.0018209713   0.0005449373
        0.0002514073   0.0000219807  -0.0000314761   0.0002213928   0.0000546992
        0.0001969767  -0.0000736192  -0.0000653417  -0.0000998324
        0.0174370021   0.0141150228  -0.0050125797  -0.0000630707   0.0003741573
        0.0001339495  -0.0801217861  -0.1000008896   0.0096607714   0.0812820118
        0.0903469093  -0.0082172334   0.0013382939   0.0008805383   0.0004844828
       -0.0232893772  -0.0019748834   0.0033125583   0.0011667154  -0.0012828343
        0.0000047069   0.0002213263   0.0000493382   0.0003445906   0.0001965749
       -0.0001388001   0.0001077373   0.0018209713  -0.0021494180  -0.0008038488
        0.0000219807  -0.0001219109  -0.0000018469   0.0000546992  -0.0001540831
        0.0000281111  -0.0000653417   0.0000568536  -0.0000413991
       -0.0126654829  -0.0104030116   0.0034711340  -0.0002797696   0.0001246825
        0.0004585211   0.0023007132   0.0099087610  -0.0607836671  -0.0013951449
       -0.0082172334   0.0477492122   0.0240923025   0.0102056579   0.0083431811
       -0.0112246404  -0.0011975943   0.0021846007   0.0000844715   0.0001796679
       -0.0005445153  -0.0014501195   0.0001103167  -0.0011257282  -0.0000729353
        0.0001077373   0.0001115990   0.0005449373  -0.0008038488   0.0002961794
       -0.0000314761  -0.0000018469  -0.0001205559   0.0001969767   0.0000281111
       -0.0000606590  -0.0000998324  -0.0000413991   0.0000206982
        0.0127693414  -0.0034423242  -0.0192185326  -0.0025605608   0.0006249261
       -0.0035910521  -0.0892252834   0.0036759934   0.0675081880  -0.0000220751
        0.0013382939   0.0240923025   0.0776225408  -0.0032179422  -0.0674580841
        0.0011613814   0.0007301139  -0.0016765167  -0.0008135826   0.0001784215
       -0.0000141104   0.0003061250   0.0002042443   0.0000008972   0.0001430168
        0.0000346893  -0.0000231898   0.0005977200  -0.0000470864   0.0000094553
       -0.0000754017  -0.0000337643   0.0001022160   0.0000704573   0.0000111223
        0.0004613063   0.0000263208  -0.0000566876  -0.0001928796
       -0.0099916890   0.0025680063   0.0148963793   0.0007703426   0.0008153422
        0.0004559601   0.0039173204  -0.0631689782   0.0155303420  -0.0001354043
        0.0008805383   0.0102056579  -0.0032179422   0.0534335529  -0.0186673030
        0.0085076641   0.0102860808  -0.0240957758   0.0000305887  -0.0015162613
        0.0006191843   0.0002108463   0.0003853231   0.0002398113   0.0000346893
       -0.0001481999   0.0001974025  -0.0000470864  -0.0028932385   0.0007011370
       -0.0000337643  -0.0004581907  -0.0000089470   0.0000111223  -0.0003098331
        0.0000134803  -0.0000566876   0.0001258580  -0.0000873290
        0.0033893085  -0.0009220978  -0.0051105859  -0.0034269683   0.0006305864
       -0.0022051510   0.0663878179   0.0160473469  -0.2728548102  -0.0000160973
        0.0004844828   0.0083431811  -0.0674580841  -0.0186673030   0.2749607359
        0.0009396891   0.0009218451  -0.0021487274  -0.0001809207   0.0004416564
       -0.0008262230   0.0000083466   0.0002477394  -0.0003003819  -0.0000231898
        0.0001974025   0.0000151284   0.0000094553   0.0007011370   0.0004575617
        0.0001022160  -0.0000089470  -0.0004340605   0.0004613063   0.0000134803
        0.0002489458  -0.0001928796  -0.0000873290  -0.0001456128
        0.0039711685   0.0149737372   0.0121270783  -0.0045409602   0.0031679064
       -0.0007318425  -0.0631371398   0.0070464301  -0.0065853323   0.0091201259
       -0.0232893772  -0.0112246404   0.0011613814   0.0085076641   0.0009396891
        0.0528671696  -0.0101815484   0.0061977449  -0.0000496992  -0.0001748745
       -0.0001646904  -0.0000140413   0.0003120919  -0.0004826430   0.0000696660
        0.0000383515  -0.0000051799   0.0001129056   0.0000298299   0.0000087135
        0.0003070562  -0.0002023739  -0.0001275313   0.0003887474  -0.0002241656
        0.0004104548  -0.0002563801  -0.0000036717  -0.0003618209
       -0.0018003076  -0.0063031822  -0.0049503946   0.0030291628  -0.0007440772
        0.0005965137   0.0074869859  -0.2600509237  -0.0827869212   0.0007681029
       -0.0019748834  -0.0011975943   0.0007301139   0.0102860808   0.0009218451
       -0.0101815484   0.2602573502   0.0863244758  -0.0001721728   0.0005049042
       -0.0000072647   0.0005016930  -0.0014558580   0.0012382711   0.0000383515
       -0.0001360056   0.0000287130   0.0000298299  -0.0001924557  -0.0000900413
       -0.0002023739  -0.0001455702   0.0000487042  -0.0002241656  -0.0002878766
       -0.0001236441  -0.0000036717   0.0002424975  -0.0000026628
        0.0045485673   0.0159902151   0.0125806622  -0.0008883968   0.0004299007
        0.0006096536  -0.0063910821  -0.0832843802  -0.1005295824  -0.0012846083
        0.0033125583   0.0021846007  -0.0016765167  -0.0240957758  -0.0021487274
        0.0061977449   0.0863244758   0.0881798942  -0.0001616419  -0.0000040204
       -0.0001842870  -0.0002687026   0.0014659573  -0.0005133604  -0.0000051799
        0.0000287130   0.0000727066   0.0000087135  -0.0000900413   0.0000894907
       -0.0001275313   0.0000487042  -0.0001921645   0.0004104548  -0.0001236441
       -0.0001290071  -0.0003618209  -0.0000026628  -0.0000198790
       -0.1465327419   0.0199618583  -0.0191904922   0.0214307179  -0.0503559668
       -0.0239391659   0.0082832286   0.0296897089   0.0235539352  -0.0015348821
        0.0011667154   0.0000844715  -0.0008135826   0.0000305887  -0.0001809207
       -0.0000496992  -0.0001721728  -0.0001616419   0.4087512069   0.0997977535
        0.1529815222   0.0009350023   0.0146349650   0.0007123080  -0.0665525539
       -0.0853739772   0.0719144548  -0.2218960825  -0.0251829627  -0.2057557312
       -0.0018684217  -0.0031616896   0.0008513124   0.0000990768  -0.0014026835
       -0.0010941436  -0.0002512687   0.0003678628   0.0002240914
        0.0460215406  -0.4181489872  -0.1209564973   0.0010900364  -0.0025842324
       -0.0008962527  -0.0039258582  -0.0128453667  -0.0097798982   0.0010210201
       -0.0012828343   0.0001796679   0.0001784215  -0.0015162613   0.0004416564
       -0.0001748745   0.0005049042  -0.0000040204   0.0997977535   0.7513757382
       -0.0243438797   0.0019347848   0.0164313431   0.0010829449  -0.1104195222
       -0.2377850363   0.1763513304  -0.0313450623  -0.0920024226  -0.0220922077
       -0.0031521665  -0.0018543226   0.0008579321  -0.0013939360  -0.0006754132
       -0.0013297800   0.0003678628   0.0003828912   0.0004890043
       -0.0084173656  -0.1175379145  -0.2067540608  -0.0022814335   0.0054161177
        0.0017729885   0.0096081251   0.0314798000   0.0239827945  -0.0000799268
        0.0000047069  -0.0005445153  -0.0000141104   0.0006191843  -0.0008262230
       -0.0001646904  -0.0000072647  -0.0001842870   0.1529815222  -0.0243438797
        0.7353229816  -0.0046535056  -0.0394113578  -0.0026016011   0.0934679421
        0.1639529225  -0.2835986552  -0.2401721191  -0.0208106970  -0.2677964334
        0.0007180358   0.0011817312   0.0011610866  -0.0012165653  -0.0010323530
        0.0001878830   0.0002240914   0.0004890043  -0.0001219584
       -0.1035050332  -0.0055353090   0.0618991981  -0.0016643438   0.0019339737
        0.0295239328   0.0127556469  -0.0036155809  -0.0193975851  -0.0007326347
        0.0002213263  -0.0014501195   0.0003061250   0.0002108463   0.0000083466
       -0.0000140413   0.0005016930  -0.0002687026   0.0009350023   0.0019347848
       -0.0046535056   0.0951042060   0.0072242699  -0.0651883199   0.0017785170
        0.0004463794   0.0002888122   0.0000699380  -0.0001451450   0.0000870746
        0.0002284643  -0.0000430057  -0.0003701387  -0.0048871096  -0.0022379132
       -0.0003031865  -0.0003747369  -0.0008963196  -0.0001758063
       -0.0092363809  -0.1087095240   0.0171803433  -0.0011266010   0.0018037581
        0.0130622964  -0.0096585425   0.0036462999   0.0157130293   0.0004164132
        0.0000493382   0.0001103167   0.0002042443   0.0003853231   0.0002477394
        0.0003120919  -0.0014558580   0.0014659573   0.0146349650   0.0164313431
       -0.0394113578   0.0072242699   0.1008750638  -0.0014442991   0.0004414228
       -0.0116036087  -0.0057988956  -0.0000363334   0.0000202124  -0.0005132161
       -0.0000426548   0.0001892994  -0.0001772117  -0.0022365750  -0.0011546962
       -0.0002485861  -0.0008963196  -0.0004769511  -0.0001861161
        0.0636904657   0.0057912381  -0.2743236600  -0.0005643899   0.0006697857
        0.0098163525   0.0038091615  -0.0010540574  -0.0057636741  -0.0012299891
        0.0003445906  -0.0011257282   0.0000008972   0.0002398113  -0.0003003819
       -0.0004826430   0.0012382711  -0.0005133604   0.0007123080   0.0010829449
       -0.0026016011  -0.0651883199  -0.0014442991   0.2763978411   0.0003007727
       -0.0057988149  -0.0010195122  -0.0001754930  -0.0005149875  -0.0004552992
       -0.0003750490  -0.0001652819   0.0000595173  -0.0003219149  -0.0002030848
       -0.0006059199  -0.0001758063  -0.0001861161   0.0004354262
       -0.0015408745   0.0017735745  -0.0043048031  -0.0001218289  -0.0012831235
       -0.0001292974  -0.0005838440  -0.0002331999   0.0001913209   0.0000184967
        0.0001965749  -0.0000729353   0.0001430168   0.0000346893  -0.0000231898
        0.0000696660   0.0000383515  -0.0000051799  -0.0665525539  -0.1104195222
        0.0934679421   0.0017785170   0.0004414228   0.0003007727   0.0530566997
        0.0872852008  -0.0749376703   0.0136440997   0.0214111810  -0.0144665521
        0.0000415593   0.0003516744  -0.0001629651  -0.0000262397   0.0005413813
        0.0001868340   0.0000732859  -0.0001382049  -0.0000442768
       -0.0079027270  -0.0107635392   0.0258442760  -0.0013606603  -0.0013865402
        0.0001237737  -0.0001591321   0.0003000752  -0.0002608313   0.0001965749
       -0.0001388001   0.0001077373   0.0000346893  -0.0001481999   0.0001974025
        0.0000383515  -0.0001360056   0.0000287130  -0.0853739772  -0.2377850363
        0.1639529225   0.0004463794  -0.0116036087  -0.0057988149   0.0872852008
        0.2522782690  -0.1778287288   0.0060404497   0.0090591993  -0.0063430139
        0.0003516744   0.0001433564  -0.0001882494   0.0005413813   0.0003544890
        0.0002637436  -0.0001382049  -0.0001736589  -0.0000989302
       -0.0080731975  -0.0095394967   0.0228878288   0.0000578024   0.0001250359
        0.0007125108   0.0000125919  -0.0002620371  -0.0003436911  -0.0000729353
        0.0001077373   0.0001115990  -0.0000231898   0.0001974025   0.0000151284
       -0.0000051799   0.0000287130   0.0000727066   0.0719144548   0.1763513304
       -0.2835986552   0.0002888122  -0.0057988956  -0.0010195122  -0.0749376703
       -0.1778287288   0.2730081375   0.0108589195   0.0166423751  -0.0114551215
       -0.0001629651  -0.0001882494  -0.0001756465   0.0001868340   0.0002637436
       -0.0003187306  -0.0000442768  -0.0000989302   0.0001034461
        0.0045029803  -0.0037577497   0.0091409319  -0.0002886758  -0.0010579627
       -0.0005319664   0.0007433693   0.0034458926   0.0007073690  -0.0006977187
        0.0018209713   0.0005449373   0.0005977200  -0.0000470864   0.0000094553
        0.0001129056   0.0000298299   0.0000087135  -0.2218960825  -0.0313450623
       -0.2401721191   0.0000699380  -0.0000363334  -0.0001754930   0.0136440997
        0.0060404497   0.0108589195   0.2028706365   0.0242145628   0.2193388613
        0.0002896903   0.0005035582   0.0000549694   0.0000055403   0.0002882971
        0.0002971026   0.0000455969  -0.0000993671  -0.0000816814
       -0.0252547914   0.0091488184  -0.0224876579  -0.0009886926  -0.0003298678
       -0.0006241702   0.0034496449  -0.0256195862  -0.0063889325   0.0018209713
       -0.0021494180  -0.0008038488  -0.0000470864  -0.0028932385   0.0007011370
        0.0000298299  -0.0001924557  -0.0000900413  -0.0251829627  -0.0920024226
       -0.0208106970  -0.0001451450   0.0000202124  -0.0005149875   0.0214111810
        0.0090591993   0.0166423751   0.0242145628   0.1049657794   0.0341716801
        0.0005035582   0.0000484400   0.0000433569   0.0002882971  -0.0000082240
        0.0002900949  -0.0000993671  -0.0000472366  -0.0001283089
       -0.0000363453   0.0017786592  -0.0042925799  -0.0006991184  -0.0006252979
        0.0000924958   0.0006983144  -0.0063889936  -0.0003693700   0.0005449373
       -0.0008038488   0.0002961794   0.0000094553   0.0007011370   0.0004575617
        0.0000087135  -0.0000900413   0.0000894907  -0.2057557312  -0.0220922077
       -0.2677964334   0.0000870746  -0.0005132161  -0.0004552992  -0.0144665521
       -0.0063430139  -0.0114551215   0.2193388613   0.0341716801   0.2837644666
        0.0000549694   0.0000433569  -0.0003440062   0.0002971026   0.0002900949
        0.0000092342  -0.0000816814  -0.0001283089   0.0000033819
       -0.0011702410   0.0001451824   0.0377580062  -0.2517804371  -0.0739469504
        0.1531661281  -0.0047284046   0.0003874151   0.0007202946   0.0002514073
        0.0000219807  -0.0000314761  -0.0000754017  -0.0000337643   0.0001022160
        0.0003070562  -0.0002023739  -0.0001275313  -0.0018684217  -0.0031521665
        0.0007180358   0.0002284643  -0.0000426548  -0.0003750490   0.0000415593
        0.0003516744  -0.0001629651   0.0002896903   0.0005035582   0.0000549694
        0.2138986377   0.0645125844  -0.1670549313   0.0442005610   0.0108969991
       -0.0236619533   0.0004055300   0.0005585157  -0.0011057440
       -0.0048925642   0.0106425208   0.0174112206  -0.0798696768  -0.0650973114
        0.0163102803   0.0003967714   0.0008357572  -0.0003284573   0.0000219807
       -0.0001219109  -0.0000018469  -0.0000337643  -0.0004581907  -0.0000089470
       -0.0002023739  -0.0001455702   0.0000487042  -0.0031616896  -0.0018543226
        0.0011817312  -0.0000430057   0.0001892994  -0.0001652819   0.0003516744
        0.0001433564  -0.0001882494   0.0005035582   0.0000484400   0.0000433569
        0.0645125844   0.0372221670  -0.0175520638   0.0249568889   0.0205952659
       -0.0189989349  -0.0025403835  -0.0019995010   0.0022484880
       -0.0013750013   0.0014672671   0.0262174732   0.1361380432   0.0050553365
       -0.3859203152   0.0005893522  -0.0000103292   0.0010042096  -0.0000314761
       -0.0000018469  -0.0001205559   0.0001022160  -0.0000089470  -0.0004340605
       -0.0001275313   0.0000487042  -0.0001921645   0.0008513124   0.0008579321
        0.0011610866  -0.0003701387  -0.0001772117   0.0000595173  -0.0001629651
       -0.0001882494  -0.0001756465   0.0000549694   0.0000433569  -0.0003440062
       -0.1670549313  -0.0175520638   0.3760076858   0.0312820052   0.0095782209
       -0.0174748172   0.0001041455   0.0008878301   0.0002115935
        0.0065058768  -0.0129306331  -0.0402438234  -0.2349550765  -0.0604155073
       -0.1027730770  -0.0012310685  -0.0000434756  -0.0014093282   0.0002213928
        0.0000546992   0.0001969767   0.0000704573   0.0000111223   0.0004613063
        0.0003887474  -0.0002241656   0.0004104548   0.0000990768  -0.0013939360
       -0.0012165653  -0.0048871096  -0.0022365750  -0.0003219149  -0.0000262397
        0.0005413813   0.0001868340   0.0000055403   0.0002882971   0.0002971026
        0.0442005610   0.0249568889   0.0312820052   0.2957543940  -0.1181631842
        0.1305312068  -0.1061465521   0.1695550880  -0.0174011774
       -0.0010115666   0.0033439365  -0.0124039491  -0.0813791831  -0.1170457784
       -0.1182637748  -0.0000345239   0.0007884400  -0.0003467613   0.0000546992
       -0.0001540831   0.0000281111   0.0000111223  -0.0003098331   0.0000134803
       -0.0002241656  -0.0002878766  -0.0001236441  -0.0014026835  -0.0006754132
       -0.0010323530  -0.0022379132  -0.0011546962  -0.0002030848   0.0005413813
        0.0003544890   0.0002637436   0.0002882971  -0.0000082240   0.0002900949
        0.0108969991   0.0205952659   0.0095782209  -0.1181631842   0.4598858218
        0.1832024597   0.1926607210  -0.3653320486  -0.0610025433
       -0.0024616448   0.0043719960   0.0225129894  -0.1075972691  -0.0731764022
       -0.3968854119  -0.0015346084  -0.0000423897  -0.0000582330   0.0001969767
        0.0000281111  -0.0000606590   0.0004613063   0.0000134803   0.0002489458
        0.0004104548  -0.0001236441  -0.0001290071  -0.0010941436  -0.0013297800
        0.0001878830  -0.0003031865  -0.0002485861  -0.0006059199   0.0001868340
        0.0002637436  -0.0003187306   0.0002971026   0.0002900949   0.0000092342
       -0.0236619533  -0.0189989349  -0.0174748172   0.1305312068   0.1832024597
        0.4591937004   0.0045689244  -0.0942501484  -0.0666199741
       -0.0016318007   0.0009852226  -0.0012917434   0.0143717948  -0.0218327281
        0.0022137189   0.0002132178   0.0003019386   0.0006508019  -0.0000736192
       -0.0000653417  -0.0000998324   0.0000263208  -0.0000566876  -0.0001928796
       -0.0002563801  -0.0000036717  -0.0003618209  -0.0002512687   0.0003678628
        0.0002240914  -0.0003747369  -0.0008963196  -0.0001758063   0.0000732859
       -0.0001382049  -0.0000442768   0.0000455969  -0.0000993671  -0.0000816814
        0.0004055300  -0.0025403835   0.0001041455  -0.1061465521   0.1926607210
        0.0045689244   0.0935986114  -0.1686830407  -0.0055136415
       -0.0016562249  -0.0000300140  -0.0013500999   0.0008154532  -0.0021918738
        0.0004977162   0.0003019386  -0.0003789083   0.0002733242  -0.0000653417
        0.0000568536  -0.0000413991  -0.0000566876   0.0001258580  -0.0000873290
       -0.0000036717   0.0002424975  -0.0000026628   0.0003678628   0.0003828912
        0.0004890043  -0.0008963196  -0.0004769511  -0.0001861161  -0.0001382049
       -0.0001736589  -0.0000989302  -0.0000993671  -0.0000472366  -0.0001283089
        0.0005585157  -0.0019995010   0.0008878301   0.1695550880  -0.3653320486
       -0.0942501484  -0.1686830407   0.3698220919   0.0939971198
       -0.0002604548  -0.0025099010  -0.0003844988   0.0243624216  -0.0329507458
        0.0021678147   0.0006508019   0.0002733242   0.0000834095  -0.0000998324
       -0.0000413991   0.0000206982  -0.0001928796  -0.0000873290  -0.0001456128
       -0.0003618209  -0.0000026628  -0.0000198790   0.0002240914   0.0004890043
       -0.0001219584  -0.0001758063  -0.0001861161   0.0004354262  -0.0000442768
       -0.0000989302   0.0001034461  -0.0000816814  -0.0001283089   0.0000033819
       -0.0011057440   0.0022484880   0.0002115935  -0.0174011774  -0.0610025433
       -0.0666199741  -0.0055136415   0.0939971198   0.0642661530
$hessian (projected)
        0.7391401660  -0.0005870628   0.0263809053  -0.3100030178  -0.0500508599
        0.0185651673  -0.1952263967   0.0489256315  -0.0832849220  -0.0072794272
        0.0174370021  -0.0126654829   0.0127693414  -0.0099916890   0.0033893085
        0.0039711685  -0.0018003076   0.0045485673  -0.1465327419   0.0460215406
       -0.0084173656  -0.1035050332  -0.0092363809   0.0636904657  -0.0015408745
       -0.0079027270  -0.0080731975   0.0045029803  -0.0252547914  -0.0000363453
       -0.0011702410  -0.0048925642  -0.0013750013   0.0065058768  -0.0010115666
       -0.0024616448  -0.0016318007  -0.0016562249  -0.0002604548
       -0.0005870628   0.8701400695   0.0766805700  -0.0630339858  -0.1629905182
       -0.0201487497   0.0573433114  -0.2030126096   0.0549812260  -0.0058958217
        0.0141150228  -0.0104030116  -0.0034423242   0.0025680063  -0.0009220978
        0.0149737372  -0.0063031822   0.0159902151   0.0199618583  -0.4181489872
       -0.1175379145  -0.0055353090  -0.1087095240   0.0057912381   0.0017735745
       -0.0107635392  -0.0095394967  -0.0037577497   0.0091488184   0.0017786592
        0.0001451824   0.0106425208   0.0014672671  -0.0129306331   0.0033439365
        0.0043719960   0.0009852226  -0.0000300140  -0.0025099010
        0.0263809053   0.0766805700   0.7886107495   0.0085152180  -0.0238816324
       -0.2040549270  -0.0736609102   0.0390300216  -0.1813605247   0.0020889671
       -0.0050125797   0.0034711340  -0.0192185326   0.0148963793  -0.0051105859
        0.0121270783  -0.0049503946   0.0125806622  -0.0191904922  -0.1209564973
       -0.2067540608   0.0618991981   0.0171803433  -0.2743236600  -0.0043048031
        0.0258442760   0.0228878288   0.0091409319  -0.0224876579  -0.0042925799
        0.0377580062   0.0174112206   0.0262174732  -0.0402438234  -0.0124039491
        0.0225129894  -0.0012917434  -0.0013500999  -0.0003844988
       -0.3100030178  -0.0630339858   0.0085152180   0.7798314580   0.2299807064
       -0.0554066518  -0.0091132570  -0.0078638312   0.0020705121  -0.0006058128
       -0.0000630707  -0.0002797696  -0.0025605608   0.0007703426  -0.0034269683
       -0.0045409602   0.0030291628  -0.0008883968   0.0214307179   0.0010900364
       -0.0022814335  -0.0016643438  -0.0011266010  -0.0005643899  -0.0001218289
       -0.0013606603   0.0000578024  -0.0002886758  -0.0009886926  -0.0006991184
       -0.2517804371  -0.0798696768   0.1361380432  -0.2349550765  -0.0813791831
       -0.1075972691   0.0143717948   0.0008154532   0.0243624216
       -0.0500508599  -0.1629905182  -0.0238816324   0.2299807064   0.3292240659
        0.1234120888   0.0232909399   0.0201528758  -0.0052294559  -0.0000553537
        0.0003741573   0.0001246825   0.0006249261   0.0008153422   0.0006305864
        0.0031679064  -0.0007440772   0.0004299007  -0.0503559668  -0.0025842324
        0.0054161177   0.0019339737   0.0018037581   0.0006697857  -0.0012831235
       -0.0013865402   0.0001250359  -0.0010579627  -0.0003298678  -0.0006252979
       -0.0739469504  -0.0650973114   0.0050553365  -0.0604155073  -0.1170457784
       -0.0731764022  -0.0218327281  -0.0021918738  -0.0329507458
        0.0185651673  -0.0201487497  -0.2040549270  -0.0554066518   0.1234120888
        0.9706491802  -0.0160948322  -0.0146596313   0.0027862882  -0.0002710620
        0.0001339495   0.0004585211  -0.0035910521   0.0004559601  -0.0022051510
       -0.0007318425   0.0005965137   0.0006096536  -0.0239391659  -0.0008962527
        0.0017729885   0.0295239328   0.0130622964   0.0098163525  -0.0001292974
        0.0001237737   0.0007125108  -0.0005319664  -0.0006241702   0.0000924958
        0.1531661281   0.0163102803  -0.3859203152  -0.1027730770  -0.1182637748
       -0.3968854119   0.0022137189   0.0004977162   0.0021678147
       -0.1952263967   0.0573433114  -0.0736609102  -0.0091132570   0.0232909399
       -0.0160948322   0.6040427066  -0.0022870698   0.0136245547  -0.2627927751
       -0.0801217861   0.0023007132  -0.0892252834   0.0039173204   0.0663878179
       -0.0631371398   0.0074869859  -0.0063910821   0.0082832286  -0.0039258582
        0.0096081251   0.0127556469  -0.0096585425   0.0038091615  -0.0005838440
       -0.0001591321   0.0000125919   0.0007433693   0.0034496449   0.0006983144
       -0.0047284046   0.0003967714   0.0005893522  -0.0012310685  -0.0000345239
       -0.0015346084   0.0002132178   0.0003019386   0.0006508019
        0.0489256315  -0.2030126096   0.0390300216  -0.0078638312   0.0201528758
       -0.0146596313  -0.0022870698   0.6393538143   0.0089625648  -0.0794298529
       -0.1000008896   0.0099087610   0.0036759934  -0.0631689782   0.0160473469
        0.0070464301  -0.2600509237  -0.0832843802   0.0296897089  -0.0128453667
        0.0314798000  -0.0036155809   0.0036462999  -0.0010540574  -0.0002331999
        0.0003000752  -0.0002620371   0.0034458926  -0.0256195862  -0.0063889936
        0.0003874151   0.0008357572  -0.0000103292  -0.0000434756   0.0007884400
       -0.0000423897   0.0003019386  -0.0003789083   0.0002733242
       -0.0832849220   0.0549812260  -0.1813605247   0.0020705121  -0.0052294559
        0.0027862882   0.0136245547   0.0089625648   0.5942068509   0.0016501912
        0.0096607714  -0.0607836671   0.0675081880   0.0155303420  -0.2728548102
       -0.0065853323  -0.0827869212  -0.1005295824   0.0235539352  -0.0097798982
        0.0239827945  -0.0193975851   0.0157130293  -0.0057636741   0.0001913209
       -0.0002608313  -0.0003436911   0.0007073690  -0.0063889325  -0.0003693700
        0.0007202946  -0.0003284573   0.0010042096  -0.0014093282  -0.0003467613
       -0.0000582330   0.0006508019   0.0002733242   0.0000834095
       -0.0072794272  -0.0058958217   0.0020889671  -0.0006058128  -0.0000553537
       -0.0002710620  -0.2627927751  -0.0794298529   0.0016501912   0.2641275222
        0.0812820118  -0.0013951449  -0.0000220751  -0.0001354043  -0.0000160973
        0.0091201259   0.0007681029  -0.0012846083  -0.0015348821   0.0010210201
       -0.0000799268  -0.0007326347   0.0004164132  -0.0012299891   0.0000184967
        0.0001965749  -0.0000729353  -0.0006977187   0.0018209713   0.0005449373
        0.0002514073   0.0000219807  -0.0000314761   0.0002213928   0.0000546992
        0.0001969767  -0.0000736192  -0.0000653417  -0.0000998324
        0.0174370021   0.0141150228  -0.0050125797  -0.0000630707   0.0003741573
        0.0001339495  -0.0801217861  -0.1000008896   0.0096607714   0.0812820118
        0.0903469093  -0.0082172334   0.0013382939   0.0008805383   0.0004844828
       -0.0232893772  -0.0019748834   0.0033125583   0.0011667154  -0.0012828343
        0.0000047069   0.0002213263   0.0000493382   0.0003445906   0.0001965749
       -0.0001388001   0.0001077373   0.0018209713  -0.0021494180  -0.0008038488
        0.0000219807  -0.0001219109  -0.0000018469   0.0000546992  -0.0001540831
        0.0000281111  -0.0000653417   0.0000568536  -0.0000413991
       -0.0126654829  -0.0104030116   0.0034711340  -0.0002797696   0.0001246825
        0.0004585211   0.0023007132   0.0099087610  -0.0607836671  -0.0013951449
       -0.0082172334   0.0477492122   0.0240923025   0.0102056579   0.0083431811
       -0.0112246404  -0.0011975943   0.0021846007   0.0000844715   0.0001796679
       -0.0005445153  -0.0014501195   0.0001103167  -0.0011257282  -0.0000729353
        0.0001077373   0.0001115990   0.0005449373  -0.0008038488   0.0002961794
       -0.0000314761  -0.0000018469  -0.0001205559   0.0001969767   0.0000281111
       -0.0000606590  -0.0000998324  -0.0000413991   0.0000206982
        0.0127693414  -0.0034423242  -0.0192185326  -0.0025605608   0.0006249261
       -0.0035910521  -0.0892252834   0.0036759934   0.0675081880  -0.0000220751
        0.0013382939   0.0240923025   0.0776225408  -0.0032179422  -0.0674580841
        0.0011613814   0.0007301139  -0.0016765167  -0.0008135826   0.0001784215
       -0.0000141104   0.0003061250   0.0002042443   0.0000008972   0.0001430168
        0.0000346893  -0.0000231898   0.0005977200  -0.0000470864   0.0000094553
       -0.0000754017  -0.0000337643   0.0001022160   0.0000704573   0.0000111223
        0.0004613063   0.0000263208  -0.0000566876  -0.0001928796
       -0.0099916890   0.0025680063   0.0148963793   0.0007703426   0.0008153422
        0.0004559601   0.0039173204  -0.0631689782   0.0155303420  -0.0001354043
        0.0008805383   0.0102056579  -0.0032179422   0.0534335529  -0.0186673030
        0.0085076641   0.0102860808  -0.0240957758   0.0000305887  -0.0015162613
        0.0006191843   0.0002108463   0.0003853231   0.0002398113   0.0000346893
       -0.0001481999   0.0001974025  -0.0000470864  -0.0028932385   0.0007011370
       -0.0000337643  -0.0004581907  -0.0000089470   0.0000111223  -0.0003098331
        0.0000134803  -0.0000566876   0.0001258580  -0.0000873290
        0.0033893085  -0.0009220978  -0.0051105859  -0.0034269683   0.0006305864
       -0.0022051510   0.0663878179   0.0160473469  -0.2728548102  -0.0000160973
        0.0004844828   0.0083431811  -0.0674580841  -0.0186673030   0.2749607359
        0.0009396891   0.0009218451  -0.0021487274  -0.0001809207   0.0004416564
       -0.0008262230   0.0000083466   0.0002477394  -0.0003003819  -0.0000231898
        0.0001974025   0.0000151284   0.0000094553   0.0007011370   0.0004575617
        0.0001022160  -0.0000089470  -0.0004340605   0.0004613063   0.0000134803
        0.0002489458  -0.0001928796  -0.0000873290  -0.0001456128
        0.0039711685   0.0149737372   0.0121270783  -0.0045409602   0.0031679064
       -0.0007318425  -0.0631371398   0.0070464301  -0.0065853323   0.0091201259
       -0.0232893772  -0.0112246404   0.0011613814   0.0085076641   0.0009396891
        0.0528671696  -0.0101815484   0.0061977449  -0.0000496992  -0.0001748745
       -0.0001646904  -0.0000140413   0.0003120919  -0.0004826430   0.0000696660
        0.0000383515  -0.0000051799   0.0001129056   0.0000298299   0.0000087135
        0.0003070562  -0.0002023739  -0.0001275313   0.0003887474  -0.0002241656
        0.0004104548  -0.0002563801  -0.0000036717  -0.0003618209
       -0.0018003076  -0.0063031822  -0.0049503946   0.0030291628  -0.0007440772
        0.0005965137   0.0074869859  -0.2600509237  -0.0827869212   0.0007681029
       -0.0019748834  -0.0011975943   0.0007301139   0.0102860808   0.0009218451
       -0.0101815484   0.2602573502   0.0863244758  -0.0001721728   0.0005049042
       -0.0000072647   0.0005016930  -0.0014558580   0.0012382711   0.0000383515
       -0.0001360056   0.0000287130   0.0000298299  -0.0001924557  -0.0000900413
       -0.0002023739  -0.0001455702   0.0000487042  -0.0002241656  -0.0002878766
       -0.0001236441  -0.0000036717   0.0002424975  -0.0000026628
        0.0045485673   0.0159902151   0.0125806622  -0.0008883968   0.0004299007
        0.0006096536  -0.0063910821  -0.0832843802  -0.1005295824  -0.0012846083
        0.0033125583   0.0021846007  -0.0016765167  -0.0240957758  -0.0021487274
        0.0061977449   0.0863244758   0.0881798942  -0.0001616419  -0.0000040204
       -0.0001842870  -0.0002687026   0.0014659573  -0.0005133604  -0.0000051799
        0.0000287130   0.0000727066   0.0000087135  -0.0000900413   0.0000894907
       -0.0001275313   0.0000487042  -0.0001921645   0.0004104548  -0.0001236441
       -0.0001290071  -0.0003618209  -0.0000026628  -0.0000198790
       -0.1465327419   0.0199618583  -0.0191904922   0.0214307179  -0.0503559668
       -0.0239391659   0.0082832286   0.0296897089   0.0235539352  -0.0015348821
        0.0011667154   0.0000844715  -0.0008135826   0.0000305887  -0.0001809207
       -0.0000496992  -0.0001721728  -0.0001616419   0.4087512069   0.0997977535
        0.1529815222   0.0009350023   0.0146349650   0.0007123080  -0.0665525539
       -0.0853739772   0.0719144548  -0.2218960825  -0.0251829627  -0.2057557312
       -0.0018684217  -0.0031616896   0.0008513124   0.0000990768  -0.0014026835
       -0.0010941436  -0.0002512687   0.0003678628   0.0002240914
        0.0460215406  -0.4181489872  -0.1209564973   0.0010900364  -0.0025842324
       -0.0008962527  -0.0039258582  -0.0128453667  -0.0097798982   0.0010210201
       -0.0012828343   0.0001796679   0.0001784215  -0.0015162613   0.0004416564
       -0.0001748745   0.0005049042  -0.0000040204   0.0997977535   0.7513757382
       -0.0243438797   0.0019347848   0.0164313431   0.0010829449  -0.1104195222
       -0.2377850363   0.1763513304  -0.0313450623  -0.0920024226  -0.0220922077
       -0.0031521665  -0.0018543226   0.0008579321  -0.0013939360  -0.0006754132
       -0.0013297800   0.0003678628   0.0003828912   0.0004890043
       -0.0084173656  -0.1175379145  -0.2067540608  -0.0022814335   0.0054161177
        0.0017729885   0.0096081251   0.0314798000   0.0239827945  -0.0000799268
        0.0000047069  -0.0005445153  -0.0000141104   0.0006191843  -0.0008262230
       -0.0001646904  -0.0000072647  -0.0001842870   0.1529815222  -0.0243438797
        0.7353229816  -0.0046535056  -0.0394113578  -0.0026016011   0.0934679421
        0.1639529225  -0.2835986552  -0.2401721191  -0.0208106970  -0.2677964334
        0.0007180358   0.0011817312   0.0011610866  -0.0012165653  -0.0010323530
        0.0001878830   0.0002240914   0.0004890043  -0.0001219584
       -0.1035050332  -0.0055353090   0.0618991981  -0.0016643438   0.0019339737
        0.0295239328   0.0127556469  -0.0036155809  -0.0193975851  -0.0007326347
        0.0002213263  -0.0014501195   0.0003061250   0.0002108463   0.0000083466
       -0.0000140413   0.0005016930  -0.0002687026   0.0009350023   0.0019347848
       -0.0046535056   0.0951042060   0.0072242699  -0.0651883199   0.0017785170
        0.0004463794   0.0002888122   0.0000699380  -0.0001451450   0.0000870746
        0.0002284643  -0.0000430057  -0.0003701387  -0.0048871096  -0.0022379132
       -0.0003031865  -0.0003747369  -0.0008963196  -0.0001758063
       -0.0092363809  -0.1087095240   0.0171803433  -0.0011266010   0.0018037581
        0.0130622964  -0.0096585425   0.0036462999   0.0157130293   0.0004164132
        0.0000493382   0.0001103167   0.0002042443   0.0003853231   0.0002477394
        0.0003120919  -0.0014558580   0.0014659573   0.0146349650   0.0164313431
       -0.0394113578   0.0072242699   0.1008750638  -0.0014442991   0.0004414228
       -0.0116036087  -0.0057988956  -0.0000363334   0.0000202124  -0.0005132161
       -0.0000426548   0.0001892994  -0.0001772117  -0.0022365750  -0.0011546962
       -0.0002485861  -0.0008963196  -0.0004769511  -0.0001861161
        0.0636904657   0.0057912381  -0.2743236600  -0.0005643899   0.0006697857
        0.0098163525   0.0038091615  -0.0010540574  -0.0057636741  -0.0012299891
        0.0003445906  -0.0011257282   0.0000008972   0.0002398113  -0.0003003819
       -0.0004826430   0.0012382711  -0.0005133604   0.0007123080   0.0010829449
       -0.0026016011  -0.0651883199  -0.0014442991   0.2763978411   0.0003007727
       -0.0057988149  -0.0010195122  -0.0001754930  -0.0005149875  -0.0004552992
       -0.0003750490  -0.0001652819   0.0000595173  -0.0003219149  -0.0002030848
       -0.0006059199  -0.0001758063  -0.0001861161   0.0004354262
       -0.0015408745   0.0017735745  -0.0043048031  -0.0001218289  -0.0012831235
       -0.0001292974  -0.0005838440  -0.0002331999   0.0001913209   0.0000184967
        0.0001965749  -0.0000729353   0.0001430168   0.0000346893  -0.0000231898
        0.0000696660   0.0000383515  -0.0000051799  -0.0665525539  -0.1104195222
        0.0934679421   0.0017785170   0.0004414228   0.0003007727   0.0530566997
        0.0872852008  -0.0749376703   0.0136440997   0.0214111810  -0.0144665521
        0.0000415593   0.0003516744  -0.0001629651  -0.0000262397   0.0005413813
        0.0001868340   0.0000732859  -0.0001382049  -0.0000442768
       -0.0079027270  -0.0107635392   0.0258442760  -0.0013606603  -0.0013865402
        0.0001237737  -0.0001591321   0.0003000752  -0.0002608313   0.0001965749
       -0.0001388001   0.0001077373   0.0000346893  -0.0001481999   0.0001974025
        0.0000383515  -0.0001360056   0.0000287130  -0.0853739772  -0.2377850363
        0.1639529225   0.0004463794  -0.0116036087  -0.0057988149   0.0872852008
        0.2522782690  -0.1778287288   0.0060404497   0.0090591993  -0.0063430139
        0.0003516744   0.0001433564  -0.0001882494   0.0005413813   0.0003544890
        0.0002637436  -0.0001382049  -0.0001736589  -0.0000989302
       -0.0080731975  -0.0095394967   0.0228878288   0.0000578024   0.0001250359
        0.0007125108   0.0000125919  -0.0002620371  -0.0003436911  -0.0000729353
        0.0001077373   0.0001115990  -0.0000231898   0.0001974025   0.0000151284
       -0.0000051799   0.0000287130   0.0000727066   0.0719144548   0.1763513304
       -0.2835986552   0.0002888122  -0.0057988956  -0.0010195122  -0.0749376703
       -0.1778287288   0.2730081375   0.0108589195   0.0166423751  -0.0114551215
       -0.0001629651  -0.0001882494  -0.0001756465   0.0001868340   0.0002637436
       -0.0003187306  -0.0000442768  -0.0000989302   0.0001034461
        0.0045029803  -0.0037577497   0.0091409319  -0.0002886758  -0.0010579627
       -0.0005319664   0.0007433693   0.0034458926   0.0007073690  -0.0006977187
        0.0018209713   0.0005449373   0.0005977200  -0.0000470864   0.0000094553
        0.0001129056   0.0000298299   0.0000087135  -0.2218960825  -0.0313450623
       -0.2401721191   0.0000699380  -0.0000363334  -0.0001754930   0.0136440997
        0.0060404497   0.0108589195   0.2028706365   0.0242145628   0.2193388613
        0.0002896903   0.0005035582   0.0000549694   0.0000055403   0.0002882971
        0.0002971026   0.0000455969  -0.0000993671  -0.0000816814
       -0.0252547914   0.0091488184  -0.0224876579  -0.0009886926  -0.0003298678
       -0.0006241702   0.0034496449  -0.0256195862  -0.0063889325   0.0018209713
       -0.0021494180  -0.0008038488  -0.0000470864  -0.0028932385   0.0007011370
        0.0000298299  -0.0001924557  -0.0000900413  -0.0251829627  -0.0920024226
       -0.0208106970  -0.0001451450   0.0000202124  -0.0005149875   0.0214111810
        0.0090591993   0.0166423751   0.0242145628   0.1049657794   0.0341716801
        0.0005035582   0.0000484400   0.0000433569   0.0002882971  -0.0000082240
        0.0002900949  -0.0000993671  -0.0000472366  -0.0001283089
       -0.0000363453   0.0017786592  -0.0042925799  -0.0006991184  -0.0006252979
        0.0000924958   0.0006983144  -0.0063889936  -0.0003693700   0.0005449373
       -0.0008038488   0.0002961794   0.0000094553   0.0007011370   0.0004575617
        0.0000087135  -0.0000900413   0.0000894907  -0.2057557312  -0.0220922077
       -0.2677964334   0.0000870746  -0.0005132161  -0.0004552992  -0.0144665521
       -0.0063430139  -0.0114551215   0.2193388613   0.0341716801   0.2837644666
        0.0000549694   0.0000433569  -0.0003440062   0.0002971026   0.0002900949
        0.0000092342  -0.0000816814  -0.0001283089   0.0000033819
       -0.0011702410   0.0001451824   0.0377580062  -0.2517804371  -0.0739469504
        0.1531661281  -0.0047284046   0.0003874151   0.0007202946   0.0002514073
        0.0000219807  -0.0000314761  -0.0000754017  -0.0000337643   0.0001022160
        0.0003070562  -0.0002023739  -0.0001275313  -0.0018684217  -0.0031521665
        0.0007180358   0.0002284643  -0.0000426548  -0.0003750490   0.0000415593
        0.0003516744  -0.0001629651   0.0002896903   0.0005035582   0.0000549694
        0.2138986377   0.0645125844  -0.1670549313   0.0442005610   0.0108969991
       -0.0236619533   0.0004055300   0.0005585157  -0.0011057440
       -0.0048925642   0.0106425208   0.0174112206  -0.0798696768  -0.0650973114
        0.0163102803   0.0003967714   0.0008357572  -0.0003284573   0.0000219807
       -0.0001219109  -0.0000018469  -0.0000337643  -0.0004581907  -0.0000089470
       -0.0002023739  -0.0001455702   0.0000487042  -0.0031616896  -0.0018543226
        0.0011817312  -0.0000430057   0.0001892994  -0.0001652819   0.0003516744
        0.0001433564  -0.0001882494   0.0005035582   0.0000484400   0.0000433569
        0.0645125844   0.0372221670  -0.0175520638   0.0249568889   0.0205952659
       -0.0189989349  -0.0025403835  -0.0019995010   0.0022484880
       -0.0013750013   0.0014672671   0.0262174732   0.1361380432   0.0050553365
       -0.3859203152   0.0005893522  -0.0000103292   0.0010042096  -0.0000314761
       -0.0000018469  -0.0001205559   0.0001022160  -0.0000089470  -0.0004340605
       -0.0001275313   0.0000487042  -0.0001921645   0.0008513124   0.0008579321
        0.0011610866  -0.0003701387  -0.0001772117   0.0000595173  -0.0001629651
       -0.0001882494  -0.0001756465   0.0000549694   0.0000433569  -0.0003440062
       -0.1670549313  -0.0175520638   0.3760076858   0.0312820052   0.0095782209
       -0.0174748172   0.0001041455   0.0008878301   0.0002115935
        0.0065058768  -0.0129306331  -0.0402438234  -0.2349550765  -0.0604155073
       -0.1027730770  -0.0012310685  -0.0000434756  -0.0014093282   0.0002213928
        0.0000546992   0.0001969767   0.0000704573   0.0000111223   0.0004613063
        0.0003887474  -0.0002241656   0.0004104548   0.0000990768  -0.0013939360
       -0.0012165653  -0.0048871096  -0.0022365750  -0.0003219149  -0.0000262397
        0.0005413813   0.0001868340   0.0000055403   0.0002882971   0.0002971026
        0.0442005610   0.0249568889   0.0312820052   0.2957543940  -0.1181631842
        0.1305312068  -0.1061465521   0.1695550880  -0.0174011774
       -0.0010115666   0.0033439365  -0.0124039491  -0.0813791831  -0.1170457784
       -0.1182637748  -0.0000345239   0.0007884400  -0.0003467613   0.0000546992
       -0.0001540831   0.0000281111   0.0000111223  -0.0003098331   0.0000134803
       -0.0002241656  -0.0002878766  -0.0001236441  -0.0014026835  -0.0006754132
       -0.0010323530  -0.0022379132  -0.0011546962  -0.0002030848   0.0005413813
        0.0003544890   0.0002637436   0.0002882971  -0.0000082240   0.0002900949
        0.0108969991   0.0205952659   0.0095782209  -0.1181631842   0.4598858218
        0.1832024597   0.1926607210  -0.3653320486  -0.0610025433
       -0.0024616448   0.0043719960   0.0225129894  -0.1075972691  -0.0731764022
       -0.3968854119  -0.0015346084  -0.0000423897  -0.0000582330   0.0001969767
        0.0000281111  -0.0000606590   0.0004613063   0.0000134803   0.0002489458
        0.0004104548  -0.0001236441  -0.0001290071  -0.0010941436  -0.0013297800
        0.0001878830  -0.0003031865  -0.0002485861  -0.0006059199   0.0001868340
        0.0002637436  -0.0003187306   0.0002971026   0.0002900949   0.0000092342
       -0.0236619533  -0.0189989349  -0.0174748172   0.1305312068   0.1832024597
        0.4591937004   0.0045689244  -0.0942501484  -0.0666199741
       -0.0016318007   0.0009852226  -0.0012917434   0.0143717948  -0.0218327281
        0.0022137189   0.0002132178   0.0003019386   0.0006508019  -0.0000736192
       -0.0000653417  -0.0000998324   0.0000263208  -0.0000566876  -0.0001928796
       -0.0002563801  -0.0000036717  -0.0003618209  -0.0002512687   0.0003678628
        0.0002240914  -0.0003747369  -0.0008963196  -0.0001758063   0.0000732859
       -0.0001382049  -0.0000442768   0.0000455969  -0.0000993671  -0.0000816814
        0.0004055300  -0.0025403835   0.0001041455  -0.1061465521   0.1926607210
        0.0045689244   0.0935986114  -0.1686830407  -0.0055136415
       -0.0016562249  -0.0000300140  -0.0013500999   0.0008154532  -0.0021918738
        0.0004977162   0.0003019386  -0.0003789083   0.0002733242  -0.0000653417
        0.0000568536  -0.0000413991  -0.0000566876   0.0001258580  -0.0000873290
       -0.0000036717   0.0002424975  -0.0000026628   0.0003678628   0.0003828912
        0.0004890043  -0.0008963196  -0.0004769511  -0.0001861161  -0.0001382049
       -0.0001736589  -0.0000989302  -0.0000993671  -0.0000472366  -0.0001283089
        0.0005585157  -0.0019995010   0.0008878301   0.1695550880  -0.3653320486
       -0.0942501484  -0.1686830407   0.3698220919   0.0939971198
       -0.0002604548  -0.0025099010  -0.0003844988   0.0243624216  -0.0329507458
        0.0021678147   0.0006508019   0.0002733242   0.0000834095  -0.0000998324
       -0.0000413991   0.0000206982  -0.0001928796  -0.0000873290  -0.0001456128
       -0.0003618209  -0.0000026628  -0.0000198790   0.0002240914   0.0004890043
       -0.0001219584  -0.0001758063  -0.0001861161   0.0004354262  -0.0000442768
       -0.0000989302   0.0001034461  -0.0000816814  -0.0001283089   0.0000033819
       -0.0011057440   0.0022484880   0.0002115935  -0.0174011774  -0.0610025433
       -0.0666199741  -0.0055136415   0.0939971198   0.0642661530
$end
