    24
 Energy =       0.1733305140
c    -0.3750178    1.6472058    0.7948734  0.00   -0.0693573    0.0372811    0.0641447
c     0.0303172    2.8109335    0.1570437  0.00   -0.0609342    0.0773784    0.0472822
c     1.0081136    2.7718125   -0.8262434  0.00    0.0161352    0.0874724   -0.0344052
c     0.2069418    0.4293490    0.4310970  0.00   -0.0258544   -0.0617851    0.0325517
c     1.2047783    0.3610782   -0.5608861  0.00    0.1029077   -0.0588575   -0.0547127
c     1.5988173    1.5541349   -1.1780186  0.00    0.0400004   -0.0085500   -0.0381933
o    -0.5069839    4.0230167    0.4710260  0.00   -0.0145819   -0.0327518    0.0219620
h    -1.1463012    3.9010909    1.1919392  0.00    0.0552238   -0.0261715   -0.0528778
h     2.3707231    1.5818724   -1.9364796  0.00   -0.0024749    0.0153351    0.0039967
h    -0.1206493   -0.4779662    0.9373943  0.00   -0.0006746   -0.0247838   -0.0069561
h    -1.1350442    1.6632136    1.5694669  0.00    0.0006415   -0.0025698    0.0012232
h     1.3163936    3.6907012   -1.3176857  0.00    0.0032179   -0.0004858   -0.0042939
c     1.7669373   -1.0073413   -0.8964724  0.00   -0.0579887   -0.0448097    0.0398178
c     0.8861134   -2.0194266   -1.6556448  0.00    0.1063102   -0.0126532   -0.0510602
h     2.1212937   -1.4658931    0.0371405  0.00   -0.0089115    0.0079775   -0.0119787
h     2.6645729   -0.8285312   -1.5058794  0.00   -0.0120121    0.0076714    0.0073649
c    -0.2550706   -2.4993401   -0.7313897  0.00   -0.0542698   -0.0580895    0.3454582
o    -0.1765299   -2.6781136    0.4736491  0.00   -0.0196830    0.0755297   -0.2813125
o    -1.3862936   -2.7453732   -1.4466837  0.00    0.1751039    0.1994621   -0.2987473
h    -1.5213325   -3.7253525   -1.3910885  0.00    0.0256471    0.0322107   -0.0090133
n     0.2410616   -1.4915667   -2.9017470  0.00   -0.1246934   -0.0103877   -0.0135567
h     1.4642165   -2.9122299   -1.9206526  0.00   -0.0129853    0.0136253   -0.0019565
h    -0.7513888   -1.7528500   -2.8797219  0.00   -0.0665675   -0.1744516    0.2882359
h     0.2327904   -0.4700704   -2.8568985  0.00    0.0058008   -0.0375967    0.0070269
    24
 Energy =       0.1635239666
c    -0.4890519    1.6491817    0.7452615  0.00   -0.0654807    0.0353856    0.0607029
c    -0.0901257    2.8194739    0.1186882  0.00   -0.0575032    0.0726819    0.0448622
c     0.9086669    2.7973602   -0.8416360  0.00    0.0151781    0.0828354   -0.0324405
c     0.1179953    0.4423056    0.3932032  0.00   -0.0251393   -0.0576877    0.0313094
c     1.1459941    0.3954619   -0.5669317  0.00    0.0957726   -0.0528527   -0.0508374
c     1.5320255    1.5932029   -1.1749650  0.00    0.0378897   -0.0084444   -0.0361112
o    -0.6624439    4.0217448    0.4193589  0.00   -0.0138090   -0.0297669    0.0201674
h    -1.2792443    3.8972894    1.1633829  0.00    0.0516506   -0.0249926   -0.0491342
h     2.3326089    1.6350255   -1.9043970  0.00   -0.0015414    0.0143021    0.0031408
h    -0.2118338   -0.4736866    0.8859219  0.00   -0.0011615   -0.0225300   -0.0062536
h    -1.2714004    1.6515763    1.4981941  0.00    0.0001666   -0.0023460    0.0015638
h     1.2114996    3.7220120   -1.3253569  0.00    0.0030803   -0.0004126   -0.0041084
c     1.7932453   -0.9480822   -0.8488387  0.00   -0.0516985   -0.0428071    0.0380738
c     0.9893721   -2.0244524   -1.6096171  0.00    0.0994297   -0.0130171   -0.0468234
h     2.1385845   -1.3616735    0.1116691  0.00   -0.0073726    0.0072649   -0.0100980
h     2.7066371   -0.7412269   -1.4285760  0.00   -0.0102580    0.0069703    0.0066482
c    -0.1580293   -2.5272909   -0.7109545  0.00   -0.0499180   -0.0534954    0.3260907
o    -0.0879277   -2.7273166    0.5016461  0.00   -0.0186786    0.0698224   -0.2648700
o    -1.2682566   -2.8232698   -1.4471099  0.00    0.1635439    0.1888668   -0.2830399
h    -1.3642513   -3.8102390   -1.3887238  0.00    0.0240005    0.0290095   -0.0084703
n     0.3706256   -1.5627098   -2.8951331  0.00   -0.1193017   -0.0141328   -0.0156780
h     1.6229697   -2.8974222   -1.8224062  0.00   -0.0105064    0.0105106   -0.0024651
h    -0.6215255   -1.8302668   -2.8855906  0.00   -0.0631341   -0.1646204    0.2722432
h     0.3723248   -0.5366434   -2.9289509  0.00    0.0047910   -0.0305437    0.0055275
    24
 Energy =       0.1118823344
c    -0.5494300    1.6679542    0.6767880  0.00   -0.0346565    0.0201172    0.0327452
c    -0.1564543    2.8169835    0.0383416  0.00   -0.0307358    0.0378197    0.0248627
c     0.8401958    2.7756613   -0.8992058  0.00    0.0080050    0.0443020   -0.0164484
c     0.0617958    0.4718613    0.3680520  0.00   -0.0132852   -0.0306366    0.0157427
c     1.0859153    0.4161620   -0.5652687  0.00    0.0491913   -0.0265240   -0.0273607
c     1.4663712    1.5846697   -1.1950726  0.00    0.0199362   -0.0041818   -0.0189711
o    -0.7435717    4.0349013    0.3132754  0.00   -0.0053522   -0.0155773    0.0061012
h    -1.3456332    3.9718545    1.1031400  0.00    0.0260404   -0.0137563   -0.0221402
h     2.2772035    1.5977285   -1.9164748  0.00   -0.0004285    0.0073365    0.0016064
h    -0.2618244   -0.4290935    0.8861994  0.00   -0.0010465   -0.0125465   -0.0037320
h    -1.3420213    1.6889901    1.4182298  0.00   -0.0001021   -0.0011383    0.0009692
h     1.1405867    3.6934190   -1.3957489  0.00    0.0015980   -0.0000335   -0.0021672
c     1.8075694   -0.9010266   -0.8023995  0.00   -0.0257080   -0.0236653    0.0193573
c     1.0280776   -2.0228890   -1.5306968  0.00    0.0530956   -0.0080983   -0.0225943
h     2.1594207   -1.2776544    0.1786028  0.00   -0.0034776    0.0037381   -0.0045424
h     2.7253335   -0.6942384   -1.3849715  0.00   -0.0053768    0.0038879    0.0036952
c    -0.1071426   -2.5630347   -0.6649313  0.00   -0.0272693   -0.0326030    0.1720272
o    -0.0140025   -2.7413280    0.6238705  0.00   -0.0087112    0.0399728   -0.1400974
o    -1.2409398   -2.8960798   -1.3711030  0.00    0.0930637    0.1584161   -0.1779146
h    -1.2054981   -3.9153926   -1.4698728  0.00    0.0184910   -0.0208572   -0.0070312
n     0.4635634   -1.6042336   -2.8444649  0.00   -0.0661589   -0.0123309   -0.0073448
h     1.7064740   -2.8811521   -1.7012280  0.00   -0.0043710    0.0043754   -0.0018169
h    -0.5461970   -1.8616419   -2.8522467  0.00   -0.0453236   -0.1065169    0.1740586
h     0.4886671   -0.5720667   -2.9546759  0.00    0.0025819   -0.0114999    0.0009956
    24
 Energy =       0.1049348218
c    -0.5538496    1.6895133    0.6441627  0.00   -0.0314228    0.0181409    0.0296982
c    -0.1563310    2.8277963   -0.0074345  0.00   -0.0278761    0.0341752    0.0225284
c     0.8368985    2.7695815   -0.9451904  0.00    0.0072697    0.0402109   -0.0149106
c     0.0527031    0.4890629    0.3524853  0.00   -0.0120231   -0.0278051    0.0142308
c     1.0765054    0.4179250   -0.5768235  0.00    0.0444421   -0.0239616   -0.0247350
c     1.4590283    1.5744092   -1.2239168  0.00    0.0180852   -0.0036781   -0.0172249
o    -0.7336629    4.0543522    0.2579065  0.00   -0.0034992   -0.0137889    0.0033824
h    -1.2993349    4.0183059    1.0799578  0.00    0.0222085   -0.0124865   -0.0178604
h     2.2707508    1.5733485   -1.9446491  0.00   -0.0003117    0.0066484    0.0013861
h    -0.2730444   -0.4019955    0.8843230  0.00   -0.0009870   -0.0114871   -0.0033386
h    -1.3463183    1.7244238    1.3852359  0.00   -0.0001712   -0.0010474    0.0009434
h     1.1406967    3.6799804   -1.4530856  0.00    0.0014723    0.0000642   -0.0020045
c     1.8049603   -0.9006758   -0.7878281  0.00   -0.0231522   -0.0215118    0.0174736
c     1.0330832   -2.0352366   -1.5058204  0.00    0.0479120   -0.0074144   -0.0201011
h     2.1488858   -1.2623610    0.2024004  0.00   -0.0030858    0.0033320   -0.0039384
h     2.7286305   -0.7023958   -1.3650918  0.00   -0.0047998    0.0034699    0.0032952
c    -0.1037826   -2.5764035   -0.6443023  0.00   -0.0244867   -0.0303038    0.1538441
o    -0.0293035   -2.7108347    0.6605279  0.00   -0.0079223    0.0363942   -0.1250708
o    -1.2386099   -2.9163332   -1.3472952  0.00    0.0845423    0.1644974   -0.1625093
h    -1.2826928   -3.9487068   -1.3111197  0.00    0.0166296   -0.0388352   -0.0055924
n     0.4827764   -1.6351642   -2.8301730  0.00   -0.0595507   -0.0123160   -0.0068163
h     1.7181966   -2.8920262   -1.6598159  0.00   -0.0038737    0.0038289   -0.0016786
h    -0.5343397   -1.8698259   -2.8349619  0.00   -0.0417940   -0.0971373    0.1584141
h     0.5366130   -0.6063856   -2.9713528  0.00    0.0023946   -0.0089889    0.0005846
    24
 Energy =       0.0973460786
c    -0.5285515    1.7289663    0.6183245  0.00   -0.0268792    0.0149353    0.0253399
c    -0.1219775    2.8469088   -0.0581375  0.00   -0.0237447    0.0286069    0.0189480
c     0.8514559    2.7534883   -1.0107086  0.00    0.0065525    0.0341999   -0.0130604
c     0.0568888    0.5168293    0.3456057  0.00   -0.0103256   -0.0238317    0.0121524
c     1.0666604    0.4125768   -0.5915321  0.00    0.0377717   -0.0205271   -0.0209483
c     1.4530272    1.5465407   -1.2712439  0.00    0.0156419   -0.0027923   -0.0149037
o    -0.6644533    4.0926374    0.2055203  0.00    0.0023474   -0.0111025   -0.0076940
h    -1.1405818    4.1075724    1.0946766  0.00    0.0130997   -0.0098070   -0.0039703
h     2.2548126    1.5161293   -2.0031683  0.00    0.0001332    0.0056734    0.0007904
h    -0.2717152   -0.3552315    0.9040932  0.00   -0.0010332   -0.0102185   -0.0026182
h    -1.3094987    1.7929716    1.3702189  0.00   -0.0005893   -0.0009606    0.0011924
h     1.1621416    3.6496321   -1.5397458  0.00    0.0013897    0.0003566   -0.0018961
c     1.7861452   -0.9159794   -0.7770289  0.00   -0.0195252   -0.0182825    0.0147171
c     1.0035409   -2.0569916   -1.4751010  0.00    0.0403449   -0.0064799   -0.0166954
h     2.1247978   -1.2638635    0.2209598  0.00   -0.0025905    0.0027572   -0.0031919
h     2.7141663   -0.7390343   -1.3560604  0.00   -0.0038699    0.0029109    0.0026463
c    -0.1362487   -2.5870757   -0.6118705  0.00   -0.0203019   -0.0265768    0.1266219
o    -0.0823732   -2.6568120    0.7129764  0.00   -0.0068903    0.0316013   -0.1022705
o    -1.2732506   -2.9417136   -1.3065869  0.00    0.0722202    0.1458169   -0.1393882
h    -1.3590941   -3.9653810   -1.2001650  0.00    0.0139347   -0.0381618   -0.0045608
n     0.4681309   -1.6742356   -2.8091221  0.00   -0.0495892   -0.0118864   -0.0058817
h     1.6859412   -2.9198505   -1.6124078  0.00   -0.0032044    0.0030951   -0.0014397
h    -0.5588092   -1.8769428   -2.8095528  0.00   -0.0371164   -0.0835309    0.1360058
h     0.5573039   -0.6507874   -2.9818053  0.00    0.0022239   -0.0057955    0.0001052
    24
 Energy =       0.0951076625
c    -0.5751254    1.7237083    0.5837528  0.00   -0.0261461    0.0145024    0.0246589
c    -0.1764689    2.8421290   -0.0965090  0.00   -0.0227305    0.0272259    0.0182276
c     0.8192776    2.7569281   -1.0265712  0.00    0.0065083    0.0331646   -0.0128476
c     0.0341494    0.5189819    0.3318584  0.00   -0.0100429   -0.0233457    0.0118470
c     1.0616655    0.4231857   -0.5863676  0.00    0.0367515   -0.0198957   -0.0204587
c     1.4442636    1.5577493   -1.2662861  0.00    0.0154319   -0.0030593   -0.0146192
o    -0.7564910    4.0792396    0.1341981  0.00    0.0039799   -0.0098672   -0.0107527
h    -1.2993349    4.0861096    0.9874581  0.00    0.0099888   -0.0088390    0.0000772
h     2.2609798    1.5339626   -1.9822207  0.00    0.0003529    0.0054141    0.0006004
h    -0.2918413   -0.3541700    0.8905885  0.00   -0.0010350   -0.0098260   -0.0025207
h    -1.3725640    1.7803508    1.3190609  0.00   -0.0008300   -0.0008646    0.0013617
h     1.1240543    3.6533197   -1.5585725  0.00    0.0013293    0.0003992   -0.0018379
c     1.8069310   -0.8943820   -0.7481054  0.00   -0.0185787   -0.0178331    0.0143081
c     1.0515587   -2.0548865   -1.4450096  0.00    0.0390520   -0.0063969   -0.0161446
h     2.1378437   -1.2260176    0.2583779  0.00   -0.0023860    0.0026560   -0.0029221
h     2.7402765   -0.7085166   -1.3161639  0.00   -0.0036264    0.0027784    0.0025342
c    -0.0878970   -2.5954808   -0.5883892  0.00   -0.0197905   -0.0258726    0.1228823
o    -0.0394613   -2.6622512    0.7387817  0.00   -0.0066600    0.0305911   -0.0992496
o    -1.2207325   -2.9584339   -1.2862635  0.00    0.0700850    0.1420535   -0.1354805
h    -1.3160178   -3.9783039   -1.1588262  0.00    0.0135315   -0.0374859   -0.0043593
n     0.5250339   -1.6915630   -2.7878877  0.00   -0.0483096   -0.0118292   -0.0059106
h     1.7501132   -2.9074956   -1.5670582  0.00   -0.0029286    0.0027822   -0.0014367
h    -0.5024633   -1.8920700   -2.7922330  0.00   -0.0360739   -0.0811307    0.1321050
h     0.6207092   -0.6717393   -2.9794743  0.00    0.0021271   -0.0053215   -0.0000623
    24
 Energy =       0.0914202884
c    -0.6288717    1.7296246    0.5268508  0.00   -0.0243977    0.0136194    0.0230474
c    -0.2367042    2.8414378   -0.1667913  0.00   -0.0206492    0.0246282    0.0168149
c     0.7827778    2.7562718   -1.0699808  0.00    0.0061211    0.0309334   -0.0120448
c     0.0047313    0.5313626    0.3100857  0.00   -0.0092745   -0.0220638    0.0110224
c     1.0517369    0.4358655   -0.5844451  0.00    0.0341165   -0.0183504   -0.0191371
c     1.4315809    1.5638345   -1.2749046  0.00    0.0146731   -0.0033495   -0.0137715
o    -0.8539546    4.0710921    0.0171584  0.00    0.0050179   -0.0077350   -0.0126855
h    -1.4580881    4.0772481    0.8312205  0.00    0.0064944   -0.0074381    0.0034215
h     2.2651079    1.5398727   -1.9717109  0.00    0.0006204    0.0048838    0.0003631
h    -0.3193112   -0.3364435    0.8778421  0.00   -0.0009911   -0.0090143   -0.0023019
h    -1.4441649    1.7857584    1.2426623  0.00   -0.0010779   -0.0006897    0.0014925
h     1.0828811    3.6477581   -1.6127476  0.00    0.0011887    0.0005092   -0.0017109
c     1.8266696   -0.8699526   -0.7041682  0.00   -0.0165515   -0.0167701    0.0132952
c     1.1049938   -2.0588408   -1.3909919  0.00    0.0360535   -0.0061861   -0.0145525
h     2.1447972   -1.1740434    0.3159882  0.00   -0.0019461    0.0023879   -0.0022134
h     2.7680962   -0.6793623   -1.2579801  0.00   -0.0031789    0.0024492    0.0023052
c    -0.0352657   -2.6076672   -0.5413232  0.00   -0.0184305   -0.0244053    0.1134554
o    -0.0024122   -2.6468278    0.7924100  0.00   -0.0060949    0.0284402   -0.0914771
o    -1.1616969   -2.9874370   -1.2419156  0.00    0.0651111    0.1339800   -0.1266068
h    -1.2763507   -3.9983168   -1.0727787  0.00    0.0125334   -0.0365545   -0.0037674
n     0.5941005   -1.7290194   -2.7483694  0.00   -0.0451597   -0.0122023   -0.0060391
h     1.8233500   -2.8992980   -1.4863360  0.00   -0.0023396    0.0021159   -0.0013898
h    -0.4368497   -1.9148621   -2.7555843  0.00   -0.0338444   -0.0756263    0.1231366
h     0.7113056   -0.7177013   -2.9760520  0.00    0.0020059   -0.0035617   -0.0006563
    24
 Energy =       0.0883281684
c    -0.6738378    1.7456874    0.4614756  0.00   -0.0226605    0.0127640    0.0214076
c    -0.2817605    2.8454597   -0.2498725  0.00   -0.0187559    0.0223246    0.0154827
c     0.7569040    2.7513621   -1.1288853  0.00    0.0056170    0.0287731   -0.0111562
c    -0.0240599    0.5506236    0.2839539  0.00   -0.0084853   -0.0206676    0.0101742
c     1.0399539    0.4463017   -0.5876177  0.00    0.0313183   -0.0167255   -0.0177088
c     1.4215028    1.5621487   -1.2950032  0.00    0.0138034   -0.0034405   -0.0128585
o    -0.9221879    4.0714647   -0.1117689  0.00    0.0049956   -0.0059700   -0.0128572
h    -1.5660890    4.0844706    0.6724674  0.00    0.0045627   -0.0063988    0.0046607
h     2.2697736    1.5309836   -1.9738864  0.00    0.0008390    0.0043799    0.0001603
h    -0.3498715   -0.3063728    0.8659666  0.00   -0.0009543   -0.0082722   -0.0020295
h    -1.5039370    1.8087979    1.1596748  0.00   -0.0012454   -0.0005362    0.0015563
h     1.0572850    3.6338922   -1.6860274  0.00    0.0010711    0.0006519   -0.0016179
c     1.8377357   -0.8506981   -0.6579169  0.00   -0.0145411   -0.0156664    0.0122078
c     1.1459116   -2.0686472   -1.3266586  0.00    0.0329215   -0.0060055   -0.0127122
h     2.1411048   -1.1228515    0.3767078  0.00   -0.0015075    0.0020829   -0.0013778
h     2.7876840   -0.6618378   -1.1983834  0.00   -0.0027587    0.0020968    0.0020591
c     0.0031842   -2.6187225   -0.4813127  0.00   -0.0168821   -0.0230434    0.1026855
o     0.0125374   -2.6103798    0.8592689  0.00   -0.0055280    0.0263867   -0.0823121
o    -1.1156549   -3.0187161   -1.1841734  0.00    0.0599202    0.1253886   -0.1175077
h    -1.2486886   -4.0183666   -0.9732672  0.00    0.0114844   -0.0353711   -0.0031283
n     0.6522939   -1.7777985   -2.6991831  0.00   -0.0416512   -0.0131915   -0.0061982
h     1.8808225   -2.8986639   -1.3911145  0.00   -0.0017548    0.0014383   -0.0013118
h    -0.3839472   -1.9382136   -2.7066733  0.00   -0.0318798   -0.0699914    0.1139474
h     0.8018001   -0.7795697   -2.9696319  0.00    0.0020715   -0.0010069   -0.0015654
    24
 Energy =       0.0867776747
c    -0.7116837    1.7677629    0.3905802  0.00   -0.0214908    0.0121804    0.0202562
c    -0.3133324    2.8523748   -0.3393286  0.00   -0.0174360    0.0206956    0.0145349
c     0.7427815    2.7436438   -1.1947862  0.00    0.0052390    0.0272972   -0.0105553
c    -0.0523673    0.5733447    0.2537500  0.00   -0.0079466   -0.0196630    0.0096078
c     1.0282022    0.4542561   -0.5942207  0.00    0.0292382   -0.0154713   -0.0166662
c     1.4168054    1.5549545   -1.3203954  0.00    0.0132295   -0.0034976   -0.0122359
o    -0.9670066    4.0773104   -0.2461499  0.00    0.0047622   -0.0045761   -0.0127389
h    -1.6400116    4.1016989    0.5137143  0.00    0.0033478   -0.0056840    0.0052706
h     2.2792681    1.5124280   -1.9809206  0.00    0.0010842    0.0039983   -0.0000471
h    -0.3846710   -0.2695483    0.8512491  0.00   -0.0009627   -0.0077677   -0.0017499
h    -1.5554799    1.8424676    1.0712758  0.00   -0.0014388   -0.0004115    0.0016505
h     1.0483586    3.6147711   -1.7670484  0.00    0.0010094    0.0008205   -0.0015974
c     1.8419878   -0.8363135   -0.6110120  0.00   -0.0129504   -0.0148871    0.0113631
c     1.1759084   -2.0825548   -1.2558388  0.00    0.0304875   -0.0059727   -0.0111626
h     2.1292586   -1.0739121    0.4376423  0.00   -0.0011365    0.0018189   -0.0005309
h     2.8006231   -0.6539612   -1.1388411  0.00   -0.0024160    0.0018000    0.0018380
c     0.0291065   -2.6272214   -0.4120819  0.00   -0.0156203   -0.0221925    0.0934368
o     0.0099216   -2.5593582    0.9321197  0.00   -0.0051752    0.0249886   -0.0741773
o    -1.0819418   -3.0462810   -1.1173045  0.00    0.0559659    0.1181897   -0.1105646
h    -1.2241363   -4.0372927   -0.8791811  0.00    0.0107363   -0.0337805   -0.0027747
n     0.6984193   -1.8332316   -2.6421794  0.00   -0.0387004   -0.0149204   -0.0063537
h     1.9237713   -2.9036819   -1.2881164  0.00   -0.0012692    0.0008459   -0.0012359
h    -0.3439033   -1.9580807   -2.6466759  0.00   -0.0310074   -0.0658396    0.1072076
h     0.8885805   -0.8532211   -2.9581122  0.00    0.0024501    0.0020288   -0.0027750
    24
 Energy =       0.0871888534
c    -0.7415852    1.7949298    0.3146472  0.00   -0.0209938    0.0119005    0.0197021
c    -0.3298850    2.8618411   -0.4331635  0.00   -0.0167119    0.0197545    0.0140125
c     0.7428722    2.7331443   -1.2646055  0.00    0.0050588    0.0266101   -0.0103277
c    -0.0798233    0.5983170    0.2188878  0.00   -0.0077297   -0.0191520    0.0093898
c     1.0174198    0.4588321   -0.6040274  0.00    0.0280367   -0.0146585   -0.0161111
c     1.4196092    1.5420380   -1.3488727  0.00    0.0130569   -0.0035853   -0.0119898
o    -0.9877457    4.0883978   -0.3842612  0.00    0.0045515   -0.0034384   -0.0127606
h    -1.6831881    4.1284258    0.3549612  0.00    0.0025033   -0.0052282    0.0057238
h     2.2962403    1.4843730   -1.9897716  0.00    0.0014018    0.0037452   -0.0002859
h    -0.4245058   -0.2276686    0.8313544  0.00   -0.0010390   -0.0075190   -0.0014490
h    -1.5986287    1.8854270    0.9770768  0.00   -0.0017092   -0.0003099    0.0018150
h     1.0591535    3.5908468   -1.8515037  0.00    0.0010166    0.0010312   -0.0016672
c     1.8396505   -0.8280889   -0.5642087  0.00   -0.0118158   -0.0145107    0.0108196
c     1.1937315   -2.1012246   -1.1792028  0.00    0.0288687   -0.0060859   -0.0100283
h     2.1101806   -1.0287315    0.4975251  0.00   -0.0008396    0.0016083    0.0003334
h     2.8069868   -0.6574306   -1.0804088  0.00   -0.0021391    0.0015720    0.0016354
c     0.0413229   -2.6326347   -0.3334519  0.00   -0.0146628   -0.0219780    0.0860569
o    -0.0085946   -2.4954237    1.0093478  0.00   -0.0052101    0.0243103   -0.0675018
o    -1.0648645   -3.0631807   -1.0402571  0.00    0.0536509    0.1134270   -0.1062341
h    -1.2006661   -4.0540925   -0.8017416  0.00    0.0102620   -0.0324084   -0.0026067
n     0.7287932   -1.8946570   -2.5768141  0.00   -0.0360047   -0.0180308   -0.0063242
h     1.9504021   -2.9155549   -1.1795987  0.00   -0.0009039    0.0003485   -0.0011766
h    -0.3202272   -1.9670921   -2.5723190  0.00   -0.0321113   -0.0635074    0.1035537
h     0.9718104   -0.9404386   -2.9414536  0.00    0.0034638    0.0061049   -0.0045792
    24
 Energy =       0.0904752025
c    -0.7579708    1.8268663    0.2327756  0.00   -0.0212326    0.0119117    0.0198129
c    -0.3235947    2.8730886   -0.5311970  0.00   -0.0165672    0.0194967    0.0139099
c     0.7648237    2.7171764   -1.3377739  0.00    0.0051356    0.0267667   -0.0105339
c    -0.1036299    0.6237390    0.1774639  0.00   -0.0078865   -0.0191748    0.0095644
c     1.0100473    0.4560946   -0.6186907  0.00    0.0277895   -0.0143348   -0.0160811
c     1.4349098    1.5191801   -1.3807518  0.00    0.0133695   -0.0037303   -0.0121935
o    -0.9743624    4.1054209   -0.5255715  0.00    0.0044624   -0.0024131   -0.0131282
h    -1.6868931    4.1667460    0.1962081  0.00    0.0018270   -0.0049791    0.0062475
h     2.3255309    1.4411313   -2.0004766  0.00    0.0018502    0.0036162   -0.0005960
h    -0.4690623   -0.1819448    0.8031861  0.00   -0.0012333   -0.0075021   -0.0010554
h    -1.6276980    1.9387685    0.8758558  0.00   -0.0021175   -0.0002282    0.0020948
h     1.0991424    3.5591390   -1.9379446  0.00    0.0011213    0.0013367   -0.0018690
c     1.8299304   -0.8322163   -0.5203276  0.00   -0.0111282   -0.0145105    0.0106462
c     1.1917759   -2.1297094   -1.0952394  0.00    0.0280790   -0.0060709   -0.0094107
h     2.0867061   -0.9923434    0.5526480  0.00   -0.0006365    0.0014493    0.0012527
h     2.8045721   -0.6822048   -1.0295222  0.00   -0.0018876    0.0014444    0.0014043
c     0.0329865   -2.6323804   -0.2381841  0.00   -0.0130539   -0.0226426    0.0809395
o    -0.0375542   -2.4181760    1.0973342  0.00   -0.0061543    0.0240087   -0.0626938
o    -1.0842074   -3.0441919   -0.9404981  0.00    0.0525970    0.1167723   -0.1059360
h    -1.1832284   -4.0557372   -0.7661567  0.00    0.0098534   -0.0366410   -0.0010896
n     0.7275192   -1.9649346   -2.4983672  0.00   -0.0300833   -0.0267722   -0.0051448
h     1.9500684   -2.9424509   -1.0675734  0.00   -0.0007178   -0.0000259   -0.0011701
h    -0.3287675   -1.9352750   -2.4660521  0.00   -0.0406292   -0.0627243    0.1038084
h     1.0574149   -1.0554319   -2.9230061  0.00    0.0072428    0.0149472   -0.0087786
    24
 Energy =       0.0904940497
c    -0.7155339    1.7913067    0.3051170  0.00   -0.0229632    0.0129471    0.0213232
c    -0.2973790    2.8556645   -0.4446219  0.00   -0.0175930    0.0205650    0.0148670
c     0.7719029    2.7174314   -1.2818569  0.00    0.0054973    0.0288377   -0.0114007
c    -0.0637483    0.5873839    0.2051365  0.00   -0.0085649   -0.0207025    0.0103516
c     1.0302280    0.4371522   -0.6242313  0.00    0.0293003   -0.0151630   -0.0173336
c     1.4391302    1.5186643   -1.3702464  0.00    0.0145836   -0.0042676   -0.0132160
o    -0.9446331    4.0891327   -0.3924114  0.00    0.0047437   -0.0015485   -0.0145459
h    -1.6328119    4.1366004    0.3549612  0.00    0.0010884   -0.0050059    0.0074468
h     2.3136915    1.4541112   -2.0148890  0.00    0.0024235    0.0037090   -0.0009479
h    -0.4147728   -0.2358209    0.8194712  0.00   -0.0013837   -0.0085056   -0.0009891
h    -1.5697793    1.8891723    0.9718215  0.00   -0.0026669   -0.0001157    0.0025253
h     1.0933502    3.5733290   -1.8698368  0.00    0.0012429    0.0016584   -0.0021190
c     1.8419001   -0.8603740   -0.5874501  0.00   -0.0113420   -0.0157756    0.0111559
c     1.1646292   -2.1344707   -1.1697026  0.00    0.0311818   -0.0056693   -0.0081972
h     2.1363049   -1.0488978    0.4723292  0.00   -0.0002366    0.0014848    0.0024281
h     2.7985942   -0.7086898   -1.1301219  0.00   -0.0013280    0.0012241    0.0011329
c     0.0175083   -2.6174659   -0.2868995  0.00   -0.0083976   -0.0238148    0.0816446
o     0.0402489   -2.4993558    1.0656880  0.00   -0.0041076    0.0273458   -0.0548611
o    -1.1625751   -2.9144489   -0.9572921  0.00    0.0474570    0.1247411   -0.1194351
h    -1.3128611   -3.9286134   -0.8205030  0.00    0.0099520   -0.0421177   -0.0007735
n     0.6550884   -1.9288022   -2.5528407  0.00   -0.0257508   -0.0327343   -0.0074615
h     1.9049293   -2.9654012   -1.1811670  0.00    0.0000169   -0.0007351   -0.0013432
h    -0.3973020   -1.8039216   -2.4658740  0.00   -0.0525327   -0.0649886    0.1096696
h     1.0423496   -1.0433319   -2.9864414  0.00    0.0093797    0.0186314   -0.0099209
    24
 Energy =       0.0853532670
c    -0.6845534    1.7441414    0.3897241  0.00   -0.0234491    0.0129559    0.0216757
c    -0.2996453    2.8290410   -0.3502582  0.00   -0.0176005    0.0204189    0.0148577
c     0.7474828    2.7204278   -1.2207488  0.00    0.0057073    0.0291746   -0.0117968
c    -0.0213970    0.5492616    0.2472756  0.00   -0.0090978   -0.0207479    0.0107946
c     1.0474818    0.4296283   -0.6205215  0.00    0.0290226   -0.0148164   -0.0174756
c     1.4238209    1.5308468   -1.3546277  0.00    0.0150949   -0.0044218   -0.0136107
o    -0.9582024    4.0545081   -0.2523263  0.00    0.0046011   -0.0003901   -0.0149533
h    -1.6279309    4.0782243    0.5137143  0.00    0.0003517   -0.0048009    0.0081519
h     2.2780039    1.4878380   -2.0291733  0.00    0.0031461    0.0035876   -0.0015183
h    -0.3410565   -0.2955430    0.8550527  0.00   -0.0015586   -0.0093813   -0.0003540
h    -1.5204175    1.8191210    1.0832420  0.00   -0.0032923   -0.0000418    0.0030288
h     1.0428818    3.5920750   -1.7999718  0.00    0.0014161    0.0020527   -0.0024133
c     1.8613654   -0.8656327   -0.6542013  0.00   -0.0107091   -0.0162237    0.0106263
c     1.1585696   -2.1139549   -1.2584886  0.00    0.0312032   -0.0057252   -0.0071341
h     2.1882905   -1.0921749    0.3897602  0.00    0.0002129    0.0012475    0.0036428
h     2.8005993   -0.6971292   -1.2230925  0.00   -0.0007740    0.0009399    0.0007045
c     0.0259643   -2.6013422   -0.3637840  0.00   -0.0081062   -0.0226565    0.0681503
o     0.1281767   -2.6183592    0.9979251  0.00   -0.0015924    0.0273947   -0.0389866
o    -1.1893146   -2.8329759   -0.9997162  0.00    0.0470091    0.1313872   -0.1228867
h    -1.4208564   -3.8251806   -0.7961200  0.00    0.0068573   -0.0505659    0.0011467
n     0.6238409   -1.8677458   -2.6261889  0.00   -0.0256838   -0.0326004   -0.0086682
h     1.8877886   -2.9544318   -1.3052498  0.00    0.0004693   -0.0012551   -0.0013588
h    -0.4258826   -1.7336281   -2.5183009  0.00   -0.0524878   -0.0641555    0.1084039
h     1.0134491   -0.9766606   -3.0457858  0.00    0.0092601    0.0186236   -0.0100267
    24
 Energy =       0.0747454885
c    -0.6561281    1.6880850    0.4702040  0.00   -0.0205716    0.0109057    0.0188943
c    -0.3144368    2.7900554   -0.2656656  0.00   -0.0150455    0.0174993    0.0125659
c     0.7089262    2.7142072   -1.1656033  0.00    0.0052427    0.0252994   -0.0105802
c     0.0267135    0.5100409    0.2957599  0.00   -0.0086218   -0.0177450    0.0098816
c     1.0663269    0.4255722   -0.6082794  0.00    0.0244288   -0.0122134   -0.0148737
c     1.4006135    1.5414317   -1.3368888  0.00    0.0134934   -0.0038196   -0.0121123
o    -0.9936492    4.0019235   -0.1299585  0.00    0.0036903    0.0007192   -0.0129861
h    -1.6593082    3.9980397    0.6398971  0.00   -0.0001955   -0.0039428    0.0074143
h     2.2311892    1.5203366   -2.0422393  0.00    0.0034767    0.0030117   -0.0019709
h    -0.2523562   -0.3549544    0.9015949  0.00   -0.0013977   -0.0098632    0.0006877
h    -1.4725832    1.7381898    1.1888144  0.00   -0.0034445   -0.0000465    0.0031316
h     0.9708266    3.5992222   -1.7409717  0.00    0.0014617    0.0022538   -0.0024646
c     1.8858266   -0.8590163   -0.7139523  0.00   -0.0085330   -0.0141806    0.0085453
c     1.1582962   -2.0771626   -1.3453245  0.00    0.0266583   -0.0052278   -0.0052590
h     2.2416684   -1.1278067    0.3113252  0.00    0.0006470    0.0007832    0.0043976
h     2.8083603   -0.6691263   -1.3046322  0.00   -0.0001765    0.0005522    0.0001357
c     0.0449954   -2.5822516   -0.4425574  0.00   -0.0089651   -0.0131175    0.0361948
o     0.2359742   -2.7771124    0.9118758  0.00    0.0032768    0.0198559   -0.0094129
o    -1.2045832   -2.7574666   -1.0292902  0.00    0.0428682    0.1235967   -0.1112834
h    -1.5221528   -3.7048755   -0.7318299  0.00    0.0003811   -0.0558491    0.0050548
n     0.6076444   -1.7861184   -2.6971953  0.00   -0.0223303   -0.0280604   -0.0084779
h     1.8786859   -2.9232671   -1.4293151  0.00    0.0008270   -0.0016323   -0.0011641
h    -0.4420554   -1.6643322   -2.5843234  0.00   -0.0451466   -0.0549981    0.0926849
h     0.9896647   -0.8832601   -3.0933060  0.00    0.0079759    0.0162192   -0.0090032
    24
 Energy =       0.0603744705
c    -0.6537266    1.6369290    0.5067027  0.00   -0.0121761    0.0061141    0.0112228
c    -0.3611904    2.7434228   -0.2385080  0.00   -0.0084171    0.0105296    0.0069851
c     0.6438451    2.6941738   -1.1531252  0.00    0.0034626    0.0151537   -0.0063823
c     0.0602906    0.4843535    0.3303688  0.00   -0.0055987   -0.0108917    0.0061384
c     1.0759462    0.4297474   -0.5926749  0.00    0.0138331   -0.0075475   -0.0082749
c     1.3617067    1.5461123   -1.3325424  0.00    0.0082789   -0.0021153   -0.0074898
o    -1.0739710    3.9365177   -0.0920624  0.00    0.0024797    0.0012168   -0.0084020
h    -1.7612055    3.9074784    0.6570431  0.00   -0.0010224   -0.0019757    0.0051742
h     2.1725153    1.5404960   -2.0596953  0.00    0.0024470    0.0018076   -0.0015366
h    -0.1768264   -0.3885026    0.9442012  0.00   -0.0007933   -0.0078861    0.0011189
h    -1.4562532    1.6669422    1.2399243  0.00   -0.0023068   -0.0001446    0.0021142
h     0.8675944    3.5835640   -1.7367694  0.00    0.0010902    0.0019432   -0.0018496
c     1.9156609   -0.8317839   -0.7378633  0.00   -0.0049133   -0.0083900    0.0047831
c     1.1845098   -2.0338388   -1.3903479  0.00    0.0154671   -0.0029759   -0.0036315
h     2.2858729   -1.1263696    0.2739792  0.00    0.0004873    0.0003808    0.0030022
h     2.8292653   -0.6181566   -1.3354512  0.00    0.0001593    0.0002389   -0.0001805
c     0.0960254   -2.5818078   -0.4856673  0.00   -0.0070546    0.0011375    0.0052096
o     0.3646110   -2.9358655    0.8367249  0.00    0.0061595    0.0064782    0.0128378
o    -1.1864163   -2.7144665   -1.0073074  0.00    0.0342741    0.0930978   -0.0794225
h    -1.5907993   -3.5788305   -0.5889017  0.00   -0.0088235   -0.0515833    0.0103476
n     0.6375661   -1.7122727   -2.7331266  0.00   -0.0128936   -0.0170387   -0.0050930
h     1.9124491   -2.8703428   -1.5002507  0.00    0.0006745   -0.0012731   -0.0007226
h    -0.4141183   -1.6189045   -2.6426054  0.00   -0.0298485   -0.0361717    0.0597201
h     1.0051072   -0.7982412   -3.1039066  0.00    0.0050348    0.0098952   -0.0056684
    24
 Energy =       0.0530795858
c    -0.6831562    1.6090763    0.4925688  0.00   -0.0076464    0.0036590    0.0071593
c    -0.4309384    2.7109144   -0.2708053  0.00   -0.0048702    0.0067755    0.0040288
c     0.5665227    2.6773724   -1.1899418  0.00    0.0020910    0.0099931   -0.0039555
c     0.0639599    0.4789861    0.3319612  0.00   -0.0033606   -0.0075303    0.0038673
c     1.0704867    0.4411636   -0.5960087  0.00    0.0083412   -0.0054038   -0.0047963
c     1.3155628    1.5509774   -1.3560857  0.00    0.0053574   -0.0011613   -0.0049353
o    -1.1783663    3.8851448   -0.1357550  0.00    0.0013827    0.0016407   -0.0055016
h    -1.8788619    3.8410946    0.5991591  0.00   -0.0010500   -0.0009498    0.0034878
h     2.1178972    1.5555081   -2.0914331  0.00    0.0015957    0.0011879   -0.0010525
h    -0.1421360   -0.3903801    0.9599989  0.00   -0.0005282   -0.0057435    0.0009455
h    -1.4802012    1.6268610    1.2307414  0.00   -0.0014895   -0.0001588    0.0013916
h     0.7582489    3.5636246   -1.7889117  0.00    0.0007393    0.0017870   -0.0014294
c     1.9422535   -0.7967202   -0.7373430  0.00   -0.0027975   -0.0053809    0.0029586
c     1.2329588   -2.0154134   -1.3822278  0.00    0.0094692   -0.0016949   -0.0029414
h     2.3227406   -1.0805909    0.2728252  0.00    0.0004150    0.0001757    0.0019152
h     2.8491762   -0.5644281   -1.3385121  0.00    0.0003207    0.0001398   -0.0001652
c     0.1736514   -2.5978965   -0.4633006  0.00   -0.0026129    0.0026010    0.0009456
o     0.4975104   -3.0136233    0.8285030  0.00    0.0051505    0.0031268    0.0124874
o    -1.1380385   -2.6920532   -0.9171855  0.00    0.0228132    0.0648715   -0.0552730
h    -1.5769203   -3.4920620   -0.4301486  0.00   -0.0091048   -0.0381306    0.0084868
n     0.6770274   -1.7033643   -2.7217217  0.00   -0.0082297   -0.0104675   -0.0031373
h     1.9828032   -2.8315440   -1.4983854  0.00    0.0007009   -0.0011134   -0.0004228
h    -0.3718302   -1.6034376   -2.6354753  0.00   -0.0198021   -0.0244837    0.0394258
h     1.0481083   -0.7988556   -3.1043777  0.00    0.0031152    0.0062604   -0.0034893
    24
 Energy =       0.0497889845
c    -0.7184245    1.5944940    0.4599546  0.00   -0.0059023    0.0026992    0.0055804
c    -0.4972442    2.6878403   -0.3237770  0.00   -0.0034716    0.0052640    0.0028271
c     0.4974726    2.6628601   -1.2443491  0.00    0.0013684    0.0081128   -0.0029959
c     0.0573298    0.4825211    0.3193457  0.00   -0.0023164   -0.0063146    0.0029604
c     1.0609312    0.4536835   -0.6097446  0.00    0.0061638   -0.0045243   -0.0034053
c     1.2743282    1.5539886   -1.3915602  0.00    0.0042170   -0.0007765   -0.0039464
o    -1.2742084    3.8453898   -0.2072029  0.00    0.0006881    0.0020743   -0.0042322
h    -1.9795523    3.7936784    0.5219589  0.00   -0.0009122   -0.0005761    0.0026644
h     2.0732151    1.5644814   -2.1300444  0.00    0.0012218    0.0009425   -0.0008308
h    -0.1250724   -0.3798370    0.9632577  0.00   -0.0003845   -0.0048531    0.0009146
h    -1.5135751    1.6054792    1.1996948  0.00   -0.0011391   -0.0001503    0.0010784
h     0.6642879    3.5425673   -1.8600479  0.00    0.0005548    0.0017999   -0.0012869
c     1.9633363   -0.7635626   -0.7330491  0.00   -0.0016755   -0.0039985    0.0022238
c     1.2797117   -2.0089453   -1.3547575  0.00    0.0071471   -0.0014512   -0.0022711
h     2.3546806   -1.0221796    0.2797338  0.00    0.0005520    0.0000125    0.0017423
h     2.8624424   -0.5192812   -1.3412769  0.00    0.0004074    0.0001492   -0.0001217
c     0.2514840   -2.6109660   -0.4127640  0.00    0.0002113    0.0026115   -0.0001575
o     0.6260417   -3.0658971    0.8517465  0.00    0.0050445    0.0017318    0.0122163
o    -1.0846923   -2.6647259   -0.8002337  0.00    0.0153975    0.0509033   -0.0442691
h    -1.5335811   -3.4260893   -0.2713955  0.00   -0.0084903   -0.0306341    0.0070835
n     0.7008351   -1.7240379   -2.6900338  0.00   -0.0062602   -0.0090340   -0.0028643
h     2.0511021   -2.8049069   -1.4717730  0.00    0.0008192   -0.0011485   -0.0001883
h    -0.3425890   -1.5927573   -2.5869593  0.00   -0.0163405   -0.0190028    0.0305514
h     1.0901995   -0.8434434   -3.1085844  0.00    0.0030998    0.0061628   -0.0032731
    24
 Energy =       0.0482449439
c    -0.7484147    1.5860139    0.4263326  0.00   -0.0051425    0.0022869    0.0048803
c    -0.5508739    2.6733689   -0.3713389  0.00   -0.0028783    0.0045727    0.0023117
c     0.4419756    2.6565114   -1.2932830  0.00    0.0010369    0.0072666   -0.0025890
c     0.0493274    0.4887049    0.2988768  0.00   -0.0018625   -0.0057255    0.0025764
c     1.0511106    0.4681836   -0.6313789  0.00    0.0052046   -0.0040282   -0.0028466
c     1.2403691    1.5619902   -1.4278653  0.00    0.0037190   -0.0006304   -0.0035065
o    -1.3505067    3.8168555   -0.2672959  0.00    0.0003596    0.0022695   -0.0036685
h    -2.0566195    3.7588436    0.4603738  0.00   -0.0008312   -0.0004364    0.0022919
h     2.0370079    1.5787528   -2.1684456  0.00    0.0010642    0.0008197   -0.0007380
h    -0.1149482   -0.3684168    0.9538868  0.00   -0.0003208   -0.0043956    0.0009174
h    -1.5421566    1.5905482    1.1674017  0.00   -0.0009913   -0.0001400    0.0009433
h     0.5898658    3.5315080   -1.9203379  0.00    0.0004656    0.0017825   -0.0012183
c     1.9785937   -0.7313564   -0.7417205  0.00   -0.0011016   -0.0031209    0.0017425
c     1.3151486   -2.0031083   -1.3321744  0.00    0.0068681   -0.0013034   -0.0015397
h     2.3877836   -0.9621451    0.2710621  0.00    0.0007689   -0.0001271    0.0019380
h     2.8651209   -0.4792802   -1.3653269  0.00    0.0005511    0.0002768   -0.0001672
c     0.3320965   -2.6253888   -0.3547598  0.00    0.0014950    0.0023314   -0.0008642
o     0.7661467   -3.1018120    0.8831486  0.00    0.0053830    0.0006113    0.0131219
o    -1.0236123   -2.6632385   -0.6723647  0.00    0.0107727    0.0441489   -0.0390783
h    -1.4583723   -3.4077355   -0.1126424  0.00   -0.0080866   -0.0269647    0.0064375
n     0.6916502   -1.7467391   -2.6537888  0.00   -0.0058055   -0.0081942   -0.0039203
h     2.1066514   -2.7774702   -1.4626021  0.00    0.0011398   -0.0012905    0.0000349
h    -0.3468550   -1.6020416   -2.5201048  0.00   -0.0150644   -0.0162266    0.0262339
h     1.0779701   -0.8821943   -3.1075142  0.00    0.0032564    0.0062173   -0.0032930
    24
 Energy =       0.0461534694
c    -0.7637864    1.5869425    0.4119171  0.00   -0.0041997    0.0017488    0.0040234
c    -0.5720618    2.6554416   -0.4114382  0.00   -0.0021861    0.0036989    0.0017144
c     0.4252102    2.6243134   -1.3274933  0.00    0.0006567    0.0061455   -0.0021040
c     0.0444609    0.4951006    0.3165986  0.00   -0.0013064   -0.0050056    0.0021031
c     1.0508766    0.4605414   -0.6068326  0.00    0.0039985   -0.0036316   -0.0020586
c     1.2339765    1.5344559   -1.4303918  0.00    0.0030677   -0.0004011   -0.0029695
o    -1.3821900    3.7943230   -0.3392999  0.00    0.0000390    0.0024180   -0.0030219
h    -2.0965529    3.7453556    0.3806733  0.00   -0.0008113   -0.0002670    0.0019067
h     2.0333675    1.5384043   -2.1678854  0.00    0.0008981    0.0006887   -0.0006759
h    -0.1165438   -0.3478115    0.9901278  0.00   -0.0002257   -0.0037488    0.0008608
h    -1.5617021    1.6024788    1.1480563  0.00   -0.0008421   -0.0001256    0.0008091
h     0.5679177    3.4844698   -1.9757383  0.00    0.0003558    0.0017323   -0.0011293
c     1.9848588   -0.7358953   -0.6843107  0.00   -0.0009143   -0.0026796    0.0018036
c     1.3388800   -2.0074678   -1.2930987  0.00    0.0068621   -0.0007143    0.0006749
h     2.3601069   -0.9666010    0.3417418  0.00    0.0008408   -0.0001663    0.0021232
h     2.8920216   -0.4830723   -1.2781100  0.00    0.0010590    0.0001900   -0.0004153
c     0.2982455   -2.6074287   -0.3585192  0.00    0.0021648    0.0020179   -0.0003224
o     0.6803555   -3.1263765    0.8794694  0.00    0.0054040   -0.0004152    0.0127687
o    -1.0532287   -2.5742957   -0.7039739  0.00    0.0059613    0.0372776   -0.0333251
h    -1.5390662   -3.2776428   -0.1359917  0.00   -0.0079899   -0.0236837    0.0068565
n     0.7914069   -1.7588345   -2.6499142  0.00   -0.0026322   -0.0090156   -0.0055641
h     2.1293788   -2.7910537   -1.3730139  0.00    0.0020211   -0.0016940   -0.0000277
h    -0.2441959   -1.5617757   -2.5682578  0.00   -0.0157578   -0.0119638    0.0207238
h     1.2367232   -0.9232172   -3.1061759  0.00    0.0035366    0.0075944   -0.0047546
    24
 Energy =       0.0443680207
c    -0.7892757    1.6035099    0.3529643  0.00   -0.0033504    0.0009733    0.0034041
c    -0.6140829    2.6414741   -0.5121466  0.00   -0.0013835    0.0029781    0.0008925
c     0.3842997    2.5899130   -1.4252662  0.00    0.0001053    0.0055110   -0.0018005
c     0.0369142    0.5227198    0.3029157  0.00   -0.0005969   -0.0047850    0.0018443
c     1.0442963    0.4674557   -0.6171714  0.00    0.0029084   -0.0033663   -0.0009191
c     1.2105609    1.5100389   -1.4836510  0.00    0.0025657    0.0000322   -0.0026975
o    -1.4423528    3.7700055   -0.4854225  0.00   -0.0005590    0.0032359   -0.0025718
h    -2.1617333    3.7351240    0.2300767  0.00   -0.0007993   -0.0000817    0.0014977
h     2.0099530    1.4965506   -2.2208001  0.00    0.0007384    0.0006392   -0.0006643
h    -0.1123430   -0.2955635    1.0085753  0.00   -0.0001787   -0.0035429    0.0011116
h    -1.5884539    1.6351327    1.0869659  0.00   -0.0006957   -0.0001868    0.0007255
h     0.5135671    3.4260962   -2.1074011  0.00    0.0002489    0.0021092   -0.0013476
c     1.9955867   -0.7177669   -0.6472191  0.00   -0.0002213   -0.0019895    0.0015280
c     1.3711280   -2.0172661   -1.2192876  0.00    0.0049855   -0.0012638    0.0016995
h     2.3644223   -0.9110417    0.3889502  0.00    0.0008740   -0.0002790    0.0022230
h     2.9045218   -0.4717617   -1.2407070  0.00    0.0008612    0.0000498   -0.0003099
c     0.3276725   -2.5966998   -0.2754228  0.00    0.0046074    0.0016311   -0.0001320
o     0.7194164   -3.1529761    0.9415087  0.00    0.0049398   -0.0004083    0.0102070
o    -1.0318687   -2.4936785   -0.5766122  0.00    0.0017589    0.0290971   -0.0258960
h    -1.5383410   -3.1511898    0.0227614  0.00   -0.0076304   -0.0188922    0.0060614
n     0.8421211   -1.8210859   -2.5914511  0.00   -0.0018992   -0.0078186   -0.0053045
h     2.1713619   -2.7941068   -1.2621390  0.00    0.0018506   -0.0018587   -0.0000026
h    -0.1882564   -1.5983691   -2.5329204  0.00   -0.0122000   -0.0087412    0.0150790
h     1.3093447   -1.0161604   -3.0789618  0.00    0.0030702    0.0069569   -0.0046278
    24
 Energy =       0.0443382685
c    -0.7700446    1.6507248    0.3002102  0.00   -0.0034527    0.0004671    0.0037930
c    -0.5957781    2.6556839   -0.6039384  0.00   -0.0013731    0.0030245    0.0007027
c     0.3944898    2.5645236   -1.5234406  0.00    0.0003297    0.0056212   -0.0022906
c     0.0492615    0.5638162    0.2829987  0.00   -0.0008374   -0.0048863    0.0023664
c     1.0476577    0.4675479   -0.6441763  0.00    0.0030362   -0.0033018   -0.0006671
c     1.2132132    1.4773347   -1.5498549  0.00    0.0027533    0.0004690   -0.0031748
o    -1.4164248    3.7904836   -0.6106525  0.00   -0.0003800    0.0037160   -0.0030127
h    -2.1318468    3.7845837    0.1101180  0.00   -0.0012651   -0.0000665    0.0018916
h     2.0063779    1.4320018   -2.2930231  0.00    0.0010501    0.0007164   -0.0010680
h    -0.0988172   -0.2261708    1.0209128  0.00   -0.0003677   -0.0038702    0.0016997
h    -1.5625225    1.7141016    1.0400060  0.00   -0.0010116   -0.0002887    0.0011173
h     0.5234860    3.3752030   -2.2365451  0.00    0.0003754    0.0025318   -0.0018060
c     1.9928192   -0.7237494   -0.6367130  0.00   -0.0002191   -0.0010233    0.0016005
c     1.3568189   -2.0452981   -1.1463178  0.00    0.0054422   -0.0020824    0.0025626
h     2.3719184   -0.8758131    0.4032255  0.00    0.0009789   -0.0003162    0.0029139
h     2.8963723   -0.5068285   -1.2503988  0.00    0.0012354    0.0002706   -0.0007145
c     0.3119136   -2.5734565   -0.1723761  0.00    0.0058929    0.0008415    0.0010356
o     0.7095967   -3.1302071    1.0417277  0.00    0.0045455   -0.0003213    0.0093729
o    -1.0505334   -2.4173828   -0.4399659  0.00   -0.0004848    0.0270291   -0.0231893
h    -1.5677182   -3.0447249    0.1815145  0.00   -0.0078796   -0.0179482    0.0060913
n     0.8312521   -1.9132377   -2.5292778  0.00   -0.0016095   -0.0078493   -0.0067885
h     2.1521732   -2.8290327   -1.1524412  0.00    0.0019416   -0.0024337   -0.0001074
h    -0.2051371   -1.7159487   -2.4907507  0.00   -0.0117155   -0.0073074    0.0124256
h     1.2799315   -1.1138005   -3.0427031  0.00    0.0030149    0.0070081   -0.0047542
    24
 Energy =       0.0434546733
c    -0.8133494    1.6008651    0.3312414  0.00   -0.0037892    0.0003023    0.0042093
c    -0.6444365    2.6312977   -0.5457605  0.00   -0.0015381    0.0031135    0.0007595
c     0.3590199    2.5797837   -1.4549136  0.00    0.0006584    0.0057891   -0.0027625
c     0.0243933    0.5280136    0.2973309  0.00   -0.0012477   -0.0049708    0.0028866
c     1.0375545    0.4735163   -0.6180068  0.00    0.0034649   -0.0033658   -0.0008738
c     1.1970009    1.5078414   -1.4971139  0.00    0.0031211    0.0005853   -0.0036051
o    -1.4844322    3.7520731   -0.5352536  0.00   -0.0001901    0.0040703   -0.0034227
h    -2.2077404    3.7174851    0.1774220  0.00   -0.0018172   -0.0000505    0.0023926
h     2.0000751    1.4940005   -2.2316245  0.00    0.0014625    0.0007471   -0.0014786
h    -0.1207899   -0.2850543    1.0114158  0.00   -0.0005600   -0.0041267    0.0021162
h    -1.6169306    1.6322228    1.0618709  0.00   -0.0014484   -0.0003219    0.0015528
h     0.4828840    3.4097642   -2.1469461  0.00    0.0004993    0.0027686   -0.0020957
c     2.0008192   -0.7027244   -0.6306912  0.00   -0.0004352   -0.0000867    0.0018722
c     1.3929469   -2.0145372   -1.1987829  0.00    0.0062912   -0.0024497    0.0027342
h     2.3628984   -0.8842432    0.4111489  0.00    0.0010409   -0.0002605    0.0034557
h     2.9126423   -0.4512163   -1.2198870  0.00    0.0019108    0.0005424   -0.0012200
c     0.3558286   -2.6045386   -0.2508542  0.00    0.0062996    0.0000525    0.0022245
o     0.7592367   -3.1780985    0.9535950  0.00    0.0042140   -0.0004608    0.0094745
o    -1.0086561   -2.4896750   -0.5306286  0.00   -0.0016613    0.0262391   -0.0219418
h    -1.5135321   -3.1397783    0.0777644  0.00   -0.0081854   -0.0179548    0.0063177
n     0.8612468   -1.8260581   -2.5724779  0.00    0.0008833   -0.0106984   -0.0074647
h     2.2020912   -2.7838485   -1.2406836  0.00    0.0022948   -0.0031468   -0.0003623
h    -0.1606895   -1.5571955   -2.5128058  0.00   -0.0156107   -0.0050403    0.0109002
h     1.3603777   -1.0495413   -3.0772208  0.00    0.0043428    0.0087234   -0.0056688
    24
 Energy =       0.0418208882
c    -0.8607071    1.5504098    0.3544640  0.00   -0.0030417    0.0003970    0.0032087
c    -0.7112581    2.5913077   -0.5121828  0.00   -0.0011556    0.0022005    0.0006122
c     0.3002567    2.5728074   -1.4129635  0.00    0.0005327    0.0043545   -0.0021932
c     0.0043744    0.5003560    0.3186261  0.00   -0.0009876   -0.0037211    0.0023293
c     1.0266352    0.4809820   -0.5866987  0.00    0.0029188   -0.0026121   -0.0009038
c     1.1661394    1.5244717   -1.4562139  0.00    0.0026101    0.0001493   -0.0028094
o    -1.5799977    3.6896074   -0.4994656  0.00   -0.0002700    0.0034415   -0.0026835
h    -2.3095943    3.6303360    0.2049070  0.00   -0.0017440    0.0000526    0.0020690
h     1.9739912    1.5354912   -2.1852313  0.00    0.0013073    0.0004740   -0.0012664
h    -0.1275071   -0.3248200    1.0203557  0.00   -0.0004705   -0.0031250    0.0016723
h    -1.6715689    1.5549373    1.0774536  0.00   -0.0013594   -0.0001572    0.0013691
h     0.4076169    3.4101274   -2.0977485  0.00    0.0003848    0.0020954   -0.0016059
c     2.0126530   -0.6743900   -0.6093768  0.00   -0.0005498    0.0008459    0.0018087
c     1.4404548   -1.9759951   -1.2344727  0.00    0.0051818   -0.0019789    0.0013982
h     2.3531544   -0.8821743    0.4343699  0.00    0.0008291   -0.0000570    0.0030474
h     2.9335362   -0.3872434   -1.1681726  0.00    0.0022480    0.0006647   -0.0014289
c     0.4080001   -2.6281539   -0.3220620  0.00    0.0038790   -0.0004082    0.0018657
o     0.8145250   -3.2427088    0.8601214  0.00    0.0027884   -0.0009848    0.0079649
o    -0.9549999   -2.5328356   -0.6052633  0.00   -0.0015124    0.0180798   -0.0152151
h    -1.4552342   -3.1751225    0.0093685  0.00   -0.0057861   -0.0126626    0.0044716
n     0.9165561   -1.7387500   -2.6009455  0.00    0.0027206   -0.0110733   -0.0053111
h     2.2659173   -2.7253226   -1.3013473  0.00    0.0019219   -0.0027914   -0.0005946
h    -0.0836527   -1.3984424   -2.5311382  0.00   -0.0152004   -0.0015883    0.0075480
h     1.4691680   -0.9945210   -3.0982451  0.00    0.0047548    0.0084047   -0.0053535
    24
 Energy =       0.0401627342
c    -0.9215605    1.4946658    0.3609639  0.00   -0.0013487    0.0003960    0.0011383
c    -0.8135778    2.5269319   -0.5192687  0.00   -0.0000539    0.0006468   -0.0000275
c     0.2004594    2.5376340   -1.4148982  0.00   -0.0003862    0.0021034   -0.0007099
c    -0.0131239    0.4830355    0.3437569  0.00    0.0003349   -0.0021403    0.0008382
c     1.0112635    0.4937889   -0.5557803  0.00    0.0013236   -0.0019399   -0.0000966
c     1.1096420    1.5274976   -1.4393535  0.00    0.0013900   -0.0005561   -0.0011250
o    -1.7281772    3.5871765   -0.5254098  0.00   -0.0011123    0.0027325   -0.0010420
h    -2.4623905    3.5041019    0.1704919  0.00   -0.0009695    0.0002954    0.0008253
h     1.9163933    1.5586803   -2.1675421  0.00    0.0005160    0.0000701   -0.0004572
h    -0.1152791   -0.3392713    1.0511200  0.00   -0.0000640   -0.0013769    0.0006049
h    -1.7352529    1.4750553    1.0790474  0.00   -0.0006359    0.0000902    0.0005254
h     0.2737741    3.3672468   -2.1116901  0.00   -0.0000001    0.0011844   -0.0007308
c     2.0321024   -0.6289428   -0.5729269  0.00   -0.0001197    0.0005233    0.0014170
c     1.5119577   -1.9294017   -1.2397632  0.00    0.0011737   -0.0003428   -0.0011647
h     2.3511311   -0.8502200    0.4728254  0.00    0.0002905    0.0001862    0.0011416
h     2.9578988   -0.3026897   -1.0997974  0.00    0.0017253    0.0002979   -0.0008771
c     0.4826671   -2.6366451   -0.3679662  0.00   -0.0001734    0.0014031   -0.0021056
o     0.8983327   -3.3395051    0.7613371  0.00    0.0027893   -0.0031985    0.0076329
o    -0.8803915   -2.5036275   -0.6178833  0.00   -0.0006007    0.0061311   -0.0064135
h    -1.3861026   -3.1100383    0.0193715  0.00   -0.0024422   -0.0040703    0.0016083
n     1.0144074   -1.6709068   -2.6070642  0.00    0.0026333   -0.0080700    0.0000956
h     2.3605543   -2.6500995   -1.3073558  0.00    0.0009224   -0.0011333   -0.0005899
h     0.0458099   -1.2547819   -2.5490062  0.00   -0.0090711    0.0010932    0.0032715
h     1.6279211   -0.9793307   -3.1050694  0.00    0.0038789    0.0056744   -0.0037594
    24
 Energy =       0.0396232689
c    -0.9589855    1.4710735    0.3535451  0.00    0.0000103   -0.0009290    0.0007312
c    -0.9017347    2.4700806   -0.5689037  0.00    0.0004095    0.0003794   -0.0007389
c     0.1003274    2.4846091   -1.4763926  0.00   -0.0006784    0.0012307   -0.0004022
c    -0.0131572    0.4962612    0.3655236  0.00    0.0006175   -0.0017140    0.0005117
c     0.9977389    0.5097316   -0.5469880  0.00   -0.0000595   -0.0014395    0.0011861
c     1.0467793    1.5104963   -1.4717843  0.00    0.0001855    0.0004846   -0.0007369
o    -1.8570942    3.4920263   -0.6067532  0.00   -0.0009654    0.0019516   -0.0005802
h    -2.5835283    3.4035460    0.0954696  0.00    0.0000012    0.0000769   -0.0000933
h     1.8411472    1.5412806   -2.2126290  0.00   -0.0000930    0.0002887   -0.0001804
h    -0.0777754   -0.3029813    1.1026549  0.00    0.0000802   -0.0011065    0.0006536
h    -1.7632554    1.4474608    1.0808871  0.00    0.0001072   -0.0002125    0.0000723
h     0.1325551    3.2871823   -2.2074441  0.00   -0.0001187    0.0013127   -0.0009492
c     2.0498406   -0.5828708   -0.5430336  0.00    0.0003283   -0.0004242    0.0007448
c     1.5733406   -1.9013427   -1.2030735  0.00   -0.0009226   -0.0000402    0.0006406
h     2.3638333   -0.7892627    0.5059993  0.00    0.0000459   -0.0000869   -0.0001071
h     2.9698975   -0.2330448   -1.0608321  0.00    0.0001409   -0.0001396    0.0001989
c     0.5391272   -2.6193668   -0.3508683  0.00    0.0026822    0.0011080   -0.0026651
o     0.9586296   -3.4129502    0.7134331  0.00    0.0036526   -0.0027097    0.0046239
o    -0.8246282   -2.4026996   -0.5379178  0.00   -0.0057057    0.0016310   -0.0017680
h    -1.3360348   -2.9890207    0.1085821  0.00   -0.0001639    0.0005898   -0.0002695
n     1.1091918   -1.6729087   -2.5855957  0.00    0.0003832   -0.0023360    0.0001133
h     2.4389864   -2.6031239   -1.2371621  0.00    0.0004451   -0.0003200    0.0000144
h     0.1669731   -1.2067497   -2.5629276  0.00   -0.0015837    0.0006906    0.0004731
h     1.7662848   -1.0370722   -3.0956507  0.00    0.0012013    0.0017140   -0.0014733
    24
 Energy =       0.0395576310
c    -0.9931501    1.4566960    0.3405273  0.00   -0.0001541    0.0002057   -0.0000592
c    -0.9407977    2.4497178   -0.5859760  0.00   -0.0000286   -0.0000915    0.0001017
c     0.0712658    2.4742659   -1.4824020  0.00    0.0000103   -0.0000094    0.0000293
c    -0.0331467    0.4971368    0.3668615  0.00    0.0000085    0.0000294   -0.0000263
c     0.9873354    0.5201153   -0.5349374  0.00    0.0000938    0.0000933   -0.0001293
c     1.0322295    1.5156576   -1.4630581  0.00    0.0001710   -0.0002057    0.0000443
o    -1.9116449    3.4549636   -0.6396035  0.00   -0.0001409    0.0001278    0.0000447
h    -2.6444640    3.3591935    0.0552148  0.00   -0.0001219    0.0000331    0.0000760
h     1.8341649    1.5536495   -2.1954414  0.00    0.0001018   -0.0000595   -0.0000276
h    -0.0947224   -0.2990599    1.1057903  0.00   -0.0000057    0.0000797   -0.0000711
h    -1.8052960    1.4249029    1.0589626  0.00   -0.0001180    0.0000591    0.0000433
h     0.0993559    3.2717294   -2.2169292  0.00   -0.0000054   -0.0000863    0.0000963
c     2.0537470   -0.5579023   -0.5163207  0.00    0.0000911    0.0001032    0.0001292
c     1.6070333   -1.8815561   -1.1873827  0.00    0.0000975    0.0000993   -0.0002120
h     2.3536567   -0.7622891    0.5373283  0.00    0.0000424    0.0000470    0.0001282
h     2.9768767   -0.1935092   -1.0189455  0.00    0.0002085    0.0000380   -0.0000907
c     0.5693523   -2.6200243   -0.3560573  0.00   -0.0006383    0.0001830   -0.0003954
o     0.9810684   -3.4447017    0.6831712  0.00   -0.0002112   -0.0002031    0.0004314
o    -0.7904986   -2.4028904   -0.5425375  0.00    0.0010130    0.0004171   -0.0004500
h    -1.3027521   -3.0145273    0.0808805  0.00   -0.0004149   -0.0006725    0.0006239
n     1.1618032   -1.6561322   -2.5760251  0.00   -0.0000474   -0.0000012   -0.0002310
h     2.4834955   -2.5697801   -1.2102016  0.00    0.0001471   -0.0000713   -0.0000946
h     0.2184478   -1.1941304   -2.5689562  0.00   -0.0000400    0.0000095   -0.0000100
h     1.8250989   -1.0211713   -3.0758240  0.00   -0.0000585   -0.0001247    0.0000488
    24
 Energy =       0.0395551220
c    -0.9927644    1.4570979    0.3411982  0.00   -0.0000002   -0.0000018    0.0000017
c    -0.9412607    2.4487115   -0.5870704  0.00    0.0000000    0.0000001   -0.0000007
c     0.0702296    2.4723818   -1.4839763  0.00   -0.0000002    0.0000011   -0.0000006
c    -0.0326181    0.4979214    0.3686311  0.00   -0.0000011   -0.0000041    0.0000008
c     0.9871955    0.5199097   -0.5337381  0.00    0.0000001   -0.0000014    0.0000013
c     1.0313899    1.5142124   -1.4634418  0.00    0.0000003    0.0000002   -0.0000011
o    -1.9124672    3.4533123   -0.6421228  0.00   -0.0000005    0.0000016   -0.0000011
h    -2.6449468    3.3581490    0.0530178  0.00   -0.0000007   -0.0000004    0.0000002
h     1.8327919    1.5513936   -2.1963250  0.00    0.0000005    0.0000003   -0.0000003
h    -0.0937539   -0.2974673    1.1085832  0.00   -0.0000005   -0.0000025   -0.0000007
h    -1.8044748    1.4259622    1.0599976  0.00   -0.0000006   -0.0000006    0.0000002
h     0.0976303    3.2687046   -2.2199393  0.00    0.0000001    0.0000015   -0.0000012
c     2.0532685   -0.5582238   -0.5144937  0.00   -0.0000007    0.0000013    0.0000009
c     1.6075019   -1.8809978   -1.1873385  0.00   -0.0000044    0.0000041   -0.0000028
h     2.3518560   -0.7638348    0.5391640  0.00    0.0000003   -0.0000004    0.0000016
h     2.9768134   -0.1932710   -1.0154911  0.00    0.0000013    0.0000005   -0.0000004
c     0.5697920   -2.6210029   -0.3579766  0.00    0.0000205    0.0000432   -0.0000841
o     0.9821019   -3.4590036    0.6701368  0.00    0.0000915   -0.0001050    0.0001352
o    -0.7899889   -2.3935971   -0.5357189  0.00   -0.0001063    0.0000703   -0.0000593
h    -1.3028015   -3.0071810    0.0843659  0.00   -0.0000002   -0.0000084    0.0000131
n     1.1630790   -1.6539244   -2.5758646  0.00   -0.0000013   -0.0000018   -0.0000017
h     2.4841777   -2.5687417   -1.2104390  0.00    0.0000000   -0.0000006   -0.0000004
h     0.2194632   -1.1924812   -2.5686484  0.00    0.0000001    0.0000004    0.0000004
h     1.8262443   -1.0176756   -3.0743716  0.00    0.0000019    0.0000024   -0.0000009
    24
 Energy =       0.0395551034
c    -0.9927287    1.4571571    0.3412549  0.00   -0.0000000   -0.0000000   -0.0000000
c    -0.9412549    2.4487398   -0.5870459  0.00   -0.0000000   -0.0000000   -0.0000000
c     0.0701913    2.4723656   -1.4840018  0.00    0.0000000   -0.0000000   -0.0000000
c    -0.0325941    0.4979687    0.3686729  0.00   -0.0000000   -0.0000000   -0.0000000
c     0.9871813    0.5199199   -0.5337392  0.00    0.0000000   -0.0000000   -0.0000000
c     1.0313428    1.5141883   -1.4634787  0.00    0.0000000    0.0000000   -0.0000000
o    -1.9124464    3.4533547   -0.6420797  0.00    0.0000000   -0.0000000   -0.0000000
h    -2.6448842    3.3582354    0.0531104  0.00   -0.0000000   -0.0000000    0.0000000
h     1.8327135    1.5513378   -2.1963970  0.00    0.0000000    0.0000000   -0.0000000
h    -0.0937011   -0.2973927    1.1086567  0.00   -0.0000000   -0.0000000   -0.0000000
h    -1.8044028    1.4260593    1.0600963  0.00   -0.0000000   -0.0000000    0.0000000
h     0.0975673    3.2686625   -2.2199914  0.00    0.0000000   -0.0000000   -0.0000000
c     2.0532598   -0.5582057   -0.5144868  0.00   -0.0000000    0.0000000    0.0000000
c     1.6075005   -1.8809896   -1.1873075  0.00   -0.0000000    0.0000000    0.0000000
h     2.3518557   -0.7638014    0.5391699  0.00   -0.0000000    0.0000000    0.0000000
h     2.9767983   -0.1932531   -1.0154936  0.00    0.0000000    0.0000000    0.0000000
c     0.5697625   -2.6209740   -0.3579626  0.00    0.0000001    0.0000000   -0.0000000
o     0.9819678   -3.4587284    0.6702489  0.00    0.0000000   -0.0000001    0.0000000
o    -0.7899733   -2.3938793   -0.5359281  0.00   -0.0000001    0.0000001    0.0000000
h    -1.3028036   -3.0074942    0.0840991  0.00   -0.0000000   -0.0000000    0.0000000
n     1.1631248   -1.6539480   -2.5758531  0.00    0.0000000   -0.0000000   -0.0000000
h     2.4841730   -2.5687383   -1.2103639  0.00    0.0000000    0.0000000    0.0000000
h     0.2195048   -1.1925134   -2.5686826  0.00   -0.0000000    0.0000000    0.0000000
h     1.8263048   -1.0177170   -3.0743588  0.00    0.0000000   -0.0000000    0.0000000
    24
 Energy =       0.0395551034
c    -0.9927276    1.4571569    0.3412567  0.00   -0.0000000   -0.0000000    0.0000000
c    -0.9412552    2.4487391   -0.5870447  0.00   -0.0000000    0.0000000    0.0000000
c     0.0701899    2.4723646   -1.4840019  0.00    0.0000000    0.0000000   -0.0000000
c    -0.0325927    0.4979687    0.3686740  0.00   -0.0000000   -0.0000000    0.0000000
c     0.9871816    0.5199197   -0.5337394  0.00    0.0000000   -0.0000000   -0.0000000
c     1.0313416    1.5141876   -1.4634795  0.00    0.0000000    0.0000000   -0.0000000
o    -1.9124470    3.4533538   -0.6420777  0.00    0.0000000    0.0000000   -0.0000000
h    -2.6448838    3.3582347    0.0531135  0.00   -0.0000000   -0.0000000    0.0000000
h     1.8327114    1.5513369   -2.1963988  0.00    0.0000000    0.0000000   -0.0000000
h    -0.0936985   -0.2973923    1.1086583  0.00   -0.0000000   -0.0000000   -0.0000000
h    -1.8044008    1.4260592    1.0600992  0.00   -0.0000000   -0.0000000    0.0000000
h     0.0975647    3.2686612   -2.2199920  0.00    0.0000000    0.0000000   -0.0000000
c     2.0532604   -0.5582055   -0.5144876  0.00   -0.0000000    0.0000000    0.0000000
c     1.6075008   -1.8809898   -1.1873072  0.00   -0.0000000    0.0000000    0.0000000
h     2.3518573   -0.7638008    0.5391690  0.00    0.0000000   -0.0000000    0.0000000
h     2.9767984   -0.1932528   -1.0154953  0.00    0.0000000    0.0000000   -0.0000000
c     0.5697606   -2.6209716   -0.3579626  0.00    0.0000000    0.0000000   -0.0000000
o     0.9819632   -3.4587180    0.6702565  0.00    0.0000000   -0.0000000    0.0000000
o    -0.7899749   -2.3938816   -0.5359359  0.00   -0.0000000    0.0000000   -0.0000000
h    -1.3028066   -3.0074935    0.0840931  0.00   -0.0000000   -0.0000000    0.0000000
n     1.1631273   -1.6539494   -2.5758537  0.00    0.0000000   -0.0000000   -0.0000000
h     2.4841724   -2.5687395   -1.2103613  0.00    0.0000000   -0.0000000   -0.0000000
h     0.2195077   -1.1925140   -2.5686852  0.00   -0.0000000    0.0000000   -0.0000000
h     1.8263087   -1.0177194   -3.0743592  0.00    0.0000000    0.0000000   -0.0000000
