$coord                                                                          
    0.18568115354964      4.18136085225925      0.12206501382609      c       
   -1.99433101401965      3.16072818898039      0.98394340604903      c       
   -2.27958202381911      0.62122924375326      1.05104309215643      c       
    2.08721263585554      2.66320265757471     -0.68848204086870      c       
    1.81628368065117      0.10399210320546     -0.62461838987125      c       
   -0.38567742012054     -0.90921896517503      0.24431172900427      c       
   -3.94063763939571      4.72069053001884      1.81375895676086      o       
   -5.13492882614108      5.13607615541057      0.37306158586214      h       
   -0.64119267982569     -2.94609104798323      0.29454616506938      h       
    3.81908518201155      3.51315045562597     -1.40114320013050      h       
    0.39250026329333      6.22054107560790      0.08258471938731      h       
   -4.03401214658858     -0.17080172266798      1.75667024134019      h       
    3.91254783524400     -1.59652209990934     -1.57303732505170      c       
    3.46379179864187     -2.45516576507779     -4.31776295757367      c       
    4.07453641252754     -3.27691189792329     -0.32353126472185      h       
    5.77542143785479     -0.61800940633472     -1.46309256386920      h       
    3.47047761448528     -0.23200083808114     -6.14795342544746      c       
    5.28407934116514      1.66439870813045     -5.98370554865365      o       
    1.67373381925150     -0.11641111496699     -8.05550329421722      o       
    1.99644320561460      1.45554788064462     -9.09597526552642      h       
    5.41092937652666     -4.33452471528114     -4.97295862520370      n       
    1.55326716994130     -3.33128455306905     -4.47727848968814      h       
    5.00214446385495     -6.04081132870400     -4.06051008553109      h       
    5.32401459985646     -4.71656277710000     -6.91744583561024      h       
$end                                                                            
