$ufftopology
nxtnei12
    1     3
          2     4    20
    2     3
          1     3    21
    3     3
          2     6     7
    4     3
          1     5    22
    5     3
          4     6    23
    6     3
          3     5     8
    7     3
          3     9    10
    8     3
          6     9    11
    9     3
          7     8    24
   10     1
          7
   11     4
          8    12    13    14
   12     4
         11    15    16    17
   13     1
         11
   14     1
         11
   15     3
         12    25    26
   16     3
         12    18    19
   17     1
         12
   18     1
         16
   19     1
         16
   20     1
          1
   21     1
          2
   22     1
          4
   23     1
          5
   24     1
          9
   25     1
         15
   26     2
         15    27
   27     1
         26
nxtnei13
    1     4
          3    21     5    22
    2     4
          4    20     6     7
    3     6
          1    21     5     8     9    10
    4     4
          2    20     6    23
    5     4
          1    22     3     8
    6     6
          2     7     4    23     9    11
    7     4
          2     6     8    24
    8     7
          3     5     7    24    12    13    14
    9     4
          3    10     6    11
   10     2
          3     9
   11     5
          6     9    15    16    17
   12     7
          8    13    14    25    26    18    19
   13     3
          8    12    14
   14     3
          8    12    13
   15     4
         11    16    17    27
   16     3
         11    15    17
   17     3
         11    15    16
   18     2
         12    19
   19     2
         12    18
   20     2
          2     4
   21     2
          1     3
   22     2
          1     5
   23     2
          4     6
   24     2
          7     8
   25     2
         12    26
   26     2
         12    25
   27     1
         15
nxtnei14
    1     3
          6     7    23
    2     5
          5    22     8     9    10
    3     7
          4    20    23     9    11     8    24
    4     3
          3    21     8
    5     5
          2    20     7     9    11
    6    10
          1    21     9    10    22     7    24    12    13    14
    7     6
          1    21     5     8     6    11
    8     9
          2     7     4    23     3    10    15    16    17
    9     7
          2     6     3     5    12    13    14
   10     4
          2     6     8    24
   11     8
          3     5     7    24    25    26    18    19
   12     3
          6     9    27
   13     5
          6     9    15    16    17
   14     5
          6     9    15    16    17
   15     5
          8    13    14    18    19
   16     5
          8    13    14    25    26
   17     7
          8    13    14    25    26    18    19
   18     3
         11    15    17
   19     3
         11    15    17
   20     4
          3    21     5    22
   21     4
          4    20     6     7
   22     4
          2    20     6    23
   23     4
          1    22     3     8
   24     4
          3    10     6    11
   25     4
         11    16    17    27
   26     3
         11    16    17
   27     2
         12    25
connectivity (= bond)
                    28
     1     2   2.575552   2.000000
     1     4   2.583594   2.000000
     1    20   2.054592   1.000000
     2     3   2.550159   2.000000
     2    21   2.049902   1.000000
     3     6   2.522745   2.000000
     3     7   2.683687   1.000000
     4     5   2.577501   2.000000
     4    22   2.055185   1.000000
     5     6   2.568736   2.000000
     5    23   2.050083   1.000000
     6     8   2.541022   2.000000
     7     9   2.707820   1.000000
     7    10   1.976494   1.000000
     8     9   2.541712   2.000000
     8    11   2.861964   1.000000
     9    24   2.056412   1.000000
    11    12   2.923609   1.000000
    11    13   2.106725   1.000000
    11    14   2.098635   1.000000
    12    15   2.888134   1.000000
    12    16   2.801266   1.000000
    12    17   2.111844   1.000000
    15    25   2.624738   1.000000
    15    26   2.633109   1.000000
    16    18   1.981893   1.000000
    16    19   1.978481   1.000000
    26    27   1.905731   1.000000
angle
                    46
     1     2     3     2     118.31       1.00       4.00
     1     2    21     2     121.20       1.00       5.00
     1     4     5     2     120.37       2.00       8.00
     1     4    22     2     119.82       2.00       9.00
     2     1     4     2     120.25       1.00       2.00
     2     1    20     2     119.83       1.00       3.00
     2     3     6     2     121.90       4.00       6.00
     2     3     7     2     127.07       4.00       7.00
     3     2    21     2     120.49       4.00       5.00
     3     6     5     2     120.76       6.00      10.00
     3     6     8     2     109.04       6.00      12.00
     3     7     9     9     101.05       7.00      13.00
     3     7    10     9     129.37       7.00      14.00
     4     1    20     2     119.91       2.00       3.00
     4     5     6     2     118.42       8.00      10.00
     4     5    23     2     119.86       8.00      11.00
     5     4    22     2     119.82       8.00       9.00
     5     6     8     2     130.19      10.00      12.00
     6     3     7     2     111.04       6.00       7.00
     6     5    23     2     121.73      10.00      11.00
     6     8     9     2     108.29      12.00      15.00
     6     8    11     2     127.55      12.00      16.00
     7     9     8     2     110.58      13.00      15.00
     7     9    24     2     124.39      13.00      17.00
     8     9    24     2     125.03      15.00      17.00
     8    11    12     9     111.88      16.00      18.00
     8    11    13     9     107.86      16.00      19.00
     8    11    14     9     111.53      16.00      20.00
     9     7    10     9     129.58      13.00      14.00
     9     8    11     2     124.15      15.00      16.00
    11    12    15     9     110.40      18.00      21.00
    11    12    16     9     111.29      18.00      22.00
    11    12    17     9     108.69      18.00      23.00
    12    11    13     9     109.53      18.00      19.00
    12    11    14     9     109.89      18.00      20.00
    12    15    25     2     118.67      21.00      24.00
    12    15    26     2     122.54      21.00      25.00
    12    16    18     9     109.45      22.00      26.00
    12    16    19     9     112.90      22.00      27.00
    13    11    14     9     105.93      19.00      20.00
    15    12    16     9     112.08      21.00      22.00
    15    12    17     9     104.14      21.00      23.00
    15    26    27     9     110.34      25.00      28.00
    16    12    17     9     109.97      22.00      23.00
    18    16    19     9     105.74      26.00      27.00
    25    15    26     2     118.62      24.00      25.00
torsion
                    69
     4     1     2     3     1     3 359.97588984 120.25368399 118.30771006
     4     1     2    21     1     3 179.97305328 120.25368399 121.20153415
    20     1     2     3     1     3 180.00029604 119.83497061 118.30771006
    20     1     2    21     1     3 359.99745948 119.83497061 121.20153415
     2     1     4     5     2     3   0.01185943 120.25368399 120.36562000
     2     1     4    22     2     3 180.03438133 120.25368399 119.81929671
    20     1     4     5     2     3 179.98743454 119.91134090 120.36562000
    20     1     4    22     2     3   0.00995643 119.91134090 119.81929671
     1     2     3     6     4     3 359.96818767 118.30771006 121.89521628
     1     2     3     7     4     3 180.00002962 118.30771006 127.06771367
    21     2     3     6     4     3 179.97100329 120.49075572 121.89521628
    21     2     3     7     4     3   0.00284523 120.49075572 127.06771367
     2     3     6     5     6     3   0.10071538 121.89521628 120.76260546
     2     3     6     8     6     3 180.04223411 121.89521628 109.04274210
     7     3     6     5     6     3 180.07349356 111.03706363 120.76260546
     7     3     6     8     6     3   0.01501229 111.03706363 109.04274210
     2     3     7     9     7    22 179.92461745 127.06771367 101.05158281
     2     3     7    10     7    22 359.93897784 127.06771367 129.37220525
     6     3     7     9     7    22 359.95358233 111.03706363 101.05158281
     6     3     7    10     7    22 179.96794271 111.03706363 129.37220525
     1     4     5     6     8     3   0.05427654 120.36562000 118.41507730
     1     4     5    23     8     3 180.01167750 120.36562000 119.85513480
    22     4     5     6     8     3 180.03175559 119.81507947 118.41507730
    22     4     5    23     8     3 359.98915655 119.81507947 119.85513480
     4     5     6     3    10     3 359.89008670 118.41507730 120.76260546
     4     5     6     8    10     3 179.96245750 118.41507730 130.19462071
    23     5     6     3    10     3 179.93352461 121.72977370 120.76260546
    23     5     6     8    10     3   0.00589540 121.72977370 130.19462071
     3     6     8     9    12     3   0.02658640 109.04274210 108.28781984
     3     6     8    11    12     3 179.29194237 109.04274210 127.55420954
     5     6     8     9    12     3 179.96079840 130.19462071 108.28781984
     5     6     8    11    12     3 359.22615437 130.19462071 127.55420954
     3     7     9     8    13     2   0.06269297 101.05158281 110.58075262
     3     7     9    24    13    22 180.22505678 101.05158281 124.38661524
    10     7     9     8    13     2 180.04829041 129.57621017 110.58075262
    10     7     9    24    13    22   0.21065422 129.57621017 124.38661524
     6     8     9     7    15     3 359.94203472 108.28781984 110.58075262
     6     8     9    24    15     3 179.77839828 108.28781984 125.03241508
    11     8     9     7    15     3 180.64582107 124.15368649 110.58075262
    11     8     9    24    15     3   0.48218463 124.15368649 125.03241508
     6     8    11    12    16    22 253.18744422 127.55420954 111.87617789
     6     8    11    13    16    22 132.66336295 127.55420954 107.86295716
     6     8    11    14    16    22  16.73714378 127.55420954 111.53468391
     9     8    11    12    16    22  72.34452503 124.15368649 111.87617789
     9     8    11    13    16    22 311.82044377 124.15368649 107.86295716
     9     8    11    14    16    22 195.89422460 124.15368649 111.53468391
     8    11    12    15    18     1 192.68690065 111.87617789 110.39738399
     8    11    12    16    18     1  67.57061300 111.87617789 111.28662022
     8    11    12    17    18     1 306.32517209 111.87617789 108.69386842
    13    11    12    15    18     1 312.23472970 109.53079445 110.39738399
    13    11    12    16    18     1 187.11844205 109.53079445 111.28662022
    13    11    12    17    18     1  65.87300114 109.53079445 108.69386842
    14    11    12    15    18     1  68.21809322 109.89482674 110.39738399
    14    11    12    16    18     1 303.10180556 109.89482674 111.28662022
    14    11    12    17    18     1 181.85636465 109.89482674 108.69386842
    11    12    15    25    21    22  82.45740307 110.39738399 118.66792491
    11    12    15    26    21    22 267.20898097 110.39738399 122.54416371
    16    12    15    25    21    22 207.12290944 112.07729553 118.66792491
    16    12    15    26    21    22  31.87448734 112.07729553 122.54416371
    17    12    15    25    21    22 325.95016416 104.13962640 118.66792491
    17    12    15    26    21    22 150.70174206 104.13962640 122.54416371
    11    12    16    18    22     1 243.28178611 111.28662022 109.44857159
    11    12    16    19    22     1   0.76014283 111.28662022 112.89991067
    15    12    16    18    22     1 119.11036329 112.07729553 109.44857159
    15    12    16    19    22     1 236.58872001 112.07729553 112.89991067
    17    12    16    18    22     1   3.78075187 109.96603304 109.44857159
    17    12    16    19    22     1 121.25910859 109.96603304 112.89991067
    12    15    26    27    25     3 351.73403493 122.54416371 110.33961339
    25    15    26    27    25     3 176.48352176 118.62185967 110.33961339
inversion
                    11
     1     2     4    20    11    11    11   -0.021   -0.021   -0.021
     2     1     3    21    11    11    11    0.002    0.002    0.002
     3     2     6     7    11    11    11   -0.025   -0.027   -0.023
     4     1     5    22    11    11    11   -0.020   -0.019   -0.019
     5     4     6    23    11    11    11    0.037    0.037    0.038
     6     3     5     8    11    11    11    0.055    0.050    0.062
     7     3     9    10     9     9     9   -0.011   -0.014   -0.014
     8     6     9    11    11    11    11    0.582    0.698    0.668
     9     7     8    24    11    11    11   -0.134   -0.152   -0.153
    15    12    25    26    10    10    11   -4.004   -4.168   -4.002
    16    12    18    19     9     9     9   54.812   56.779   53.192
nonbond
                   277
    1     6    5.106
    1     7    6.963
    1     8    7.613
    1     9    8.460
    1    10    8.021
    1    11    9.853
    1    12   11.488
    1    13   11.261
    1    14    9.704
    1    15   14.102
    1    16   10.770
    1    17   12.093
    1    18   10.901
    1    19    9.099
    1    23    6.333
    1    24   10.503
    1    25   15.869
    1    26   15.108
    1    27   14.080
    2     5    5.184
    2     8    6.553
    2     9    6.670
    2    10    5.498
    2    11    9.216
    2    12   10.809
    2    13   10.418
    2    14    9.606
    2    15   13.557
    2    16   10.487
    2    17   10.994
    2    18   10.373
    2    19    9.147
    2    22    6.333
    2    23    7.234
    2    24    8.617
    2    25   15.020
    2    26   14.975
    2    27   14.191
    3     4    5.087
    3    11    6.910
    3    12    8.537
    3    13    8.023
    3    14    7.624
    3    15   11.265
    3    16    8.628
    3    17    8.615
    3    18    8.608
    3    19    7.556
    3    20    6.271
    3    22    7.142
    3    23    6.299
    3    24    6.162
    3    25   12.572
    3    26   12.888
    3    27   12.308
    4     7    7.750
    4     8    6.874
    4     9    8.448
    4    10    9.254
    4    11    8.507
    4    12   10.170
    4    13   10.057
    4    14    7.908
    4    15   12.547
    4    16    9.328
    4    17   11.180
    4    18    9.846
    4    19    7.485
    4    21    6.346
    4    24   10.477
    4    25   14.512
    4    26   13.221
    4    27   12.086
    5     7    6.726
    5     9    6.641
    5    10    8.545
    5    11    5.951
    5    12    7.722
    5    13    7.554
    5    14    5.369
    5    15   10.035
    5    16    7.201
    5    17    8.848
    5    18    7.981
    5    19    5.474
    5    20    6.337
    5    21    7.234
    5    24    8.556
    5    25   11.957
    5    26   10.818
    5    27    9.834
    6    10    6.207
    6    12    6.696
    6    13    6.255
    6    14    5.214
    6    15    9.286
    6    16    6.785
    6    17    7.296
    6    18    7.252
    6    19    5.561
    6    20    7.161
    6    21    6.286
    6    22    6.292
    6    24    6.100
    6    25   10.839
    6    26   10.663
    6    27   10.020
    7    11    7.075
    7    12    8.433
    7    13    7.720
    7    14    8.406
    7    15   11.084
    7    16    9.101
    7    17    7.894
    7    18    8.827
    7    19    8.580
    7    20    8.679
    7    21    5.221
    7    22    9.804
    7    23    8.334
    7    25   11.897
    7    26   13.125
    7    27   12.880
    8    10    6.234
    8    15    7.306
    8    16    5.801
    8    17    5.152
    8    18    6.372
    8    19    5.280
    8    20    9.664
    8    21    8.121
    8    22    8.616
    8    23    5.291
    8    25    8.531
    8    26    9.084
    8    27    8.834
    9    12    6.103
    9    13    5.213
    9    14    6.460
    9    15    8.567
    9    16    7.373
    9    17    5.529
    9    18    7.389
    9    19    7.234
    9    20   10.406
    9    21    7.684
    9    22   10.389
    9    23    7.682
    9    25    9.223
    9    26   10.745
    9    27   10.738
   10    11    8.907
   10    12   10.093
   10    13    9.369
   10    14   10.336
   10    15   12.698
   10    16   10.786
   10    17    9.271
   10    18   10.286
   10    19   10.377
   10    20    9.460
   10    21    5.271
   10    22   11.300
   10    23   10.245
   10    24    5.131
   10    25   13.295
   10    26   14.858
   10    27   14.683
   11    18    5.995
   11    19    4.720
   11    20   11.890
   11    21   10.907
   11    22    9.856
   11    23    5.556
   11    24    5.373
   11    25    6.152
   11    26    6.432
   11    27    6.437
   12    20   13.481
   12    21   12.404
   12    22   11.429
   12    23    7.216
   12    24    6.214
   12    27    4.901
   13    15    5.052
   13    16    6.528
   13    17    4.820
   13    18    7.727
   13    19    6.780
   13    20   13.297
   13    21   11.968
   13    22   11.438
   13    23    7.197
   13    24    5.205
   13    25    5.538
   13    26    6.930
   13    27    7.451
   14    15    5.369
   14    16    5.172
   14    17    5.865
   14    18    6.831
   14    19    4.648
   14    20   11.654
   14    21   11.486
   14    22    8.896
   14    23    4.326
   14    24    7.338
   14    25    7.114
   14    26    6.185
   14    27    5.869
   15    18    6.016
   15    19    6.127
   15    20   16.089
   15    21   15.196
   15    22   13.589
   15    23    9.109
   15    24    8.277
   16    20   12.603
   16    21   12.144
   16    22   10.340
   16    23    6.623
   16    24    7.993
   16    25    7.052
   16    26    5.530
   16    27    4.626
   17    18    4.186
   17    19    5.426
   17    20   14.084
   17    21   12.329
   17    22   12.662
   17    23    8.750
   17    24    5.103
   17    25    4.840
   17    26    6.347
   17    27    6.675
   18    20   12.657
   18    21   11.809
   18    22   10.999
   18    23    7.833
   18    24    7.921
   18    25    8.005
   18    26    7.100
   18    27    6.315
   19    20   10.879
   19    21   10.933
   19    22    8.390
   19    23    4.865
   19    24    8.325
   19    25    8.523
   19    26    6.669
   19    27    5.460
   20    21    4.660
   20    22    4.630
   20    23    8.022
   20    24   12.429
   20    25   17.904
   20    26   17.001
   20    27   15.883
   21    22    8.042
   21    23    9.284
   21    24    9.432
   21    25   16.505
   21    26   16.764
   21    27   16.039
   22    23    4.620
   22    24   12.391
   22    25   15.709
   22    26   13.902
   22    27   12.601
   23    24    9.376
   23    25   11.203
   23    26    9.471
   23    27    8.386
   24    25    8.368
   24    26   10.718
   24    27   11.043
   25    27    6.119
qpartial
                    27
        -0.13529   -0.09850    0.17130   -0.12871   -0.13306    0.09532
        -0.52848    0.00263   -0.01974    0.25806   -0.26604   -0.09129
         0.16810    0.16223    0.59037   -0.73499    0.17200    0.25974
         0.26339    0.13521    0.12345    0.14130    0.10653    0.14946
        -0.44190   -0.62243    0.40132
$end
