$ufftopology
nxtnei12
    1     3
          2     4    20
    2     3
          1     3    21
    3     3
          2     6     7
    4     3
          1     5    22
    5     3
          4     6    23
    6     3
          3     5     8
    7     3
          3     9    10
    8     3
          6     9    11
    9     3
          7     8    24
   10     1
          7
   11     4
          8    12    13    14
   12     4
         11    15    16    17
   13     1
         11
   14     1
         11
   15     3
         12    25    26
   16     3
         12    18    19
   17     1
         12
   18     1
         16
   19     1
         16
   20     1
          1
   21     1
          2
   22     1
          4
   23     1
          5
   24     1
          9
   25     1
         15
   26     2
         15    27
   27     1
         26
nxtnei13
    1     4
          3    21     5    22
    2     4
          4    20     6     7
    3     6
          1    21     5     8     9    10
    4     4
          2    20     6    23
    5     4
          1    22     3     8
    6     6
          2     7     4    23     9    11
    7     4
          2     6     8    24
    8     7
          3     5     7    24    12    13    14
    9     4
          3    10     6    11
   10     2
          3     9
   11     5
          6     9    15    16    17
   12     7
          8    13    14    25    26    18    19
   13     3
          8    12    14
   14     3
          8    12    13
   15     4
         11    16    17    27
   16     3
         11    15    17
   17     3
         11    15    16
   18     2
         12    19
   19     2
         12    18
   20     2
          2     4
   21     2
          1     3
   22     2
          1     5
   23     2
          4     6
   24     2
          7     8
   25     2
         12    26
   26     2
         12    25
   27     1
         15
nxtnei14
    1     3
          6     7    23
    2     5
          5    22     8     9    10
    3     7
          4    20    23     9    11     8    24
    4     3
          3    21     8
    5     5
          2    20     7     9    11
    6    10
          1    21     9    10    22     7    24    12    13    14
    7     6
          1    21     5     8     6    11
    8     9
          2     7     4    23     3    10    15    16    17
    9     7
          2     6     3     5    12    13    14
   10     4
          2     6     8    24
   11     8
          3     5     7    24    25    26    18    19
   12     3
          6     9    27
   13     5
          6     9    15    16    17
   14     5
          6     9    15    16    17
   15     5
          8    13    14    18    19
   16     5
          8    13    14    25    26
   17     7
          8    13    14    25    26    18    19
   18     3
         11    15    17
   19     3
         11    15    17
   20     4
          3    21     5    22
   21     4
          4    20     6     7
   22     4
          2    20     6    23
   23     4
          1    22     3     8
   24     4
          3    10     6    11
   25     4
         11    16    17    27
   26     3
         11    16    17
   27     2
         12    25
connectivity (= bond)
                    28
     1     2   2.576733   2.000000
     1     4   2.584698   2.000000
     1    20   2.054545   1.000000
     2     3   2.550700   2.000000
     2    21   2.049770   1.000000
     3     6   2.520510   2.000000
     3     7   2.684493   1.000000
     4     5   2.577963   2.000000
     4    22   2.054912   1.000000
     5     6   2.565703   2.000000
     5    23   2.051654   1.000000
     6     8   2.537260   2.000000
     7     9   2.709810   1.000000
     7    10   1.975799   1.000000
     8     9   2.540978   2.000000
     8    11   2.858713   1.000000
     9    24   2.057968   1.000000
    11    12   2.910967   1.000000
    11    13   2.099528   1.000000
    11    14   2.102582   1.000000
    12    15   2.898161   1.000000
    12    16   2.783423   1.000000
    12    17   2.109866   1.000000
    15    25   2.623779   1.000000
    15    26   2.638456   1.000000
    16    18   1.978707   1.000000
    16    19   1.981933   1.000000
    26    27   1.901620   1.000000
angle
                    46
     1     2     3     2     118.28       1.00       4.00
     1     2    21     2     121.22       1.00       5.00
     1     4     5     2     120.34       2.00       8.00
     1     4    22     2     119.85       2.00       9.00
     2     1     4     2     120.26       1.00       2.00
     2     1    20     2     119.84       1.00       3.00
     2     3     6     2     121.83       4.00       6.00
     2     3     7     2     127.23       4.00       7.00
     3     2    21     2     120.51       4.00       5.00
     3     6     5     2     120.95       6.00      10.00
     3     6     8     2     109.16       6.00      12.00
     3     7     9     9     101.09       7.00      13.00
     3     7    10     9     129.41       7.00      14.00
     4     1    20     2     119.90       2.00       3.00
     4     5     6     2     118.36       8.00      10.00
     4     5    23     2     120.28       8.00      11.00
     5     4    22     2     119.81       8.00       9.00
     5     6     8     2     129.88      10.00      12.00
     6     3     7     2     110.93       6.00       7.00
     6     5    23     2     121.36      10.00      11.00
     6     8     9     2     108.36      12.00      15.00
     6     8    11     2     126.86      12.00      16.00
     7     9     8     2     110.44      13.00      15.00
     7     9    24     2     124.46      13.00      17.00
     8     9    24     2     125.03      15.00      17.00
     8    11    12     9     111.56      16.00      18.00
     8    11    13     9     109.92      16.00      19.00
     8    11    14     9     109.62      16.00      20.00
     9     7    10     9     129.50      13.00      14.00
     9     8    11     2     124.70      15.00      16.00
    11    12    15     9     113.29      18.00      21.00
    11    12    16     9     108.40      18.00      22.00
    11    12    17     9     107.97      18.00      23.00
    12    11    13     9     110.84      18.00      19.00
    12    11    14     9     109.09      18.00      20.00
    12    15    25     2     119.16      21.00      24.00
    12    15    26     2     122.26      21.00      25.00
    12    16    18     9     110.58      22.00      26.00
    12    16    19     9     108.97      22.00      27.00
    13    11    14     9     105.63      19.00      20.00
    15    12    16     9     112.93      21.00      22.00
    15    12    17     9     105.65      21.00      23.00
    15    26    27     9     111.95      25.00      28.00
    16    12    17     9     108.37      22.00      23.00
    18    16    19     9     106.57      26.00      27.00
    25    15    26     2     118.58      24.00      25.00
torsion
                    69
     4     1     2     3     1     3   0.22219868 120.25786736 118.27507799
     4     1     2    21     1     3 180.49149544 120.25786736 121.21850730
    20     1     2     3     1     3 179.89576992 119.83924342 118.27507799
    20     1     2    21     1     3   0.16506669 119.83924342 121.21850730
     2     1     4     5     2     3 359.93370902 120.25786736 120.33600315
     2     1     4    22     2     3 179.65288515 120.25786736 119.85280545
    20     1     4     5     2     3 180.26034347 119.90208553 120.33600315
    20     1     4    22     2     3 359.97951960 119.90208553 119.85280545
     1     2     3     6     4     3 359.87486473 118.27507799 121.82596155
     1     2     3     7     4     3 180.94734008 118.27507799 127.23449360
    21     2     3     6     4     3 179.60756223 120.50586149 121.82596155
    21     2     3     7     4     3   0.68003759 120.50586149 127.23449360
     2     3     6     5     6     3 359.86633379 121.82596155 120.94805141
     2     3     6     8     6     3 180.54484643 121.82596155 109.16354262
     7     3     6     5     6     3 178.95214592 110.93227514 120.94805141
     7     3     6     8     6     3 359.63065856 110.93227514 109.16354262
     2     3     7     9     7    22 178.84106944 127.23449360 101.09332260
     2     3     7    10     7    22 358.32439110 127.23449360 129.40599848
     6     3     7     9     7    22 359.81668008 110.93227514 101.09332260
     6     3     7    10     7    22 179.30000173 110.93227514 129.40599848
     1     4     5     6     8     3 359.81227487 120.33600315 118.35625967
     1     4     5    23     8     3 179.47154753 120.33600315 120.28049121
    22     4     5     6     8     3 180.09298013 119.81059768 118.35625967
    22     4     5    23     8     3 359.75225279 119.81059768 120.28049121
     4     5     6     3    10     3   0.28836621 118.35625967 120.94805141
     4     5     6     8    10     3 179.45311865 118.35625967 129.88416442
    23     5     6     3    10     3 180.63295391 121.36234746 120.94805141
    23     5     6     8    10     3 359.79770635 121.36234746 129.88416442
     3     6     8     9    12     3   0.80621965 109.16354262 108.35809116
     3     6     8    11    12     3 177.50921934 109.16354262 126.85860447
     5     6     8     9    12     3 181.56457581 129.88416442 108.35809116
     5     6     8    11    12     3 358.26757551 129.88416442 126.85860447
     3     7     9     8    13     2   0.67887589 101.09332260 110.44481539
     3     7     9    24    13    22 183.36544552 101.09332260 124.46193705
    10     7     9     8    13     2 181.19624034 129.49838975 110.44481539
    10     7     9    24    13    22   3.88280998 129.49838975 124.46193705
     6     8     9     7    15     3 359.05973178 108.35809116 110.44481539
     6     8     9    24    15     3 176.35448296 108.35809116 125.03380838
    11     8     9     7    15     3 182.26814128 124.69566601 110.44481539
    11     8     9    24    15     3 359.56289246 124.69566601 125.03380838
     6     8    11    12    16    22 276.07897851 126.85860447 111.55613451
     6     8    11    13    16    22 152.71043008 126.85860447 109.92123359
     6     8    11    14    16    22  37.02649191 126.85860447 109.62428415
     9     8    11    12    16    22  92.27232642 124.69566601 111.55613451
     9     8    11    13    16    22 328.90377799 124.69566601 109.92123359
     9     8    11    14    16    22 213.21983982 124.69566601 109.62428415
     8    11    12    15    18     1 298.81700910 111.55613451 113.28759175
     8    11    12    16    18     1 172.64941469 111.55613451 108.40184156
     8    11    12    17    18     1  55.45369668 111.55613451 107.96916960
    13    11    12    15    18     1  61.66225886 110.83970200 113.28759175
    13    11    12    16    18     1 295.49466445 110.83970200 108.40184156
    13    11    12    17    18     1 178.29894644 110.83970200 107.96916960
    14    11    12    15    18     1 177.56027370 109.09333034 113.28759175
    14    11    12    16    18     1  51.39267929 109.09333034 108.40184156
    14    11    12    17    18     1 294.19696128 109.09333034 107.96916960
    11    12    15    25    21    22 122.80986584 113.28759175 119.15855269
    11    12    15    26    21    22 302.18005263 113.28759175 122.26008220
    16    12    15    25    21    22 246.53456145 112.92648673 119.15855269
    16    12    15    26    21    22  65.90474824 112.92648673 122.26008220
    17    12    15    25    21    22   4.81628983 105.64960243 119.15855269
    17    12    15    26    21    22 184.18647661 105.64960243 122.26008220
    11    12    16    18    22     1  70.88935018 108.40184156 110.58477298
    11    12    16    19    22     1 187.71244000 108.40184156 108.97278731
    15    12    16    18    22     1 304.51179463 112.92648673 110.58477298
    15    12    16    19    22     1  61.33488445 112.92648673 108.97278731
    17    12    16    18    22     1 187.82890183 108.36805304 110.58477298
    17    12    16    19    22     1 304.65199164 108.36805304 108.97278731
    12    15    26    27    25     3 358.11666710 122.26008220 111.95283953
    25    15    26    27    25     3 177.49035978 118.57845419 111.95283953
inversion
                    11
     1     2     4    20    11    11    11    0.283    0.282    0.282
     2     1     3    21    11    11    11   -0.230   -0.237   -0.235
     3     2     6     7    11    11    11   -0.854   -0.911   -0.777
     4     1     5    22    11    11    11    0.244    0.242    0.242
     5     4     6    23    11    11    11    0.294    0.300    0.303
     6     3     5     8    11    11    11   -0.641   -0.582   -0.716
     7     3     9    10     9     9     9    0.399    0.507    0.508
     8     6     9    11    11    11    11    2.637    3.129    3.045
     9     7     8    24    11    11    11   -2.215   -2.517   -2.535
    15    12    25    26    10    10    11    0.533    0.550    0.530
    16    12    18    19     9     9     9   57.557   56.660   55.514
nonbond
                   277
    1     6    5.102
    1     7    6.966
    1     8    7.607
    1     9    8.461
    1    10    8.028
    1    11    9.820
    1    12   10.902
    1    13   11.479
    1    14    9.767
    1    15   12.019
    1    16   13.167
    1    17    9.721
    1    18   14.550
    1    19   14.103
    1    23    6.341
    1    24   10.504
    1    25   11.875
    1    26   13.894
    1    27   14.344
    2     5    5.185
    2     8    6.550
    2     9    6.674
    2    10    5.505
    2    11    9.197
    2    12   10.451
    2    13   10.582
    2    14    9.614
    2    15   11.086
    2    16   12.976
    2    17    9.628
    2    18   14.115
    2    19   14.025
    2    22    6.335
    2    23    7.237
    2    24    8.623
    2    25   10.984
    2    26   12.628
    2    27   13.134
    3     4    5.087
    3    11    6.898
    3    12    8.323
    3    13    8.144
    3    14    7.604
    3    15    8.886
    3    16   10.899
    3    17    7.861
    3    18   11.857
    3    19   12.081
    3    20    6.272
    3    22    7.142
    3    23    6.294
    3    24    6.166
    3    25    9.149
    3    26   10.245
    3    27   10.649
    4     7    7.751
    4     8    6.864
    4     9    8.445
    4    10    9.258
    4    11    8.464
    4    12    9.428
    4    13   10.300
    4    14    8.022
    4    15   11.051
    4    16   11.371
    4    17    8.120
    4    18   12.885
    4    19   12.287
    4    21    6.348
    4    24   10.472
    4    25   11.156
    4    26   13.112
    4    27   13.407
    5     7    6.722
    5     9    6.634
    5    10    8.543
    5    11    5.906
    5    12    7.014
    5    13    7.778
    5    14    5.496
    5    15    8.840
    5    16    8.948
    5    17    5.955
    5    18   10.373
    5    19   10.032
    5    20    6.338
    5    21    7.235
    5    24    8.546
    5    25    9.354
    5    26   10.823
    5    27   10.972
    6    10    6.203
    6    12    6.324
    6    13    6.412
    6    14    5.244
    6    15    7.553
    6    16    8.702
    6    17    5.826
    6    18    9.792
    6    19    9.957
    6    20    7.157
    6    21    6.283
    6    22    6.288
    6    24    6.098
    6    25    8.215
    6    26    9.173
    6    27    9.371
    7    11    7.075
    7    12    8.551
    7    13    7.731
    7    14    8.319
    7    15    8.408
    7    16   11.189
    7    17    8.639
    7    18   11.760
    7    19   12.435
    7    20    8.684
    7    21    5.229
    7    22    9.804
    7    23    8.320
    7    25    8.814
    7    26    9.134
    7    27    9.562
    8    10    6.230
    8    15    5.781
    8    16    7.169
    8    17    5.130
    8    18    7.877
    8    19    8.628
    8    20    9.658
    8    21    8.120
    8    22    8.604
    8    23    5.264
    8    25    7.073
    8    26    6.970
    8    27    6.962
    9    12    6.405
    9    13    5.138
    9    14    6.350
    9    15    6.322
    9    16    8.890
    9    17    7.020
    9    18    9.234
    9    19   10.272
    9    20   10.408
    9    21    7.692
    9    22   10.385
    9    23    7.659
    9    25    7.393
    9    26    6.808
    9    27    6.982
   10    11    8.909
   10    12   10.302
   10    13    9.349
   10    14   10.229
   10    15    9.796
   10    16   12.953
   10    17   10.440
   10    18   13.407
   10    19   14.152
   10    20    9.470
   10    21    5.283
   10    22   11.304
   10    23   10.233
   10    24    5.135
   10    25    9.996
   10    26   10.229
   10    27   10.751
   11    18    5.201
   11    19    6.348
   11    20   11.856
   11    21   10.894
   11    22    9.806
   11    23    5.485
   11    24    5.391
   11    25    6.886
   11    26    5.963
   11    27    5.458
   12    20   12.855
   12    21   12.138
   12    22   10.564
   12    23    6.341
   12    24    6.783
   12    27    4.945
   13    15    5.390
   13    16    5.191
   13    17    5.858
   13    18    4.949
   13    19    7.049
   13    20   13.527
   13    21   12.111
   13    22   11.704
   13    23    7.417
   13    24    5.005
   13    25    7.795
   13    26    5.519
   13    27    4.438
   14    15    6.642
   14    16    4.942
   14    17    4.771
   14    18    5.742
   14    19    6.726
   14    20   11.722
   14    21   11.472
   14    22    9.046
   14    23    4.525
   14    24    7.204
   14    25    8.561
   14    26    7.879
   14    27    7.188
   15    18    5.117
   15    19    5.158
   15    20   13.940
   15    21   12.442
   15    22   12.422
   15    23    8.668
   15    24    6.103
   16    20   15.077
   16    21   14.752
   16    22   12.181
   16    23    7.739
   16    24    9.020
   16    25    6.646
   16    26    5.995
   16    27    5.564
   17    18    5.654
   17    19    4.473
   17    20   11.555
   17    21   11.393
   17    22    9.075
   17    23    5.248
   17    24    7.871
   17    25    4.756
   17    26    6.474
   17    27    6.917
   18    20   16.523
   18    21   15.800
   18    22   13.825
   18    23    9.282
   18    24    8.944
   18    25    7.381
   18    26    5.441
   18    27    4.529
   19    20   15.927
   19    21   15.778
   19    22   12.955
   19    23    8.794
   19    24   10.394
   19    25    6.456
   19    26    6.593
   19    27    6.560
   20    21    4.662
   20    22    4.632
   20    23    8.032
   20    24   12.431
   20    25   13.611
   20    26   15.861
   20    27   16.369
   21    22    8.045
   21    23    9.286
   21    24    9.441
   21    25   12.163
   21    26   13.792
   21    27   14.393
   22    23    4.634
   22    24   12.384
   22    25   12.475
   22    26   14.620
   22    27   14.879
   23    24    9.348
   23    25    9.435
   23    26   10.730
   23    27   10.704
   24    25    7.437
   24    26    5.767
   24    27    5.829
   25    27    6.143
qpartial
                    27
        -0.13536   -0.09870    0.18311   -0.13292   -0.12669    0.11428
        -0.50500   -0.05509   -0.02083    0.26266   -0.31712   -0.07091
         0.16307    0.16497    0.57919   -0.63214    0.15940    0.28425
         0.25050    0.13543    0.12384    0.13764    0.11545    0.17285
        -0.43810   -0.64354    0.32976
$end
