$ufftopology
nxtnei12
    1     3
          2     4    11
    2     3
          1     3     7
    3     3
          2     6    12
    4     3
          1     5    10
    5     3
          4     6    13
    6     3
          3     5     9
    7     2
          2     8
    8     1
          7
    9     1
          6
   10     1
          4
   11     1
          1
   12     1
          3
   13     4
          5    14    15    16
   14     4
         13    17    21    22
   15     1
         13
   16     1
         13
   17     3
         14    18    19
   18     1
         17
   19     2
         17    20
   20     1
         19
   21     3
         14    23    24
   22     1
         14
   23     1
         21
   24     1
         21
nxtnei13
    1     4
          3     7     5    10
    2     5
          4    11     6    12     8
    3     4
          1     7     5     9
    4     4
          2    11     6    13
    5     7
          1    10     3     9    14    15    16
    6     4
          2    12     4    13
    7     2
          1     3
    8     1
          2
    9     2
          3     5
   10     2
          1     5
   11     2
          2     4
   12     2
          2     6
   13     5
          4     6    17    21    22
   14     7
          5    15    16    18    19    23    24
   15     3
          5    14    16
   16     3
          5    14    15
   17     4
         13    21    22    20
   18     2
         14    19
   19     2
         14    18
   20     1
         17
   21     3
         13    17    22
   22     3
         13    17    21
   23     2
         14    24
   24     2
         14    23
nxtnei14
    1     4
          6    12     8    13
    2     3
          5    10     9
    3     4
          4    11     8    13
    4     6
          3     7     9    14    15    16
    5     6
          2    11    12    17    21    22
    6     6
          1     7    10    14    15    16
    7     4
          4    11     6    12
    8     2
          1     3
    9     4
          2    12     4    13
   10     4
          2    11     6    13
   11     4
          3     7     5    10
   12     4
          1     7     5     9
   13     8
          1    10     3     9    18    19    23    24
   14     3
          4     6    20
   15     5
          4     6    17    21    22
   16     5
          4     6    17    21    22
   17     5
          5    15    16    23    24
   18     4
         13    21    22    20
   19     3
         13    21    22
   20     2
         14    18
   21     5
          5    15    16    18    19
   22     7
          5    15    16    18    19    23    24
   23     3
         13    17    22
   24     3
         13    17    22
connectivity (= bond)
                    24
     1     2   2.556522   2.000000
     1     4   2.565192   2.000000
     1    11   2.049298   1.000000
     2     3   2.555540   2.000000
     2     7   2.629067   1.000000
     3     6   2.565863   2.000000
     3    12   2.049773   1.000000
     4     5   2.575196   2.000000
     4    10   2.054036   1.000000
     5     6   2.572955   2.000000
     5    13   2.864568   1.000000
     6     9   2.053227   1.000000
     7     8   1.917169   1.000000
    13    14   2.918859   1.000000
    13    15   2.102740   1.000000
    13    16   2.101935   1.000000
    14    17   2.904558   1.000000
    14    21   2.787424   1.000000
    14    22   2.105645   1.000000
    17    18   2.627597   1.000000
    17    19   2.638238   1.000000
    19    20   1.905291   1.000000
    21    23   1.978774   1.000000
    21    24   1.982500   1.000000
angle
                    38
     1     2     3     2     120.03       1.00       4.00
     1     2     7     2     120.06       1.00       5.00
     1     4     5     2     120.16       2.00       8.00
     1     4    10     2     119.23       2.00       9.00
     2     1     4     2     120.17       1.00       2.00
     2     1    11     2     119.23       1.00       3.00
     2     3     6     2     120.11       4.00       6.00
     2     3    12     2     119.18       4.00       7.00
     2     7     8     9     110.38       5.00      13.00
     3     2     7     2     119.91       4.00       5.00
     3     6     5     2     120.24       6.00      10.00
     3     6     9     2     119.73       6.00      12.00
     4     1    11     2     120.60       2.00       3.00
     4     5     6     2     119.28       8.00      10.00
     4     5    13     2     120.40       8.00      11.00
     5     4    10     2     120.61       8.00       9.00
     5     6     9     2     120.01      10.00      12.00
     5    13    14     9     112.41      11.00      14.00
     5    13    15     9     110.08      11.00      15.00
     5    13    16     9     109.36      11.00      16.00
     6     3    12     2     120.70       6.00       7.00
     6     5    13     2     120.29      10.00      11.00
    13    14    17     9     111.81      14.00      17.00
    13    14    21     9     108.82      14.00      18.00
    13    14    22     9     108.28      14.00      19.00
    14    13    15     9     109.49      14.00      15.00
    14    13    16     9     109.64      14.00      16.00
    14    17    18     2     120.55      17.00      20.00
    14    17    19     2     120.93      17.00      21.00
    14    21    23     9     109.18      18.00      23.00
    14    21    24     9     109.62      18.00      24.00
    15    13    16     9     105.63      15.00      16.00
    17    14    21     9     113.17      17.00      18.00
    17    14    22     9     105.98      17.00      19.00
    17    19    20     9     111.94      21.00      22.00
    18    17    19     2     118.51      20.00      21.00
    21    14    22     9     108.61      18.00      19.00
    23    21    24     9     106.13      23.00      24.00
torsion
                    55
     4     1     2     3     1     3 359.75958914 120.17466487 120.02968154
     4     1     2     7     1     3 179.87818879 120.17466487 120.05594958
    11     1     2     3     1     3 180.14763908 119.22672494 120.02968154
    11     1     2     7     1     3   0.26623872 119.22672494 120.05594958
     2     1     4     5     2     3   0.40524427 120.17466487 120.15726009
     2     1     4    10     2     3 181.20551534 120.17466487 119.22794453
    11     1     4     5     2     3 180.01181605 120.59745841 120.15726009
    11     1     4    10     2     3   0.81208712 120.59745841 119.22794453
     1     2     3     6     4     3   0.23723500 120.02968154 120.11488708
     1     2     3    12     4     3 179.77635661 120.02968154 119.17984893
     7     2     3     6     4     3 180.11880446 119.91426276 120.11488708
     7     2     3    12     4     3 359.65792607 119.91426276 119.17984893
     1     2     7     8     5     3 269.86419338 120.05594958 110.37931034
     3     2     7     8     5     3  89.98265533 119.91426276 110.37931034
     2     3     6     5     6     3 359.60036590 120.11488708 120.24142995
     2     3     6     9     6     3 178.39086310 120.11488708 119.73276180
    12     3     6     5     6     3 180.06835939 120.70363581 120.24142995
    12     3     6     9     6     3 358.85885660 120.70363581 119.73276180
     1     4     5     6     8     3 359.43865155 120.15726009 119.27925452
     1     4     5    13     8     3 181.43903287 120.15726009 120.40045377
    10     4     5     6     8     3 178.62719382 120.60989540 119.27925452
    10     4     5    13     8     3   0.62757514 120.60989540 120.40045377
     4     5     6     3    10     3   0.55880488 119.27925452 120.24142995
     4     5     6     9    10     3 181.77173235 119.27925452 120.01474798
    13     5     6     3    10     3 178.56068347 120.28986572 120.24142995
    13     5     6     9    10     3 359.77361093 120.28986572 120.01474798
     4     5    13    14    11    22 101.21077208 120.40045377 112.41279208
     4     5    13    15    11    22 338.86900517 120.40045377 110.07699481
     4     5    13    16    11    22 223.24247001 120.40045377 109.36469069
     6     5    13    14    11    22 283.23145930 120.28986572 112.41279208
     6     5    13    15    11    22 160.88969239 120.28986572 110.07699481
     6     5    13    16    11    22  45.26315724 120.28986572 109.36469069
     5    13    14    17    14     1 306.89125745 112.41279208 111.80503492
     5    13    14    21    14     1  72.63046533 112.41279208 108.81849308
     5    13    14    22    14     1 190.50578136 112.41279208 108.27925320
    15    13    14    17    14     1  69.56515465 109.48855121 111.80503492
    15    13    14    21    14     1 195.30436253 109.48855121 108.81849308
    15    13    14    22    14     1 313.17967856 109.48855121 108.27925320
    16    13    14    17    14     1 185.01767986 109.64313241 111.80503492
    16    13    14    21    14     1 310.75688775 109.64313241 108.81849308
    16    13    14    22    14     1  68.63220377 109.64313241 108.27925320
    13    14    17    18    17    22 105.49784614 111.80503492 120.55374737
    13    14    17    19    17    22 286.68951016 111.80503492 120.92908165
    21    14    17    18    17    22 342.18841088 113.17237721 120.55374737
    21    14    17    19    17    22 163.38007490 113.17237721 120.92908165
    22    14    17    18    17    22 223.27001834 105.97910290 120.55374737
    22    14    17    19    17    22  44.46168237 105.97910290 120.92908165
    13    14    21    23    18     1  75.46599187 108.81849308 109.18107901
    13    14    21    24    18     1 191.33274765 108.81849308 109.62125383
    17    14    21    23    18     1 200.40688910 113.17237721 109.18107901
    17    14    21    24    18     1 316.27364489 113.17237721 109.62125383
    22    14    21    23    18     1 317.79727784 108.60551142 109.18107901
    22    14    21    24    18     1  73.66403363 108.60551142 109.62125383
    14    17    19    20    21     3 358.88037741 120.92908165 111.94353561
    18    17    19    20    21     3 180.04816011 118.50675360 111.94353561
inversion
                     8
     1     2     4    11    11    11    11   -0.339   -0.335   -0.340
     2     1     3     7    10    11    11   -0.103   -0.103   -0.103
     3     2     6    12    11    11    11    0.402    0.399    0.405
     4     1     5    10    11    11    11   -0.698   -0.692   -0.702
     5     4     6    13    11    11    11   -1.725   -1.745   -1.743
     6     3     5     9    11    11    11    1.050    1.045    1.048
    17    14    18    19    10    10    11   -1.022   -1.026   -1.002
    21    14    23    24     9     9     9   57.947   58.196   56.440
nonbond
                   214
    1     6    5.122
    1     8    5.394
    1     9    7.175
    1    12    6.277
    1    13    7.086
    1    14    8.703
    1    15    7.503
    1    16    8.400
    1    17    8.227
    1    18    8.259
    1    19    8.977
    1    20    9.605
    1    21    9.767
    1    22   10.498
    1    23   11.134
    1    24   11.002
    2     5    5.144
    2     9    6.295
    2    10    6.291
    2    13    8.008
    2    14    9.476
    2    15    8.961
    2    16    8.946
    2    17    9.309
    2    18    8.869
    2    19   10.613
    2    20   11.385
    2    21    9.821
    2    22   11.456
    2    23   11.119
    2    24   11.023
    3     4    5.125
    3     8    5.388
    3    10    7.178
    3    11    6.277
    3    13    7.085
    3    14    8.405
    3    15    8.525
    3    16    7.612
    3    17    8.845
    3    18    8.425
    3    19   10.656
    3    20   11.362
    3    21    8.148
    3    22   10.416
    3    23    9.242
    3    24    9.435
    4     7    6.844
    4     8    7.692
    4     9    6.309
    4    12    7.174
    4    14    6.514
    4    15    4.956
    4    16    6.241
    4    17    6.334
    4    18    7.068
    4    19    7.016
    4    20    7.358
    4    21    8.012
    4    22    8.140
    4    23    9.275
    4    24    9.379
    5     7    7.773
    5     8    8.631
    5    11    6.321
    5    12    6.322
    5    17    5.623
    5    18    6.504
    5    19    7.076
    5    20    7.312
    5    21    5.823
    5    22    6.576
    5    23    6.892
    5    24    7.434
    6     7    6.841
    6     8    7.687
    6    10    6.317
    6    11    7.172
    6    14    6.107
    6    15    6.402
    6    16    5.126
    6    17    7.120
    6    18    7.260
    6    19    9.070
    6    20    9.543
    6    21    5.922
    6    22    8.033
    6    23    6.879
    6    24    7.471
    7     9    8.488
    7    10    8.483
    7    11    4.898
    7    12    4.891
    7    13   10.637
    7    14   12.014
    7    15   11.542
    7    16   11.527
    7    17   11.630
    7    18   10.850
    7    19   12.849
    7    20   13.748
    7    21   12.201
    7    22   14.024
    7    23   13.526
    7    24   13.260
    8     9    9.248
    8    10    9.246
    8    11    5.612
    8    12    5.600
    8    13   11.437
    8    14   12.402
    8    15   12.420
    8    16   12.506
    8    17   11.663
    8    18   10.488
    8    19   12.897
    8    20   14.025
    8    21   12.481
    8    22   14.455
    8    23   13.973
    8    24   13.278
    9    10    8.022
    9    11    9.224
    9    12    4.631
    9    13    5.093
    9    14    6.045
    9    15    7.059
    9    16    4.851
    9    17    7.638
    9    18    7.794
    9    19    9.872
    9    20   10.260
    9    21    5.043
    9    22    7.807
    9    23    5.592
    9    24    6.637
   10    11    4.611
   10    12    9.228
   10    13    5.119
   10    14    6.790
   10    15    4.514
   10    16    6.827
   10    17    6.289
   10    18    7.487
   10    19    6.173
   10    20    6.238
   10    21    8.850
   10    22    8.027
   10    23   10.073
   10    24   10.122
   11    12    7.948
   11    13    8.737
   11    14   10.298
   11    15    8.800
   11    16   10.160
   11    17    9.453
   11    18    9.443
   11    19    9.741
   11    20   10.383
   11    21   11.591
   11    22   11.979
   11    23   13.019
   11    24   12.726
   12    13    8.736
   12    14    9.845
   12    15   10.339
   12    16    8.979
   12    17   10.407
   12    18    9.701
   12    19   12.412
   12    20   13.189
   12    21    9.072
   12    22   11.852
   12    23   10.016
   12    24   10.221
   13    18    6.640
   13    19    6.125
   13    20    5.791
   13    23    5.264
   13    24    6.368
   14    20    4.897
   15    17    5.436
   15    18    7.653
   15    19    5.791
   15    20    4.927
   15    21    6.435
   15    22    4.564
   15    23    6.949
   15    24    7.980
   16    17    6.630
   16    18    8.339
   16    19    8.046
   16    20    7.518
   16    21    4.953
   16    22    4.837
   16    23    4.792
   16    24    6.877
   17    23    6.400
   17    24    4.953
   18    20    6.149
   18    21    5.397
   18    22    6.255
   18    23    7.334
   18    24    5.033
   19    21    7.177
   19    22    5.110
   19    23    8.585
   19    24    7.355
   20    21    7.556
   20    22    4.582
   20    23    8.610
   20    24    8.002
   22    23    4.340
   22    24    4.732
qpartial
                    24
        -0.04947    0.24319   -0.08935   -0.14006    0.00774   -0.10763
        -0.68777    0.35690    0.22584    0.12536    0.15603    0.15206
        -0.27019   -0.07117    0.15054    0.13496    0.62509   -0.44075
        -0.63461    0.30381   -0.60958    0.10719    0.25983    0.25203
$end
