$grad          cartesian gradients
  cycle =      1    UFF energy =      0.1737966089   |dE/dxyz| =  0.412382
    0.08481708204938      4.44729359753668     -2.61046290138625      c       
    0.26805318083868      5.52718090938890     -0.22803822430628      c       
    1.42781165634157      4.23350377014175      1.73506394577877      c       
    1.09615083803825      2.04160061279424     -3.02079442131178      c       
    2.27670173181520      0.68233916533149     -1.05992136196283      c       
    2.41367618787541      1.81611357603812      1.32614476917824      c       
   -0.67963052727365      7.86855860182391      0.27121783456075      o       
   -1.48483813595026      8.51036438415408     -1.24810525341049      h       
    3.26452572212071      0.87394144628765      2.93026337744300      h       
    0.94432790154207      1.21443255080723     -4.89992939447401      h       
   -0.82581170545946      5.43281955032178     -4.16153450991058      h       
    1.55820481681994      5.10111552927470      3.59176823239311      h       
    3.33902854184680     -1.90359970827362     -1.69408775856058      c       
    1.67451218673593     -3.81616429485692     -3.12871616310681      c       
    4.00866518397528     -2.77013718712219      0.07018538617077      h       
    5.03531450485767     -1.56569743410941     -2.84570037895308      h       
    0.54378553634649     -2.53146726483286     -5.49402106519418      c       
    1.57370033242013     -2.32031942546408     -7.54742412547762      o       
   -1.78411377883354     -1.56452485610245     -4.98513675220514      o       
   -2.90806006385337     -2.26654178726786     -6.30785475749700      h       
    3.01872999613837     -6.14321234388351     -4.02531706453862      n       
    0.06776158972694     -4.40526072442005     -1.96164202417708      h       
    2.43876779238614     -7.63114853030006     -2.92415169352955      h       
    2.37607740038810     -6.58296635624518     -5.79373091790652      h       
  -.26279641384278D-01  0.38674578065156D-01  -.26400859818913D-01
  -.25481492187826D-01  0.51808890873798D-01  -.63649210439562D-02
  -.33793415360893D-03  0.27832565182587D-01  0.42073796749301D-01
  -.13029611791874D-01  -.38894322921980D-01  -.48322838345303D-01
  0.45805822921848D-01  -.46562687458986D-01  0.21379152237665D-01
  0.12877274702178D-01  -.16973431900235D-01  0.20000926031960D-01
  -.32962297637526D-02  -.77810834681533D-02  -.20743036876500D-01
  0.21309362951403D-01  -.29576882374878D-01  0.22506193690351D-01
  -.37928349237554D-02  0.66911951355276D-02  0.31927629750439D-02
  -.43033633354278D-01  -.18338890188755D+00  -.27952743602543D-01
  0.58761955298176D-04  -.77155137573252D-03  -.98801231420598D-03
  0.16825154274527D-02  -.12231606143999D-02  0.19158915405092D-02
  -.34700173782906D-01  0.10289872239061D-01  -.18830960771206D-01
  -.16804840241638D-02  0.78393680169520D-02  0.74612206104194D-01
  -.17993908299557D-02  0.77456928164022D-02  -.32508940161373D-02
  -.70527011454274D-02  0.20169149449076D-02  0.39325361526000D-02
  0.91758095729707D-01  0.17734224655174D+00  -.17748960632944D+00
  -.65877160783898D-01  -.11628262187306D-01  0.14218591110486D+00
  0.47408393052573D-01  0.22998780807271D-01  0.25912998414823D-01
  0.16406410977717D-01  -.39977834810683D-02  0.16330635103809D-01
  -.19740005052758D-01  -.41049354945662D-01  -.43950038190483D-01
  0.94679704767903D-02  -.52879029538280D-02  -.11196210720967D-01
  0.77629411693345D-03  0.15050673458917D-01  -.11292046840045D-01
  -.14496091334191D-02  0.18844547477465D-01  0.22739158764580D-01
  cycle =      2    UFF energy =      0.1240798721   |dE/dxyz| =  0.291580
    0.05473227455641      4.44611629239364     -2.50407125920885      c       
    0.25159196573256      5.44601211785986     -0.10765168932477      c       
    1.44126671755842      4.10810195541744      1.77955918906505      c       
    1.07051934076513      2.08478353590632     -2.99520841767136      c       
    2.27278059069142      0.69635745534766     -1.11363088044733      c       
    2.44156963677956      1.73696304160904      1.28724932444984      c       
   -0.72903310700981      7.77403729003523      0.49111144143641      o       
   -1.54371550790170      8.54272711288918     -0.99782733534107      h       
    3.35521959427655      0.74093147438064      2.82791045034790      h       
    0.91618297167775      1.29366307961052     -4.88648549310825      h       
   -0.88879078418186      5.47585842189761     -4.00681544136316      h       
    1.58330788697599      4.92294387088243      3.65902842433136      h       
    3.41606478383923     -1.82735217828607     -1.85376079105126      c       
    1.66734377153676     -3.73969423873465     -3.18831646005961      c       
    4.25701254190578     -2.72280390426778     -0.16032281965105      h       
    5.01477270833408     -1.41837999393532     -3.14570037895308      h       
    0.43071538778883     -2.52520424280773     -5.52860526883644      c       
    1.51011102034930     -2.29106686929557     -7.66356941437575      o       
   -1.90963869839749     -1.53168946892771     -5.08802947218354      o       
   -3.09301631000158     -2.53507954689224     -6.22225683063764      h       
    3.06178283816264     -6.04276281463465     -4.01451009828899      n       
    0.10674364992565     -4.29879012870935     -1.92486254523260      h       
    2.55632738351760     -7.52878859536905     -2.85118681071988      h       
    2.48430731401109     -6.55865988534736     -5.80397264555949      h       
  -.18060609722452D-01  0.26829745584034D-01  -.18460191697425D-01
  -.17286000479651D-01  0.35296542916017D-01  -.51189301374508D-02
  -.26567316763548D-03  0.19495137388225D-01  0.28842643987231D-01
  -.91254635916234D-02  -.27806566131680D-01  -.33640176429801D-01
  0.30249441382619D-01  -.31848829848229D-01  0.15011760859069D-01
  0.86681656082891D-02  -.11414360579084D-01  0.13988930802557D-01
  -.18353365367652D-02  -.55940341382168D-02  -.12352841408987D-01
  0.13877259315494D-01  -.19423454891080D-01  0.14093153487813D-01
  -.22371597218032D-02  0.42312697288401D-02  0.27126398390867D-02
  -.30814189890307D-01  -.13435695928965D+00  -.19763885357996D-01
  -.14534835584509D-03  -.31493450452748D-03  -.95538778398908D-03
  0.11355697067457D-02  -.65975501688223D-03  0.15606497225108D-02
  -.24455200988887D-01  0.66337203336378D-02  -.13096497097084D-01
  -.15651899759416D-02  0.59152142532937D-02  0.50837110574798D-01
  0.98878094015461D-04  0.41516367284873D-02  -.48983196774670D-03
  -.30563905317119D-02  0.19089648777703D-02  0.10142321446460D-02
  0.61431961262266D-01  0.12753781110079D+00  -.12146205193201D+00
  -.45291599543124D-01  -.74963090135930D-02  0.97744952081829D-01
  0.43798151653263D-01  0.27764631439747D-01  0.27850889363507D-01
  0.24207966132503D-02  -.12367793236053D-01  0.13155716305173D-02
  -.12657544440457D-01  -.26649547737440D-01  -.29772140104741D-01
  0.59084848160482D-02  -.39521237150302D-02  -.73481935647437D-02
  0.38466648102610D-03  0.94866093801837D-02  -.70968985264544D-02
  -.11776679868143D-02  0.12633384370443D-01  0.14584491514863D-01
  cycle =      3    UFF energy =      0.1200691275   |dE/dxyz| =  0.297621
    0.04972254355401      4.43060029092436     -2.48905767943790      c       
    0.24809611940049      5.42987576969366     -0.09267123995269      c       
    1.43843037966255      4.09131314757165      1.79338212768276      c       
    1.06511254692102      2.06958633912874     -2.98124691143308      c       
    2.26864300751438      0.68124359049818     -1.10124253622588      c       
    2.43879579718076      1.72076836777095      1.29970373889612      c       
   -0.73139113465727      7.75839790969771      0.50705310681520      o       
   -1.54570350028258      8.52899676652700     -0.98132516551976      h       
    3.35388338797193      0.72415577303523      2.83913418126655      h       
    0.90885761176571      1.27665246933865     -4.87144335167165      h       
   -0.89484685210949      5.46085689015477     -3.99066556031706      h       
    1.58143923492202      4.90550480566371      3.67303178117913      h       
    3.41472549473313     -1.84017108938785     -1.84419842342537      c       
    1.66817119690922     -3.75675785280812     -3.17651458862078      c       
    4.26054982881193     -2.73475347856067     -0.15272035099895      h       
    5.01028280152516     -1.42774478182852     -3.13888610811903      h       
    0.41355162384084     -2.54465442062966     -5.50625030887432      c       
    1.49861867008152     -2.25924229140820     -7.63628432156837      o       
   -1.92463093715528     -1.55074389519701     -5.05100444288009      o       
   -3.05273076160256     -2.23507954689224     -6.51914343173858      h       
    3.07284608083291     -6.04856049737422     -4.01736497960464      n       
    0.11473489049258     -4.32916282281359     -1.90937925474518      h       
    2.58018405429876     -7.54226938271189     -2.85814381907030      h       
    2.49081588628425     -6.56058827936798     -5.80668768401644      h       
  -.17973509434523D-01  0.26697711128505D-01  -.18370449654544D-01
  -.17201535937848D-01  0.35127095720834D-01  -.50934436942983D-02
  -.26454494457775D-03  0.19400543590063D-01  0.28702553053188D-01
  -.90817873970501D-02  -.27673659112096D-01  -.33477968534307D-01
  0.30101391743292D-01  -.31693639203041D-01  0.14938373887540D-01
  0.86254729550300D-02  -.11359094773647D-01  0.13919989349364D-01
  -.18268700515961D-02  -.55698495050084D-02  -.12292894212788D-01
  0.13809987762283D-01  -.19327469148091D-01  0.14023996954647D-01
  -.22259905455283D-02  0.42104103368007D-02  0.27003290299861D-02
  -.30648036760125D-01  -.13372353540899D+00  -.19720065950685D-01
  -.14457645107385D-03  -.31201654905157D-03  -.95269973802559D-03
  0.11302578971487D-02  -.65629053594383D-03  0.15536848357061D-02
  -.24336610873727D-01  0.66043822151704D-02  -.13041149936923D-01
  -.14432210893659D-02  0.62137783318369D-02  0.50659679397420D-01
  0.99470385738988D-04  0.41292450223222D-02  -.48483162317362D-03
  -.30371180687725D-02  0.18999986410161D-02  0.10093009385702D-02
  0.60763459675444D-01  0.12661327323317D+00  -.12126547854746D+00
  -.45282476397644D-01  -.76220780622210D-02  0.97009118449985D-01
  0.57863451098656D-01  0.36755229736372D-01  0.48698785734279D-01
  -.11409284172943D-01  -.21232641888222D-01  -.19014339660943D-01
  -.12557289508479D-01  -.26517515238859D-01  -.29658619165878D-01
  0.58387853435848D-02  -.39424366369614D-02  -.73147752058233D-02
  0.37231792577901D-03  0.94165414629160D-02  -.70429796589375D-02
  -.11717431537021D-02  0.12562016643127D-01  0.14513883953101D-01
  cycle =      4    UFF energy =      0.0877221191   |dE/dxyz| =  0.203002
    0.05919166030099      4.43476745446347     -2.35658731574236      c       
    0.29347767761656      5.34507972690613      0.05885844881685      c       
    1.50483745475299      3.94134700025082      1.86260188083026      c       
    1.05702030047712      2.10856550642766     -2.94758401699198      c       
    2.27962509026636      0.66561996328003     -1.15119765625238      c       
    2.49376923100877      1.60644524933433      1.27019666619289      c       
   -0.67431703325779      7.66861619003072      0.76205622071578      o       
   -1.49882014320866      8.55618314740590     -0.68132516551976      h       
    3.44831508747044      0.54439251833104      2.74453015593557      h       
    0.86182785765003      1.37595215690539     -4.85766569560291      h       
   -0.91113595094394      5.52329794674806     -3.80085288002722      h       
    1.67654483227522      4.69033293821260      3.76717520254680      h       
    3.44138547334209     -1.82465849743009     -1.98340145370503      c       
    1.63040681291941     -3.72332877382482     -3.25756382510009      c       
    4.36449099479228     -2.75518096682586     -0.34603259735416      h       
    4.98013537488257     -1.38614152599095     -3.34543056618889      h       
    0.28657297358371     -2.52917092250611     -5.53443882893241      c       
    1.40054767578378     -2.13915846860612     -7.72036569475519      o       
   -2.06039930851707     -1.52681876136457     -5.07792816860895      o       
   -3.15750633264925     -2.01263125125454     -6.63139808099138      h       
    3.04846028683663     -5.99931318423346     -4.08610775957096      n       
    0.11984781280022     -4.27805800780640     -1.91674241256709      h       
    2.60327932058539     -7.49736446161295     -2.89853365305175      h       
    2.48060082212668     -6.54055119581716     -5.88418802645631      h       
  -.12035265666288D-01  0.17818633629124D-01  -.12651057742293D-01
  -.11405515675739D-01  0.23115337412659D-01  -.38753420246319D-02
  -.20874206790095D-03  0.13193755577709D-01  0.19230897286320D-01
  -.60536811271557D-02  -.19117474679404D-01  -.22604966932326D-01
  0.19664201915961D-01  -.21359983135442D-01  0.10020554805820D-01
  0.57663117052022D-02  -.74921352676070D-02  0.96075403995787D-02
  -.76699006924694D-03  -.38678553537676D-02  -.64146263385733D-02
  0.83555067156621D-02  -.11639873940070D-01  0.80684207999923D-02
  -.11271792740385D-02  0.24191756052108D-02  0.22782134903220D-02
  -.21808218048472D-01  -.95385891091776D-01  -.14092190691342D-01
  -.35458596746673D-03  0.69517346750081D-04  -.10425884504696D-02
  0.75708986397912D-03  -.21314142923632D-03  0.14458668636519D-02
  -.15854782261715D-01  0.40364679658546D-02  -.86922122179570D-02
  -.85926692063496D-03  0.42126543471654D-02  0.33041268125559D-01
  0.45416126191458D-03  0.23942982535150D-02  0.17607940386127D-03
  -.15365130382914D-02  0.12917097251686D-02  0.20772817875138D-03
  0.38897775170301D-01  0.87115309996201D-01  -.78616605265587D-01
  -.29118978831978D-01  -.35749732639462D-02  0.63327639051516D-01
  0.42884625334762D-01  0.28439035881714D-01  0.36213068071563D-01
  -.10517931963901D-01  -.16188358956412D-01  -.16432344563831D-01
  -.80481859248771D-02  -.16850539899527D-01  -.19696356228928D-01
  0.35229064053301D-02  -.27488381738652D-02  -.44860527188842D-02
  0.22738313468110D-03  0.59309351046532D-02  -.43994224658218D-02
  -.83412467008828D-03  0.84022343453307D-02  0.93864891637082D-02
  cycle =      5    UFF energy =      0.0768555337   |dE/dxyz| =  0.167880
    0.03086584451145      4.43901366588076     -2.17605435353965      c       
    0.30999485506678      5.26717678480611      0.26080699991900      c       
    1.53538604723925      3.79495132884815      1.99381224921597      c       
    1.00905023054233      2.13597217680634     -2.86005589923351      c       
    2.26450613416008      0.63920497971588     -1.14468851629791      c       
    2.51579197518122      1.48755135678462      1.30321857295004      c       
   -0.61617887952872      7.58569177529699      1.05533113170552      o       
   -1.30246553065774      8.62317791876304     -0.38132516551976      h       
    3.50317525444393      0.37237027121979      2.71767333797273      h       
    0.78493347547159      1.46775050798577     -4.78455632663297      h       
   -0.96014541318668      5.58089120396046     -3.56551357803337      h       
    1.74053470990906      4.47904062348260      3.92035925502661      h       
    3.44654761647636     -1.80171158277756     -2.09500204553230      c       
    1.62509548267575     -3.67121845344041     -3.39571261203329      c       
    4.41055410858026     -2.78645019091318     -0.51065171575978      h       
    4.95484714380717     -1.30034004601785     -3.47218283899652      h       
    0.24049140514093     -2.45758975198293     -5.64120374765458      c       
    1.26560526148897     -2.18772573373318     -7.91667047573914      o       
   -2.11704195812015     -1.47294064874803     -5.16633926290165      o       
   -3.20030953402677     -1.86034771592831     -6.74930185478393      h       
    3.05127979585783     -5.93186710558211     -4.24441266981719      n       
    0.12750877487441     -4.24404530199073     -2.04322272114293      h       
    2.62180827952196     -7.44534167823886     -3.06615802266776      h       
    2.48632289146530     -6.46499060317417     -6.05007496288478      h       
  -.10232430463060D-01  0.14947925072674D-01  -.11045883059606D-01
  -.96408306348629D-02  0.19263395120871D-01  -.34237671593432D-02
  -.17226925591955D-03  0.11265649874662D-01  0.16489874472455D-01
  -.51250742928676D-02  -.16152811122144D-01  -.19340341873409D-01
  0.16314249119258D-01  -.17985407282820D-01  0.84018450051487D-02
  0.49895158188334D-02  -.64172136388753D-02  0.84197208235088D-02
  0.77088934020720D-03  -.51031003763588D-02  -.10838008024291D-02
  0.52757800832240D-02  -.67183718840639D-02  0.29541920990839D-02
  -.66345577423211D-03  0.17140520986387D-02  0.22949732783354D-02
  -.17949941516723D-01  -.80353935207164D-01  -.12258662209007D-01
  -.53007723792257D-03  0.28184226590679D-03  -.12444648983429D-02
  0.67101152073191D-03  -.10043710017392D-04  0.16385515246536D-02
  -.13136371658304D-01  0.28078144592012D-02  -.75847153590517D-02
  -.51577113667757D-03  0.34493775821821D-02  0.27390307125746D-01
  0.59983307231604D-03  0.16525577442665D-02  0.49560372271390D-03
  -.10446008707202D-02  0.10979912526838D-02  -.15185296413936D-03
  0.31569352461533D-01  0.72683574434782D-01  -.62822693087007D-01
  -.23667347365555D-01  -.21194138997725D-02  0.50562578699193D-01
  0.36006715677974D-01  0.23886889800843D-01  0.30887255852005D-01
  -.92823248657630D-02  -.13791323122990D-01  -.14701107384458D-01
  -.66299208934510D-02  -.14005380757608D-01  -.16345949431493D-01
  0.29110845122329D-02  -.22794866183627D-02  -.36589619683253D-02
  0.18424812110749D-03  0.48653824163528D-02  -.36214958347516D-02
  -.70226376136154D-03  0.70200354971134D-02  0.77487934285192D-02
  cycle =      6    UFF energy =      0.0680455540   |dE/dxyz| =  0.138761
    0.04768222893722      4.43939103670332     -2.05876653014098      c       
    0.34694291091767      5.19117329299972      0.39721645267900      c       
    1.61295142671408      3.67976045256597      2.06049038794893      c       
    1.03141266520475      2.17132609837706     -2.82697583176730      c       
    2.30865849365259      0.62988045624721     -1.17719195642327      c       
    2.59395039755000      1.40357771230466      1.28731673989622      c       
   -0.61317374793396      7.46953241247774      1.28428337842164      o       
   -1.46592128492811      8.49952076294124     -0.08132516551976      h       
    3.60684005323302      0.24670372273776      2.65050732947471      h       
    0.78442555429372      1.56180066313169     -4.76794692172520      h       
   -0.97104579114121      5.61671005071393     -3.39817534944020      h       
    1.83633235482581      4.30473658892163      4.00521788431247      h       
    3.47314412741998     -1.79004256481393     -2.20498879016580      c       
    1.60587067031024     -3.63383510030009     -3.48028553452146      c       
    4.48075136723758     -2.80603876985467     -0.66628467432687      h       
    4.94274791519412     -1.26764938241175     -3.61754286333989      h       
    0.17863979400070     -2.39659722934744     -5.68249372054508      c       
    1.19923492311105     -2.05520699069683     -7.97478521801607      o       
   -2.17599363322117     -1.41070501128056     -5.17332760626138      o       
   -3.24988330784261     -1.67808324693472     -6.78090727734655      h       
    3.00849494674630     -5.89487281793209     -4.36105014638056      n       
    0.13404825753095     -4.20087883391227     -2.09333752626413      h       
    2.59124521371849     -7.41615738180333     -3.18453475686725      h       
    2.42080243536607     -6.41582213981278     -6.16703752606139      h       
  -.84620188336498D-02  0.12338111752299D-01  -.94049166182950D-02
  -.77463160727808D-02  0.15680306088465D-01  -.29538159062781D-02
  -.85547896998185D-04  0.93052835220758D-02  0.13825867702727D-01
  -.41863250560469D-02  -.13501476933636D-01  -.16178289293961D-01
  0.13372167747064D-01  -.15054657508791D-01  0.68712887743612D-02
  0.42511717708254D-02  -.54765419890901D-02  0.71663741597363D-02
  0.19975764363591D-02  -.53765448535247D-02  0.21455575595173D-02
  0.23677701976130D-02  -.31775257080841D-02  -.17055352800460D-03
  -.35702421368471D-03  0.11941445657109D-02  0.21327324029289D-02
  -.14938688234175D-01  -.66947163924553D-01  -.10401398395328D-01
  -.60407393591067D-03  0.40487540796268D-03  -.12849461952239D-02
  0.56960846501299D-03  0.11875136873722D-03  0.16517516078862D-02
  -.10662209603184D-01  0.21134622066578D-02  -.63188148334386D-02
  -.47702455188106D-03  0.28627160262036D-02  0.22402739844344D-01
  0.68896255347032D-03  0.11888480263637D-02  0.65107998485217D-03
  -.68372319250602D-03  0.88032432058969D-03  -.31345370786760D-03
  0.25529639327654D-01  0.59809376600499D-01  -.51077467621295D-01
  -.19177179533857D-01  -.13962140211317D-02  0.40885320206775D-01
  0.30511321291891D-01  0.20435790058843D-01  0.26772445024611D-01
  -.84820327980637D-02  -.11724854578199D-01  -.13426759070597D-01
  -.52432803827542D-02  -.11512936450435D-01  -.13380420645720D-01
  0.22816535059824D-02  -.18481597650036D-02  -.28842810590366D-02
  0.15216003498971D-03  0.39498037610677D-02  -.29417052952632D-02
  -.61658702536999D-03  0.57342820269727D-02  0.62316649025684D-02
  cycle =      7    UFF energy =      0.0629007237   |dE/dxyz| =  0.120494
    0.05327144408387      4.43681758830150     -1.91552798403878      c       
    0.38550360511110      5.11085389340743      0.55695109035727      c       
    1.67909065849505      3.55105455399668      2.15000415223567      c       
    1.02868505881059      2.19947641406817     -2.76900548966641      c       
    2.32966496422345      0.61023824172570     -1.19112542538872      c       
    2.65173438057923      1.30429014806806      1.29063347461468      c       
   -0.57100466120629      7.35972406045405      1.53098740168811      o       
   -1.46832265719798      8.42446534823446      0.21867483448024      h       
    3.68860111177598      0.10448349666712      2.59889080376766      h       
    0.75460056748213      1.65195183529000     -4.72266900921181      h       
   -0.98737264346277      5.65455637496277     -3.20180766317751      h       
    1.92930717426086      4.11490759667772      4.11061933581977      h       
    3.48308460308829     -1.77587825738063     -2.31204803997864      c       
    1.58915942318590     -3.59118105466129     -3.59138530846383      c       
    4.52727167510634     -2.83175858041326     -0.82363011918861      h       
    4.92017733393578     -1.21337958757370     -3.74371406871246      h       
    0.11628975201837     -2.31884541102088     -5.74395113467323      c       
    1.08558712544525     -1.96535856153680     -8.07127858869138      o       
   -2.23265803491349     -1.33755969005282     -5.18203774843699      o       
   -3.31431695516047     -1.51328154945857     -6.79246238822121      h       
    2.98117519306027     -5.83679138160477     -4.52541376502012      n       
    0.14243291953440     -4.17943564192672     -2.18421763530116      h       
    2.58579327135331     -7.37827600484695     -3.36490862633524      h       
    2.37040266129084     -6.33285005035497     -6.33350332083682      h       
  -.74895758481033D-02  0.10866878194771D-01  -.84449233587241D-02
  -.67037844214437D-02  0.13601290544580D-01  -.25997133924284D-02
  -.35695242210263D-04  0.81868052098314D-02  0.12340129568909D-01
  -.36436954481828D-02  -.11783431340396D-01  -.14355162667326D-01
  0.11577805436297D-01  -.13263346749458D-01  0.59054672248048D-02
  0.38679801527324D-02  -.49615086188736D-02  0.64891424352953D-02
  0.17540362450593D-02  -.43493628930739D-02  0.26174741337694D-02
  0.16650349557883D-02  -.22577459435664D-02  -.58171280280512D-03
  -.98739640322460D-04  0.79331682562963D-03  0.21133617369028D-02
  -.12943492488763D-01  -.58148259671277D-01  -.92134667133551D-02
  -.71243209417238D-03  0.56553897933556D-03  -.13650163205033D-02
  0.52983039973828D-03  0.21648594048750D-03  0.17793776730726D-02
  -.91523976474313D-02  0.15292109206201D-02  -.56731511966559D-02
  -.37902849257281D-03  0.25187497614743D-02  0.19418205887869D-01
  0.79263148852362D-03  0.80004941762260D-03  0.81374615079404D-03
  -.44866548597810D-03  0.75524572005067D-03  -.46541937516654D-03
  0.21945623940628D-01  0.51777714869560D-01  -.44059000071188D-01
  -.16467654587225D-01  -.11077514679996D-02  0.34835373973195D-01
  0.26542206321743D-01  0.17975194294196D-01  0.24004166500816D-01
  -.77866828032978D-02  -.10283252499008D-01  -.12387928506010D-01
  -.42705996590855D-02  -.10025377323904D-01  -.11566632981941D-01
  0.19022778743349D-02  -.15861008952495D-02  -.23689588603325D-02
  0.11876594599830D-03  0.32854668294213D-02  -.24488360968361D-02
  -.56374890205379D-03  0.48941898952259D-02  0.52134770578438D-02
  cycle =      8    UFF energy =      0.0580014260   |dE/dxyz| =  0.101256
    0.08716683816588      4.43475182403454     -1.77459529822713      c       
    0.44984808525389      5.02078689285425      0.71419487051959      c       
    1.75563228055783      3.40228065168863      2.23377329409770      c       
    1.04331907307989      2.22902241596089     -2.71780432693603      c       
    2.35296719263817      0.58096781025568     -1.21368485830160      c       
    2.70785523263454      1.18521342636983      1.28513813190246      c       
   -0.48834752927720      7.24162169303954      1.77707097229044      o       
   -1.41205453591167      8.35125143978036      0.51867483448024      h       
    3.75577229974683     -0.06607652564576      2.53644440398433      h       
    0.74194425672574      1.75413618790576     -4.68646524984913      h       
   -0.96375595366743      5.70150920915600     -3.00482823916020      h       
    2.03083600719334      3.89693834501969      4.21017197242560      h       
    3.48142286936676     -1.77572790930987     -2.42474839098432      c       
    1.55253880397054     -3.55687679749724     -3.70278890250426      c       
    4.56036663541103     -2.87242123328410     -0.99008251293816      h       
    4.88464119630783     -1.17878344230511     -3.87693384750362      h       
    0.02386365007037     -2.23119823270141     -5.78094467707847      c       
    0.97303834348339     -1.74321227782152     -8.11113806492305      o       
   -2.31817383825873     -1.26957801965555     -5.14489444030574      o       
   -3.40690279414856     -1.31989758876306     -6.75600495018163      h       
    2.92777142892957     -5.77601688534134     -4.72159660871338      n       
    0.14221261282839     -4.17903163152756     -2.27025400471084      h       
    2.57279840905294     -7.34620804586322     -3.58309179248082      h       
    2.27339740674658     -6.23522752532755     -6.52753753728062      h       
  -.65063859445930D-02  0.93553628292199D-02  -.74404393351389D-02
  -.56586053184450D-02  0.11492251263696D-01  -.21954213357420D-02
  0.27165930774104D-04  0.70249871769056D-02  0.10822796355963D-01
  -.30872936620223D-02  -.10001004335166D-01  -.12462285797461D-01
  0.97803545288709D-02  -.11452183468772D-01  0.48650013519697D-02
  0.34811793219708D-02  -.44249093189939D-02  0.57861499674900D-02
  0.14786183872618D-02  -.32936466904829D-02  0.29731979672581D-02
  0.10373278602159D-02  -.14254793524422D-02  -.87298548265152D-03
  0.15038887788971D-03  0.39901621310917D-03  0.20674844966122D-02
  -.11047581805106D-01  -.49282293750937D-01  -.81786562108829D-02
  -.81725049297611D-03  0.72360682141361D-03  -.14313069214098D-02
  0.49754288206278D-03  0.30206514854044D-03  0.19169791145092D-02
  -.75968254858014D-02  0.10228360654107D-02  -.49671928860370D-02
  -.35970670197452D-03  0.23654427773522D-02  0.16611841623257D-01
  0.88784377669371D-03  0.44171073384070D-03  0.94293707472934D-03
  -.24591334380413D-03  0.61678464414507D-03  -.57452311750849D-03
  0.17804227238422D-01  0.42847825233052D-01  -.35936557632383D-01
  -.13214318182670D-01  -.21373036071349D-03  0.27510899321558D-01
  0.22801626130387D-01  0.15848641891139D-01  0.21890210088742D-01
  -.74054642113030D-02  -.88337977429555D-02  -.11924376889116D-01
  -.29456447234933D-02  -.86632883369074D-02  -.97810593682839D-02
  0.14582457963421D-02  -.13177529233961D-02  -.17484949633493D-02
  0.64869689192475D-04  0.24652951909634D-02  -.18139720969470D-02
  -.58440054789345D-03  0.40022602919784D-02  0.39397746748228D-02
  cycle =      9    UFF energy =      0.0564458632   |dE/dxyz| =  0.093408
    0.10889832675136      4.42179914062644     -1.62370654714104      c       
    0.50481361251401      4.92508879284115      0.87775921986480      c       
    1.82630836542677      3.25430735107805      2.32537456182847      c       
    1.04732646926801      2.24746720177611     -2.65064287595849      c       
    2.37035490687008      0.54699355770087     -1.22110137136570      c       
    2.76027416969256      1.06717411895414      1.29163268585859      c       
   -0.41481731532471      7.11413273164308      2.02569414575894      o       
   -1.35906273098370      8.26491579869968      0.81867483448024      h       
    3.82262468834982     -0.22800280521014      2.48616063124118      h       
    0.72016490584594      1.83998228452852     -4.62845612755015      h       
   -0.95451913459484      5.73116778493071     -2.79861704243852      h       
    2.12856046518401      3.68383623537890      4.31382110868408      h       
    3.47957464325757     -1.77007799549362     -2.52954391261616      c       
    1.53073011008731     -3.51461984623550     -3.83247237701731      c       
    4.58512192823104     -2.91195748912629     -1.14989852120375      h       
    4.85660103663841     -1.12502976373917     -3.98716003150491      h       
   -0.06212726589999     -2.12684355325211     -5.82326905787921      c       
    0.82407173035268     -1.53892928093573     -8.16430843578300      o       
   -2.38982662021160     -1.19119537159959     -5.08926145009389      o       
   -3.51363910708618     -1.16413180833506     -6.67519929113042      h       
    2.90005999034343     -5.68592616163519     -4.96233170463946      n       
    0.15979809913621     -4.19986649300013     -2.38767035489602      h       
    2.59975562172981     -7.29736758331989     -3.86282170820292      h       
    2.19711107532387     -6.09469306525399     -6.76458160067466      h       
  -.62265652991935D-02  0.88893868196467D-02  -.71803924699194D-02
  -.52541736744809D-02  0.10680953240711D-01  -.20157920144896D-02
  0.89307627253430D-04  0.65964779630067D-02  0.10452729015058D-01
  -.29082919811220D-02  -.92284601254371D-02  -.11916533546464D-01
  0.90992889861564D-02  -.10787405323153D-01  0.44429082485764D-02
  0.34432935935663D-02  -.43599269842436D-02  0.56471576729371D-02
  0.13559462134628D-02  -.26980166815073D-02  0.34438146736742D-02
  0.64850631574487D-03  -.90680305061797D-03  -.11205301797080D-02
  0.35216650216604D-03  0.11389683287193D-03  0.21608918028097D-02
  -.10213315133370D-01  -.45356724310000D-01  -.78280979019866D-02
  -.95402321536560D-03  0.90449967031530D-03  -.15615201538110D-02
  0.51599116607025D-03  0.36633381272686D-03  0.21564532963338D-02
  -.70073745214634D-02  0.71386660770737D-03  -.48168853434150D-02
  -.32733905429283D-03  0.26108636825018D-02  0.15919068055310D-01
  0.10249679997351D-02  0.14521410886552D-03  0.11228587422863D-02
  -.10770327960589D-03  0.59345568026777D-03  -.73263702013987D-03
  0.16306115640952D-01  0.39039808258674D-01  -.32888863384391D-01
  -.11804462455306D-01  0.24859995538030D-03  0.24046965668720D-01
  0.20590715692733D-01  0.15074948789529D-01  0.21241887382328D-01
  -.73016918653349D-02  -.81657450111207D-02  -.11769488574769D-01
  -.17610501115589D-02  -.83849182466185D-02  -.94214977621510D-02
  0.11342148614021D-02  -.12815526353142D-02  -.12064950179548D-02
  -.78266940882652D-05  0.16649936350334D-02  -.12088400908657D-02
  -.68669731405892D-03  0.35262533107751D-02  0.30328389020325D-02
  cycle =     10    UFF energy =      0.0430898308   |dE/dxyz| =  0.051861
    0.10010249452320      4.44464046949848     -1.52122301114022      c       
    0.53269062713208      4.84465773148942      0.98770072818531      c       
    1.89852434549522      3.13605691591495      2.33052572272833      c       
    1.04232604459676      2.33942811580177     -2.66604285348499      c       
    2.41440622192721      0.60949502185113     -1.32819352881041      c       
    2.83797880036247      1.02097586859100      1.18890004890982      c       
   -0.40152895510840      6.97563924895432      2.24182775462554      o       
   -1.41437374576338      8.15521298405734      1.11636848476789      h       
    3.93277226592488     -0.31741364672107      2.30456910326187      h       
    0.66580936294597      2.01359179689875     -4.66330805958338      h       
   -1.00460121022662      5.79141297424549     -2.61087999412926      h       
    2.22762796401161      3.48002572109691      4.32973093921218      h       
    3.50929684938309     -1.67353920309971     -2.68662412382411      c       
    1.48536952920232     -3.45032344759153     -3.80611929576185      c       
    4.72495357906552     -2.78702679495463     -1.37335808034646      h       
    4.77860350699146     -1.02496958500381     -4.24356244363084      h       
   -0.05036198320040     -2.14819644533545     -5.88344393109856      c       
    0.89129341398101     -1.83238711225444     -8.30169203852688      o       
   -2.41161485808049     -1.16199633791709     -5.30346517997233      o       
   -3.39470944479922     -0.91428434859846     -6.96388742892117      h       
    2.78048086426774     -5.75844241665544     -4.74716674408883      n       
    0.09680501217062     -3.95614359992403     -2.29011648501820      h       
    2.34578509363504     -7.28949179960075     -3.56282170820292      h       
    2.14052219246450     -6.24869832972131     -6.55964309753040      h       
  -.30938261476002D-02  0.45484233328266D-02  -.35542441079577D-02
  -.23556240276833D-02  0.50344124380184D-02  -.97112752992874D-03
  0.16398887870061D-03  0.32732560467106D-02  0.54777654916634D-02
  -.14173423780901D-02  -.52205405654442D-02  -.63068755509848D-02
  0.40573049017259D-02  -.63216652253029D-02  0.17976851795198D-02
  0.19509619573103D-02  -.26840757878671D-02  0.28846432853630D-02
  0.82046141447865D-03  -.10026616608256D-02  0.31013835674450D-02
  -.48328034411927D-03  0.54571719541433D-03  -.10589585658694D-02
  0.55398934556818D-03  -.48269045774637D-03  0.12879366350316D-02
  -.64827162119899D-02  -.26329639945932D-01  -.64034770619873D-02
  -.83604444504787D-03  0.93481161905393D-03  -.10392898251979D-02
  0.35043537851946D-03  0.25023170151496D-03  0.16471182343363D-02
  -.33950468970603D-02  0.17993825596182D-02  -.14361261406860D-02
  -.14919609100540D-02  0.34658427551820D-02  0.77227132507122D-02
  0.11946712066958D-02  -.44485366197674D-03  0.13663072830443D-02
  0.85169680606907D-03  0.73858859027332D-03  -.15558502285933D-02
  0.87833841756860D-02  0.23795877322786D-01  -.67487320313316D-02
  -.30992116852970D-02  0.43674152611085D-03  0.40956962568586D-02
  0.12264150585417D-01  0.74860171929027D-02  0.16550737834162D-01
  -.83794394477316D-02  -.27328498141044D-02  -.12259477531614D-01
  0.23697894945932D-02  -.50582273207094D-02  -.78410505691905D-02
  -.96649527748608D-03  -.11523016661455D-02  0.15201500258959D-02
  -.66850551238534D-03  -.21776711696528D-02  0.16591331549787D-02
  -.69134086021969D-03  0.12978749952954D-02  0.63938944331287D-04
  cycle =     11    UFF energy =      0.0406683093   |dE/dxyz| =  0.042193
    0.20843181135010      4.46145983597059     -1.40847769797124      c       
    0.62517070881047      4.77066297190548      1.11528989732431      c       
    1.93849196203959      2.98907481148548      2.41419237876288      c       
    1.11424194979533      2.37556105547348     -2.61201784692096      c       
    2.42707294714050      0.57048094920959     -1.31753639745718      c       
    2.83708231617169      0.89050917394403      1.21443479004426      c       
   -0.27048723510101      6.88518214282147      2.42604625980946      o       
   -1.25117073287997      8.12034359143684      1.33082649173853      h       
    3.88703891649839     -0.51095434550976      2.29687930962480      h       
    0.75901810161012      2.12809999627817     -4.62283315207826      h       
   -0.85234185127482      5.86925879628739     -2.46526161528768      h       
    2.25735619799787      3.26170553892637      4.42620732671106      h       
    3.46146883514467     -1.70830087995818     -2.72928127586113      c       
    1.38593994147556     -3.40201649579063     -3.88640043490863      c       
    4.64491305738263     -2.88465459062031     -1.44119153176605      h       
    4.75062955816845     -1.06174136113380     -4.26899088584134      h       
   -0.06291018597347     -2.03974495566228     -5.99011144621075      c       
    0.95747382289941     -1.73133471616245     -8.38089824084750      o       
   -2.40960202310406     -0.98596520287648     -5.46773203338625      o       
   -3.32615946036094     -0.65963523485756     -7.14740371011333      h       
    2.60983152753710     -5.75882112235336     -4.79673105662755      n       
   -0.04827749782982     -3.85262734097783     -2.39569014539471      h       
    2.04578509363504     -7.28547762016524     -3.65623492385785      h       
    2.03916020975192     -6.19284121664957     -6.64900928188074      h       
  -.26903576587676D-02  0.37909385456417D-02  -.32093112945529D-02
  -.19546217221466D-02  0.41306315290754D-02  -.70193553519136D-03
  0.32657955236109D-03  0.24651099480943D-02  0.47881275257181D-02
  -.13295941139836D-02  -.38914516317079D-02  -.53600373831941D-02
  0.33835513064678D-02  -.51606165039172D-02  0.12992904493779D-02
  0.18044199698179D-02  -.23721149637098D-02  0.26728758127810D-02
  0.78364390793481D-03  -.75887917500137D-03  0.29781730726526D-02
  -.70836901171458D-03  0.84232774208373D-03  -.11617640970729D-02
  0.71496338026360D-03  -.71006399839940D-03  0.13530289956077D-02
  -.51388275501898D-02  -.20884931816803D-01  -.54104174076367D-02
  -.92702782267959D-03  0.10421827720073D-02  -.11467912758770D-02
  0.38023250356084D-03  0.20267318273297D-03  0.17052825333543D-02
  -.22833832743211D-02  0.14616812608844D-02  -.12661688713325D-02
  -.14375305836908D-02  0.26881537805907D-02  0.59404391806054D-02
  0.11752892375426D-02  -.58057859719378D-03  0.12942260073893D-02
  0.70951295820370D-03  0.63754334182455D-03  -.12433686911844D-02
  0.68403668274483D-02  0.18945766759442D-01  -.51248803470153D-02
  -.22103922219056D-02  0.48639796111108D-03  0.25791861392373D-02
  0.96723587933556D-02  0.61044910600973D-02  0.13846523628105D-01
  -.73875984364269D-02  -.19857809480119D-02  -.10610065889761D-01
  0.34276818195919D-02  -.29224079246515D-02  -.62014235414306D-02
  -.11076081166410D-02  -.10729170840333D-02  0.14222082309791D-02
  -.10398864490012D-02  -.34516714096502D-02  0.25987532030199D-02
  -.10034032950797D-02  0.99351616949360D-03  -.10419504445786D-02
  cycle =     12    UFF energy =      0.0388078708   |dE/dxyz| =  0.037091
    0.13100617135827      4.47173104516186     -1.47685892925850      c       
    0.53486767647959      4.80466917235444      1.04461617363403      c       
    1.87149348153624      3.05432028274653      2.35832822296521      c       
    1.07328847272295      2.39462754896245     -2.66542180959474      c       
    2.41584729887929      0.62306893341570     -1.35351031613087      c       
    2.80902680602132      0.96611695353519      1.17604930173409      c       
   -0.39903177504482      6.91405488013723      2.33687588016881      o       
   -1.39494297063492      8.12684707633067      1.23114721110172      h       
    3.87785620240237     -0.41020611907302      2.27119736215154      h       
    0.72071303489534      2.13029661984521     -4.67662913787340      h       
   -0.95002936034801      5.85497048043435     -2.54401819464702      h       
    2.17831876585133      3.34459585036872      4.36882285341718      h       
    3.49994324774025     -1.65256227560572     -2.73205767623160      c       
    1.45828889050828     -3.42297666683261     -3.83063442472530      c       
    4.72961406616372     -2.77220520896048     -1.43632275768750      h       
    4.75575548693870     -1.00175924147974     -4.29693288530790      h       
   -0.02173451339998     -2.14225184529150     -5.95728790621955      c       
    0.99911215339716     -1.84953114492822     -8.35123247521392      o       
   -2.39554687541103     -1.13873276715676     -5.45913008646828      o       
   -3.28860240685755     -0.79759089319790     -7.14277062891692      h       
    2.72947424412820     -5.77065350673513     -4.69038489563236      n       
    0.03789004268451     -3.86879555174653     -2.32684937470572      h       
    2.34578509363504     -7.24912274732206     -3.39930518159506      h       
    2.00976473722512     -6.36068709392153     -6.45961554736555      h       
  -.22246342837008D-02  0.31635141188245D-02  -.26185013689530D-02
  -.15869589657301D-02  0.33695313911497D-02  -.58253692079382D-03
  0.28249506951950D-03  0.20088463036272D-02  0.39568836612925D-02
  -.11292872893995D-02  -.30710993486301D-02  -.44269194255290D-02
  0.28025312488655D-02  -.41949862852680D-02  0.10889633523993D-02
  0.15089557886006D-02  -.20089909738360D-02  0.21802095675220D-02
  0.61708923416246D-03  -.54315457345223D-03  0.25184358208724D-02
  -.62978984015399D-03  0.76458426362116D-03  -.98294830877734D-03
  0.62798222627655D-03  -.64708323163553D-03  0.11300835065750D-02
  -.43219278738564D-02  -.17033538790855D-01  -.45578495156366D-02
  -.79560236053606D-03  0.91351812224226D-03  -.96165270264264D-03
  0.31597144477718D-03  0.16502627053106D-03  0.14174236703675D-02
  -.17085434377164D-02  0.14374744695028D-02  -.10051499089547D-02
  -.15325593727812D-02  0.19976058633438D-02  0.47249157211285D-02
  0.11795824159138D-02  -.69712030717905D-03  0.12801375841350D-02
  0.66962669259078D-03  0.63491212915266D-03  -.10705954963361D-02
  0.56276182072522D-02  0.15592537714770D-01  -.42924479659581D-02
  -.17984015378364D-02  0.38424275863247D-03  0.20675500958549D-02
  0.75910957328662D-02  0.51319022538139D-02  0.11291190614578D-01
  -.60168097083604D-02  -.16106630193216D-02  -.86711946224607D-02
  0.68936934839737D-02  0.36434772101385D-02  -.36858812820350D-02
  -.99418406286213D-03  -.84774332815754D-03  0.12034564508040D-02
  -.20792534139472D-02  -.78893514230666D-02  0.65104924455035D-02
  -.32986893979178D-02  -.66344158794864D-03  -.65140649729551D-02
  cycle =     13    UFF energy =      0.0340314819   |dE/dxyz| =  0.015228
    0.04463276740603      4.47491281304416     -1.34814289780015      c       
    0.41361005972044      4.67900394794277      1.18941212356916      c       
    1.76296259737105      2.88651779339212      2.41783561659265      c       
    1.03606896454760      2.48901075627838     -2.64231120037929      c       
    2.40183503019336      0.68105002510801     -1.41240482727025      c       
    2.75188364216590      0.89061882069999      1.13444042235596      c       
   -0.57022190029327      6.70519684510363      2.57879968069274      o       
   -1.57714030242674      7.95786437015829      1.53114721110172      h       
    3.82878102620550     -0.52532638169527      2.16566761807194      h       
    0.70447350565641      2.33972253514669     -4.67043781831744      h       
   -1.04811471760598      5.89576089967536     -2.34683199588242      h       
    2.03942829168019      3.07133694241734      4.44431073550387      h       
    3.54087420855038     -1.51951797043276     -2.86396384287164      c       
    1.53130109127991     -3.35817980802813     -3.89175046843543      c       
    4.86641084073699     -2.59993227756419     -1.63273254244536      h       
    4.71453945139883     -0.80253876310620     -4.46233913836760      h       
    0.05653808049366     -2.17400741374127     -6.06160349023274      c       
    1.16288466928352     -1.83391467773138     -8.41882597181752      o       
   -2.37067631478662     -1.26140685562101     -5.65067983805311      o       
   -3.13227272579676     -0.75279057715684     -7.34753670123539      h       
    2.83736585250472     -5.71291983034667     -4.64585453796216      n       
    0.11017678230974     -3.76216569527662     -2.38221050209573      h       
    2.47269627521620     -7.13214516021510     -3.31094757066027      h       
    2.15012079506180     -6.38792655700935     -6.38496528646581      h       
  -.69211517700949D-03  0.97451204945116D-03  -.77281725133320D-03
  -.16054784505268D-03  0.60788117981097D-03  0.19554870057445D-03
  -.24956130402138D-04  0.10073248781889D-02  0.15751113813889D-02
  -.25543074273835D-03  -.15208560802588D-02  -.17080957914587D-02
  0.35365578359529D-03  -.15942704894464D-02  -.99812252370190D-03
  0.61298890011763D-03  -.80718185667980D-03  0.81186811608912D-03
  -.14738765963186D-03  0.91139042127766D-03  0.18034033213848D-02
  -.41567174497739D-03  0.57339520972451D-03  -.38790328968543D-03
  0.29490335293567D-03  -.35048312408855D-03  0.48248802481138D-03
  -.21927122405967D-02  -.64050785102803D-02  -.26081922491652D-02
  -.32668889273782D-03  0.43955920931713D-03  -.41935619838178D-03
  0.11129844971669D-03  0.28154363284973D-03  0.11394668224531D-02
  -.48881051796138D-03  0.10437172989008D-03  -.41797076907185D-03
  -.36797337267169D-03  0.68755334107990D-03  0.11264789062873D-02
  0.76482646417829D-03  -.93368488900315D-03  0.60379472884882D-03
  0.66497108043544D-03  0.37129519347816D-03  -.75471515196284D-03
  0.16984187624057D-02  0.54201636637493D-02  -.31517460380055D-04
  0.64468190048493D-03  0.89602551588898D-04  -.37735039072827D-03
  0.23878895709431D-02  0.14914002355609D-02  0.73811359282736D-02
  -.27755350885560D-02  0.37226831113976D-03  -.59655705287076D-02
  0.17262625048173D-02  0.37232368945337D-03  -.19119954780573D-03
  -.12251778089419D-03  -.13293870854040D-03  0.34983973214560D-03
  -.43532071476795D-03  -.17393811147932D-02  0.99444736005896D-03
  -.85422886163234D-03  -.22071052346975D-03  -.18307718699335D-02
  cycle =     14    UFF energy =      0.0337979598   |dE/dxyz| =  0.013439
   -0.13249914342354      4.42635142257606     -1.30160863108725      c       
    0.23209836114123      4.62065149069129      1.23663138412012      c       
    1.64899248215308      2.86722278874732      2.44665223336938      c       
    0.93160383896369      2.49036284679421     -2.61537402355086      c       
    2.36868250244323      0.72354571243255     -1.40419049897715      c       
    2.71186901723288      0.92169109438181      1.14389475324403      c       
   -0.82423054249708      6.59773022771189      2.64513608602466      o       
   -1.87551562158868      7.82475189869229      1.60991449967897      h       
    3.84375045402548     -0.46254309769979      2.16074737463372      h       
    0.60351842320453      2.35112620186692     -4.64384028680047      h       
   -1.27884246514656      5.81598337255453     -2.28546692523708      h       
    1.92092066119840      3.04323356395444      4.47400254946379      h       
    3.59814091112929     -1.41725744756910     -2.87527992071504      c       
    1.66571314296854     -3.32997579340633     -3.92070462952600      c       
    4.96589613669515     -2.45365307962824     -1.65180605482734      h       
    4.74625668866294     -0.63928611070758     -4.46433238434151      h       
    0.17790837639140     -2.20504163948424     -6.11292323369832      c       
    1.30479918007467     -1.82712535212326     -8.45486363077893      o       
   -2.28926916573940     -1.38411067712374     -5.73810923132287      o       
   -3.03932453088768     -0.88746672886549     -7.44135844016417      h       
    3.06216916131453     -5.64306644460058     -4.64754363135174      n       
    0.23943032443583     -3.77683744045117     -2.42759029973094      h       
    2.69596898304248     -7.07953670994911     -3.33230085890024      h       
    2.45012079506180     -6.32852631774785     -6.41161142195369      h       
  -.83506731736150D-03  0.12454069475249D-02  -.50700677371578D-03
  -.21046388748460D-03  0.59344160769836D-03  0.32824903862514D-04
  -.27087128895445D-04  0.93134483557876D-03  0.15472184478450D-02
  -.27339793926368D-03  -.12399714527281D-02  -.16283401501715D-02
  0.42133576434413D-03  -.15139162076744D-02  -.70475290658599D-03
  0.74937079828414D-03  -.10806062637417D-02  0.53174359516745D-03
  -.30562148070731D-03  0.11576878984818D-02  0.18804500226009D-02
  -.56199959819552D-03  0.77079722751144D-03  -.42392726437183D-03
  0.45018462919628D-03  -.57482567301403D-03  0.48231872295897D-03
  -.18726278744846D-02  -.53155826311311D-02  -.21820858623497D-02
  -.46937321788002D-03  0.63853914047957D-03  -.42161150713999D-03
  0.88269951272523D-04  0.25444715590931D-03  0.98082012016069D-03
  0.25710312503094D-04  -.45371985753061D-04  -.29651116920572D-03
  -.76233110517742D-03  0.74110558453506D-03  0.10740780005198D-02
  0.86833620198222D-03  -.10039130846889D-02  0.56839298944474D-03
  0.84942774833059D-03  0.46924929036010D-03  -.80531656383502D-03
  0.18429738597911D-02  0.43805829143621D-02  -.18783971047071D-03
  0.78298120091000D-03  0.44601372403788D-04  -.45298102477699D-03
  0.10416307230023D-02  0.15611359716825D-02  0.64005743585808D-02
  -.24033654118278D-02  0.32827667508589D-03  -.50737876539672D-02
  0.21955518867441D-02  -.66249991930025D-04  0.11944854577412D-03
  -.28546946288406D-03  -.12772103575064D-03  0.36244812285686D-03
  -.42318931038920D-03  -.15285314270764D-02  0.90455882034661D-03
  -.88577934180930D-03  -.61992686812509D-03  -.22007160635280D-02
  cycle =     15    UFF energy =      0.0326464898   |dE/dxyz| =  0.009335
   -0.12139259959162      4.46500643613797     -1.39320662401602      c       
    0.10379048968020      4.59272953230413      1.16866826211187      c       
    1.46210530676357      2.81569719881955      2.40916275726783      c       
    1.02201378642454      2.57088139969551     -2.69889191953467      c       
    2.39772675723509      0.78135011077199     -1.45358412574535      c       
    2.60018935423131      0.91041158281692      1.11546311357885      c       
   -1.03942964779784      6.52414634475747      2.57095645337407      o       
   -2.05378219656561      7.76326495248828      1.51494505526816      h       
    3.67378489599774     -0.50146155241103      2.15661181619502      h       
    0.80232173186740      2.47379377697432     -4.74805952737670      h       
   -1.22317546455221      5.87208268478923     -2.40083997676692      h       
    1.62092066119840      2.93697862671433      4.45462994373152      h       
    3.67263959352546     -1.33999194043170     -2.90392743404056      c       
    1.77673706900892     -3.33134657462005     -3.86353418108928      c       
    5.10192283321624     -2.29925079627451     -1.68853059583307      h       
    4.75734124882939     -0.56038433684941     -4.53501860354856      h       
    0.16951644609947     -2.27440386887580     -6.00616614576084      c       
    1.20100938427337     -1.86399360691758     -8.38839940786334      o       
   -2.30544975154347     -1.52601901790811     -5.54585876353768      o       
   -3.10898298785128     -0.99912885755173     -7.20857628257711      h       
    3.23538876598073     -5.59311455889476     -4.62162510738457      n       
    0.41993492718888     -3.82063136117101     -2.31791916992125      h       
    2.98065492917527     -7.02759065744485     -3.27653796074542      h       
    2.58237243805819     -6.32080173588138     -6.35168679821906      h       
  -.54089918562741D-03  0.52019546325153D-03  -.13266975083490D-02
  -.38767578169316D-04  0.22202800210790D-03  0.58219128692214D-03
  0.68850896896632D-05  0.59863435049491D-03  0.16045652517846D-02
  -.15801218099718D-03  -.67784852266691D-03  -.17304998245181D-02
  0.19547853750080D-03  -.83374269939460D-03  -.17274627526997D-02
  0.45670683561627D-03  -.56486119097553D-03  0.13282760710003D-02
  -.19009812623695D-03  0.84528923603933D-03  0.20090948486575D-02
  -.42857267100354D-03  0.46827077500231D-03  -.30066747517998D-03
  0.31684607614587D-03  -.34132597498870D-03  0.70923481028313D-03
  -.10670641765308D-02  -.29794029307515D-02  -.23520189566752D-02
  -.32024493086143D-03  0.29679714184770D-03  -.48397955290637D-03
  0.14458540621046D-03  0.20256387558181D-03  0.16667768270130D-02
  0.10390159637976D-03  0.35736821152378D-03  -.31435523409489D-03
  -.39099494645394D-03  0.12656261753562D-03  0.48988799828357D-03
  0.90929611406795D-03  -.83480319500951D-03  0.49354550534135D-03
  0.59630838235474D-03  0.54787053799746D-03  -.57116589268430D-03
  0.58272955288314D-03  0.21699453807764D-02  0.22163209215372D-03
  0.80973922708429D-03  0.22959080272718D-03  -.12190284460630D-02
  -.25134161956999D-03  0.12854382725085D-02  0.34815911496949D-02
  -.12154648310723D-02  0.26014435291567D-03  -.27803438798816D-02
  0.20131965468017D-02  0.62271706269722D-03  -.26420598318613D-03
  -.60048727821474D-03  -.36183642686726D-03  0.56402068436817D-03
  -.37668107911699D-03  -.18233745692688D-02  0.14054454290573D-02
  -.55704476088005D-03  -.33622057308442D-03  -.14858364483214D-02
  cycle =     16    UFF energy =      0.0322543044   |dE/dxyz| =  0.009676
    0.08881172872074      4.56037476849642     -1.52450441919253      c       
    0.28073229452346      4.70996849965681      1.03840729654196      c       
    1.54559670645549      2.89133170547004      2.32111566437816      c       
    1.17104179713099      2.60149767585164     -2.78871123762584      c       
    2.45139414373849      0.76989099844842     -1.49976158029604      c       
    2.62156526738219      0.92178206533952      1.06902897290414      c       
   -0.80318423532300      6.70578092040835      2.39908050150037      o       
   -1.75378219656561      7.97137385976195      1.31338125439445      h       
    3.61707940768451     -0.52499560787855      2.14261486513439      h       
    0.97717036177280      2.48374958620245     -4.83966003275563      h       
   -0.93911097526041      6.00084393823594     -2.56555883698604      h       
    1.67792260102388      3.03038788444068      4.36665633487729      h       
    3.63983029416557     -1.43345455419886     -2.90256687802541      c       
    1.66588753519534     -3.39489568054287     -3.76523292506919      c       
    5.06117298397192     -2.39564994800317     -1.68168436245694      h       
    4.71677916344845     -0.73988998572060     -4.57931619184565      h       
   -0.00649707620375     -2.32605959221495     -5.85139491867199      c       
    0.95730467768445     -1.88765888369128     -8.25783970745144      o       
   -2.47035767682846     -1.59214985219833     -5.31418122874732      o       
   -3.31790843941385     -1.03625139175411     -6.94476054455962      h       
    3.04912255512585     -5.69100842617092     -4.56180101094708      n       
    0.36233978871687     -3.84166737834948     -2.16012852817353      h       
    2.84149751735920     -7.09842588112582     -3.18018651838741      h       
    2.29374974626780     -6.43665093936504     -6.24492119082939      h       
  -.83363277732057D-03  0.10515644536179D-02  -.10780856122285D-02
  -.18005650888948D-03  0.38743708110302D-03  0.27628821865357D-03
  0.11222961249734D-03  0.38615868867400D-03  0.16924811561246D-02
  -.26489054820987D-03  -.25119050313798D-03  -.17436898992927D-02
  0.40170153255681D-03  -.83373514830292D-03  -.10477287485275D-02
  0.73950312105297D-03  -.10714773257709D-02  0.10414328802579D-02
  -.26912520184729D-03  0.98603085658545D-03  0.21639168900259D-02
  -.73950416163699D-03  0.92117255331286D-03  -.53067749161832D-03
  0.60803171894399D-03  -.79924823277984D-03  0.82565896711121D-03
  -.91277673439461D-03  -.23289025168768D-02  -.20705701925716D-02
  -.59305232577993D-03  0.71309138041580D-03  -.61510813825142D-03
  0.15511589377295D-03  0.12705304871708D-03  0.14753437285350D-02
  0.79056130105379D-03  -.17934590815205D-03  0.25621539369276D-03
  -.66548060884978D-03  0.33592838001567D-05  0.55061372318464D-03
  0.77211008776679D-03  -.72399202126390D-03  0.40436606182906D-03
  0.96708899149333D-03  0.66264564875625D-03  -.97745277930838D-03
  0.34477222485818D-03  0.12266542621469D-02  0.83933187014436D-04
  0.89511748622634D-03  0.28834767509310D-03  -.14997236784306D-02
  -.48916648213657D-03  0.12114057169976D-02  0.33774757939006D-02
  -.12427853811026D-02  0.33321152101132D-03  -.26850789723890D-02
  0.27650087801315D-02  0.88393591090655D-03  0.13498280985437D-03
  -.93174892810855D-03  -.31979173182867D-03  0.90208629674601D-03
  -.45058000134056D-03  -.17756734659349D-02  0.16241704815659D-02
  -.97844109073720D-03  -.89871122708998D-03  -.25608500758778D-02
  cycle =     17    UFF energy =      0.0316896968   |dE/dxyz| =  0.009841
    0.26057680399876      4.64018175338730     -1.66905226534696      c       
    0.40011556372203      4.80885992220585      0.89488327785562      c       
    1.57845247479238      2.96425082232017      2.22304025221782      c       
    1.30738958255639      2.63522234893435     -2.88861038889709      c       
    2.49986090433814      0.77783517095241     -1.55254263040471      c       
    2.61829990503746      0.94925528568092      1.01574915265667      c       
   -0.65090214520862      6.85078777515637      2.21045491210863      o       
   -1.54105263466881      8.13245993887954      1.09236521559812      h       
    3.54090652804573     -0.52002991068502      2.12386412831267      h       
    1.15719283158732      2.50164567406316     -4.94176385397228      h       
   -0.69785925276042      6.10230273495471     -2.74623971735723      h       
    1.66882660224387      3.11862426590986      4.26851163828603      h       
    3.62944876480350     -1.48594281380971     -2.90342667937572      c       
    1.60899206257584     -3.44434245971025     -3.65594422362633      c       
    5.06255501130553     -2.42436589496362     -1.68004237434040      h       
    4.67675516136357     -0.86726231052398     -4.62802792458547      h       
   -0.15842490479050     -2.38613086923365     -5.66783578250036      c       
    0.73809971784415     -1.80665129402497     -8.07468437465781      o       
   -2.65246753653635     -1.81413792926144     -5.05944819264439      o       
   -3.55129365244682     -1.21335855300767     -6.64476054455962      h       
    2.94517025770623     -5.74952525094642     -4.50077050423567      n       
    0.38191538984935     -3.87269857881858     -1.98565404808554      h       
    2.79677465035367     -7.14518807894526     -3.10098256592410      h       
    2.10882588505585     -6.50356796741277     -6.14100772878685      h       
  -.79212856942285D-03  0.10647655082441D-02  -.83458969963765D-03
  -.23535152614505D-03  0.42698312876886D-03  0.59447415766672D-04
  0.22247720165361D-03  0.42385126793435D-04  0.13886792534019D-02
  -.36929382729006D-03  0.13721706474397D-03  -.14251436674889D-02
  0.48073499783131D-03  -.60216368177443D-03  -.39780530602890D-03
  0.71428109864648D-03  -.10866158878706D-02  0.77042897834782D-03
  -.13069875019180D-03  0.64282884773787D-03  0.17447250741673D-02
  -.78066595839765D-03  0.10191185732828D-02  -.61928916289980D-03
  0.64738997774655D-03  -.90542194182431D-03  0.77119560596296D-03
  -.63583470645818D-03  -.14517668053519D-02  -.15490509078377D-02
  -.63310682313105D-03  0.82298274410761D-03  -.61809800973320D-03
  0.15390878287035D-03  0.18635046277069D-04  0.10902104783262D-02
  0.10132289964104D-02  -.40584276557490D-03  0.67321233698140D-03
  -.33284307245867D-03  -.27159783634793D-03  0.43077698537396D-03
  0.49761128371866D-03  -.46479364769147D-03  0.32896436589636D-03
  0.97671555032059D-03  0.60532345315998D-03  -.11086194985653D-02
  0.10937599474722D-02  -.27825668869196D-03  0.28608650621734D-03
  0.17762973598773D-02  0.56396712217182D-03  -.28722577189066D-02
  -.27262669457837D-02  0.13267550534458D-02  0.39406002426861D-02
  -.10820674945004D-02  0.41402560666381D-03  -.24048504742801D-02
  0.25555663113174D-02  0.90594015536805D-03  0.23898453715980D-03
  -.10492518111543D-02  -.29788413099730D-03  0.11629017439338D-02
  -.37159336981489D-03  -.13636344855146D-02  0.14371408882208D-02
  -.99286865311638D-03  -.86294955912586D-03  -.24936499670643D-02
  cycle =     18    UFF energy =      0.0311850906   |dE/dxyz| =  0.009876
    0.44877963484970      4.72338516462576     -1.83240919677237      c       
    0.54246092432427      4.92713094899789      0.72993624131697      c       
    1.62875111543654      3.06374477519194      2.10943206046370      c       
    1.44811360798823      2.66386457323902     -2.99894252473954      c       
    2.54830708855001      0.78852581025730     -1.61037947861415      c       
    2.62130747860346      0.99535714670126      0.95512935335472      c       
   -0.46333703100160      7.02444231678499      1.99162936546056      o       
   -1.28761936285431      8.31772941429618      0.83689026634698      h       
    3.46739011772810     -0.48974492742355      2.10236971294426      h       
    1.33572999550933      2.50269369744000     -5.05173095991505      h       
   -0.43569167151589      6.20134687420471     -2.95050095414943      h       
    1.68216319370021      3.24606625646471      4.15279370193111      h       
    3.60909592568113     -1.54145568630263     -2.90039796272727      c       
    1.53934840935429     -3.49477903730402     -3.51992907285766      c       
    5.05932887576176     -2.45102882823417     -1.67697640218730      h       
    4.61743625319628     -1.01016738892429     -4.67695231535858      h       
   -0.31797311166619     -2.46215453511449     -5.46282335778329      c       
    0.50728737899159     -1.75012988563183     -7.86166232211918      o       
   -2.83847574766870     -2.08015341788449     -4.80454335525443      o       
   -3.78832554476577     -1.44648805142008     -6.34476054455962      h       
    2.81619811033105     -5.82625242868743     -4.38246702660469      n       
    0.39224900386181     -3.87926120209876     -1.78267422900189      h       
    2.62483622415332     -7.23261183101903     -3.00062495328714      h       
    1.97079710222317     -6.54183597706007     -6.03233126816199      h       
  -.72025521463147D-03  0.10654856542679D-02  -.55220298539480D-03
  -.24063234060931D-03  0.40420127302078D-03  -.11136592241289D-03
  0.23687932977168D-03  -.12922768555564D-03  0.11088548443363D-02
  -.35279654475672D-03  0.29202145668462D-03  -.11429016282485D-02
  0.57316443094734D-03  -.40846268130966D-03  0.10329705137771D-03
  0.65968054322839D-03  -.10943676724877D-02  0.48218297082356D-03
  -.96189767269378D-04  0.49914305114231D-03  0.14246364916509D-02
  -.76326308189318D-03  0.10674427410322D-02  -.64760240291585D-03
  0.61392043170962D-03  -.93088266574017D-03  0.66032663948325D-03
  -.33617386478843D-03  -.77081479796515D-03  -.10827455022274D-02
  -.60833997757018D-03  0.86926882079777D-03  -.56790634083873D-03
  0.12196272308557D-03  -.35623255885983D-04  0.74471971757127D-03
  0.11390049532759D-02  -.44109690161590D-03  0.99527403818334D-03
  -.11374913780412D-03  -.48027486640257D-03  0.82902942752450D-04
  0.29506225541794D-03  -.23958641099559D-03  0.29303237877721D-03
  0.98271210254542D-03  0.53937903485549D-03  -.12664455129683D-02
  0.21059284287163D-02  -.11794028118666D-02  0.14507734576503D-04
  0.21290900133519D-02  0.74081845434180D-03  -.32676668708757D-02
  -.45692337944688D-02  0.11102579276447D-02  0.39761883211433D-02
  -.81357340464038D-03  0.41223797713996D-03  -.18602522688725D-02
  0.16022309302035D-02  0.50714174097217D-03  -.20555807232388D-03
  -.11010330086370D-02  -.26875885316298D-03  0.13665005314025D-02
  -.12545106954722D-03  -.97916968848482D-03  0.88764782003827D-03
  -.61894493563721D-03  -.54972984042695D-03  -.14354239750382D-02
  cycle =     19    UFF energy =      0.0307004397   |dE/dxyz| =  0.008025
    0.65699136841870      4.80445092521132     -1.98044659578105      c       
    0.69506144463245      5.03366160840378      0.57964439258994      c       
    1.66719546880799      3.14328376204542      2.00564865245716      c       
    1.59699760592542      2.69243241686575     -3.09825456180343      c       
    2.58448050739103      0.79115033020304     -1.66289736718243      c       
    2.60158790656724      1.02364106875279      0.89967890393215      c       
   -0.25298142444572      7.18495486576123      1.79146381262141      o       
   -0.99149364086761      8.49862277805414      0.60238678211711      h       
    3.35529630296332     -0.48246112338007      2.08217110415934      h       
    1.52969635130406      2.51426495024083     -5.14989641550041      h       
   -0.13569167151589      6.30481404792035     -3.13609108054061      h       
    1.67600802360185      3.34621653849822      4.04652263689039      h       
    3.57347372770560     -1.59647961488347     -2.89836796346824      c       
    1.45768997061281     -3.53014697127949     -3.40102388238320      c       
    5.03624201165275     -2.48695788926716     -1.67777495269407      h       
    4.54595952473974     -1.14790343213004     -4.71475419977067      h       
   -0.46480522361981     -2.51398608062969     -5.28513328863691      c       
    0.30021171142463     -1.66242750890623     -7.65745712749760      o       
   -3.00323885046410     -2.34322393953472     -4.61194437834166      o       
   -3.99382803815257     -1.67451959720075     -6.10803471232042      h       
    2.66772434451744     -5.89463346880615     -4.26632340200963      n       
    0.37810086988671     -3.86510826916043     -1.61388756969070      h       
    2.47409394775054     -7.28243199668398     -2.86897338827036      h       
    1.77338573193449     -6.60898961898913     -5.88818062114161      h       
  -.51078445390804D-03  0.84338320134196D-03  -.30457836075348D-03
  -.20677202194570D-03  0.35297882063898D-03  -.24232167548122D-03
  0.26321923192920D-03  -.36099171888054D-03  0.70556343724290D-03
  -.29748325904098D-03  0.36709201592994D-03  -.73803100459436D-03
  0.51338056633776D-03  -.40028956687782D-03  0.36559616739764D-03
  0.47134635336658D-03  -.87017095605449D-03  0.25841012141147D-03
  0.51124458354809D-04  0.94130186833667D-04  0.93644387128983D-03
  -.65516384434422D-03  0.10252028828149D-02  -.67136808496747D-03
  0.46443288581216D-03  -.78883897143502D-03  0.50475882817710D-03
  -.12322563746442D-03  -.14319455042190D-03  -.49769932116388D-03
  -.48037656460303D-03  0.78198284795763D-03  -.48670988200593D-03
  0.88237829683607D-04  -.93471959313394D-04  0.35494463387262D-03
  0.73658832462958D-03  -.33050820906065D-03  0.78264065140761D-03
  -.17092076097388D-03  -.26461612325232D-03  0.44107221632845D-04
  0.82112885704371D-04  -.24484004338542D-04  0.13514018496325D-03
  0.60511367090429D-03  0.26556170008424D-03  -.80851336905955D-03
  0.25961979855764D-02  -.10421691678453D-02  -.26586139061144D-03
  0.17680621742061D-02  0.60549733328316D-03  -.25083536649542D-02
  -.46477885451196D-02  0.42995374384613D-03  0.30898786512555D-02
  -.28674307595453D-03  0.25783365182526D-03  -.93661092852934D-03
  0.61501082379287D-03  -.31293754584296D-04  -.16848629753919D-03
  -.60866307620292D-03  -.13395946546874D-03  0.83970555871250D-03
  -.32090946179963D-04  -.27000889615395D-03  0.20628579140986D-03
  -.23481500456042D-03  -.26961904086885D-03  -.59494113911305D-03
  cycle =     20    UFF energy =      0.0304338670   |dE/dxyz| =  0.004456
    0.83614891177328      4.86472132234292     -2.10215846449718      c       
    0.85658435024753      5.12863755036887      0.45377889639843      c       
    1.74120458575271      3.22430960572977      1.91405790135819      c       
    1.70658828826858      2.70446450631093     -3.18171634039313      c       
    2.60954861852575      0.79037296212985     -1.71224988072263      c       
    2.60801555968467      1.05764498995559      0.84608511526647      c       
   -0.02110733497309      7.33024951807564      1.62631574040054      o       
   -0.69149364086761      8.65552010422904      0.41227278365847      h       
    3.29315567016601     -0.45787398913500      2.05490953718845      h       
    1.65320328672003      2.50145928885691     -5.23015346825426      h       
    0.11336773518637      6.37652939452550     -3.28540069697234      h       
    1.73580704477697      3.45529236624976      3.95123243741727      h       
    3.52626451830708     -1.64603925942205     -2.90476594141150      c       
    1.36822991660887     -3.55595905530904     -3.29823341182919      c       
    5.00436437519607     -2.52455512823992     -1.69455837431793      h       
    4.45895532243828     -1.26937317299363     -4.75635979332641      h       
   -0.60473101562362     -2.55731879250371     -5.13793428539942      c       
    0.10484402187136     -1.59970058864027     -7.48448699102682      o       
   -3.14461878554013     -2.56190041798529     -4.46668524902313      o       
   -4.17246815762998     -1.87845218324296     -5.92890618635281      h       
    2.51396836168503     -5.95783221912565     -4.14705356896903      n       
    0.34487227466025     -3.83448492448376     -1.47050512866811      h       
    2.30986964276868     -7.32088266832937     -2.72741184596829      h       
    1.57758442075926     -6.67660542828464     -5.74199800681346      h       
  -.26012291383433D-03  0.50180916673898D-03  0.94152295852848D-05
  -.73998020106100D-04  0.11525378712327D-03  -.16200503213865D-03
  0.68865857242648D-04  -.63467752112800D-04  0.30776016981774D-03
  -.54665416782279D-04  0.39948233732108D-05  -.34777038478532D-03
  0.31231784205520D-03  -.26533638737165D-03  0.22071780396827D-03
  0.25491151321806D-03  -.53553209329781D-03  -.19356839993527D-04
  -.77661192429985D-04  0.28769109115632D-03  0.52819539279222D-03
  -.33195349744506D-03  0.56560950632034D-03  -.31119326257235D-03
  0.20576899315471D-03  -.38584620594520D-03  0.17551673755160D-03
  -.23157005516676D-04  -.24454880473667D-04  -.12724171227206D-03
  -.22207601005259D-03  0.40013247346312D-03  -.18654811042931D-03
  0.13436405781741D-04  -.65602711796400D-05  0.99034320807394D-04
  0.44984946234468D-03  -.11902404652315D-03  0.44771656141005D-03
  -.21820910814633D-03  -.84644198027897D-04  -.89889031524878D-05
  0.42636386079102D-04  0.39805885736607D-04  0.73928478720463D-04
  0.35678530419061D-03  0.10297002933175D-03  -.50076119342175D-03
  0.16711057519594D-02  -.49274233907706D-03  -.26831578114601D-03
  0.92177290669192D-03  0.32787395157018D-03  -.12828587810178D-02
  -.27258870860429D-02  0.29699036632374D-04  0.15732450537925D-02
  -.11192655620186D-03  0.12436336009466D-03  -.34414413617985D-03
  0.25510472683126D-03  -.15407101488282D-03  -.24877284859308D-03
  -.32639578919606D-03  -.57068009526444D-04  0.53253338792104D-03
  -.18860970699737D-04  -.14602448987043D-03  0.92684458718574D-04
  -.10764158309540D-03  -.16443142325224D-03  -.25279060938294D-03
  cycle =     21    UFF energy =      0.0303408590   |dE/dxyz| =  0.002101
    0.99555589093481      4.91530620874416     -2.20257715642628      c       
    0.99893618602322      5.20514087634992      0.35027355116061      c       
    1.80039297111287      3.28760471292497      1.83887157596109      c       
    1.80084313804298      2.71637793398381     -3.25083991019930      c       
    2.62408871313337      0.79002301944564     -1.75324988599590      c       
    2.60417374364719      1.08328923572440      0.80192412139607      c       
    0.18811170570778      7.44728262597434      1.49073859052033      o       
   -0.41413961833341      8.78459806006650      0.25571042708314      h       
    3.22546608318637     -0.44093326829507      2.03249748727927      h       
    1.76163955075494      2.49517704670724     -5.29704812651158      h       
    0.33913927623670      6.43792366787424     -3.40871009641820      h       
    1.78159698159894      3.53975163372394      3.87322702556647      h       
    3.47871960139375     -1.68378835831677     -2.91075433996357      c       
    1.28860975106158     -3.57042808143384     -3.21226889892771      c       
    4.97076292069796     -2.55420114567627     -1.71204925935285      h       
    4.37447213528205     -1.36579433282530     -4.78937236993510      h       
   -0.72377588071257     -2.58994174314514     -5.01860752281194      c       
   -0.06023949757212     -1.52168064849450     -7.32960828004834      o       
   -3.26016407813247     -2.77251149100786     -4.37126231138521      o       
   -4.31813734261662     -2.08074582120989     -5.80692098250082      h       
    2.38201919160477     -6.00444608440123     -4.03595799008463      n       
    0.31019134188243     -3.79740472916534     -1.35516881890590      h       
    2.16701311886803     -7.34170317918743     -2.59372938456905      h       
    1.41288208694582     -6.73067235728235     -5.60704266718900      h       
  -.57141890321401D-04  0.14812043858564D-03  -.76848988791516D-06
  -.12751987912937D-04  0.40205682080207D-04  -.66921427999730D-04
  0.22174541542154D-04  -.61064533811920D-04  0.85446237228695D-04
  -.16443339538658D-04  0.17855483225796D-05  -.98286109179980D-04
  0.87470245860904D-04  -.13721939534281D-03  0.69006774177259D-04
  0.57858640454816D-04  -.16195401014825D-03  0.26388800376552D-05
  -.11924031576827D-05  0.91124175135095D-05  0.17403783143339D-03
  -.10076569079552D-03  0.23341759872896D-03  -.15199467835459D-03
  0.40249389917771D-04  -.11514703163453D-03  0.58248821947586D-04
  -.14118062705759D-04  0.16240255634212D-04  -.63354866702564D-05
  -.50899083555732D-04  0.13049061507569D-03  -.70266335138025D-04
  0.12035212266216D-05  -.86675947598447D-05  0.12283907499407D-04
  0.65911743415953D-04  0.13370470029036D-05  0.85023688071630D-04
  -.54728511121713D-04  -.93678525917237D-05  -.84907177717457D-05
  0.13284080268011D-04  0.15301276802333D-04  0.16426062648920D-04
  0.59907283289386D-04  -.24238820043223D-05  -.85545201186645D-04
  0.94453277652059D-03  0.32428005686317D-04  -.53554708561090D-04
  0.46536894097719D-03  0.23922984535437D-03  -.62341929581455D-03
  -.14088202113373D-02  -.26843060588950D-03  0.67831458336366D-03
  -.93635236521653D-05  0.24472906733029D-04  -.32007017784841D-04
  0.23515746907286D-04  -.34032578480713D-04  -.11191360552606D-03
  -.31560986717699D-04  -.46627160106315D-05  0.10287119537609D-03
  -.95942624370453D-05  -.60020508241360D-04  0.52353764443689D-04
  -.14096957127051D-04  -.29150928604153D-04  -.27148672352561D-04
  cycle =     22    UFF energy =      0.0303365408   |dE/dxyz| =  0.000011
    0.99328392616874      4.91536244338698     -2.20018832795170      c       
    1.00080983077628      5.20527068820548      0.35262047784933      c       
    1.80465872302613      3.28840028986666      1.83973958893855      c       
    1.79700566560338      2.71704556748510     -3.24990269995900      c       
    2.62251737104458      0.79121629728228     -1.75379896003222      c       
    2.60673370269748      1.08461168693739      0.80137279138241      c       
    0.19206694622093      7.44687708379100      1.49454083112137      o       
   -0.41198967599228      8.78357570216811      0.26068076472568      h       
    3.23034268536707     -0.43901205609737      2.03083456352164      h       
    1.75508921295111      2.49600347404216     -5.29606404515255      h       
    0.33503267307604      6.43750409564205     -3.40510790025977      h       
    1.78935909202312      3.54065937403059      3.87409262366632      h       
    3.47657375427811     -1.68185866691063     -2.91267565514775      c       
    1.28711884784543     -3.56892586896409     -3.21262140250789      c       
    4.96996251089705     -2.55223497194666     -1.71564846717218      h       
    4.37049771412960     -1.36307133851952     -4.79166144158372      h       
   -0.72422321044376     -2.59203442030244     -5.02201849696235      c       
   -0.06050485382911     -1.52055097540642     -7.32978676249042      o       
   -3.25875636830591     -2.78075059766416     -4.38156542477749      o       
   -4.31585571566401     -2.09134443191670     -5.81893573568431      h       
    2.38166803246415     -6.00398887308514     -4.03093082640382      n       
    0.30728448563848     -3.79297968222879     -1.35629491951311      h       
    2.16522712895527     -7.33875193844405     -2.58682750389880      h       
    1.41425549182039     -6.73279910027370     -5.60177829396646      h       
  -.10324392866664D-06  -.73931187700960D-08  -.90348138799665D-06
  -.30788620833309D-07  0.28241144524278D-07  0.22257860859466D-06
  -.22833617693977D-06  -.54492758993348D-07  0.83849395586268D-06
  0.58034417683683D-07  0.58325593631204D-07  -.80820654613976D-06
  -.20852321065379D-06  -.34024940143092D-06  -.74307752858897D-06
  -.49028919999498D-07  -.67061144263614D-07  0.79943911328794D-06
  -.43983443649721D-06  -.53280908041478D-07  0.11011225027343D-05
  -.13346697409440D-06  0.31271784777702D-06  -.46622764626218D-06
  -.63059306940356D-07  -.30417481766139D-06  0.59710597971141D-06
  0.17575396992223D-08  0.12719801332226D-07  -.56558168850094D-06
  -.72512581245205D-07  0.18209710492379D-06  -.37023335483905D-06
  -.17976158185773D-06  -.59234670910695D-08  0.10080884864107D-05
  -.24311231760588D-06  0.19656727943680D-06  0.98050980693325D-07
  0.85222978908655D-06  0.18008925712212D-05  0.18598379544502D-06
  0.22354404565980D-06  -.15781580620772D-06  0.20665479078268D-06
  0.19781704672505D-06  0.72165263246930D-07  -.22367523599864D-06
  0.39887672080891D-05  -.15540309604746D-05  -.22177503339430D-05
  0.92652374232040D-06  -.13127010469087D-05  -.22534459627676D-05
  -.53779640075370D-05  0.32910582882591D-05  0.47868690961940D-05
  -.73148548807088D-06  0.32088335300559D-06  -.76462940796814D-06
  0.17402669490870D-05  -.86679520741682D-06  -.11430233823552D-05
  0.14703119416697D-07  -.11232419001557D-06  0.85344642047729D-06
  0.14332455868611D-06  -.10253782797348D-05  0.89265967453001D-06
  -.28585086553091D-06  -.41404714034654D-06  -.11311609293620D-05
  cycle =     23    UFF energy =      0.0303365306   |dE/dxyz| =  0.000001
    0.99362976704239      4.91578170550155     -2.19998155063211      c       
    1.00117617249737      5.20551036888671      0.35284346872394      c       
    1.80482785386462      3.28845579469461      1.83982792610711      c       
    1.79714174610204      2.71746098004202     -3.24984764549609      c       
    2.62245115723657      0.79144158408919     -1.75388046962685      c       
    2.60668672228820      1.08466165686791      0.80130939062445      c       
    0.19266467391973      7.44712038958529      1.49491638249369      o       
   -0.41123178443765      8.78397694113022      0.26115024301153      h       
    3.23016915863499     -0.43910033574618      2.03066265011214      h       
    1.75526788328250      2.49660696831132     -5.29602297912341      h       
    0.33555236855710      6.43808053659521     -3.40479630621240      h       
    1.78956344578232      3.54057931655756      3.87419528838236      h       
    3.47637332849230     -1.68160961772088     -2.91290516587026      c       
    1.28691346782647     -3.56872961609541     -3.21257201195125      c       
    4.96992269488316     -2.55195383715949     -1.71605435401767      h       
    4.37008708110751     -1.36281846124205     -4.79198761109363      h       
   -0.72447200405306     -2.59226171925585     -5.02215904651554      c       
   -0.06073483836915     -1.51891219741832     -7.32905866265650      o       
   -3.25911011765364     -2.78382705864363     -4.38301809162166      o       
   -4.31619650197199     -2.09442235149664     -5.82039587040049      h       
    2.38148260496276     -6.00394268084449     -4.03039884417264      n       
    0.30704397432805     -3.79245981104971     -1.35622930485827      h       
    2.16464435005869     -7.33853053235935     -2.58619597453449      h       
    1.41430476636701     -6.73288424215145     -5.60132668293017      h       
  -.17484356629278D-08  0.34880350980584D-08  -.13253139554635D-08
  -.35032525521117D-09  0.14189897689482D-08  -.73056999371542D-09
  0.41733168203761D-09  -.10701243958078D-08  0.37478429926237D-08
  -.38139599271608D-08  -.46425078873704D-08  -.57825797785245D-08
  -.19458562100873D-09  -.72747441464958D-08  -.65915604747653D-09
  0.14068092330782D-08  -.49042469840483D-08  0.12984913395171D-08
  -.73263320690892D-09  0.89946739422961D-09  0.54011251442469D-08
  -.28180723770361D-08  0.59434061476602D-08  -.37861069480840D-08
  0.11120330000667D-08  -.31336397893049D-08  0.19343734587751D-08
  -.45838192585744D-08  -.85258057099706D-08  -.67912629052440D-08
  -.18017883945876D-08  0.42771178784037D-08  -.26919475572466D-08
  -.81438491455305D-10  -.19316410856908D-10  0.18473716166024D-08
  -.26058071894925D-08  0.56934077643372D-08  -.45710871307732D-09
  0.18340213622938D-07  0.84898082183552D-08  -.12763684059884D-07
  0.30799978002608D-08  -.12520215077368D-08  0.25112657679261D-08
  0.31326580880123D-09  -.23555119378453D-09  -.43031214219875D-08
  0.57055364693350D-06  0.91243244262212D-08  -.12677271816184D-07
  0.29046130684582D-06  0.14331099130321D-06  -.32196429985542D-06
  -.86960584957073D-06  -.13201549111741D-06  0.35802748391293D-06
  -.92136087188541D-08  0.15675289076738D-08  -.34296024987976D-08
  0.13262937194683D-07  -.76744698532336D-08  -.22085243166171D-07
  0.41510490539159D-08  -.45173019730220D-09  0.13244139667997D-07
  -.13090790168448D-08  -.13782077190865D-07  0.19203768915343D-07
  -.42391885155739D-08  0.76864948152060D-09  -.77685940614441D-08
  cycle =     24    UFF energy =      0.0303365306   |dE/dxyz| =  0.000000
    0.99363028049739      4.91578242185609     -2.19998117232051      c       
    1.00117666451635      5.20551066933633      0.35284388648945      c       
    1.80482794177616      3.28845572023717      1.83982804629810      c       
    1.79714189162958      2.71746173792570     -3.24984760439079      c       
    2.62245089706464      0.79144195961587     -1.75388073157182      c       
    2.60668644204429      1.08466162508275      0.80130917170543      c       
    0.19266557237323      7.44712064568319      1.49491714161398      o       
   -0.41123054256740      8.78397751749876      0.26115120507564      h       
    3.23016860775665     -0.43910065726377      2.03066219155778      h       
    1.75526810559946      2.49660810579956     -5.29602296109929      h       
    0.33555321911926      6.43808156262918     -3.40479569306010      h       
    1.78956354064019      3.54057891803248      3.87419544360521      h       
    3.47637285136977     -1.68160915287399     -2.91290576690330      c       
    1.28691308564614     -3.56872937327040     -3.21257196510645      c       
    4.96992262575183     -2.55195322373187     -1.71605537552483      h       
    4.37008607772394     -1.36281795193722     -4.79198843512374      h       
   -0.72447255368062     -2.59226247520971     -5.02215933004903      c       
   -0.06073667809233     -1.51891145051902     -7.32905769958059      o       
   -3.25910903804498     -2.78383039098317     -4.38302033614615      o       
   -4.31619566018310     -2.09442602226267     -5.82039810264819      h       
    2.38148240840961     -6.00394265021272     -4.03039778365116      n       
    0.30704354210411     -3.79245895991163     -1.35622924724060      h       
    2.16464383852016     -7.33853002528034     -2.58619458897188      h       
    1.41430485077395     -6.73288476916243     -5.60132551521536      h       
  -.32698410121310D-13  0.12992970414849D-13  0.54234638698428D-14
  -.32637079006698D-13  -.35410585054463D-14  0.11813358451185D-13
  -.18213470790970D-13  -.15511287458463D-13  0.27778811423438D-13
  -.23337175630010D-13  -.36195005326256D-14  -.10320025812648D-13
  -.19340159289056D-14  -.19691781300187D-13  0.24238491530722D-14
  -.22344661385933D-14  -.19709982344157D-13  0.13771535994911D-13
  -.43600594055310D-13  -.15261012939471D-13  0.45844729922029D-13
  -.62043869120034D-13  0.70427604720313D-14  0.61519799671172D-14
  0.34322181598559D-14  -.15539300532094D-13  0.10258449905515D-13
  -.15588763868082D-13  0.91040456423608D-15  -.54143362428032D-14
  -.40160654343107D-13  0.13868382353968D-13  0.62776457751719D-14
  -.25032428217677D-13  -.16657221392144D-13  0.20091214933057D-13
  0.44472888913183D-14  0.36021099297789D-13  0.80482495667944D-14
  0.68473248989245D-13  0.23075623714359D-13  -.20550388105632D-13
  0.32527366217172D-13  0.90834458010836D-14  0.12295177896637D-13
  0.25818431594049D-13  0.27047374756561D-13  -.20966952132828D-13
  0.46313170312673D-12  -.55320678593596D-12  -.19926421623850D-12
  0.13578222747557D-12  -.32990016968215D-12  -.42728082357002D-12
  -.78638658085328D-12  0.92499532339252D-12  0.68974838861313D-12
  0.18381845524884D-12  0.18140003388289D-13  -.86340013101278D-13
  0.75597080678724D-13  -.22709915545316D-13  -.65796651980976D-13
  0.26314941978939D-13  -.18763419637469D-13  0.21472190345206D-13
  0.42468632777126D-13  -.33249011183178D-13  0.14821911059615D-13
  0.22047847488688D-13  -.58401634223104D-14  -.60228298043308D-13
$end
