$coord                                                                          
   -1.18553090180751      1.79281252202234      2.04438516414900      c       
   -1.30816947815395      4.12275134531986      0.99814691327161      c       
    0.21180133316254      4.72315770358660     -0.96740381517108      c       
    0.47795391047516      0.05986588358012      1.14319383263573      c       
    2.03656649141652      0.66143750759400     -0.81497702534534      c       
    1.88139747117681      3.00119507625593     -1.87830741507932      c       
   -3.00913566620920      5.89678189388228      1.93272226883957      o       
   -2.21807194777395      6.90824663900931      3.35422348561372      h       
    3.07489937426574      3.50029213783585     -3.47693102400474      h       
    0.54549688561253     -1.80912032612255      1.99292123346486      h       
   -2.44037111156099      1.32782455901615      3.59644122092087      h       
    0.06866929204005      6.58512391361533     -1.81389070369276      h       
    3.86557477886919     -1.27924830141088     -1.84815794494614      c       
    2.61532871993727     -3.00310989547595     -3.85225232905092      c       
    4.58922653010674     -2.45537940773176     -0.26300952532448      h       
    5.54002076548020     -0.32738078828775     -2.69905461321519      h       
    1.73378915765739     -1.49095762045776     -6.14012866943156      c       
   -0.77204700771427     -1.59988472539238     -6.91633306143233      o       
    3.43066775267492      0.00128300697613     -7.48196476836438      o       
    2.50355730553574      0.81036211624085     -8.94680187170515      h       
    4.33142642461269     -5.11081717877403     -4.54754612386607      n       
    0.86520545603086     -3.83647073837951     -3.02744363965175      h       
    4.79596384513485     -5.04707536730778     -6.47515202140189      h       
    6.06013767164063     -5.03468992376446     -3.58857501283871      h       
$end                                                                            
