$ufftopology
nxtnei12
    1     3
          2     4    11
    2     3
          1     3     7
    3     3
          2     6    12
    4     3
          1     5    10
    5     3
          4     6    13
    6     3
          3     5     9
    7     2
          2     8
    8     1
          7
    9     1
          6
   10     1
          4
   11     1
          1
   12     1
          3
   13     4
          5    14    15    16
   14     4
         13    17    21    22
   15     1
         13
   16     1
         13
   17     3
         14    18    19
   18     1
         17
   19     2
         17    20
   20     1
         19
   21     3
         14    23    24
   22     1
         14
   23     1
         21
   24     1
         21
nxtnei13
    1     4
          3     7     5    10
    2     5
          4    11     6    12     8
    3     4
          1     7     5     9
    4     4
          2    11     6    13
    5     7
          1    10     3     9    14    15    16
    6     4
          2    12     4    13
    7     2
          1     3
    8     1
          2
    9     2
          3     5
   10     2
          1     5
   11     2
          2     4
   12     2
          2     6
   13     5
          4     6    17    21    22
   14     7
          5    15    16    18    19    23    24
   15     3
          5    14    16
   16     3
          5    14    15
   17     4
         13    21    22    20
   18     2
         14    19
   19     2
         14    18
   20     1
         17
   21     3
         13    17    22
   22     3
         13    17    21
   23     2
         14    24
   24     2
         14    23
nxtnei14
    1     4
          6    12     8    13
    2     3
          5    10     9
    3     4
          4    11     8    13
    4     6
          3     7     9    14    15    16
    5     6
          2    11    12    17    21    22
    6     6
          1     7    10    14    15    16
    7     4
          4    11     6    12
    8     2
          1     3
    9     4
          2    12     4    13
   10     4
          2    11     6    13
   11     4
          3     7     5    10
   12     4
          1     7     5     9
   13     8
          1    10     3     9    18    19    23    24
   14     3
          4     6    20
   15     5
          4     6    17    21    22
   16     5
          4     6    17    21    22
   17     5
          5    15    16    23    24
   18     4
         13    21    22    20
   19     3
         13    21    22
   20     2
         14    18
   21     5
          5    15    16    18    19
   22     7
          5    15    16    18    19    23    24
   23     3
         13    17    22
   24     3
         13    17    22
connectivity (= bond)
                    24
     1     2   2.557004   2.000000
     1     4   2.565625   2.000000
     1    11   2.049321   1.000000
     2     3   2.556206   2.000000
     2     7   2.629430   1.000000
     3     6   2.565629   2.000000
     3    12   2.050352   1.000000
     4     5   2.574023   2.000000
     4    10   2.054193   1.000000
     5     6   2.574726   2.000000
     5    13   2.859894   1.000000
     6     9   2.056488   1.000000
     7     8   1.915596   1.000000
    13    14   2.924245   1.000000
    13    15   2.102297   1.000000
    13    16   2.105670   1.000000
    14    17   2.880641   1.000000
    14    21   2.805504   1.000000
    14    22   2.106592   1.000000
    17    18   2.625562   1.000000
    17    19   2.628061   1.000000
    19    20   1.913084   1.000000
    21    23   1.983815   1.000000
    21    24   1.978349   1.000000
angle
                    38
     1     2     3     2     120.01       1.00       4.00
     1     2     7     2     120.02       1.00       5.00
     1     4     5     2     120.13       2.00       8.00
     1     4    10     2     119.38       2.00       9.00
     2     1     4     2     120.19       1.00       2.00
     2     1    11     2     119.16       1.00       3.00
     2     3     6     2     120.15       4.00       6.00
     2     3    12     2     119.29       4.00       7.00
     2     7     8     9     110.66       5.00      13.00
     3     2     7     2     119.97       4.00       5.00
     3     6     5     2     120.17       6.00      10.00
     3     6     9     2     119.39       6.00      12.00
     4     1    11     2     120.65       2.00       3.00
     4     5     6     2     119.34       8.00      10.00
     4     5    13     2     120.23       8.00      11.00
     5     4    10     2     120.49       8.00       9.00
     5     6     9     2     120.44      10.00      12.00
     5    13    14     9     111.97      11.00      14.00
     5    13    15     9     109.11      11.00      15.00
     5    13    16     9     110.35      11.00      16.00
     6     3    12     2     120.55       6.00       7.00
     6     5    13     2     120.40      10.00      11.00
    13    14    17     9     111.45      14.00      17.00
    13    14    21     9     110.56      14.00      18.00
    13    14    22     9     108.67      14.00      19.00
    14    13    15     9     109.52      14.00      15.00
    14    13    16     9     109.24      14.00      16.00
    14    17    18     2     120.34      17.00      20.00
    14    17    19     2     120.40      17.00      21.00
    14    21    23     9     111.09      18.00      23.00
    14    21    24     9     112.67      18.00      24.00
    15    13    16     9     106.49      15.00      16.00
    17    14    21     9     112.63      17.00      18.00
    17    14    22     9     105.33      17.00      19.00
    17    19    20     9     108.55      21.00      22.00
    18    17    19     2     119.26      20.00      21.00
    21    14    22     9     107.94      18.00      19.00
    23    21    24     9     105.38      23.00      24.00
torsion
                    55
     4     1     2     3     1     3   0.64702521 120.18825540 120.00833028
     4     1     2     7     1     3 180.22937462 120.18825540 120.02427692
    11     1     2     3     1     3 181.12669447 119.16090421 120.00833028
    11     1     2     7     1     3   0.70904388 119.16090421 120.02427692
     2     1     4     5     2     3   0.17538853 120.18825540 120.12966418
     2     1     4    10     2     3 180.46437067 120.18825540 119.37802437
    11     1     4     5     2     3 179.68849925 120.64907872 120.12966418
    11     1     4    10     2     3 359.97748138 120.64907872 119.37802437
     1     2     3     6     4     3 359.31143946 120.00833028 120.15294377
     1     2     3    12     4     3 178.77793277 120.00833028 119.29096389
     7     2     3     6     4     3 179.72884521 119.96607541 120.15294377
     7     2     3    12     4     3 359.19533853 119.96607541 119.29096389
     1     2     7     8     5     3  88.66574478 120.02427692 110.66194620
     3     2     7     8     5     3 268.24827190 119.96607541 110.66194620
     2     3     6     5     6     3 359.90814314 120.15294377 120.16596665
     2     3     6     9     6     3 179.16811410 120.15294377 119.39168426
    12     3     6     5     6     3 180.44846190 120.55391714 120.16596665
    12     3     6     9     6     3 359.70843286 120.55391714 119.39168426
     1     4     5     6     8     3 359.05354346 120.12966418 119.34492393
     1     4     5    13     8     3 180.90151390 120.12966418 120.23107823
    10     4     5     6     8     3 178.76130859 120.49167405 119.34492393
    10     4     5    13     8     3   0.60927902 120.49167405 120.23107823
     4     5     6     3    10     3   0.90518403 119.34492393 120.16596665
     4     5     6     9    10     3 181.65303178 119.34492393 120.43817353
    13     5     6     3    10     3 179.05406245 120.39797487 120.16596665
    13     5     6     9    10     3 359.80191019 120.39797487 120.43817353
     4     5    13    14    11    22  85.44058923 120.23107823 111.97420467
     4     5    13    15    11    22 324.03389655 120.23107823 109.10981757
     4     5    13    16    11    22 207.35744229 120.23107823 110.35261517
     6     5    13    14    11    22 267.30817843 120.39797487 111.97420467
     6     5    13    15    11    22 145.90148575 120.39797487 109.10981757
     6     5    13    16    11    22  29.22503149 120.39797487 110.35261517
     5    13    14    17    14     1  62.25298220 111.97420467 111.45046990
     5    13    14    21    14     1 188.32943339 111.97420467 110.56108209
     5    13    14    22    14     1 306.62125532 111.97420467 108.66712300
    15    13    14    17    14     1 183.42370460 109.51899687 111.45046990
    15    13    14    21    14     1 309.50015580 109.51899687 110.56108209
    15    13    14    22    14     1  67.79197772 109.51899687 108.66712300
    16    13    14    17    14     1 299.70114413 109.24025905 111.45046990
    16    13    14    21    14     1  65.77759532 109.24025905 110.56108209
    16    13    14    22    14     1 184.06941725 109.24025905 108.66712300
    13    14    17    18    17    22 235.89554090 111.45046990 120.33725025
    13    14    17    19    17    22  56.25917262 111.45046990 120.39697878
    21    14    17    18    17    22 110.96532457 112.62684273 120.33725025
    21    14    17    19    17    22 291.32895629 112.62684273 120.39697878
    22    14    17    18    17    22 353.56010622 105.33088872 120.33725025
    22    14    17    19    17    22 173.92373795 105.33088872 120.39697878
    13    14    21    23    18     1 241.22825118 110.56108209 111.09443832
    13    14    21    24    18     1 359.20662682 110.56108209 112.67242679
    17    14    21    23    18     1   6.64308440 112.62684273 111.09443832
    17    14    21    24    18     1 124.62146004 112.62684273 112.67242679
    22    14    21    23    18     1 122.49347664 107.93965508 111.09443832
    22    14    21    24    18     1 240.47185228 107.93965508 112.67242679
    14    17    19    20    21     3 178.53156522 120.39697878 108.55294562
    18    17    19    20    21     3 358.89131930 119.26478629 108.55294562
inversion
                     8
     1     2     4    11    11    11    11   -0.419   -0.415   -0.421
     2     1     3     7    10    11    11    0.362    0.362    0.361
     3     2     6    12    11    11    11    0.465    0.461    0.467
     4     1     5    10    11    11    11   -0.252   -0.250   -0.253
     5     4     6    13    11    11    11   -1.597   -1.611   -1.614
     6     3     5     9    11    11    11    0.645    0.640    0.647
    17    14    18    19    10    10    11   -0.314   -0.314   -0.310
    21    14    23    24     9     9     9   54.576   55.482   52.045
nonbond
                   214
    1     6    5.124
    1     8    5.380
    1     9    7.180
    1    12    6.279
    1    13    7.078
    1    14    8.498
    1    15    7.531
    1    16    8.499
    1    17    9.289
    1    18    9.590
    1    19   10.736
    1    20   11.635
    1    21   11.025
    1    22    7.850
    1    23   12.456
    1    24   11.439
    2     5    5.143
    2     9    6.295
    2    10    6.294
    2    13    8.003
    2    14    9.471
    2    15    8.924
    2    16    8.965
    2    17    9.577
    2    18    9.781
    2    19   10.553
    2    20   11.154
    2    21   12.158
    2    22    9.180
    2    23   13.312
    2    24   12.617
    3     4    5.126
    3     8    5.418
    3    10    7.180
    3    11    6.276
    3    13    7.082
    3    14    8.590
    3    15    8.437
    3    16    7.543
    3    17    8.227
    3    18    8.737
    3    19    8.666
    3    20    9.178
    3    21   11.247
    3    22    8.828
    3    23   12.116
    3    24   11.674
    4     7    6.845
    4     8    7.685
    4     9    6.319
    4    12    7.176
    4    14    6.237
    4    15    5.021
    4    16    6.367
    4    17    7.552
    4    18    8.323
    4    19    9.117
    4    20   10.319
    4    21    8.601
    4    22    5.721
    4    23   10.137
    4    24    8.917
    5     7    7.773
    5     8    8.632
    5    11    6.320
    5    12    6.321
    5    17    5.752
    5    18    7.087
    5    19    6.843
    5    20    8.147
    5    21    7.247
    5    22    5.148
    5    23    8.499
    5    24    7.505
    6     7    6.843
    6     8    7.710
    6    10    6.317
    6    11    7.173
    6    14    6.363
    6    15    6.302
    6    16    5.014
    6    17    6.194
    6    18    7.321
    6    19    6.542
    6    20    7.426
    6    21    8.884
    6    22    7.008
    6    23    9.716
    6    24    9.218
    7     9    8.487
    7    10    8.486
    7    11    4.896
    7    12    4.897
    7    13   10.633
    7    14   12.013
    7    15   11.503
    7    16   11.545
    7    17   11.927
    7    18   11.811
    7    19   12.840
    7    20   13.215
    7    21   14.732
    7    22   11.591
    7    23   15.855
    7    24   15.239
    8     9    9.289
    8    10    9.246
    8    11    5.590
    8    12    5.661
    8    13   11.450
    8    14   13.173
    8    15   12.129
    8    16   12.214
    8    17   13.278
    8    18   13.415
    8    19   14.037
    8    20   14.519
    8    21   15.805
    8    22   12.872
    8    23   16.992
    8    24   16.105
    9    10    8.032
    9    11    9.229
    9    12    4.617
    9    13    5.111
    9    14    6.530
    9    15    6.935
    9    16    4.619
    9    17    5.814
    9    18    7.255
    9    19    5.330
    9    20    6.122
    9    21    8.768
    9    22    7.675
    9    23    9.220
    9    24    9.043
   10    11    4.618
   10    12    9.229
   10    13    5.105
   10    14    6.315
   10    15    4.675
   10    16    7.011
   10    17    8.226
   10    18    9.009
   10    19   10.069
   10    20   11.418
   10    21    8.247
   10    22    5.424
   10    23   10.013
   10    24    8.483
   11    12    7.950
   11    13    8.730
   11    14    9.990
   11    15    8.867
   11    16   10.299
   11    17   10.962
   11    18   11.040
   11    19   12.608
   11    20   13.492
   11    21   12.395
   11    22    9.026
   11    23   13.944
   11    24   12.820
   12    13    8.733
   12    14   10.128
   12    15   10.226
   12    16    8.860
   12    17    9.312
   12    18    9.682
   12    19    9.315
   12    20    9.495
   12    21   12.745
   12    22   10.522
   12    23   13.393
   12    24   13.193
   13    18    6.877
   13    19    5.794
   13    20    7.524
   13    23    6.039
   13    24    4.685
   14    20    6.365
   15    17    6.605
   15    18    8.587
   15    19    7.713
   15    20    9.509
   15    21    5.047
   15    22    4.839
   15    23    6.734
   15    24    4.458
   16    17    5.261
   16    18    7.697
   16    19    5.238
   16    20    7.039
   16    21    5.269
   16    22    5.855
   16    23    6.090
   16    24    4.819
   17    23    4.705
   17    24    6.147
   18    20    4.546
   18    21    6.632
   18    22    4.776
   18    23    6.564
   18    24    8.340
   19    21    5.963
   19    22    6.415
   19    23    5.326
   19    24    6.887
   20    21    7.600
   20    22    7.702
   20    23    6.758
   20    24    8.690
   22    23    5.367
   22    24    5.361
qpartial
                    24
        -0.04755    0.24544   -0.09592   -0.13403    0.00564   -0.12791
        -0.68780    0.35214    0.16038    0.12398    0.15591    0.14089
        -0.24860   -0.02224    0.13723    0.18584    0.54081   -0.45639
        -0.69221    0.36259   -0.62832    0.18566    0.28965    0.25479
$end
