$ufftopology
nxtnei12
    1     3
          2     4    11
    2     3
          1     3     7
    3     3
          2     6    12
    4     3
          1     5    10
    5     3
          4     6    13
    6     3
          3     5     9
    7     2
          2     8
    8     1
          7
    9     1
          6
   10     1
          4
   11     1
          1
   12     1
          3
   13     4
          5    14    15    16
   14     4
         13    17    21    22
   15     1
         13
   16     1
         13
   17     3
         14    18    19
   18     1
         17
   19     2
         17    20
   20     1
         19
   21     3
         14    23    24
   22     1
         14
   23     1
         21
   24     1
         21
nxtnei13
    1     4
          3     7     5    10
    2     5
          4    11     6    12     8
    3     4
          1     7     5     9
    4     4
          2    11     6    13
    5     7
          1    10     3     9    14    15    16
    6     4
          2    12     4    13
    7     2
          1     3
    8     1
          2
    9     2
          3     5
   10     2
          1     5
   11     2
          2     4
   12     2
          2     6
   13     5
          4     6    17    21    22
   14     7
          5    15    16    18    19    23    24
   15     3
          5    14    16
   16     3
          5    14    15
   17     4
         13    21    22    20
   18     2
         14    19
   19     2
         14    18
   20     1
         17
   21     3
         13    17    22
   22     3
         13    17    21
   23     2
         14    24
   24     2
         14    23
nxtnei14
    1     4
          6    12     8    13
    2     3
          5    10     9
    3     4
          4    11     8    13
    4     6
          3     7     9    14    15    16
    5     6
          2    11    12    17    21    22
    6     6
          1     7    10    14    15    16
    7     4
          4    11     6    12
    8     2
          1     3
    9     4
          2    12     4    13
   10     4
          2    11     6    13
   11     4
          3     7     5    10
   12     4
          1     7     5     9
   13     8
          1    10     3     9    18    19    23    24
   14     3
          4     6    20
   15     5
          4     6    17    21    22
   16     5
          4     6    17    21    22
   17     5
          5    15    16    23    24
   18     4
         13    21    22    20
   19     3
         13    21    22
   20     2
         14    18
   21     5
          5    15    16    18    19
   22     7
          5    15    16    18    19    23    24
   23     3
         13    17    22
   24     3
         13    17    22
connectivity (= bond)
                    24
     1     2   2.571945   2.000000
     1     4   2.591248   2.000000
     1    11   2.047084   1.000000
     2     3   2.547867   2.000000
     2     7   2.659018   1.000000
     3     6   2.557265   2.000000
     3    12   2.041470   1.000000
     4     5   2.582448   2.000000
     4    10   5.981698   1.000000
     5     6   2.573197   2.000000
     5    13   2.852644   1.000000
     6     9   2.046268   1.000000
     7     8   1.911448   1.000000
    13    14   2.907256   1.000000
    13    15   2.098737   1.000000
    13    16   2.092972   1.000000
    14    17   2.866949   1.000000
    14    21   2.789147   1.000000
    14    22   2.096706   1.000000
    17    18   2.635509   1.000000
    17    19   2.655700   1.000000
    19    20   2.681084   1.000000
    21    23   1.972461   1.000000
    21    24   1.991802   1.000000
angle
                    38
     1     2     3     2     119.08       1.00       4.00
     1     2     7     2     121.77       1.00       5.00
     1     4     5     2     118.87       2.00       8.00
     1     4    10     2     116.50       2.00       9.00
     2     1     4     2     121.16       1.00       2.00
     2     1    11     2     120.32       1.00       3.00
     2     3     6     2     120.68       4.00       6.00
     2     3    12     2     119.09       4.00       7.00
     2     7     8     9     110.82       5.00      13.00
     3     2     7     2     119.14       4.00       5.00
     3     6     5     2     120.65       6.00      10.00
     3     6     9     2     118.99       6.00      12.00
     4     1    11     2     118.53       2.00       3.00
     4     5     6     2     119.56       8.00      10.00
     4     5    13     2     120.42       8.00      11.00
     5     4    10     2     124.60       8.00       9.00
     5     6     9     2     120.36      10.00      12.00
     5    13    14     9     111.98      11.00      14.00
     5    13    15     9     108.33      11.00      15.00
     5    13    16     9     110.86      11.00      16.00
     6     3    12     2     120.23       6.00       7.00
     6     5    13     2     119.98      10.00      11.00
    13    14    17     9     109.63      14.00      17.00
    13    14    21     9     110.68      14.00      18.00
    13    14    22     9     107.81      14.00      19.00
    14    13    15     9     110.00      14.00      15.00
    14    13    16     9     108.17      14.00      16.00
    14    17    18     2     120.82      17.00      20.00
    14    17    19     2     122.15      17.00      21.00
    14    21    23     9     108.00      18.00      23.00
    14    21    24     9     105.77      18.00      24.00
    15    13    16     9     107.40      15.00      16.00
    17    14    21     9     113.00      17.00      18.00
    17    14    22     9     106.92      17.00      19.00
    17    19    20     9     112.45      21.00      22.00
    18    17    19     2     116.44      20.00      21.00
    21    14    22     9     108.60      18.00      19.00
    23    21    24     9     104.57      23.00      24.00
torsion
                    55
     4     1     2     3     1     3 359.62445362 121.15666094 119.08337286
     4     1     2     7     1     3 179.82032879 121.15666094 121.77491537
    11     1     2     3     1     3 180.08383917 120.31628542 119.08337286
    11     1     2     7     1     3   0.27971434 120.31628542 121.77491537
     2     1     4     5     2     3   0.57062841 121.15666094 118.87039464
     2     1     4    10     2     3 178.62773949 121.15666094 116.49667173
    11     1     4     5     2     3 180.11927021 118.52550520 118.87039464
    11     1     4    10     2     3 358.17638129 118.52550520 116.49667173
     1     2     3     6     4     3   0.14483954 119.08337286 120.67707627
     1     2     3    12     4     3 179.83685852 119.08337286 119.08751375
     7     2     3     6     4     3 179.95418904 119.14142698 120.67707627
     7     2     3    12     4     3 359.64620802 119.14142698 119.08751375
     1     2     7     8     5     3 357.89549929 121.77491537 110.82329649
     3     2     7     8     5     3 178.09148501 119.14142698 110.82329649
     2     3     6     5     6     3 359.88112940 120.67707627 120.65454220
     2     3     6     9     6     3 179.30191841 120.67707627 118.98544882
    12     3     6     5     6     3 180.19264241 120.23468991 120.65454220
    12     3     6     9     6     3 359.61343142 120.23468991 118.98544882
     1     4     5     6     8     3 359.46652041 118.87039464 119.55548026
     1     4     5    13     8     3 181.84289930 118.87039464 120.41859245
    10     4     5     6     8     3 181.57905243 124.60156567 119.55548026
    10     4     5    13     8     3   3.95543132 124.60156567 120.41859245
     4     5     6     3    10     3   0.31647828 119.55548026 120.65454220
     4     5     6     9    10     3 180.90364625 119.55548026 120.35745583
    13     5     6     3    10     3 177.95059164 119.98324500 120.65454220
    13     5     6     9    10     3 358.53775961 119.98324500 120.35745583
     4     5    13    14    11    22  56.41892795 120.41859245 111.97707912
     4     5    13    15    11    22 294.93859837 120.41859245 108.32531703
     4     5    13    16    11    22 177.33016583 120.41859245 110.86101753
     6     5    13    14    11    22 238.80548272 119.98324500 111.97707912
     6     5    13    15    11    22 117.32515314 119.98324500 108.32531703
     6     5    13    16    11    22 359.71672060 119.98324500 110.86101753
     5    13    14    17    14     1 292.98990489 111.97707912 109.63044499
     5    13    14    21    14     1  58.30034756 111.97707912 110.67991775
     5    13    14    22    14     1 176.94368073 111.97707912 107.80965004
    15    13    14    17    14     1  53.50087056 110.00099472 109.63044499
    15    13    14    21    14     1 178.81131324 110.00099472 110.67991775
    15    13    14    22    14     1 297.45464641 110.00099472 107.80965004
    16    13    14    17    14     1 170.53474510 108.17291435 109.63044499
    16    13    14    21    14     1 295.84518777 108.17291435 110.67991775
    16    13    14    22    14     1  54.48852095 108.17291435 107.80965004
    13    14    17    18    17    22 249.37928680 109.63044499 120.81852491
    13    14    17    19    17    22  60.24974977 109.63044499 122.14908543
    21    14    17    18    17    22 125.41351653 112.99768938 120.81852491
    21    14    17    19    17    22 296.28397950 112.99768938 122.14908543
    22    14    17    18    17    22   5.98893595 106.91802484 120.81852491
    22    14    17    19    17    22 176.85939892 106.91802484 122.14908543
    13    14    21    23    18     1 181.96201935 110.67991775 107.99786505
    13    14    21    24    18     1 293.47184147 110.67991775 105.77112256
    17    14    21    23    18     1 305.34968812 112.99768938 107.99786505
    17    14    21    24    18     1  56.85951024 112.99768938 105.77112256
    22    14    21    23    18     1  63.79961949 108.60041770 107.99786505
    22    14    21    24    18     1 175.30944161 108.60041770 105.77112256
    14    17    19    20    21     3 270.18517597 122.14908543 112.44767336
    18    17    19    20    21     3  81.43176714 116.44145695 112.44767336
inversion
                     8
     1     2     4    11    11    11    11   -0.397   -0.393   -0.386
     2     1     3     7    10    11    11   -0.167   -0.171   -0.167
     3     2     6    12    11    11    11    0.269    0.265    0.268
     4     1     5    10    11    11    11    1.739    1.701    1.850
     5     4     6    13    11    11    11   -2.049   -2.067   -2.058
     6     3     5     9    11    11    11    0.507    0.498    0.505
    17    14    18    19    10    10    11    7.720    7.832    7.403
    21    14    23    24     9     9     9   63.551   62.231   61.621
nonbond
                   214
    1     6    5.103
    1     8    4.710
    1     9    7.149
    1    12    6.261
    1    13    7.086
    1    14    8.160
    1    15    7.757
    1    16    8.548
    1    17    7.753
    1    18    9.995
    1    19    5.861
    1    20    4.937
    1    21    8.493
    1    22   10.182
    1    23    9.786
    1    24    6.936
    2     5    5.169
    2     9    6.274
    2    10   10.025
    2    13    8.021
    2    14    9.472
    2    15    8.947
    2    16    8.963
    2    17    9.704
    2    18   12.112
    2    19    8.127
    2    20    7.382
    2    21    9.369
    2    22   11.460
    2    23   10.859
    2    24    7.766
    3     4    5.151
    3     8    6.088
    3    10   11.123
    3    11    6.278
    3    13    7.066
    3    14    8.882
    3    15    8.221
    3    16    7.446
    3    17    9.854
    3    18   12.339
    3    19    8.915
    3    20    8.411
    3    21    8.643
    3    22   10.688
    3    23   10.378
    3    24    7.343
    4     7    6.948
    4     8    7.294
    4     9    6.318
    4    12    7.193
    4    14    5.756
    4    15    5.331
    4    16    6.446
    4    17    5.423
    4    18    7.685
    4    19    4.058
    4    20    3.310
    4    21    6.622
    4    22    7.707
    4    23    7.984
    4    24    5.471
    5     7    7.828
    5     8    8.717
    5    11    6.299
    5    12    6.309
    5    17    5.753
    5    18    8.099
    5    19    5.535
    5    20    5.282
    5    21    5.581
    5    22    6.545
    5    23    7.353
    5    24    4.890
    6     7    6.851
    6     8    8.220
    6    10   10.190
    6    11    7.150
    6    14    6.766
    6    15    6.003
    6    16    4.892
    6    17    8.182
    6    18   10.594
    6    19    7.876
    6    20    7.595
    6    21    6.829
    6    22    8.393
    6    23    8.722
    6    24    5.990
    7     9    8.464
    7    10   11.960
    7    11    5.030
    7    12    4.865
    7    13   10.679
    7    14   12.047
    7    15   11.564
    7    16   11.558
    7    17   12.120
    7    18   14.489
    7    19   10.281
    7    20    9.466
    7    21   11.738
    7    22   14.065
    7    23   13.107
    7    24    9.998
    8     9   10.001
    8    10   11.519
    8    11    4.340
    8    12    6.731
    8    13   11.532
    8    14   12.659
    8    15   12.283
    8    16   12.670
    8    17   12.302
    8    18   14.528
    8    19   10.164
    8    20    9.261
    8    21   12.453
    8    22   14.720
    8    23   13.644
    8    24   10.635
    9    10   11.751
    9    11    9.196
    9    12    4.577
    9    13    5.082
    9    14    7.245
    9    15    6.444
    9    16    4.382
    9    17    9.209
    9    18   11.512
    9    19    9.387
    9    20    9.278
    9    21    7.160
    9    22    8.503
    9    23    9.114
    9    24    6.760
   10    11    7.180
   10    12   13.163
   10    13    7.825
   10    14    7.211
   10    15    7.331
   10    16    9.899
   10    17    4.586
   10    18    4.667
   10    19    3.312
   10    20    2.769
   10    21    8.966
   10    22    8.341
   10    23    9.254
   10    24    8.523
   11    12    7.960
   11    13    8.712
   11    14    9.447
   11    15    9.177
   11    16   10.354
   11    17    8.463
   11    18   10.444
   11    19    6.132
   11    20    5.041
   11    21    9.834
   11    22   11.455
   11    23   10.860
   11    24    8.212
   12    13    8.695
   12    14   10.569
   12    15    9.892
   12    16    8.699
   12    17   11.772
   12    18   14.278
   12    19   10.913
   12    20   10.447
   12    21   10.076
   12    22   12.273
   12    23   11.819
   12    24    8.834
   13    18    6.630
   13    19    5.838
   13    20    6.057
   13    23    6.380
   13    24    5.090
   14    20    6.252
   15    17    5.089
   15    18    6.344
   15    19    6.250
   15    20    5.807
   15    21    6.499
   15    22    4.738
   15    23    7.965
   15    24    6.954
   16    17    6.504
   16    18    8.253
   16    19    7.831
   16    20    8.129
   16    21    5.186
   16    22    4.580
   16    23    6.971
   16    24    5.925
   17    23    5.017
   17    24    4.992
   18    20    5.789
   18    21    6.827
   18    22    4.839
   18    23    6.665
   18    24    7.453
   19    21    5.947
   19    22    6.481
   19    23    6.352
   19    24    5.257
   20    21    7.854
   20    22    7.830
   20    23    8.672
   20    24    7.102
   22    23    4.552
   22    24    5.587
qpartial
                    24
        -0.24027    0.35992    0.02875   -1.06712    0.00737    0.00001
        -0.70240    0.35124    0.08966    1.00000    0.08863    0.11261
        -0.21753    0.03984    0.05799    0.12784    0.57627   -0.43638
        -1.09030    0.02222   -0.57158    0.09802    0.21702    0.27211
$end
