$coord                                                                          
    0.05309681970315      4.50420656052690     -2.70475669558949      c       
   -0.83042883535752      4.98407926113087     -0.34002774831197      c       
   -0.23265086392356      3.40294022028621      1.57665429868205      c       
    1.52686306215796      2.45058977358238     -3.13782627673704      c       
    2.13553317000691      0.86123921185657     -1.20793742281280      c       
    1.24062522407956      1.34638609306609      1.15489375676952      c       
   -2.35502723357761      7.08143374766341      0.17120331725531      o       
   -2.71506585279948      8.17712526327522     -1.35977426769387      h       
    1.69026077908180      0.09326913495903      2.71877153440150      h       
    2.21577593415653      2.08729916578511     -5.03932001317838      h       
   -0.41868205832576      5.75982424657683     -4.25464100437498      h       
   -0.95317249868447      3.80634420302083      3.45254552746194      h       
    3.75398695613225     -1.44396485794271     -1.70135445060528      c       
    2.23796383195754     -3.62642472583260     -2.93706228113039      c       
    4.65587090150890     -2.12194474772215      0.07365296762662      h       
    5.34867221730294     -0.87738954379189     -2.95562922377318      h       
    3.96025326265948     -5.78741242944889     -3.80978165583883      c       
    6.50099318971352     -5.32565949732828     -4.29209553934355      o       
    3.01171364816136     -8.19215961857846     -4.30684556937498      o       
    1.15495555193881     -8.28282148792396     -3.87738736675087      h       
    0.25364941113891     -4.52888346930522     -1.19396092917744      n       
    1.33869786042494     -2.92058856897951     -4.70653906135380      h       
    1.02478130917772     -4.92212942656511      0.58940747951484      h       
   -1.12010755763506     -3.12239138253532     -0.94806022067425      h       
$end                                                                            
