$coord                                                                          
    0.91360590234889      4.05625237330685      1.25750790580655      c       
   -0.68904861896267      5.06524885607924     -0.45897099379263      c       
   -0.88596915204411      4.00258467271536     -2.79046100932616      c       
    2.32322498432751      1.99640284484868      0.66735976249961      c       
    2.13804662532258      0.92995458572743     -1.66652162815684      c       
    0.51846452687801      1.94254488855040     -3.39071686379534      c       
   -2.11016756531137      7.18734353760516      0.22163946692982      o       
   -3.26317351393018      7.83238931462895     -1.16695600097910      h       
    0.33767979730200      1.10956005052275     -5.26031491590709      h       
    3.59070977236155      1.20721571825910      2.07766104387956      h       
    1.04955460145328      4.91899391228868      3.11186458467935      h       
   -2.16824316399001      4.79581161932738     -4.17906627160530      h       
    3.67967623373962     -1.38523639818232     -2.32984233110824      c       
    2.10500502381935     -3.85250780938824     -2.17696433613547      c       
    5.36912995349655     -1.54243219703864     -1.08695935044339      h       
    4.44213792203043     -1.13745927837105     -4.27765843267306      h       
    3.53898853950681     -6.12592639888710     -3.25845557568697      c       
    5.46349088998738     -5.74955914783737     -5.00631997266143      o       
    2.84942824855439     -8.59809973380303     -2.67364775024992      o       
    1.43950332978267     -8.61520502994904     -1.38815020404676      h       
    1.27994844882929     -4.30675784783286      0.45084298030238      n       
    0.41103979085086     -3.66484088046355     -3.41570439760271      h       
    2.82016444298170     -4.18923219662202      1.69364024485104      h       
   -0.02940173567241     -2.92369996228635      0.99683986117873      h       
$end                                                                            
