$grad          cartesian gradients
  cycle =      1    UFF energy =      0.1376726207   |dE/dxyz| =  0.312364
   -0.70868118100335      3.11276881451085      1.50209343974675      c       
    0.05729123016602      5.31189599769994      0.29676970163955      c       
    1.90505908010906      5.23796799161097     -1.56137426881503      c       
    0.39106334344188      0.81135233050800      0.81465558277446      c       
    2.27670173181520      0.68233916533149     -1.05992136196283      c       
    3.02132775216144      2.93689018341198     -2.22613309010666      c       
   -0.95806102125017      7.60240184911373      0.89011047366905      o       
   -2.16619588541585      7.37199552175395      2.25243924281604      h       
    4.48001858189153      2.98930646851889     -3.65941720628956      h       
   -0.22799421416531     -0.90322546008446      1.77141897805857      h       
   -2.14492335152192      3.14301911631319      2.96586346057927      h       
    2.48762408743828      6.97441649271500     -2.49006580213834      h       
    3.33902854184680     -1.90359970827362     -1.69408775856058      c       
    1.67451218673593     -3.81616429485692     -3.12871616310681      c       
    4.00866518397528     -2.77013718712219      0.07018538617077      h       
    5.03531450485767     -1.56569743410941     -2.84570037895308      h       
    3.30343342170197     -6.09941383169587     -3.93929845966498      c       
    2.86847592992428     -7.51882074717841     -5.70504703005934      o       
    5.30909567086099     -6.39960990925927     -2.35807825212358      o       
    4.98655373220507     -8.00746013017321     -1.45450185264697      h       
   -0.50980344890447     -4.85254163575592     -1.65201222215944      n       
    0.93738210429271     -2.97782619400980     -4.87358653086959      h       
   -0.51649973119495     -6.78042537162002     -1.86670942226387      h       
   -0.16278593889601     -4.58599228608800      0.23006211190269      h       
  -.36740389607278D-01  0.20166696626590D-01  0.33826922259182D-01
  -.32343054446269D-01  0.41039282974757D-01  0.25140190743274D-01
  0.84738007135838D-02  0.46242789067350D-01  -.18212362457213D-01
  -.13313820476770D-01  -.30554270747853D-01  0.17244408898674D-01
  0.56674334414651D-01  -.28585537347180D-01  -.24939676515618D-01
  0.21364839363673D-01  -.41855371224661D-02  -.19964178511396D-01
  -.76630240400175D-02  -.17397644855729D-01  0.11531247090331D-01
  0.29229337421501D-01  -.13969198225469D-01  -.27971570145986D-01
  -.13590407020273D-02  0.79488737862268D-02  0.21537575820290D-02
  -.16185956409332D-04  -.85188491358636D-02  -.15677268940594D-02
  0.22357354694410D-03  -.13169447097086D-02  0.70639750025862D-03
  0.17054050907748D-02  -.24425525599440D-03  -.22404720110052D-02
  -.94397359503915D-02  -.30213218285229D-01  -.54621558175384D-02
  0.35042641655052D-01  0.54697293113930D-01  0.25920933793291D-01
  -.36464226274542D-02  0.17236336282367D-02  -.71976182516725D-02
  -.87534709682040D-02  0.13455685491570D-02  0.23295322686168D-02
  -.39901357597558D-01  -.16062919033956D+00  -.12738579823757D+00
  0.32600442953431D-01  0.95285392350079D-01  0.11461994638632D+00
  -.25515315458076D-01  0.33876301005822D-01  0.96417566924558D-02
  -.80514509671366D-02  0.19280074959106D-01  -.59688836396699D-02
  -.18533512103513D-01  -.46701186773835D-01  0.11099426918801D-01
  0.36719977497016D-04  -.62929820140162D-02  0.88841327289428D-02
  0.20455678722863D-01  0.21340788274245D-01  -.42221938502165D-02
  -.52999295886858D-03  0.56621204773986D-02  -.17966016530238D-01
  cycle =      2    UFF energy =      0.1168682276   |dE/dxyz| =  0.246349
   -0.74456127245524      3.17765462286846      1.36945346967772      c       
    0.02541026814654      5.33326555901735      0.11698943330347      c       
    1.87001296302822      5.20291722220904     -1.71962307841168      c       
    0.34362313772622      0.86932813191657      0.75153035787481      c       
    2.21962627023148      0.68863569068046     -1.10463667491385      c       
    2.97299077271065      2.89638598350565     -2.32143190898238      c       
   -0.99556488919425      7.65385318526223      0.63993507862330      o       
   -2.20076254541575      7.51186106499010      2.04065827574525      h       
    4.44270200679413      2.89310804000639     -3.74710727196784      h       
   -0.27636925394349     -0.80310466485155      1.76978092590270      h       
   -2.18657463291783      3.25711296759007      2.82598098832715      h       
    2.45898628742526      6.91584660909284     -2.68704773751761      h       
    3.35079937601460     -1.89361258050912     -1.65070106940036      c       
    1.70555748343824     -3.87746776058425     -3.02437425092564      c       
    4.04105024600096     -2.69676418253477      0.14311674991190      h       
    5.05403040017023     -1.57196428072276     -2.80767856544913      h       
    3.37109443384282     -6.12209342172036     -3.81197788077229      c       
    2.91955640417315     -7.57657622783543     -5.63041372756257      o       
    5.36846227192636     -6.47844110653092     -2.21628348206690      o       
    4.94545113978716     -8.02243115139119     -1.21615220460721      h       
   -0.43402727471332     -4.90141453589452     -1.48358618630051      n       
    0.92706109305672     -3.08653819683926     -4.78373145385726      h       
   -0.38947793119140     -6.85376696705369     -1.56670942226387      h       
   -0.10247444356941     -4.52235425941050      0.39295821327019      h       
  -.29132491950492D-01  0.15991518819426D-01  0.26942299420163D-01
  -.25544188330020D-01  0.32151568198159D-01  0.20093788567752D-01
  0.67139039062649D-02  0.36733648134765D-01  -.14279750373758D-01
  -.10461238738561D-01  -.24231726466630D-01  0.13424268020266D-01
  0.44577184640847D-01  -.22276709345577D-01  -.19799163442610D-01
  0.16950117622717D-01  -.31483429328293D-02  -.15821105318376D-01
  -.55633238496547D-02  -.13263451409757D-01  0.82121535582039D-02
  0.22504405150972D-01  -.11065625783643D-01  -.21320597007768D-01
  -.89860726227538D-03  0.62596352534539D-02  0.15771575836632D-02
  -.88227968907445D-04  -.69850487763148D-02  -.10663154371377D-02
  0.44288063033426D-04  -.10387526231986D-02  0.68566255456939D-03
  0.13715324037021D-02  -.21094283832432D-04  -.18254577519230D-02
  -.68833988486554D-02  -.24263982442058D-01  -.46697226839502D-02
  0.27959636381610D-01  0.43141766329484D-01  0.20266535126092D-01
  -.26705652683398D-02  0.11300416763614D-02  -.54446759253880D-02
  -.68938458000924D-02  0.10296779547402D-02  0.18284317072713D-02
  -.31649465243889D-01  -.12698628820324D+00  -.10076467336384D+00
  0.25666852814458D-01  0.75272180225384D-01  0.90632852160386D-01
  -.19195680456060D-01  0.29686848686279D-01  0.63375765431371D-02
  -.74065656077660D-02  0.12812331148330D-01  -.31624314098771D-02
  -.15451311793105D-01  -.35343756125021D-01  0.70775156802012D-02
  -.11371035953715D-03  -.48631564483635D-02  0.67418709526566D-02
  0.16266101185745D-01  0.14364861048495D-01  -.29723363826617D-02
  -.10140069199566D-03  0.49138573655888D-02  -.12693882777073D-01
  cycle =      3    UFF energy =      0.1089492175   |dE/dxyz| =  0.212250
   -0.74411134091091      3.25174809100469      1.25332637719693      c       
    0.03414169129663      5.36728574599361     -0.04810556310147      c       
    1.87315601682366      5.18027162283495     -1.87441448938153      c       
    0.32918040667762      0.93034876272008      0.69629535588896      c       
    2.19515963823141      0.69369835554667     -1.15232565095250      c       
    2.95883422679213      2.86055568714181     -2.42061134145753      c       
   -0.97690451225685      7.71331738926601      0.41474464164596      o       
   -2.17493478856906      7.64220605865393      1.83910837578271      h       
    4.43066275859977      2.80738500435247     -3.84460066333195      h       
   -0.29451198780282     -0.70120755882381      1.77043636221316      h       
   -2.18503613613320      3.37890877382338      2.70798119794031      h       
    2.47093274617034      6.86748825503057     -2.88134647840796      h       
    3.35063300021235     -1.89680653753957     -1.62661385499264      c       
    1.70165173646155     -3.93747101854612     -2.92341172246399      c       
    4.06583392310088     -2.63973738449430      0.18754086690358      h       
    5.04734974670373     -1.60479685156464     -2.80693049675683      h       
    3.37866215278631     -6.17272668776179     -3.68773066463926      c       
    2.91889512572004     -7.65143675157297     -5.52865481854590      o       
    5.35271595261000     -6.57134170426026     -2.06410244650939      o       
    4.85067926920923     -8.05601392340858     -0.99844979587866      h       
   -0.39878484870305     -4.93579289238201     -1.31604773276484      n       
    0.88362785356011     -3.19639475145344     -4.69237715062346      h       
   -0.30027714079662     -6.89684268685246     -1.26670942226387      h       
   -0.08095317871094     -4.43920525644712      0.54194769213759      h       
  -.25259614775741D-01  0.13761474035974D-01  0.23416228771395D-01
  -.22053834204606D-01  0.27653095983345D-01  0.17432045757712D-01
  0.58385867750492D-02  0.31893024861774D-01  -.12326377291597D-01
  -.90205316461600D-02  -.21028585175475D-01  0.11532571297908D-01
  0.38503348431492D-01  -.19182958060136D-01  -.17153888447011D-01
  0.14734377906099D-01  -.26141713608503D-02  -.13758745386586D-01
  -.45132787754181D-02  -.11067206196761D-01  0.65591892334246D-02
  0.19017356174514D-01  -.95043901534900D-02  -.17891678627706D-01
  -.64145705459858D-03  0.54022614354368D-02  0.12440500985415D-02
  -.15840318974798D-03  -.62878835745368D-02  -.74044571798556D-03
  -.85913621902307D-04  -.90549458055033D-03  0.71689473914942D-03
  0.12262538699583D-02  0.14829010119228D-03  -.16529231794562D-02
  -.56654766525398D-02  -.20869698597716D-01  -.41843564068604D-02
  0.24381210151964D-01  0.37122809619394D-01  0.17287429808008D-01
  -.21805187372095D-02  0.87607926269321D-03  -.44059449546018D-02
  -.58715853923061D-02  0.91701253398535D-03  0.14962508936343D-02
  -.27351569552435D-01  -.10948411124151D+00  -.87307794153655D-01
  0.22115496890998D-01  0.64869777148614D-01  0.78256978341205D-01
  -.15915646162814D-01  0.27067344679013D-01  0.47375915719924D-02
  -.69856956687755D-02  0.96536854751210D-02  -.17280800030499D-02
  -.14142594347112D-01  -.28991387805671D-01  0.44039833018574D-02
  -.20709562577346D-03  -.41096847401237D-02  0.55260375455347D-02
  0.13997818100516D-01  0.99239438266936D-02  -.21803908319493D-02
  0.23876710654838D-03  0.47567725235859D-02  -.92786263599051D-02
  cycle =      4    UFF energy =      0.1066714213   |dE/dxyz| =  0.196583
   -0.72021287141152      3.33053352423488      1.14659836207681      c       
    0.07197835740461      5.40890981352135     -0.19948893302346      c       
    1.90577038762682      5.16701856414002     -2.01943466067924      c       
    0.33353232111837      0.99278286823855      0.64078600525878      c       
    2.19023201507923      0.69907318875515     -1.20489705169693      c       
    2.96977747284239      2.83015937910801     -2.51810023933098      c       
   -0.91989302434539      7.77705643247345      0.21034580152853      o       
   -2.11427624309191      7.76380926374199      1.64501019485443      h       
    4.44065663605280      2.73181581817506     -3.94140902203281      h       
   -0.29908169913527     -0.59930606895349      1.76257867948494      h       
   -2.15748975219596      3.50313059687750      2.60069426889566      h       
    2.51632822635618      6.82847361887748     -3.06169342831409      h       
    3.34328645639027     -1.90743082766979     -1.62149525719908      c       
    1.67275346026547     -3.99530324489722     -2.82486039979841      c       
    4.09446487682152     -2.59229814545644      0.20352961182986      h       
    5.02028394751315     -1.65376357889664     -2.84194034588305      h       
    3.34376752592059     -6.24028340471045     -3.56176963833835      c       
    2.88148747344527     -7.73670787570436     -5.40800559360710      o       
    5.28195016334460     -6.67345139388819     -1.89899974396463      o       
    4.71508836872507     -8.11550086627133     -0.80153314289598      h       
   -0.38837813414987     -4.95613384961794     -1.14462483825579      n       
    0.81339644138245     -3.30815099060363     -4.59954930989577      h       
   -0.23754474476703     -6.91300183389107     -0.96670942226387      h       
   -0.07127535010049     -4.34799124635958      0.68391668088128      h       
  -.23535932667186D-01  0.12715540362770D-01  0.21852529281005D-01
  -.20453841483593D-01  0.25610714669411D-01  0.16196219785588D-01
  0.54661656339200D-02  0.29730794398595D-01  -.11492260954344D-01
  -.83910957232873D-02  -.19585044722420D-01  0.10725326847676D-01
  0.35816418787478D-01  -.17818678166834D-01  -.15957224394243D-01
  0.13777469978851D-01  -.23848544386991D-02  -.12878961557366D-01
  -.40360458029813D-02  -.99474394736915D-02  0.57840800096461D-02
  0.17361924930672D-01  -.87607512762865D-02  -.16272001888160D-01
  -.48319644829544D-03  0.50090620544559D-02  0.10473695425208D-02
  -.22136668268688D-03  -.60391943203966D-02  -.50568841719693D-03
  -.19355471091437D-03  -.84464603969567D-03  0.78224039500779D-03
  0.11827783245126D-02  0.27672885111396D-03  -.16122989091565D-02
  -.51198483077159D-02  -.19038722315589D-01  -.39027385490392D-02
  0.22824181504554D-01  0.34307400403822D-01  0.15721900771974D-01
  -.19220279075989D-02  0.78499646739803D-03  -.37397764514959D-02
  -.52534682483811D-02  0.93238682310582D-03  0.12220559844718D-02
  -.25420887796266D-01  -.10137023159948D+00  -.81422860502587D-01
  0.20512246970765D-01  0.60067870456583D-01  0.72591173235195D-01
  -.14271369385758D-01  0.25591673668689D-01  0.41422182734535D-02
  -.67778713510467D-02  0.82763776890087D-02  -.10641833807016D-02
  -.13967045450514D-01  -.25600099829986D-01  0.26041840807074D-02
  -.29192515817947D-03  -.37324070648743D-02  0.47893900811813D-02
  0.12898388617531D-01  0.69008466399190D-02  -.15458173090223D-02
  0.49990237611976D-03  0.49176767630828D-02  -.70648759751132D-02
  cycle =      5    UFF energy =      0.1075543000   |dE/dxyz| =  0.192510
   -0.67886593560861      3.41175656021740      1.04530192297918      c       
    0.13472351128270      5.45569619797836     -0.33813621289101      c       
    1.96555424271167      5.16103005451462     -2.15162776898545      c       
    0.34993764061662      1.05532115145353      0.58169318091268      c       
    2.19931074552160      0.70429810098424     -1.26196672765181      c       
    3.00286769268093      2.80432321322172     -2.61051142513980      c       
   -0.83046333646751      7.84400045998961      0.02430057715452      o       
   -2.03012829221670      7.87866637644852      1.45567520041887      h       
    4.47266745784680      2.66456123472412     -4.03172097802165      h       
   -0.29885862587578     -0.49834036934977      1.74228874506527      h       
   -2.11242673566411      3.62763769999567      2.49786976468747      h       
    2.59454454395736      6.79767798463499     -3.22274266805628      h       
    3.33056830802912     -1.92445592063629     -1.63311757189322      c       
    1.62422720985716     -4.05046133988505     -2.72869524312356      c       
    4.12936498648540     -2.55459330815721      0.19316400882719      h       
    4.97533082977794     -1.71624937084669     -2.90763270712109      h       
    3.27501886236715     -6.31894888727760     -3.43460313812098      c       
    2.81350797333200     -7.82743418748403     -5.27643566586123      o       
    5.16533155032223     -6.78412646609702     -1.72302836240635      o       
    4.53884376026056     -8.19914848757819     -0.61960177901230      h       
   -0.39565174286347     -4.96301954551984     -0.97016600224524      n       
    0.72099906837712     -3.41970723281749     -4.50483083113289      h       
   -0.19361595932121     -6.90501873155435     -0.66670942226387      h       
   -0.06618544430834     -4.25002544573927      0.82018168151363      h       
  -.23165943456788D-01  0.12431908251040D-01  0.21534351009627D-01
  -.20037117484140D-01  0.25081339042120D-01  0.15875293692195D-01
  0.54119251095825D-02  0.29259050020171D-01  -.11347197118589D-01
  -.82685400415154D-02  -.19237865029303D-01  0.10580095066670D-01
  0.35228528170282D-01  -.17509507065376D-01  -.15679648871410D-01
  0.13611063980021D-01  -.23414819705372D-02  -.12737079509772D-01
  -.38862057009900D-02  -.94636292242021D-02  0.54896800456839D-02
  0.16817252084619D-01  -.85395362883111D-02  -.15727322582917D-01
  -.37734745205128D-03  0.49030764300160D-02  0.93188913668485D-03
  -.27919965892359D-03  -.60886223877633D-02  -.31332107665404D-03
  -.29335929250092D-03  -.82456098743853D-03  0.87426185954590D-03
  0.12028855470166D-02  0.38444737040234D-03  -.16540244949017D-02
  -.49768099185657D-02  -.18188904967247D-01  -.37403595448120D-02
  0.22521247470540D-01  0.33491475558526D-01  0.14944241555399D-01
  -.17777004307518D-02  0.79972877736820D-03  -.32589866771189D-02
  -.48105258738294D-02  0.10227750758956D-02  0.92572417422535D-03
  -.25022516239257D-01  -.99172277060603D-01  -.80372830204167D-01
  0.20127657564371D-01  0.58788913116061D-01  0.71151649381811D-01
  -.13459063546628D-01  0.25158158088766D-01  0.40572579435906D-02
  -.68496523168298D-02  0.77200173752028D-02  -.69402890168575D-03
  -.14634539376126D-01  -.23994200655134D-01  0.12400213124341D-02
  -.38388771759493D-03  -.35922276250251D-02  0.43201512949285D-02
  0.12563786185701D-01  0.45654014169371D-02  -.90974804112531D-03
  0.73806239435751D-03  0.53465227384332D-02  -.54900694496425D-02
  cycle =      6    UFF energy =      0.1040675043   |dE/dxyz| =  0.187125
   -0.73818769916437      3.32870792278987      1.14104579990748      c       
    0.04524185013160      5.40423468484857     -0.21366032381374      c       
    1.87639681667458      5.16032873881834     -2.03467563364049      c       
    0.32200757400062      0.99335908558302      0.64468119411684      c       
    2.17670847701158      0.70001213431810     -1.20083318383620      c       
    2.94656487363998      2.82618998119115     -2.52492844894760      c       
   -0.95488021773420      7.77340405446392      0.19041815869955      o       
   -2.13827566161786      7.76864717500343      1.63872687915264      h       
    4.41694085379087      2.72452718169575     -3.94995647860366      h       
   -0.30193100364506     -0.59814783639055      1.77543703571794      h       
   -2.17492310111325      3.50328873268989      2.59651600209120      h       
    2.48023208267878      6.82028924756534     -3.08443701007822      h       
    3.34873597100432     -1.89975850180268     -1.60419641325196      c       
    1.69216056019963     -3.99825719948775     -2.82128559059729      c       
    4.08695264309757     -2.57876142241606      0.23208559460852      h       
    5.04018452167133     -1.63937889146470     -2.81093210179486      h       
    3.37801103591386     -6.23055390733443     -3.56103929670521      c       
    2.91404450087313     -7.73320363261279     -5.41411888555131      o       
    5.32954333292021     -6.66324874202674     -1.90775599681615      o       
    4.76349743976507     -8.09418663590253     -0.79081031200845      h       
   -0.37126682576689     -4.97002236380812     -1.14517490947076      n       
    0.83552137124326     -3.31043195130932     -4.60094263782618      h       
   -0.22078176231217     -6.93695882458187     -0.96670942226387      h       
   -0.06589532218380     -4.35663928859638      0.69149455855642      h       
  -.22622772169717D-01  0.12074563653115D-01  0.21049761107769D-01
  -.19468950866152D-01  0.24379942651042D-01  0.15426003049945D-01
  0.53228302803367D-02  0.28567618815850D-01  -.11125683528436D-01
  -.81019889217281D-02  -.18727697031382D-01  0.10376651907510D-01
  0.34375123095502D-01  -.17077086133277D-01  -.15272280346270D-01
  0.13341258592076D-01  -.22925865573086D-02  -.12498276141989D-01
  -.37446207085904D-02  -.89124303478043D-02  0.51829118217989D-02
  0.16183631231202D-01  -.82844710879992D-02  -.15081421027391D-01
  -.28266170229849D-03  0.47650044761159D-02  0.82198680196910D-03
  -.31789310560677D-03  -.61308033776315D-02  -.12825336439852D-03
  -.38016636054147D-03  -.79721479809464D-03  0.94888434550086D-03
  0.12103647906552D-02  0.47552067762014D-03  -.16762506395444D-02
  -.49263701547475D-02  -.17087458393078D-01  -.34112970826884D-02
  0.21986645058996D-01  0.32452949675624D-01  0.13889588544961D-01
  -.16291410442595D-02  0.84583930638482D-03  -.26654712722625D-02
  -.41195994511443D-02  0.11334088770037D-02  0.52094253705503D-03
  -.24537838041874D-01  -.96264705565108D-01  -.78861443033560D-01
  0.19621483042125D-01  0.57108336277162D-01  0.69210102811116D-01
  -.12346405830099D-01  0.24390468599245D-01  0.40204549695380D-02
  -.68529829085466D-02  0.71495301341722D-02  -.34529397756216D-03
  -.15220802264521D-01  -.22171725780046D-01  0.90305680934384D-04
  -.44950373272442D-03  -.34251675551675D-02  0.37957303430180D-02
  0.12035479157503D-01  0.21696054114064D-02  -.41346731292510D-03
  0.92488201415610D-03  0.56585580721566D-02  -.38541861940875D-02
  cycle =      7    UFF energy =      0.1002357917   |dE/dxyz| =  0.178470
   -0.78668950979664      3.25235421633569      1.22802887648997      c       
   -0.03036758409839      5.35157227643102     -0.10476893522027      c       
    1.79820586727892      5.14792951928780     -1.93210280290551      c       
    0.29948785685161      0.93594346730784      0.70761418138905      c       
    2.15632918065177      0.68976442585814     -1.13818750762446      c       
    2.89534707629282      2.83402072604907     -2.44567160235848      c       
   -1.05897500061046      7.70498572209563      0.33295273389679      o       
   -2.22308995371664      7.67242474573893      1.80014631458686      h       
    4.36435228432795      2.76128577869951     -3.87481857466854      h       
   -0.30160004058488     -0.68552761749606      1.81487456098717      h       
   -2.22482215655719      3.39430022935937      2.68583726768939      h       
    2.37940811106456      6.82557920507587     -2.96626775500254      h       
    3.36395682579837     -1.88382872307870     -1.56612741343570      c       
    1.75677237752709     -3.94544175340924     -2.90602239192770      c       
    4.03565967222731     -2.61510385995202      0.27803867060254      h       
    5.10261544412505     -1.57858139339274     -2.69838497688241      h       
    3.47099446030298     -6.14804150424363     -3.67084861643052      c       
    3.00101611170505     -7.64630491178205     -5.53731538442828      o       
    5.48102264492468     -6.55054583267829     -2.07704693634406      o       
    4.96256211857075     -7.97408371578253     -0.92643428168721      h       
   -0.35873312270761     -4.96121704060984     -1.32249173399388      n       
    0.95661538174440     -3.19764057512980     -4.69007099384575      h       
   -0.26599020983479     -6.94346803896270     -1.26670942226387      h       
   -0.08747552441051     -4.44693560448319      0.55472530102119      h       
  -.21645101487246D-01  0.11515511756354D-01  0.20152533990008D-01
  -.18561518133519D-01  0.23258245677053D-01  0.14703978603401D-01
  0.51215925431807D-02  0.27332051007629D-01  -.10676332822877D-01
  -.77756545844047D-02  -.17869534494006D-01  0.99646531637039D-02
  0.32886106021556D-01  -.16313104211924D-01  -.14584902249620D-01
  0.12795682853198D-01  -.21972837814214D-02  -.12000983422605D-01
  -.35507913733595D-02  -.83067209731399D-02  0.48277596549982D-02
  0.15328293216000D-01  -.79013952821322D-02  -.14229294986703D-01
  -.21985447046743D-03  0.45464959043163D-02  0.73317574581928D-03
  -.31590175876649D-03  -.60157423264673D-02  0.13257871218818D-04
  -.42189918345665D-03  -.75845207267846D-03  0.96712300115611D-03
  0.11814067289986D-02  0.51994053675868D-03  -.16433150863905D-02
  -.48228891210420D-02  -.15628080160055D-01  -.30270787826187D-02
  0.21175241362596D-01  0.30825675056913D-01  0.12629220432823D-01
  -.14437509614521D-02  0.82075659497457D-03  -.19740504735580D-02
  -.33384714867510D-02  0.12430884800669D-02  0.13921384232077D-03
  -.23645671260714D-01  -.91663916457842D-01  -.75834520006258D-01
  0.18767817672095D-01  0.54440453888616D-01  0.66055023054156D-01
  -.11018575346161D-01  0.23207893986538D-01  0.39150184420438D-02
  -.67012846208372D-02  0.65087496814070D-02  -.72222548484633D-04
  -.15509538475615D-01  -.20016461311859D-01  -.94458748468639D-03
  -.54263042456739D-03  -.31615156913188D-02  0.31379346573970D-02
  0.11196623614047D-01  -.16083803096688D-03  -.63639977295527D-04
  0.10607686766882D-02  0.57741822231851D-02  -.21879646179502D-02
  cycle =      8    UFF energy =      0.0958894105   |dE/dxyz| =  0.164599
   -0.82806200645210      3.18243680056561      1.30792495725631      c       
   -0.09851775179410      5.29639980593211     -0.01321301061005      c       
    1.72268302552040      5.12116503897667     -1.84749510927754      c       
    0.27987234796643      0.88295004556051      0.77442500649724      c       
    2.13402479319184      0.67240904473242     -1.07168858149937      c       
    2.84195205962348      2.82524205389286     -2.37445944361178      c       
   -1.15015721944903      7.63830282183727      0.44914478090468      o       
   -2.28604323051635      7.59294891507194      1.94312755136709      h       
    4.30653329332295      2.77085749883152     -3.80973979388341      h       
   -0.29771910547434     -0.75948984130990      1.86854348543341      h       
   -2.26464859117096      3.30157436476215      2.76913669136866      h       
    2.28164517752138      6.81029643912595     -2.87464131751861      h       
    3.37593140943563     -1.87696033960809     -1.51401292313274      c       
    1.82475259399839     -3.89219572829978     -2.98562781490243      c       
    3.96851735872603     -2.66495083009744      0.33707860349294      h       
    5.16643673760155     -1.53207902677400     -2.55781387679206      h       
    3.56518292888404     -6.06892544319321     -3.76579256402794      c       
    3.08669945016954     -7.56811047675344     -5.64763971829054      o       
    5.62961073086725     -6.44406683657402     -2.23033095675913      o       
    5.14505330581139     -7.83461088605092     -1.02298456660956      h       
   -0.35430372276832     -4.93984243309024     -1.51208401624662      n       
    1.09601036194237     -3.07958334311768     -4.77527762978113      h       
   -0.31494985095532     -6.92720658557040     -1.56670942226387      h       
   -0.14390178492366     -4.51312131760932      0.39907824652874      h       
  -.19994460227560D-01  0.10623848502946D-01  0.18618969690583D-01
  -.17107515928868D-01  0.21449079833667D-01  0.13544354670316D-01
  0.47583051632611D-02  0.25250398574312D-01  -.98800569288882D-02
  -.72063925928830D-02  -.16467561571894D-01  0.92297318596061D-02
  0.30380128373897D-01  -.15041258126355D-01  -.13441559121294D-01
  0.11831207129699D-01  -.20175349860873D-02  -.11115766880931D-01
  -.32161738968175D-02  -.75345732291661D-02  0.42891811319506D-02
  0.14029985526267D-01  -.73000065890829D-02  -.12931760877773D-01
  -.17990998757064D-03  0.41973764410488D-02  0.64944592260781D-03
  -.27094946628473D-03  -.56588519715972D-02  0.12814401546915D-03
  -.41891660579988D-03  -.69818616289526D-03  0.92291385783425D-03
  0.11072192482672D-02  0.52060682507137D-03  -.15426677349269D-02
  -.46310999893889D-02  -.13590065625446D-01  -.25100120878152D-02
  0.19914886409231D-01  0.28255144752429D-01  0.10901032705655D-01
  -.11892829501854D-02  0.70281120472170D-03  -.10973594302485D-02
  -.23251631587910D-02  0.13555637782647D-02  -.26572837285236D-03
  -.22004990818892D-01  -.84396898060936D-01  -.70399633085365D-01
  0.17341541804274D-01  0.50173251733660D-01  0.60938181421212D-01
  -.93008815008515D-02  0.21611763609516D-01  0.34656947026157D-02
  -.64335025499788D-02  0.54990651588359D-02  0.32429735607857D-03
  -.15436009251657D-01  -.17802138020226D-01  -.16920850955665D-02
  -.66167012545510D-03  -.27434538585967D-02  0.22513777446492D-02
  0.99535048826354D-02  -.19564211025640D-02  0.16831874932805D-03
  0.10601405134516D-02  0.55680388903753D-02  -.55501421224597D-03
  cycle =      9    UFF energy =      0.0912820534   |dE/dxyz| =  0.143698
   -0.86098457803814      3.12018081083427      1.38861723066866      c       
   -0.16297259126656      5.23622442540383      0.06023940059553      c       
    1.63976050603235      5.07239339342294     -1.78730938867402      c       
    0.26408227885414      0.83472779393014      0.85694701831803      c       
    2.10438669170760      0.64339702817925     -0.99532777625802      c       
    2.77530550091372      2.79113234981799     -2.31468876817967      c       
   -1.23054881864680      7.57298744046541      0.53607612839838      o       
   -2.31615121394309      7.53769204672082      2.07522309239222      h       
    4.22766069068832      2.73990573044017     -3.76325629541851      h       
   -0.28360809350094     -0.81587924933670      1.95768199872064      h       
   -2.28816050720044      3.23066944722344      2.85925744179395      h       
    2.17295153871627      6.76417964168894     -2.82288278176867      h       
    3.38040526952680     -1.88412883272078     -1.43880895856275      c       
    1.90419417402761     -3.83765876835966     -3.06852374320145      c       
    3.86619785891763     -2.73969820789759      0.41830260588710      h       
    5.23428702310338     -1.50288289772131     -2.36402574261541      h       
    3.67427938190436     -5.99016708346163     -3.84954610327700      c       
    3.18811844710552     -7.50308103939564     -5.74634253093700      o       
    5.78640055104849     -6.33968386124112     -2.36614351879776      o       
    5.32014200058866     -7.66297806744105     -1.07291388279427      h       
   -0.35980236226937     -4.90756684534384     -1.74321245068720      n       
    1.27607810803537     -2.94917585219035     -4.86564192634960      h       
   -0.34732922717426     -6.89279457325996     -1.86670942226387      h       
   -0.27809031808103     -4.52435508856369      0.19193695067433      h       
  -.17448032553593D-01  0.92496326756555D-02  0.16234987422049D-01
  -.14917131912672D-01  0.18694467387211D-01  0.11790748867722D-01
  0.42033189063885D-02  0.22036880513897D-01  -.86258310382269D-02
  -.63228513451311D-02  -.14343416179314D-01  0.80457502931471D-02
  0.26480949985360D-01  -.13100212066156D-01  -.11644587121450D-01
  0.10306884221949D-01  -.16695143957620D-02  -.97323022400222D-02
  -.25257426059294D-02  -.64800702817459D-02  0.32197106330180D-02
  0.11957250477201D-01  -.63975237028717D-02  -.10745216683398D-01
  -.14347842669149D-03  0.36796124534238D-02  0.53874601239060D-03
  -.17906065161966D-03  -.49503255161166D-02  0.28047970972615D-03
  -.37994134810300D-03  -.61449413696571D-03  0.81866422749273D-03
  0.98722402226276D-03  0.49822383379379D-03  -.13729976818052D-02
  -.43262752621263D-02  -.10621819542034D-01  -.17591242898997D-02
  0.18276431248985D-01  0.24305618929477D-01  0.82734773975100D-02
  -.80701983028009D-03  0.42001366646775D-03  0.21728416728652D-03
  -.77654973836019D-03  0.15225328740018D-02  -.76935574687259D-03
  -.19236268868157D-01  -.73480735883125D-01  -.61681941936672D-01
  0.15118637639898D-01  0.43680727299636D-01  0.53131463350571D-01
  -.70313759630985D-02  0.19725318253414D-01  0.21975456508501D-02
  -.61254485633511D-02  0.37107216774325D-02  0.12430615177088D-02
  -.15405929124567D-01  -.16382356986844D-01  -.25235822673564D-02
  -.82911769376036D-03  -.20558547493526D-02  0.88292011112926D-03
  0.83419341930761D-02  -.23973258435907D-02  0.33803619728004D-03
  0.78159319231867D-03  0.49698997194666D-02  0.16420634478216D-02
  cycle =     10    UFF energy =      0.0878288343   |dE/dxyz| =  0.115598
   -0.86246336235984      3.09132848756697      1.46212689312700      c       
   -0.20861994222190      5.18156882538108      0.08041277195106      c       
    1.54345818866899      4.98858092553010     -1.80470048101964      c       
    0.26492728909836      0.80962965592500      0.95881438406230      c       
    2.05950101420347      0.59709068922430     -0.92401105869382      c       
    2.67833740301412      2.71068917299278     -2.30925315877057      c       
   -1.26851047838794      7.52920655578203      0.55149971406242      o       
   -2.23252933954985      7.55609568476254      2.18651758977678      h       
    4.09583902553387      2.62865904885014     -3.79233633836327      h       
   -0.23564820391183     -0.82081961598415      2.11363689352509      h       
   -2.25542400830985      3.22678951794983      2.96338967301867      h       
    2.04164435902812      6.66289652906035     -2.88524469492128      h       
    3.36369767268730     -1.91750816329121     -1.34208117893381      c       
    1.99423783694727     -3.79904771207834     -3.15171468263283      c       
    3.70570106450931     -2.84577869492692      0.51925882813207      h       
    5.29141869363633     -1.51102101831597     -2.10999295718943      h       
    3.80053763479533     -5.93945705012548     -3.88533554907998      c       
    3.32165900688396     -7.50442969650724     -5.78181014326963      o       
    5.92834556738427     -6.26931654019188     -2.41018597236952      o       
    5.43395978619582     -7.45719336201223     -0.98751724283565      h       
   -0.38508917243174     -4.86485486937998     -2.03061461057943      n       
    1.51503536869685     -2.83615208838097     -4.96457435696047      h       
   -0.32616116573869     -6.85426774715323     -2.06927269504996      h       
   -0.57725192731714     -4.36924879347961     -0.10806304932567      h       
  -.13966291989847D-01  0.71272605948970D-02  0.12971958493216D-01
  -.11954630497095D-01  0.14868762611272D-01  0.93741064913595D-02
  0.36218989809193D-02  0.17583061083258D-01  -.70177144476333D-02
  -.52235032545836D-02  -.11471753841764D-01  0.63699670776042D-02
  0.20946604549815D-01  -.10517565630995D-01  -.90134403179729D-02
  0.82194773319876D-02  -.86371374032070D-03  -.79526377090368D-02
  -.37992743452122D-03  -.50354415982896D-02  -.53522475266902D-03
  0.79411305179459D-02  -.50670354231460D-02  -.54385152455429D-02
  0.34765639727851D-04  0.30158699744790D-02  0.21098045838009D-03
  -.11987175110222D-03  -.38722432870619D-02  0.79704915498661D-03
  -.44667564416092D-03  -.55206791746295D-03  0.81100071749604D-03
  0.89521715574723D-03  0.59946861077245D-03  -.12515376391797D-02
  -.36610988552147D-02  -.67998080865545D-02  -.87605893978454D-03
  0.16859527149905D-01  0.18377956605011D-01  0.45806469132312D-02
  -.27123603265602D-03  -.11251773467172D-03  0.20443440718722D-02
  0.14437659941220D-02  0.16733505223207D-02  -.12778735074835D-02
  -.14728845775058D-01  -.57997672285950D-01  -.48905130004990D-01
  0.11945908236998D-01  0.34278441284435D-01  0.42058704196593D-01
  -.40775141981848D-02  0.18494941818792D-01  -.15012224582402D-02
  -.62084814758398D-02  0.14242043805269D-03  0.42413241944680D-02
  -.16175986029309D-01  -.15376496348617D-01  -.92295165230629D-02
  -.10445507865241D-02  -.10036022693209D-02  -.11875662881322D-02
  0.72336495891109D-02  -.31079315506946D-02  -.19081866841313D-03
  -.88333142218202D-03  0.56163161715592D-02  0.10917174732934D-01
  cycle =     11    UFF energy =      0.0852702201   |dE/dxyz| =  0.111010
   -0.90385068142972      3.06793132986910      1.44316668892825      c       
   -0.24858187072101      5.16573218379792      0.07438049559711      c       
    1.55255240185817      4.99522610874598     -1.76598907108096      c       
    0.25537990207864      0.79916065914755      0.95910920932556      c       
    2.08649049700285      0.60743207156816     -0.88859103303630      c       
    2.71752835214577      2.73001266064048     -2.25263866022473      c       
   -1.37205346924304      7.49561514971395      0.50032425916405      o       
   -2.53252933954985      7.47352703652500      2.02020452790246      h       
    4.16312186108491      2.66300021422971     -3.70989481379867      h       
   -0.26018504689311     -0.84015552551055      2.09319453989441      h       
   -2.33287165514763      3.18404219715489      2.91244738570206      h       
    2.05235264649272      6.67510005243649     -2.83678316949133      h       
    3.40250631704804     -1.90019957498270     -1.31026086588716      c       
    2.00799490155949     -3.77694333789428     -3.10271282383144      c       
    3.76726748691293     -2.82456737025129      0.54813116102380      h       
    5.31993853725096     -1.49104775456966     -2.10162453660396      h       
    3.80544196576843     -5.89435335750582     -3.91599346587426      c       
    3.27500003742779     -7.41844051982766     -5.83986255029563      o       
    5.98620542958843     -6.23513395892436     -2.52074499281954      o       
    5.54907890899168     -7.45112881017680     -1.10284989031916      h       
   -0.33625173100348     -4.86463973629488     -1.93316618107454      n       
    1.47610174942766     -2.79643426721385     -4.89256997328289      h       
   -0.33919992261145     -6.85220716538586     -2.13805859327589      h       
   -0.40483496698145     -4.51808854409290      0.03973093101995      h       
  -.13332098832236D-01  0.66849418188755D-02  0.12461345651658D-01
  -.11293359174685D-01  0.13993804000111D-01  0.89536858337613D-02
  0.36683577014412D-02  0.16711274801631D-01  -.69333568724573D-02
  -.50469827963834D-02  -.11047376829908D-01  0.61317290707521D-02
  0.20132328316868D-01  -.10142733214078D-01  -.87483258630012D-02
  0.79734200114049D-02  -.87511964062302D-03  -.77340808807623D-02
  0.32645255063388D-02  -.43942070512211D-02  -.53680249917464D-02
  0.34722577543482D-02  -.45794601452522D-02  -.60661590841572D-04
  0.12736591535439D-03  0.28705602666639D-02  0.10816364174117D-03
  -.15163793377464D-03  -.36068604900968D-02  0.87492001051341D-03
  -.58314073448176D-03  -.54502817052601D-03  0.93173710930851D-03
  0.87141420251204D-03  0.57825920298415D-03  -.12167974285389D-02
  -.34164295893479D-02  -.64299157141616D-02  -.80025137082092D-03
  0.16216658088440D-01  0.17532814451373D-01  0.44146513539968D-02
  -.22620392567515D-03  -.15094593153745D-03  0.19887433174097D-02
  0.14281199528409D-02  0.16230157226652D-02  -.12376835500180D-02
  -.14364105214031D-01  -.55170809543381D-01  -.46934117524152D-01
  0.11346432468478D-01  0.32476621124251D-01  0.39897351246420D-01
  -.31022864527866D-02  0.17762391983219D-01  -.14255502652283D-02
  -.60098945639872D-02  -.18239853961299D-03  0.44419233086906D-02
  -.16162678701048D-01  -.11805818292845D-01  -.12512914434585D-01
  -.10655806203693D-02  -.85373861079187D-03  -.13618575734884D-02
  0.72837710649322D-02  -.66487462161866D-02  -.89579986359067D-03
  -.10302524441520D-02  0.61994750184488D-02  0.15025171664979D-01
  cycle =     12    UFF energy =      0.0818609864   |dE/dxyz| =  0.095790
   -0.79244222695858      3.11705316010547      1.41813503545306      c       
   -0.12638132262576      5.19396319885461      0.02912287137809      c       
    1.66364896257631      4.98922406293021     -1.81306110471166      c       
    0.34360675473670      0.83812051671461      0.95358800831323      c       
    2.16021381657247      0.61342465879052     -0.89715423409006      c       
    2.80406238940550      2.71262938977172     -2.28299780590510      c       
   -1.23032922408205      7.54033472407147      0.43803806696315      o       
   -2.41568698433678      7.54209258405208      1.93986886290167      h       
    4.23762710029783      2.61294314439222     -3.75052007301004      h       
   -0.18687749257741     -0.78593522843985      2.09970123306253      h       
   -2.21560577659147      3.26015939350927      2.89020029032924      h       
    2.17208392537973      6.65439046707799     -2.90169648200290      h       
    3.43598925145591     -1.91501437354668     -1.32405789088729      c       
    1.94772059963379     -3.77242176677640     -3.05675870117571      c       
    3.82611869597747     -2.82547082069437      0.53494039112025      h       
    5.34048336809769     -1.56022585822367     -2.17080596587605      h       
    3.64100249713844     -5.97222899510176     -3.87621787244309      c       
    2.97500003742779     -7.49107562072810     -5.78982843568301      o       
    5.80251760051225     -6.46203807961491     -2.48715194035865      o       
    5.25136624839371     -7.50606508144206     -0.95779394135650      h       
   -0.41557901504499     -4.73772639666278     -1.82980064696676      n       
    1.42274344113563     -2.79800711813730     -4.85190673888513      h       
   -0.62362533516544     -6.70402093140701     -2.20647954069684      h       
   -0.33105500035061     -4.55066528837936      0.17158519211804      h       
  -.11247114220886D-01  0.55901463103719D-02  0.10505618553267D-01
  -.95139660949668D-02  0.11737792456692D-01  0.75486303897087D-02
  0.30893716253111D-02  0.14080933132136D-01  -.58372716731920D-02
  -.42759578918767D-02  -.93459495206699D-02  0.51606970932784D-02
  0.16871718352415D-01  -.84927167911404D-02  -.72612770282048D-02
  0.67261478541887D-02  -.70730264211352D-03  -.65211842299474D-02
  0.28112902694392D-02  -.35957135025693D-02  -.46334365296139D-02
  0.28071279993762D-02  -.38411500364803D-02  0.80509891338785D-04
  0.17169475115783D-03  0.24092438657633D-02  0.20945540343295D-04
  -.13315855618754D-03  -.30478758608355D-02  0.75467643035081D-03
  -.53064607904819D-03  -.46151023060642D-03  0.82539534581488D-03
  0.74515487140319D-03  0.52666503506608D-03  -.10470610283279D-02
  -.27957938108104D-02  -.49432706234690D-02  -.34163477699350D-03
  0.14190096969801D-01  0.15428628234571D-01  0.35186131539893D-02
  -.19112076863228D-03  -.10835053182291D-03  0.17708984182045D-02
  0.16295641278328D-02  0.13675126774363D-02  -.12045546804065D-02
  -.12802379359698D-01  -.45668530329695D-01  -.39017043769598D-01
  0.90955930160058D-02  0.26109666965630D-01  0.32340478065057D-01
  0.24156979468760D-02  0.18229161481214D-01  -.59016417041809D-02
  -.79922039237617D-02  -.38454595855247D-02  0.87477704380381D-02
  -.15757745332850D-01  -.36335812961019D-02  -.13788700905832D-01
  -.89063240106505D-03  -.71549432541785D-03  -.11686940065437D-02
  0.55674321637449D-02  -.13737973277322D-01  -.28872530238300D-02
  0.98284922303359D-05  0.66651283948873D-02  0.18335520037280D-01
  cycle =     13    UFF energy =      0.0817559262   |dE/dxyz| =  0.094326
   -0.88073203472528      3.08443969437291      1.37460272166500      c       
   -0.22515088150382      5.16621388768671     -0.01091424341140      c       
    1.58954591279678      4.97995845446035     -1.82987815580910      c       
    0.28725757270001      0.81884923811964      0.92766885298040      c       
    2.12895153511333      0.61377822474398     -0.89910443730421      c       
    2.76327950154200      2.71751415616423     -2.28109374367721      c       
   -1.36957070451654      7.49829216839096      0.37543195780352      o       
   -2.59037854366603      7.48487666776965      1.84943497655138      h       
    4.21671088016334      2.63276263444100     -3.73043250849634      h       
   -0.23985804928655     -0.81025510210078      2.06753997197257      h       
   -2.32444827296088      3.21275533381956      2.82809761769757      h       
    2.08926507440680      6.64889873852728     -2.91657092595481      h       
    3.45021648671818     -1.89525845071837     -1.30214772751918      c       
    1.98941693075066     -3.79205075113682     -3.01573637299664      c       
    3.85916400709799     -2.77838118944186      0.56537359277563      h       
    5.34672779982604     -1.51336976834293     -2.15570193941461      h       
    3.72973508599294     -5.93917005668860     -3.88098152444308      c       
    3.03364865968466     -7.50607244551398     -5.75075152684388      o       
    5.97188259858879     -6.33963098132333     -2.58261083226851      o       
    5.49463212963377     -7.20606508144206     -0.90691273723549      h       
   -0.32696465237861     -4.82163212055234     -1.75274075556036      n       
    1.40702928064174     -2.82515049572415     -4.79836203218218      h       
   -0.50123144952877     -6.78824822064340     -2.14273012289263      h       
   -0.21252655609302     -4.64961479375165      0.24746847214067      h       
  -.10820136980346D-01  0.54069056096617D-02  0.10107942636908D-01
  -.91024397784449D-02  0.11211582006298D-01  0.72485155783490D-02
  0.29816181105449D-02  0.13532587894878D-01  -.56227781561166D-02
  -.41345239673115D-02  -.89806925781654D-02  0.49822637005134D-02
  0.16198739265449D-01  -.81121694401988D-02  -.70267320334272D-02
  0.65040002381483D-02  -.75837103184789D-03  -.62925524520068D-02
  0.27418299573268D-02  -.33103335446866D-02  -.45702678298022D-02
  0.25001968459635D-02  -.36282642738116D-02  0.28022798313853D-03
  0.22275263686751D-03  0.22832694030951D-02  -.27226431914614D-04
  -.14273104041052D-03  -.28635289885448D-02  0.75473685534025D-03
  -.56562955806382D-03  -.41996279574729D-03  0.84320178354600D-03
  0.71458754620514D-03  0.51452909762701D-03  -.10075155494544D-02
  -.25225182493449D-02  -.47163944093593D-02  -.36674704359491D-03
  0.13548026106941D-01  0.14969230558705D-01  0.31546109299739D-02
  -.92211367683446D-04  -.19411825612859D-03  0.17351008310126D-02
  0.16357851206065D-02  0.13281420383872D-02  -.11585317116149D-02
  -.13188223655812D-01  -.43522652292665D-01  -.37890864813620D-01
  0.83481506238612D-02  0.24889184787954D-01  0.30667466936902D-01
  0.61408583134690D-02  0.20313512363467D-01  -.10904652261789D-01
  -.96349232160405D-02  -.67971970271818D-02  0.14528253308187D-01
  -.15616513997334D-01  -.35603721791853D-02  -.13098559214623D-01
  -.92148479595279D-03  -.50827681131462D-03  -.12990495262780D-02
  0.52631695291969D-02  -.13358300533593D-01  -.27456655991151D-02
  -.58377687835997D-04  0.62816904023579D-02  0.17708822079486D-01
  cycle =     14    UFF energy =      0.0778840634   |dE/dxyz| =  0.070303
   -0.76797486291982      3.11980732295209      1.40632406507756      c       
   -0.11862999822467      5.17949729366582     -0.00704767410776      c       
    1.66772016464138      4.95983407598260     -1.84300075979218      c       
    0.37784003798464      0.84732249950078      0.97356354389869      c       
    2.18701417427305      0.61134171201348     -0.87199893775066      c       
    2.81610633715326      2.68914150659426     -2.28475870270050      c       
   -1.24339255865267      7.52722317995912      0.37267842532724      o       
   -2.47772294173584      7.53794192870274      1.83645356833903      h       
    4.24277895561652      2.57053356088639     -3.75881018730765      h       
   -0.14928566083046     -0.76627678718876      2.13256314575877      h       
   -2.19259745242599      3.27487666084254      2.87527753826775      h       
    2.16295059785162      6.61323926622683     -2.95393510097087      h       
    3.46723973398566     -1.91533192346195     -1.29908080976472      c       
    1.92077904309673     -3.76339964338220     -2.98553050960948      c       
    3.89336846983515     -2.81476030829854      0.55547205323346      h       
    5.35304984614378     -1.57563645468322     -2.18985412456897      h       
    3.56645702698361     -5.95594161534888     -3.91385991961584      c       
    2.73364865968466     -7.48667336093281     -5.79305311438577      o       
    5.82611259923142     -6.48068286836510     -2.68673179096028      o       
    5.37842328258306     -7.40776849506751     -1.04580171024165      h       
   -0.39216300172657     -4.71302247957450     -1.67098911754723      n       
    1.32540928585559     -2.76685159561739     -4.74705906725759      h       
   -0.70622411563435     -6.64224570391725     -2.14538990357059      h       
   -0.18430531177356     -4.64872803037781      0.32351766782193      h       
  -.80968175770886D-02  0.39559815126506D-02  0.75250351921405D-02
  -.67995160767585D-02  0.82957030172417D-02  0.53982487507047D-02
  0.22674920102591D-02  0.10053044275833D-01  -.41924671027976D-02
  -.31754974201675D-02  -.66842054398345D-02  0.37575710915884D-02
  0.11928563168326D-01  -.59488135656545D-02  -.51221204041739D-02
  0.48707834760239D-02  -.52414264462723D-03  -.46905160840791D-02
  0.20591866766107D-02  -.23883181120376D-02  -.34311498576306D-02
  0.17909172335163D-02  -.26823219082971D-02  0.27570992126341D-03
  0.28952030956949D-03  0.16892474590777D-02  -.15102349186438D-03
  -.12603596790470D-03  -.21673347500536D-02  0.57863209179891D-03
  -.49043282299749D-03  -.32192780068602D-03  0.69675402449110D-03
  0.56192880306999D-03  0.42908000930275D-03  -.78806103035776D-03
  -.16281471117053D-02  -.32661604452731D-02  -.37224549068248D-05
  0.10028139390839D-01  0.11616458385432D-01  0.23483819296614D-02
  -.20235477827851D-05  -.16325037745803D-03  0.13358254468019D-02
  0.14506538924670D-02  0.10012217590235D-02  -.90831484597432D-03
  -.96342609302568D-02  -.31396127178792D-01  -.28029780177874D-01
  0.52513279629559D-02  0.17407809459806D-01  0.21389873042097D-01
  0.59970397975937D-02  0.14695849135162D-01  -.79007919599211D-02
  -.71582927661187D-02  -.52219517492382D-02  0.11434011781193D-01
  -.12595898376540D-01  -.31355837427655D-03  -.10993176077756D-01
  -.82590104381149D-03  -.37340492298876D-03  -.10426811420809D-02
  0.37440016291899D-02  -.13001057536942D-01  -.29243136715420D-02
  0.29326929071010D-03  0.53081797926293D-02  0.15438075029218D-01
  cycle =     15    UFF energy =      0.0769544651   |dE/dxyz| =  0.062220
   -0.62660420869009      3.14093948256665      1.50299049054534      c       
    0.02443641099450      5.19410257513365      0.08353560667491      c       
    1.76557646050090      4.95122017737045     -1.79101995187574      c       
    0.47452490164501      0.85381509132576      1.04077367708942      c       
    2.23689054828757      0.59528209108944     -0.84436106920674      c       
    2.86710170781473      2.66523400948791     -2.26460125625842      c       
   -1.05100019446581      7.56098758642540      0.50027612048485      o       
   -2.25546894237653      7.58939507516312      1.98941089294725      h       
    4.25505495405688      2.52509266472517     -3.77426954382109      h       
   -0.05420497142711     -0.75520002513626      2.20450117628127      h       
   -2.01672871997077      3.31460712060513      3.00302782137447      h       
    2.26252666250129      6.60015016514609     -2.90726511181634      h       
    3.45055856419469     -1.95553766612334     -1.32951769748059      c       
    1.81795731698960     -3.73099860607107     -3.01426260868542      c       
    3.88847013035619     -2.89655671374342      0.50162790619756      h       
    5.32703258444662     -1.65161361066498     -2.25173211412748      h       
    3.37772461380911     -5.94718919451289     -4.03452468817565      c       
    2.43364865968466     -7.41669296522905     -5.92386449163309      o       
    5.65663346742303     -6.57051228239719     -2.88797379405405      o       
    5.23511176464668     -7.58247592889869     -1.29203356358869      h       
   -0.48615410735027     -4.64151058119501     -1.66131262600943      n       
    1.20488673492367     -2.68246492963794     -4.74004272563209      h       
   -0.86462426576940     -6.55145499921700     -2.15659360552966      h       
   -0.23674776119663     -4.61517879508675      0.32617973389859      h       
  -.73188594676347D-02  0.36384654840349D-02  0.67358529260534D-02
  -.60886180031596D-02  0.72679023019894D-02  0.48297379863125D-02
  0.20602191776210D-02  0.89576744925865D-02  -.37909707145333D-02
  -.29214933706114D-02  -.59134762085795D-02  0.34484901683891D-02
  0.10577653669215D-01  -.50626612861453D-02  -.45598680696377D-02
  0.44403891938278D-02  -.62653718310310D-03  -.42260408985443D-02
  0.17508493974518D-02  -.18585370546717D-02  -.30385696866691D-02
  0.14359849652329D-02  -.23071886497782D-02  0.41889840268465D-03
  0.43121036699683D-03  0.14298661005866D-02  -.30784006111393D-03
  -.12407994842316D-03  -.18904341756767D-02  0.54601358968458D-03
  -.57381917143728D-03  -.22945185147158D-03  0.74987026386596D-03
  0.50821892770462D-03  0.38286633721719D-03  -.70829927130653D-03
  -.10451006367508D-02  -.27833040133625D-02  0.19281386752384D-03
  0.84642075167015D-02  0.10550031090980D-01  0.21289578468857D-02
  0.12988189859658D-03  -.20736857490568D-03  0.13376923219346D-02
  0.14813273558415D-02  0.89145874701452D-03  -.82687462918590D-03
  -.85120007989624D-02  -.27308290165493D-01  -.24887487868123D-01
  0.40248507460873D-02  0.14594431725941D-01  0.17826500944051D-01
  0.65853370985493D-02  0.13082329747237D-01  -.73624685842976D-02
  -.63791608926359D-02  -.52170030567039D-02  0.11218896551251D-01
  -.11497080465960D-01  0.14735040472861D-03  -.98448097714633D-02
  -.95721887997710D-03  -.23415820707642D-03  -.11674358605601D-02
  0.32338517106674D-02  -.12071311238569D-01  -.27528221629119D-02
  0.29344961105956D-03  0.47673452332200D-02  0.14039762709710D-01
  cycle =     16    UFF energy =      0.0771640075   |dE/dxyz| =  0.059801
   -0.48222523113953      3.14880185171549      1.61726894067286      c       
    0.17388316589942      5.20210084184843      0.20109771256123      c       
    1.86736987895519      4.94342073570243     -1.71487362074827      c       
    0.56837147232243      0.84655723606852      1.11244008092399      c       
    2.28138179082604      0.57182893040521     -0.81573467383979      c       
    2.91631064578591      2.64190502928138     -2.23280018140384      c       
   -0.84527655852268      7.58637201173137      0.66625037216863      o       
   -2.01040060092352      7.62641957877370      2.18710218769375      h       
    4.26372671178221      2.48779362993818     -3.77838040318524      h       
    0.03704094554273     -0.76205760308159      2.27509731784393      h       
   -1.83483939690780      3.33525308023701      3.15046684673804      h       
    2.36887821961955      6.59282524409320     -2.82824522121729      h       
    3.42090822211426     -2.00198643472978     -1.36846789743419      c       
    1.70728113563614     -3.69596163150318     -3.06105065352815      c       
    3.86512532725082     -2.99272865488801      0.43536880499969      h       
    5.28885710713688     -1.72905091231297     -2.31767345269620      h       
    3.18716161504781     -5.91928299067290     -4.18825089179142      c       
    2.13364865968467     -7.32801729684059     -6.07318366682769      o       
    5.49141551588896     -6.62145460562343     -3.13748590287977      o       
    5.10143065308120     -7.70350173217518     -1.57908545366268      h       
   -0.58472835878430     -4.59122510820398     -1.67679230905592      n       
    1.07437006364905     -2.58631687167538     -4.74241687909610      h       
   -0.98323588198651     -6.49947641877772     -2.15894752493436      h       
   -0.31985279082642     -4.55877816822512      0.30724504644494      h       
  -.72118913969188D-02  0.37113815631859D-02  0.65958042129603D-02
  -.59139037747505D-02  0.69202151036485D-02  0.47128792867728D-02
  0.20103499959704D-02  0.87498992151191D-02  -.37186137514882D-02
  -.28932726317800D-02  -.57466551848263D-02  0.34367535772207D-02
  0.10244143833316D-01  -.46838656033820D-02  -.44619915805191D-02
  0.44260874829300D-02  -.84016911776745D-03  -.41719720972059D-02
  0.16096988182376D-02  -.14257185243922D-02  -.29682352962427D-02
  0.11682032342352D-02  -.21205131827981D-02  0.65898106429133D-03
  0.58457580953219D-03  0.12916847269214D-02  -.46902467176484D-03
  -.12957414171406D-03  -.17828605082798D-02  0.55925953081239D-03
  -.69924037651086D-03  -.14357353960228D-03  0.86811355159740D-03
  0.48849901448837D-03  0.38116775847045D-03  -.68450171631447D-03
  -.57119166622689D-03  -.26276859242168D-02  0.35036587887466D-03
  0.76248374884059D-02  0.10374005927626D-01  0.21795482354949D-02
  0.28309181262196D-03  -.30080454767660D-03  0.14873506517050D-02
  0.15941970284085D-02  0.85828433563102D-03  -.80561948145959D-03
  -.81945416546555D-02  -.25935915534930D-01  -.24104550845592D-01
  0.32646192703802D-02  0.13290438776570D-01  0.16138728657934D-01
  0.76124992030945D-02  0.12594835021228D-01  -.72270487432590D-02
  -.61489607920146D-02  -.55563857260424D-02  0.11596140373297D-01
  -.11240998262081D-01  0.24458130662897D-03  -.94294839368583D-02
  -.11790739496661D-02  -.53685311600865D-04  -.14721468097783D-02
  0.30186391999772D-02  -.11724457284906D-01  -.26476133585189D-02
  0.25320645472001D-03  0.45257962553911D-02  0.13576877268041D-01
  cycle =     17    UFF energy =      0.0731805330   |dE/dxyz| =  0.047173
   -0.43703139631633      3.16788214807358      1.60485669762508      c       
    0.21712948288703      5.21549825296075      0.18611873833295      c       
    1.88715282197421      4.94586021074722     -1.74203529902179      c       
    0.59461741683576      0.86479727716278      1.09519242147701      c       
    2.28998633157851      0.58563837965596     -0.83770892548009      c       
    2.91956680885102      2.64443445045617     -2.26355463859620      c       
   -0.78353500342094      7.60843334407505      0.66503777631334      o       
   -1.95556478462934      7.65762386296321      2.18049980179616      h       
    4.25444425418576      2.47801247974270     -3.81789613925700      h       
    0.06039478698806     -0.74543007694865      2.25350916383460      h       
   -1.77546867411485      3.36271103953008      3.14778881178620      h       
    2.38720971149705      6.59189874380709     -2.85928570251677      h       
    3.43833132520504     -1.98081543273081     -1.38343900663376      c       
    1.71834019663532     -3.68223974422664     -3.04790563985396      c       
    3.89441711498808     -2.96133777808651      0.42166969472073      h       
    5.29925737577283     -1.71986033171181     -2.34438782751294      h       
    3.16984964568050     -5.96240331432479     -4.07427655286140      c       
    2.23927348528502     -7.24278442189183     -6.14357308422470      o       
    5.35657285555096     -6.80348887841460     -2.86481244589684      o       
    4.82613922945079     -8.00350173217518     -1.43649888778488      h       
   -0.60083840906271     -4.46859362291654     -1.66201242801281      n       
    1.13768902688392     -2.60346374081240     -4.76782935964961      h       
   -1.22496654454223     -6.27174181876771     -2.33287645200139      h       
   -0.22636474703097     -4.68368955508219      0.30236786116469      h       
  -.45956280075646D-02  0.23830224741410D-02  0.42342646792288D-02
  -.37716295321274D-02  0.43880584522675D-02  0.30555681316894D-02
  0.13423258233024D-02  0.55795959572426D-02  -.23722112299060D-02
  -.18394571470255D-02  -.37664591284241D-02  0.21975751032965D-02
  0.65583654123534D-02  -.30332855980679D-02  -.28356053823325D-02
  0.28708157240738D-02  -.53957227399530D-03  -.26532226560634D-02
  0.10761554177228D-02  -.85462795517942D-03  -.18392640149942D-02
  0.81681825402422D-03  -.13542775260249D-02  0.49592331946327D-03
  0.39565945816212D-03  0.81153438330896D-03  -.31570754620080D-03
  -.92112129777249D-04  -.12898854348639D-02  0.27236376705696D-03
  -.41497836273143D-03  -.82816018574659D-04  0.61539172711201D-03
  0.34739027615845D-03  0.24294337769947D-03  -.41440731622679D-03
  -.52798203235773D-03  -.14185929068790D-02  0.30548119093513D-03
  0.49726637744731D-02  0.69427292172713D-02  0.12056168268315D-02
  0.21893874931706D-03  -.23909852389931D-03  0.91452584203442D-03
  0.10546294674469D-02  0.45985527421149D-03  -.55694204600348D-03
  -.47470363092355D-02  -.14576679497400D-01  -.12701389451760D-01
  -.14031000820919D-02  0.72011081384923D-02  0.52378085322531D-02
  0.10787310511745D-01  0.10371348072393D-01  -.68988783242881D-02
  -.54733426781209D-02  -.70312237061997D-02  0.12286956885637D-01
  -.81036647399516D-02  0.99772031211750D-02  -.10437503997723D-01
  -.81453551141112D-03  0.18317624016909D-03  -.12649827325663D-02
  -.14977457869557D-02  -.17578681994776D-01  -.56372326327879D-02
  0.28401394505711D-02  0.32246258559122D-02  0.17105871325314D-01
  cycle =     18    UFF energy =      0.0716141145   |dE/dxyz| =  0.038121
   -0.57246204937354      3.16590083607421      1.49269255625006      c       
    0.05256096774622      5.20538921090877      0.05114526020751      c       
    1.76199128993049      4.94567820099091     -1.84167461430578      c       
    0.52432374068395      0.88185582111355      1.03962322421432      c       
    2.25967090658972      0.61497086269896     -0.85630848264518      c       
    2.86091552103168      2.66361972910535     -2.30593079986844      c       
   -1.02366069288809      7.58022797201625      0.46879804312691      o       
   -2.24417416187882      7.62271037536017      1.94698759925891      h       
    4.22703627647310      2.50375627860789     -3.83385158092272      h       
    0.00750097198557     -0.72489740517564      2.21059005891470      h       
   -1.94380183260837      3.35247653807686      3.00747648163262      h       
    2.23790807211587      6.58524843699944     -2.97867051832689      h       
    3.49076754669172     -1.92705807496405     -1.33532483906168      c       
    1.82606523029868     -3.71423445750609     -2.96311425287517      c       
    3.96708556325229     -2.84983585649909      0.49535994052125      h       
    5.34757415075179     -1.63656349151622     -2.29439808745610      h       
    3.34636793524685     -5.96708115698970     -3.94044936164725      c       
    2.53927348528502     -7.23004746907296     -6.07929171952065      o       
    5.49321900266959     -6.79150311254424     -2.65225021852224      o       
    4.92888213700285     -7.94167620585507     -1.20356043306683      h       
   -0.46220149700188     -4.53419021511580     -1.55559618219226      n       
    1.21303573442574     -2.68610647590555     -4.70344012575836      h       
   -1.10930216100595     -6.30229348657187     -2.27499107446150      h       
   -0.04197382636720     -4.82290711314997      0.38512770416054      h       
  -.37696707493666D-02  0.21190371886869D-02  0.34727023466613D-02
  -.29019267387358D-02  0.33670746412860D-02  0.24202497768899D-02
  0.99177445635995D-03  0.47002845016952D-02  -.18578420091360D-02
  -.14101507397087D-02  -.32632695408036D-02  0.17635786288385D-02
  0.52692850306628D-02  -.24272256386835D-02  -.23538890655919D-02
  0.24481866878624D-02  -.73271542228554D-03  -.22245126862359D-02
  0.71694655875572D-03  0.10034541276242D-05  -.15727489242319D-02
  0.31200351261888D-03  -.89220890871555D-03  0.72314663183486D-03
  0.41884733684958D-03  0.55174434339461D-03  -.33945647526125D-03
  -.87976834890280D-04  -.10753104813826D-02  0.20249922254417D-03
  -.44074768750982D-03  0.23793404644752D-04  0.59018198277600D-03
  0.24964924990824D-03  0.30172713116123D-03  -.33641484329121D-03
  0.12441960511830D-03  -.11332962301396D-02  0.15289623877289D-03
  0.37559646025032D-02  0.54535618045921D-02  0.93896867121406D-03
  0.37540402020609D-03  -.34836764618148D-03  0.97052568058274D-03
  0.94556644712799D-03  0.37666118664536D-03  -.41516974209301D-03
  -.36583445057185D-02  -.11077146309910D-01  -.91246791850237D-02
  -.17510838438456D-02  0.48906304318686D-02  0.26358351103562D-02
  0.92182032201164D-02  0.84769221683669D-02  -.53878154476842D-02
  -.43758783154386D-02  -.59716432541605D-02  0.10117109220344D-01
  -.67503037970813D-02  0.83034426037883D-02  -.90286143845968D-02
  -.79610786877569D-03  0.32047180078814D-03  -.12141900389162D-02
  -.12107861774259D-02  -.14409528373733D-01  -.46757799167747D-02
  0.23267265304072D-02  0.24443571449492D-02  0.14543419208023D-01
  cycle =     19    UFF energy =      0.0698260641   |dE/dxyz| =  0.028868
   -0.69849499210301      3.16489060587302      1.37058530992288      c       
   -0.11615122763222      5.18858434276845     -0.10896912543155      c       
    1.62205265384059      4.93525306870009     -1.97340992761397      c       
    0.46769105809934      0.90444019240501      0.98338565713012      c       
    2.23243022572497      0.64675630866816     -0.88238186048432      c       
    2.79105149682323      2.67694155293400     -2.37169525031436      c       
   -1.26976702977657      7.54125989960430      0.24002349408181      o       
   -2.52720942247403      7.57962984664725      1.68752277633271      h       
    4.17958626066087      2.52020010985359     -3.87935611213034      h       
   -0.01962764012511     -0.69341366755346      2.17953698489621      h       
   -2.09437099296596      3.34595551984027      2.86288012465302      h       
    2.06307967511292      6.56224966599287     -3.14233241472341      h       
    3.54810119411300     -1.86600874089569     -1.28694684763997      c       
    1.93978315879369     -3.74390830490992     -2.86423878221812      c       
    4.04547254419792     -2.72214732429854      0.57077274686350      h       
    5.39755372073843     -1.54779055299466     -2.24940833093835      h       
    3.52401859293303     -5.97537282357603     -3.77664298259270      c       
    2.83927348528502     -7.23298462979429     -5.96740609633583      o       
    5.61877439602149     -6.78781880296707     -2.40060914809186      o       
    5.00815316457861     -7.87401484877325     -0.92983633812170      h       
   -0.31454735220511     -4.58249494026031     -1.42548617853494      n       
    1.29624431113054     -2.77869012657883     -4.63002405824876      h       
   -1.01286056495305     -6.29617297118624     -2.20536922689050      h       
    0.16636559524043     -4.97190363841765      0.47835416408573      h       
  -.27737654730042D-02  0.16860238190677D-02  0.25595330171211D-02
  -.18937488569038D-02  0.22917612555288D-02  0.16342335434778D-02
  0.54128862178963D-03  0.37186222472132D-02  -.12392350592444D-02
  -.85258367980793D-03  -.27286479390074D-02  0.12246323840386D-02
  0.37090526333625D-02  -.18338461038394D-02  -.16553478538936D-02
  0.18968306253440D-02  -.77198054031816D-03  -.16935939282874D-02
  0.22698207796257D-03  0.85027858727429D-03  -.11475346523299D-02
  -.15026665836477D-04  -.45192866117739D-03  0.69364213126840D-03
  0.35887493010746D-03  0.31581565819360D-03  -.28538025612631D-03
  -.67361960027598D-04  -.95396610417133D-03  0.13054335561805D-03
  -.38011132096453D-03  0.88809860402012D-04  0.47073227007516D-03
  0.14520545392065D-03  0.42471670954298D-03  -.28420182963908D-03
  0.64329796111738D-03  -.77632381477083D-03  0.58099724015168D-04
  0.24013651084719D-02  0.36684907465508D-02  0.64579109938895D-03
  0.49622883528395D-03  -.42206524095981D-03  0.10016125928254D-02
  0.77733411540969D-03  0.28095995896775D-03  -.25277096873224D-03
  -.27299184511339D-02  -.74193078561368D-02  -.57256080265194D-02
  -.17561223342257D-02  0.27330978404575D-02  0.50304521110519D-03
  0.73447355554930D-02  0.63298718121877D-02  -.37802546167744D-02
  -.31710407463691D-02  -.47835448400089D-02  0.76946522363449D-02
  -.51621168306961D-02  0.68076330487909D-02  -.75682797739284D-02
  -.74112421876099D-03  0.43130888943867D-03  -.11583447257772D-02
  -.97120763469009D-03  -.11039212978330D-01  -.37746802628766D-02
  0.19729322541577D-02  0.15534336451044D-02  0.11948714388850D-01
  cycle =     20    UFF energy =      0.0679595223   |dE/dxyz| =  0.020543
   -0.80177353752610      3.17546564584638      1.24217597067890      c       
   -0.27873017951710      5.16681473261623     -0.30157872723987      c       
    1.47197949227236      4.90654603147134     -2.14987541401833      c       
    0.43528991824800      0.94221700829799      0.93554685890417      c       
    2.21272540178122      0.68052802149616     -0.91275152516615      c       
    2.71171653702370      2.67516913373032     -2.46819083255959      c       
   -1.50890650278507      7.49395209626713     -0.03468432038375      o       
   -2.78694239131444      7.53809289060598      1.39413021520599      h       
    4.10876721151885      2.50997983993106     -3.96639885876042      h       
   -0.00794857020858     -0.63384835001938      2.17857853882902      h       
   -2.20906947176892      3.36153841653666      2.72202334340504      h       
    1.86500434728927      6.50778874469341     -3.37148662482651      h       
    3.60784890796816     -1.80098645469411     -1.23234525618980      c       
    2.05456155621968     -3.76894795341244     -2.74693052696955      c       
    4.12043832447177     -2.58300583539047      0.65383666327805      h       
    5.44926090391885     -1.46223501149508     -2.20053036586107      h       
    3.69296820117978     -5.98916360338906     -3.57553655332104      c       
    3.12162512090421     -7.26227884026028     -5.79394168633241      o       
    5.72332479188577     -6.79168162475989     -2.10400638591390      o       
    5.05493560085905     -7.82468060318016     -0.62983633812170      h       
   -0.16783750589490     -4.60475726448268     -1.27054801640966      n       
    1.38818476040188     -2.87790728574861     -4.54321450716566      h       
   -0.95338273401380     -6.23700562937703     -2.12292653938612      h       
    0.38256212815682     -5.12815436419823      0.57743946599417      h       
  -.17243906054171D-02  0.10050834682920D-02  0.16511902579723D-02
  -.86765297470029D-03  0.13321549104671D-02  0.74160306434903D-03
  0.66732225119416D-04  0.27885866544033D-02  -.66000919059614D-03
  -.24446346750151D-03  -.22708671235922D-02  0.70599882815512D-03
  0.20542324086638D-02  -.14409468221296D-02  -.71745818885881D-03
  0.12810825503074D-02  -.52790831229294D-03  -.11874659013358D-02
  -.28244004224458D-03  0.16101132889913D-02  -.69899501670243D-03
  -.12652904461226D-03  -.10858906567014D-03  0.44182132583913D-03
  0.22413391570021D-03  0.17414685729659D-03  -.18941616687092D-03
  -.38700289296085D-04  -.10118378154599D-02  0.16261792834050D-03
  -.23805879978774D-03  0.65703463395622D-04  0.28988653289459D-03
  0.68919040163797D-04  0.67759659288926D-03  -.34132268962197D-03
  0.83667748158590D-03  -.43199457652034D-03  0.72447927049849D-04
  0.11166317521077D-02  0.18535799951723D-02  0.36343932316655D-03
  0.51036578181747D-03  -.41341152774430D-03  0.95271563978207D-03
  0.54184385154675D-03  0.16101122623774D-03  -.95969661157326D-04
  -.20148272199426D-02  -.39734260622328D-02  -.29196237789788D-02
  -.13958228026251D-02  0.99170523654718D-03  -.76312058500019D-03
  0.51955967483731D-02  0.37622629611421D-02  -.19706783233193D-02
  -.18853178507591D-02  -.32166899054507D-02  0.49036948193541D-02
  -.34487260759182D-02  0.60682531012619D-02  -.60249011043157D-02
  -.62104169808242D-03  0.46252547274251D-03  -.10593120465382D-02
  -.10329864629221D-02  -.80945607091431D-02  -.32626446880202D-02
  0.20247415784236D-02  0.53750869139708D-03  0.96055016944124D-02
  cycle =     21    UFF energy =      0.0664724853   |dE/dxyz| =  0.014204
   -0.86843006855992      3.20512683117486      1.12615171540027      c       
   -0.41455252582761      5.14204006042269     -0.50690585015728      c       
    1.33030358771828      4.85331225958307     -2.35386578099728      c       
    0.43155603692763      0.99953072407172      0.91036228939504      c       
    2.20299327568406      0.71187973504436     -0.93601956397063      c       
    2.63252888338502      2.64897961464449     -2.58207899991699      c       
   -1.71165612607762      7.44249173690169     -0.33256005656928      o       
   -2.99055477392700      7.50878238115049      1.09413021520599      h       
    4.02238261864371      2.45723992671515     -4.08344769568481      h       
    0.04075668622186     -0.53686494180559      2.22107271968905      h       
   -2.27220701180852      3.41333321684652      2.60557008413454      h       
    1.66764438958071      6.41113203093111     -3.64786137244003      h       
    3.66006010084743     -1.74200946738176     -1.16668126538881      c       
    2.15402435290231     -3.78462062868962     -2.61885214411424      c       
    4.17473421848853     -2.45362232225876      0.74596928801755      h       
    5.49720407278683     -1.39382120288498     -2.13703252695777      h       
    3.83557176610846     -5.99462164128618     -3.37120246266914      c       
    3.36978800024273     -7.27688293776485     -5.61069872305340      o       
    5.79247255177233     -6.79831266592649     -1.80833472128731      o       
    5.05909747783720     -7.82232179761814     -0.36816198208063      h       
   -0.03829508951850     -4.61006433455083     -1.10284439325662      n       
    1.46862587213140     -2.96272721110269     -4.43994509379271      h       
   -0.93208091232090     -6.13781394461460     -2.02783295222079      h       
    0.57463492781444     -5.28672568053257      0.67001785037572      h       
  -.86013604133721D-03  0.15045421783461D-03  0.10211207327316D-02
  -.12412813118948D-03  0.69616232525515D-03  -.15885917853253D-04
  -.20393724190922D-03  0.19824065150660D-02  -.37916632433936D-03
  0.13977515921702D-03  -.18194181092758D-02  0.44381411247329D-03
  0.73612240358228D-03  -.12920851616081D-02  0.21722024410503D-03
  0.73845334501676D-03  -.17088418535124D-04  -.88306783323339D-03
  -.48487064122522D-03  0.19306088762349D-02  -.49251069422643D-03
  -.13228851700667D-03  0.35129323298113D-04  0.21057515499775D-03
  0.11327831845493D-03  0.16482886096683D-03  -.17001763060019D-03
  -.45280919234847D-04  -.11191610433704D-02  0.37116589960160D-03
  -.11086812639446D-03  -.49434274175600D-04  0.17641077014060D-03
  0.64779008939248D-04  0.95492869532868D-03  -.53540551604759D-03
  0.63059246282908D-03  -.27283299942202D-03  0.12505329864427D-03
  0.32757949507842D-03  0.48672212227899D-03  0.11794895085417D-03
  0.35411617292367D-03  -.29036526380723D-03  0.70950023214781D-03
  0.28066717061533D-03  0.19426671899298D-04  0.43101823094073D-05
  -.14301617512430D-02  -.13074052865194D-02  -.90594373884827D-03
  -.88082730311947D-03  -.73736302507557D-04  -.11807838110283D-02
  0.31127761644633D-02  0.15000047571668D-02  -.52630472146362D-03
  -.89736583436370D-03  -.15717005693122D-02  0.23985933310046D-02
  -.18284789509897D-02  0.56123968521861D-02  -.41581884655457D-02
  -.40323349386564D-03  0.34956007919000D-03  -.73943733715380D-03
  -.13043981450529D-02  -.56345919252092D-02  -.29720057452895D-02
  0.22078353958115D-02  -.43480994296291D-03  0.71630048266193D-02
  cycle =     22    UFF energy =      0.0655759581   |dE/dxyz| =  0.009024
   -0.92116290010246      3.24430058634851      1.02539317949474      c       
   -0.53620663965535      5.10866352712477     -0.70609451038356      c       
    1.19889182697660      4.77710750433918     -2.55372116155941      c       
    0.43674239590778      1.06904060702171      0.90624854869956      c       
    2.19788317496001      0.74031961135475     -0.94108003442683      c       
    2.55917659380931      2.60276680026098     -2.68524627658326      c       
   -1.89586219541817      7.37755577219927     -0.63256005656928      o       
   -3.16657546486484      7.47801717305441      0.79934391376691      h       
    3.93770463623058      2.37231139515947     -4.19162822339533      h       
    0.09716778142371     -0.41333402849691      2.29162371593959      h       
   -2.31790385581666      3.48617103623911      2.50602081785018      h       
    1.48072804713282      6.27675461928831     -3.92720049678048      h       
    3.70362404958452     -1.68833192449845     -1.08228178539599      c       
    2.24373920651511     -3.78796746115477     -2.48805356166863      c       
    4.20375431149809     -2.34055416669675      0.85403219138796      h       
    5.54409014669724     -1.33407153103334     -2.04258039672422      h       
    3.97127780479682     -5.97228286950692     -3.19759789434569      c       
    3.63381003099727     -7.20967617712310     -5.48674768086939      o       
    5.84037960280255     -6.80564283002981     -1.54920077247697      o       
    5.03323739957364     -7.86253886544614     -0.17817908020376      h       
    0.08349597610430     -4.62185338638464     -0.93677689113661      n       
    1.53524445497171     -3.01716488477662     -4.32107213072070      h       
   -0.91782753736236     -6.02930090284659     -1.92783709675803      h       
    0.74119346429671     -5.45684986332196      0.74414426053314      h       
  -.30145663370714D-03  -.37314441028111D-03  0.59680265970205D-03
  0.19035749746600D-03  0.27847298327737D-03  -.34819530658102D-03
  -.24376310620220D-03  0.11543874835639D-02  -.28625160683319D-03
  0.22689193211758D-03  -.11629852897095D-02  0.33712347062148D-03
  0.49042160548362D-04  -.10429418054898D-02  0.63896177416793D-03
  0.35201905424381D-03  0.24893111273303D-03  -.61322804376203D-03
  -.38330086980160D-03  0.16178432266200D-02  -.44945727458449D-03
  -.14556868820252D-03  0.41062742320955D-04  0.14444157152916D-03
  0.67511708925120D-04  0.14764199200677D-03  -.18173103489231D-03
  -.54273244963887D-04  -.89568118962449D-03  0.46988060415187D-03
  -.56340196281651D-04  -.10911812776296D-03  0.13216199387652D-03
  0.64982200438719D-04  0.89593195154146D-03  -.58382306854152D-03
  0.29461577017281D-03  -.29939426187863D-03  0.87928764788020D-04
  0.26161185533241D-04  -.16539754358128D-03  -.73787515197928D-05
  0.12935654967820D-03  -.11104353009768D-03  0.31597061063490D-03
  0.93191950501337D-04  -.95510956611612D-04  0.28835165471981D-04
  -.73975428384780D-03  0.50161992300091D-03  0.57892954860338D-03
  -.60542504305970D-03  -.78781025736604D-03  -.17619412061775D-02
  0.17748087114703D-02  0.67673873552471D-03  -.11792443732601D-04
  -.65949735013187D-03  -.76992288205477D-03  0.12130180959344D-02
  -.53466954622995D-03  0.41439481278441D-02  -.20341675592536D-02
  -.15632623958885D-03  0.15217524944038D-03  -.21732484564013D-03
  -.11955029853012D-02  -.30477473990897D-02  -.21878317270200D-02
  0.18069394662229D-02  -.99805587432607D-03  0.41390686090565D-02
  cycle =     23    UFF energy =      0.0652913710   |dE/dxyz| =  0.002216
   -0.92639873091240      3.28743159015029      0.98458739850720      c       
   -0.61021255897761      5.07389594201158     -0.83717058991609      c       
    1.09835161978930      4.69164210952587     -2.69964099321277      c       
    0.47030167978188      1.13747142592047      0.93728897859935      c       
    2.20365076283066      0.75854977409291     -0.92646457058296      c       
    2.49865362948919      2.54334577905575     -2.75797467159559      c       
   -2.01593370764455      7.31235912170955     -0.84340727981884      o       
   -3.26262944759063      7.45411293089768      0.60619222398239      h       
    3.85150714185971      2.26744515401444     -4.28015359650088      h       
    0.18039141083615     -0.28723787275646      2.39026274296361      h       
   -2.30200779765052      3.56962833557904      2.47788518238671      h       
    1.32446553487328      6.12822926365126     -4.14597686819890      h       
    3.73210269237038     -1.65537524212681     -1.00727081031804      c       
    2.30100437987213     -3.77897558553296     -2.39839592475079      c       
    4.20952101241049     -2.27974133335172      0.94270854040236      h       
    5.58054740928945     -1.29682850265456     -1.95034781813583      h       
    4.05680758225432     -5.94259601065121     -3.09870803812667      c       
    3.83213424930068     -7.09710778924782     -5.44233790624053      o       
    5.85309282348453     -6.82677062443376     -1.40119583441933      o       
    4.99167905873938     -7.91485733192409     -0.09350590499651      h       
    0.15420890575090     -4.62255701842416     -0.83424329877010      n       
    1.58341735002870     -3.02769209329187     -4.23509614433626      h       
   -0.93504453670345     -5.91602517279509     -1.87240927415544      h       
    0.81699184757773     -5.58490710835154      0.76432303490996      h       
  -.33111628549667D-04  -.40302324322083D-03  0.30751462316360D-03
  0.23486413693929D-04  0.98492740666907D-04  -.10981526494118D-03
  0.86551043880412D-04  0.13693169712450D-03  -.23420287849296D-03
  -.12594928629823D-03  -.14465340894716D-03  0.25707313124028D-03
  -.22723121707845D-04  -.30124982257572D-03  0.23801450657708D-03
  0.47073639818011D-04  0.23464221999201D-03  -.25965018718992D-03
  0.17800952617123D-03  0.22958795293377D-03  -.35910082794861D-03
  -.14110799586894D-03  -.41107635347752D-04  0.20215625125784D-03
  0.74758894768314D-04  0.87770872668619D-04  -.17030179477437D-03
  -.78439968688734D-04  -.23116994395391D-03  0.23754361164142D-03
  -.59632822296193D-04  -.84114665562580D-04  0.13036476006773D-03
  0.82969785183212D-04  0.29489396651173D-03  -.30141269963952D-03
  -.12044568636236D-03  -.96583784601140D-04  0.30717263108363D-04
  0.63686286883726D-05  0.21832994729969D-05  0.41392703642292D-04
  -.43664807444939D-04  0.22304461619944D-04  -.58990219082777D-04
  0.22455723552584D-04  -.29059079196770D-04  -.20503261021112D-05
  0.15785511978649D-03  0.52222129806074D-03  0.70279843170809D-03
  -.21502085175186D-03  -.47047284018542D-03  -.95258349455567D-03
  0.93664186313219D-04  0.17286673488338D-03  0.74778397148939D-04
  -.88948311524669D-04  -.10061421681755D-03  0.13364588098565D-03
  0.26135150039051D-03  0.79811604389674D-03  0.79808185612815D-04
  0.45904172995387D-04  -.20094408530119D-04  0.95882488180535D-04
  -.38528483526008D-03  -.47291470403876D-03  -.39631478002669D-03
  0.23388068051185D-03  -.20495353485361D-03  0.31273223841918D-03
  cycle =     24    UFF energy =      0.0652814241   |dE/dxyz| =  0.000566
   -0.91259910278093      3.29376644534818      0.99875715015713      c       
   -0.61783724408666      5.06911454790447     -0.83493562853950      c       
    1.07502710119929      4.67959235647976     -2.70958469992258      c       
    0.48885948940292      1.14679878277658      0.95051423983567      c       
    2.20633530767950      0.76054132017423     -0.92576339857672      c       
    2.48058406952142      2.53479256391195     -2.76847236608344      c       
   -2.03015645205239      7.30310425332990     -0.84138340730612      o       
   -3.26419778282683      7.45095747603697      0.61770645014973      h       
    3.82035231660611      2.25244943461421     -4.30030786106241      h       
    0.21527748778763     -0.26965626766564      2.41298624225868      h       
   -2.27544129391973      3.58190826440735      2.50206500395765      h       
    1.28381241392745      6.10699889319886     -4.16544956464510      h       
    3.73880914369139     -1.65117193741737     -1.00786541151280      c       
    2.31373380647877     -3.77478981608299     -2.40613012471605      c       
    4.21475362740672     -2.27959725335172      0.94157611729252      h       
    5.58769415658811     -1.28685251457629     -1.94760027673999      h       
    4.07219487964052     -5.94251406479298     -3.08804931973594      c       
    3.90238626097115     -7.06323651841407     -5.45062659435357      o       
    5.82436689098329     -6.85564997965435     -1.35947215918552      o       
    4.92748378898570     -7.95429869235115     -0.08469002764152      h       
    0.15228392937712     -4.61154669522459     -0.85796204489925      n       
    1.61168927679797     -3.02502890966004     -4.24997616624542      h       
   -0.92727458561022     -5.90832841940793     -1.89848107209090      h       
    0.79846482529284     -5.56391352851722      0.75209349728392      h       
  -.83918896484220D-05  0.51349654477832D-04  -.29435107520842D-04
  -.93399336635169D-05  -.58932910702365D-05  0.19217262538851D-04
  0.96616737017004D-06  -.15448040294509D-04  0.19596912622071D-04
  0.40662095064381D-05  0.17778769864403D-04  -.24538947865898D-04
  0.10081459742859D-04  0.40785114461217D-04  -.38823856093040D-04
  0.18073790477738D-05  -.24226394662407D-04  0.23135948218750D-04
  -.90780549355965D-05  -.33543830880405D-04  0.37455042731698D-04
  0.33802279859721D-05  0.60092156855178D-05  -.13955240438126D-04
  -.38135851366222D-06  -.11085906383166D-04  0.13346710985191D-04
  0.34461591913958D-05  0.23398696680523D-04  -.25223954742565D-04
  -.33561110205853D-05  0.10670918871228D-04  -.66389876544997D-05
  -.46820287159444D-05  -.34867201517420D-04  0.34148163379424D-04
  0.25463096138879D-04  0.17870492876111D-04  -.60615390131053D-06
  0.93949463101654D-05  0.93740385229787D-05  -.33371631747370D-04
  0.97153195564761D-05  -.49396325987217D-05  0.12906379336106D-04
  -.86011856028452D-06  0.40228644798088D-05  0.14673784277399D-06
  -.89374230579519D-04  0.86130512878499D-04  -.22195784395590D-04
  -.83474194599873D-04  -.41808204436239D-04  -.19290836694073D-03
  0.33604380247494D-03  0.72392156797672D-04  0.59183951598332D-04
  -.12029971742237D-03  -.15241502213712D-03  0.17547647011371D-03
  -.10613783319622D-03  -.13029625871001D-03  -.20703462143333D-04
  -.14599084717525D-04  0.12059430930328D-04  -.37984422041747D-04
  0.68100619292444D-04  0.90534153500908D-04  0.68257902336461D-04
  -.22490831043946D-04  0.12147762663176D-04  -.16485566218348D-04
  cycle =     25    UFF energy =      0.0652805477   |dE/dxyz| =  0.000124
   -0.90956891437348      3.29493274772698      1.00173809333006      c       
   -0.61952189141226      5.06830635263270     -0.83496023907152      c       
    1.06966787638611      4.67745750735367     -2.71265719234056      c       
    0.49297570879845      1.14870179313442      0.95347539210849      c       
    2.20691328563991      0.76126529286169     -0.92578939442781      c       
    2.47635877852640      2.53340646364682     -2.77151717171020      c       
   -2.03297324230025      7.30163798609065     -0.84138297570890      o       
   -3.26370918561281      7.45075089531648      0.62041392216808      h       
    3.81319413039409      2.24995404363026     -4.30576278550802      h       
    0.22315837717949     -0.26616370324436      2.41838100056983      h       
   -2.26947753809274      3.58412311474458      2.50750758996509      h       
    1.27468631354990      6.10328169430153     -4.17089465280525      h       
    3.74077595237671     -1.64942960823425     -1.00792765490814      c       
    2.31755271414729     -3.77327990823934     -2.40722152533561      c       
    4.21648753084958     -2.27838586600409      0.94138468962924      h       
    5.58967997777752     -1.28352708435414     -1.94698277705204      h       
    4.07771600897360     -5.94074541628674     -3.08485941046688      c       
    3.93636026204411     -7.04053695720635     -5.45883203456900      o       
    5.80651719217594     -6.87134718521449     -1.34314764082229      o       
    4.89235846900762     -7.97732798847303     -0.08795926419381      h       
    0.15383002788241     -4.60911682356096     -0.86197955324343      n       
    1.61826463343427     -3.02429741454980     -4.25222315287060      h       
   -0.92238823949009     -5.90969165149090     -1.90185618084785      h       
    0.79774408319995     -5.55652854351569      0.75200149579021      h       
  0.19135247872504D-05  -.16601338108565D-04  0.10450333798828D-04
  0.24709543966117D-05  0.25087072725095D-05  -.58676604072516D-05
  0.92714960989953D-06  0.53267754424943D-05  -.73941898345580D-05
  -.22431059395641D-05  -.59566262389084D-05  0.88352576250460D-05
  -.25259239027835D-05  -.13135019729007D-04  0.12509608887496D-04
  0.77115805598149D-07  0.85830123879350D-05  -.84310488612715D-05
  0.43238652085211D-05  0.10433611677555D-04  -.13637155757509D-04
  -.25041951354020D-05  -.17762041709839D-05  0.59740663033850D-05
  0.11808953927853D-05  0.37187694789982D-05  -.47101586114370D-05
  -.18812660059420D-05  -.82776402944155D-05  0.87461180529814D-05
  -.57316896038629D-07  -.35635339021336D-05  0.28129409228907D-05
  0.22621024350565D-05  0.11627075243323D-04  -.11349456485896D-04
  -.75214630760653D-05  -.55071649098482D-05  0.77294968214934D-06
  -.48005933305061D-05  -.33401493325139D-05  0.92549773698449D-05
  -.31053262227511D-05  0.12105246456932D-05  -.36755643123184D-05
  0.50975288319057D-06  -.16300130710353D-05  0.52067065613116D-06
  0.21958898634932D-05  0.27985488590274D-04  0.48798076281738D-04
  -.47199981867933D-05  -.27360660112686D-04  -.61700956188728D-04
  -.32032781929967D-05  0.15429050056411D-04  -.29993220758829D-05
  -.42847166552523D-05  -.49853729347633D-05  0.10088458580581D-04
  0.29774375985078D-04  0.43111882709007D-04  0.47579663765233D-05
  0.43027046048472D-05  -.26930100578001D-05  0.10784951015039D-04
  -.21533018026865D-04  -.29077999448450D-04  -.23309059163932D-04
  0.84418705986670D-05  -.60301651930938D-05  0.87681961461431D-05
  cycle =     26    UFF energy =      0.0652805318   |dE/dxyz| =  0.000001
   -0.90929833155096      3.29494868128566      1.00195682305179      c       
   -0.61971267662506      5.06818597975495     -0.83485957259220      c       
    1.06922723963829      4.67734527072591     -2.71277626556217      c       
    0.49343093048438      1.14883534964983      0.95357435506668      c       
    2.20709831193188      0.76138868113002     -0.92592983574376      c       
    2.47610285857537      2.53341742021603     -2.77175631904508      c       
   -2.03340130614321      7.30135480961760     -0.84119121456612      o       
   -3.26399849092845      7.45043261693725      0.62071005393488      h       
    3.81270916020879      2.24995278661827     -4.30618367465409      h       
    0.22396686259839     -0.26593702752587      2.41857962382698      h       
   -2.26899510123567      3.58413740435570      2.50791151503819      h       
    1.27387003724766      6.10305115840835     -4.17110937663994      h       
    3.74110789000619     -1.64923663525795     -1.00819798922730      c       
    2.31787739772999     -3.77320017273896     -2.40737168959948      c       
    4.21706112332142     -2.27817946259926      0.94107855692110      h       
    5.58988481843602     -1.28321545270164     -1.94745157882880      h       
    4.07804024320630     -5.94086139565611     -3.08451476030033      c       
    3.93841242242370     -7.03939301463725     -5.45902156203995      o       
    5.80533456197272     -6.87264830614557     -1.34193218549235      o       
    4.88994223962287     -7.97873239192384     -0.08777407439875      h       
    0.15387854192865     -4.60871206112677     -0.86226816284795      n       
    1.61882405003735     -3.02438509669130     -4.25257556189569      h       
   -0.92222364598986     -5.90936862707296     -1.90198224343991      h       
    0.79746317416512     -5.55574077355658      0.75203371671375      h       
  -.75003851059650D-08  -.96064566662232D-08  0.92701460423821D-08
  0.38547487769857D-09  0.31587901905706D-08  -.16823108062999D-08
  0.36723333689987D-08  0.53326064649708D-08  -.48296587736436D-08
  -.65139697577176D-08  -.57981716851830D-08  0.74264631294894D-08
  -.13009132747433D-08  -.90500151986945D-08  0.20889546673026D-08
  0.57814836067736D-08  0.59111811496538D-08  -.69582102238267D-08
  0.11808605932548D-08  0.87729289916611D-08  -.52713099388003D-08
  -.52400699508681D-08  -.52709911375947D-09  0.24070574450572D-08
  0.57774229482666D-08  0.27990228490559D-08  -.39507343871251D-08
  -.61728040477228D-08  -.85175108289126D-08  0.68481442583703D-08
  -.64778485164792D-08  -.30467615501914D-08  0.45238473485510D-08
  0.54329699469748D-08  0.95643799694956D-08  -.66446563713344D-08
  -.18696735360011D-08  -.56609315108799D-09  0.58758935445134D-09
  -.14167854989514D-08  0.11602624365567D-07  -.26045440726082D-07
  0.13155047938560D-08  -.26457610922005D-08  0.36249285507273D-08
  0.45118279986666D-08  -.35549145886108D-09  0.50116416588529D-09
  -.72683077266458D-07  0.22172084883907D-06  0.10015320219513D-06
  -.15123785820133D-06  -.14918500233416D-06  -.41384534276725D-06
  0.38680427284690D-06  0.99333431900729D-07  0.12028225723467D-06
  -.14255036024377D-06  -.18314484222215D-06  0.21264301928883D-06
  -.25205024640346D-07  0.22150677205651D-07  -.12713430862319D-07
  0.24924705515662D-08  0.55912146049121D-08  -.87943919807078D-08
  -.12869755192102D-08  0.16926676228192D-09  -.94132665822300D-08
  0.12101123992398D-07  -.23663767977360D-07  0.29791979717182D-07
  cycle =     27    UFF energy =      0.0652805318   |dE/dxyz| =  0.000000
   -0.90928819093916      3.29495293691856      1.00196576853388      c       
   -0.61971838322627      5.06818349008222     -0.83485959201112      c       
    1.06920965325796      4.67733862748767     -2.71278607641032      c       
    0.49344487366538      1.14884211378271      0.95358233367407      c       
    2.20710053126098      0.76139150090578     -0.92593167012382      c       
    2.47608921380220      2.53341341020973     -2.77176695614804      c       
   -2.03341144325699      7.30134950455066     -0.84119057592203      o       
   -3.26399874971827      7.45043090273708      0.62071862303807      h       
    3.81268579431882      2.24994517706749     -4.30620210104871      h       
    0.22399332983897     -0.26592502104322      2.41859488996545      h       
   -2.26897537363756      3.58414501153036      2.50792843894104      h       
    1.27383973386519      6.10303901834039     -4.17112628839094      h       
    3.74111434084934     -1.64923101653337     -1.00820081654400      c       
    2.31788686082246     -3.77319693594718     -2.40737351422488      c       
    4.21707075986891     -2.27817378421339      0.94107509910213      h       
    5.58988949353613     -1.28320571997991     -1.94745618940603      h       
    4.07805395192808     -5.94085784262579     -3.08450616135593      c       
    3.93850167483292     -7.03933139620197     -5.45904329010511      o       
    5.80528805139672     -6.87269164310173     -1.34189028916141      o       
    4.88985080110389     -7.97879573632077     -0.08778372599116      h       
    0.15388388253194     -4.60870569439548     -0.86227396966662      n       
    1.61883784629713     -3.02438541955581     -4.25258044085881      h       
   -0.92221050330663     -5.90937235084179     -1.90198325158566      h       
    0.79746416196975     -5.55571939178672      0.75203833337943      h       
  -.63707110265865D-11  -.13391337030152D-10  0.17683021128266D-10
  -.33960306355246D-11  0.75548041130261D-11  -.12332260728018D-11
  0.10414293526223D-10  0.67948292459719D-11  -.16482321546697D-10
  -.10198734228423D-10  -.61316989896990D-11  0.15957587698744D-10
  0.39731651332148D-11  -.10251791481160D-10  0.57452573260500D-11
  0.57090751397204D-11  0.13104130573618D-10  -.16592807911085D-10
  0.13878683602754D-10  0.48711233614426D-11  -.21133390732384D-10
  -.13527727386626D-10  -.19241926845284D-12  0.16452313573255D-10
  0.85062199525841D-11  0.35313352719432D-11  -.10527600953535D-10
  -.65271140407700D-11  -.11996088584293D-10  0.13484529573678D-10
  -.88522957681584D-11  -.32178453152933D-11  0.10622754635832D-10
  0.61331004480618D-11  0.11921269093412D-10  -.13713357421732D-10
  0.57459484219258D-12  -.19362588789262D-11  0.27923379754269D-11
  -.14949262422577D-10  -.20685441749248D-11  -.75170668030044D-11
  0.35810395447589D-12  -.20036639448301D-11  0.89418828786748D-12
  0.18413001158513D-11  -.25318906042918D-11  0.27012036813052D-11
  -.15035627560708D-09  0.38828603310045D-09  0.33696574003317D-09
  -.20300919983691D-09  -.28597016670916D-09  -.87141410710576D-09
  0.66101624521253D-09  0.25446074804550D-09  0.12226410465652D-09
  -.29060589264857D-09  -.35604753368702D-09  0.41739751585612D-09
  -.77852446711546D-11  0.30756578707491D-10  -.14457636910575D-10
  -.12908177673444D-12  0.62637961224105D-11  -.22999948300073D-11
  -.97817205724215D-11  -.12395559188458D-10  -.18162224545495D-10
  0.13084491308360D-10  -.19409826393715D-10  0.30573203690931D-10
$end
