$coord                                                                          
   -2.08249430704704      6.76060748485023      0.35966215629822      c       
   -2.29446392512307      4.35045293677854      1.24652533031336      c       
   -0.31482172499184      2.77179422472954      0.94066677946192      c       
    0.09386933384935      7.53481244537780     -0.80057823866484      c       
    2.06994967981535      5.90397152817340     -1.08304939100204      c       
    1.81214108711787      3.51171833821431     -0.19158987433109      c       
   -0.13668661984991      0.21597412630741      1.74274458496687      n       
    3.45454929417343      1.57953822777399     -0.22260180653801      c       
    2.37291528991238     -0.40804978534316      0.93090238064982      c       
   -1.47258232307812     -0.90645769929448      2.67022939072241      h       
    6.11894478931071      1.61620966723675     -1.25271227631913      c       
    7.99171899015064      2.70107297790868      0.69545593454400      c       
    6.16365792550325      2.75576746530796     -3.02086061900385      h       
    6.70359381342337     -0.33056284355117     -1.79166121952190      h       
   10.53499859686570      3.27041557383160     -0.52367310592849      c       
    8.19032679134621      0.94447317812088      2.85080203876569      n       
    7.27439405866129      4.56051909059992      1.37788636059446      h       
    9.00245502045755     -0.74997552262382      2.22272259278083      h       
    9.48306504666169      1.68060620329864      4.15831727933433      h       
   -3.64823954926110      8.07247413889645      0.58076022723088      h       
   -4.00289868541919      3.70738637040208      2.17922424815948      h       
    0.25304231345870      9.46096037196978     -1.49883699554819      h       
    3.80017081587618      6.52516478899352     -1.99634560463270      h       
    3.28703308714570     -2.21983189412804      1.25660813566689      h       
   10.77404924267011      5.33991313716402     -2.12266350152434      o       
   12.62092939810926      1.73328228236493     -0.09324152028981      o       
   14.10366274211600      2.41121327776001     -1.09310180945256      h       
$end                                                                            
