$ufftopology
nxtnei12
    1     3
          2     4    20
    2     3
          1     3    21
    3     3
          2     6     7
    4     3
          1     5    22
    5     3
          4     6    23
    6     3
          3     5     8
    7     3
          3     9    10
    8     3
          6     9    11
    9     3
          7     8    24
   10     1
          7
   11     4
          8    12    13    14
   12     4
         11    15    16    17
   13     1
         11
   14     1
         11
   15     3
         12    25    26
   16     3
         12    18    19
   17     1
         12
   18     1
         16
   19     1
         16
   20     1
          1
   21     1
          2
   22     1
          4
   23     1
          5
   24     1
          9
   25     1
         15
   26     2
         15    27
   27     1
         26
nxtnei13
    1     4
          3    21     5    22
    2     4
          4    20     6     7
    3     6
          1    21     5     8     9    10
    4     4
          2    20     6    23
    5     4
          1    22     3     8
    6     6
          2     7     4    23     9    11
    7     4
          2     6     8    24
    8     7
          3     5     7    24    12    13    14
    9     4
          3    10     6    11
   10     2
          3     9
   11     5
          6     9    15    16    17
   12     7
          8    13    14    25    26    18    19
   13     3
          8    12    14
   14     3
          8    12    13
   15     4
         11    16    17    27
   16     3
         11    15    17
   17     3
         11    15    16
   18     2
         12    19
   19     2
         12    18
   20     2
          2     4
   21     2
          1     3
   22     2
          1     5
   23     2
          4     6
   24     2
          7     8
   25     2
         12    26
   26     2
         12    25
   27     1
         15
nxtnei14
    1     3
          6     7    23
    2     5
          5    22     8     9    10
    3     7
          4    20    23     9    11     8    24
    4     3
          3    21     8
    5     5
          2    20     7     9    11
    6    10
          1    21     9    10    22     7    24    12    13    14
    7     6
          1    21     5     8     6    11
    8     9
          2     7     4    23     3    10    15    16    17
    9     7
          2     6     3     5    12    13    14
   10     4
          2     6     8    24
   11     8
          3     5     7    24    25    26    18    19
   12     3
          6     9    27
   13     5
          6     9    15    16    17
   14     5
          6     9    15    16    17
   15     5
          8    13    14    18    19
   16     5
          8    13    14    25    26
   17     7
          8    13    14    25    26    18    19
   18     3
         11    15    17
   19     3
         11    15    17
   20     4
          3    21     5    22
   21     4
          4    20     6     7
   22     4
          2    20     6    23
   23     4
          1    22     3     8
   24     4
          3    10     6    11
   25     4
         11    16    17    27
   26     3
         11    16    17
   27     2
         12    25
connectivity (= bond)
                    28
     1     2   2.576986   2.000000
     1     4   2.585292   2.000000
     1    20   2.054403   1.000000
     2     3   2.550512   2.000000
     2    21   2.049868   1.000000
     3     6   2.519856   2.000000
     3     7   2.684600   1.000000
     4     5   2.576555   2.000000
     4    22   2.053641   1.000000
     5     6   2.565178   2.000000
     5    23   2.052084   1.000000
     6     8   2.535733   2.000000
     7     9   2.709610   1.000000
     7    10   1.976054   1.000000
     8     9   2.540575   2.000000
     8    11   2.857433   1.000000
     9    24   2.056918   1.000000
    11    12   2.921299   1.000000
    11    13   2.104747   1.000000
    11    14   2.099995   1.000000
    12    15   2.874059   1.000000
    12    16   2.781816   1.000000
    12    17   2.107179   1.000000
    15    25   2.626966   1.000000
    15    26   2.628106   1.000000
    16    18   1.977900   1.000000
    16    19   1.981553   1.000000
    26    27   1.911693   1.000000
angle
                    46
     1     2     3     2     118.27       1.00       4.00
     1     2    21     2     121.24       1.00       5.00
     1     4     5     2     120.36       2.00       8.00
     1     4    22     2     119.99       2.00       9.00
     2     1     4     2     120.22       1.00       2.00
     2     1    20     2     119.85       1.00       3.00
     2     3     6     2     121.82       4.00       6.00
     2     3     7     2     127.24       4.00       7.00
     3     2    21     2     120.49       4.00       5.00
     3     6     5     2     120.97       6.00      10.00
     3     6     8     2     109.18       6.00      12.00
     3     7     9     9     101.07       7.00      13.00
     3     7    10     9     129.40       7.00      14.00
     4     1    20     2     119.92       2.00       3.00
     4     5     6     2     118.34       8.00      10.00
     4     5    23     2     120.10       8.00      11.00
     5     4    22     2     119.64       8.00       9.00
     5     6     8     2     129.85      10.00      12.00
     6     3     7     2     110.93       6.00       7.00
     6     5    23     2     121.56      10.00      11.00
     6     8     9     2     108.37      12.00      15.00
     6     8    11     2     126.76      12.00      16.00
     7     9     8     2     110.44      13.00      15.00
     7     9    24     2     124.49      13.00      17.00
     8     9    24     2     125.05      15.00      17.00
     8    11    12     9     111.55      16.00      18.00
     8    11    13     9     109.67      16.00      19.00
     8    11    14     9     108.98      16.00      20.00
     9     7    10     9     129.53      13.00      14.00
     9     8    11     2     124.81      15.00      16.00
    11    12    15     9     111.95      18.00      21.00
    11    12    16     9     109.75      18.00      22.00
    11    12    17     9     109.42      18.00      23.00
    12    11    13     9     109.66      18.00      19.00
    12    11    14     9     110.14      18.00      20.00
    12    15    25     2     120.38      21.00      24.00
    12    15    26     2     120.57      21.00      25.00
    12    16    18     9     109.94      22.00      26.00
    12    16    19     9     109.73      22.00      27.00
    13    11    14     9     106.72      19.00      20.00
    15    12    16     9     110.94      21.00      22.00
    15    12    17     9     105.99      21.00      23.00
    15    26    27     9     108.12      25.00      28.00
    16    12    17     9     108.67      22.00      23.00
    18    16    19     9     108.01      26.00      27.00
    25    15    26     2     119.04      24.00      25.00
torsion
                    69
     4     1     2     3     1     3   0.14299127 120.22492559 118.26994672
     4     1     2    21     1     3 180.36297205 120.22492559 121.24423515
    20     1     2     3     1     3 179.89404269 119.85424902 118.26994672
    20     1     2    21     1     3   0.11402347 119.85424902 121.24423515
     2     1     4     5     2     3 359.96255875 120.22492559 120.36428076
     2     1     4    22     2     3 179.74976452 120.22492559 119.99195363
    20     1     4     5     2     3 180.21167247 119.92035776 120.36428076
    20     1     4    22     2     3 359.99887824 119.92035776 119.99195363
     1     2     3     6     4     3 359.89520103 118.26994672 121.82224156
     1     2     3     7     4     3 180.68406697 118.26994672 127.24416331
    21     2     3     6     4     3 179.67695455 120.48544914 121.82224156
    21     2     3     7     4     3   0.46582049 120.48544914 127.24416331
     2     3     6     5     6     3 359.95742036 121.82224156 120.97412375
     2     3     6     8     6     3 180.41994318 121.82224156 109.17780852
     7     3     6     5     6     3 179.28507683 110.92966231 120.97412375
     7     3     6     8     6     3 359.74759965 110.92966231 109.17780852
     2     3     7     9     7    22 179.09273700 127.24416331 101.07321807
     2     3     7    10     7    22 358.71145969 127.24416331 129.40007245
     6     3     7     9     7    22 359.81037321 110.92966231 101.07321807
     6     3     7    10     7    22 179.42909589 110.92966231 129.40007245
     1     4     5     6     8     3 359.89199263 120.36428076 118.34421893
     1     4     5    23     8     3 179.70159376 120.36428076 120.09548891
    22     4     5     6     8     3 180.10404629 119.64342584 118.34421893
    22     4     5    23     8     3 359.91364742 119.64342584 120.09548891
     4     5     6     3    10     3   0.14880284 118.34421893 120.97412375
     4     5     6     8    10     3 179.57980701 118.34421893 129.84609860
    23     5     6     3    10     3 180.34212856 121.56000944 120.97412375
    23     5     6     8    10     3 359.77313273 121.56000944 129.84609860
     3     6     8     9    12     3   0.62196658 109.17780852 108.37366300
     3     6     8    11    12     3 177.94213824 109.17780852 126.75568853
     5     6     8     9    12     3 181.13848708 129.84609860 108.37366300
     5     6     8    11    12     3 358.45865874 129.84609860 126.75568853
     3     7     9     8    13     2   0.57153059 101.07321807 110.44054130
     3     7     9    24    13    22 182.41946722 101.07321807 124.48598234
    10     7     9     8    13     2 180.95349546 129.52546224 110.44054130
    10     7     9    24    13    22   2.80143209 129.52546224 124.48598234
     6     8     9     7    15     3 359.24256681 108.37366300 110.44054130
     6     8     9    24    15     3 177.38206004 108.37366300 125.04536010
    11     8     9     7    15     3 181.85762666 124.81259967 110.44054130
    11     8     9    24    15     3 359.99711989 124.81259967 125.04536010
     6     8    11    12    16    22 278.51909678 126.75568853 111.54915310
     6     8    11    13    16    22 156.83364944 126.75568853 109.67292519
     6     8    11    14    16    22  40.33946886 126.75568853 108.97910534
     9     8    11    12    16    22  95.42110405 124.81259967 111.54915310
     9     8    11    13    16    22 333.73565670 124.81259967 109.67292519
     9     8    11    14    16    22 217.24147613 124.81259967 108.97910534
     8    11    12    15    18     1 296.30839277 111.54915310 111.95337186
     8    11    12    16    18     1 172.66337709 111.54915310 109.74633962
     8    11    12    17    18     1  53.50674655 111.54915310 109.41513064
    13    11    12    15    18     1  58.00357500 109.65610678 111.95337186
    13    11    12    16    18     1 294.35855933 109.65610678 109.74633962
    13    11    12    17    18     1 175.20192878 109.65610678 109.41513064
    14    11    12    15    18     1 175.16059924 110.13846620 111.95337186
    14    11    12    16    18     1  51.51558356 110.13846620 109.74633962
    14    11    12    17    18     1 292.35895302 110.13846620 109.41513064
    11    12    15    25    21    22 126.28164517 111.95337186 120.38410508
    11    12    15    26    21    22 306.54793003 111.95337186 120.57236498
    16    12    15    25    21    22 249.25470646 110.93728521 120.38410508
    16    12    15    26    21    22  69.52099132 110.93728521 120.57236498
    17    12    15    25    21    22   7.04790487 105.99481440 120.38410508
    17    12    15    26    21    22 187.31418974 105.99481440 120.57236498
    11    12    16    18    22     1 300.71373829 109.74633962 109.94364120
    11    12    16    19    22     1  59.37160100 109.74633962 109.72771625
    15    12    16    18    22     1 176.47567700 110.93728521 109.94364120
    15    12    16    19    22     1 295.13353971 110.93728521 109.72771625
    17    12    16    18    22     1  60.32526030 108.67307480 109.94364120
    17    12    16    19    22     1 178.98312301 108.67307480 109.72771625
    12    15    26    27    25     3 181.39423511 120.57236498 108.12366307
    25    15    26    27    25     3   1.65698629 119.04300425 108.12366307
inversion
                    11
     1     2     4    20    11    11    11    0.216    0.215    0.215
     2     1     3    21    11    11    11   -0.188   -0.194   -0.192
     3     2     6     7    11    11    11   -0.628   -0.670   -0.571
     4     1     5    22    11    11    11    0.184    0.184    0.183
     5     4     6    23    11    11    11    0.165    0.168    0.170
     6     3     5     8    11    11    11   -0.437   -0.397   -0.488
     7     3     9    10     9     9     9    0.295    0.374    0.375
     8     6     9    11    11    11    11    2.147    2.543    2.482
     9     7     8    24    11    11    11   -1.523   -1.732   -1.743
    15    12    25    26    10    10    11   -0.229   -0.230   -0.226
    16    12    18    19     9     9     9   55.690   55.576   54.734
nonbond
                   277
    1     6    5.101
    1     7    6.967
    1     8    7.605
    1     9    8.461
    1    10    8.029
    1    11    9.814
    1    12   10.846
    1    13   11.501
    1    14    9.774
    1    15   11.995
    1    16   13.133
    1    17    9.661
    1    18   12.912
    1    19   14.397
    1    23    6.339
    1    24   10.504
    1    25   11.980
    1    26   13.779
    1    27   14.685
    2     5    5.185
    2     8    6.548
    2     9    6.674
    2    10    5.506
    2    11    9.192
    2    12   10.427
    2    13   10.590
    2    14    9.605
    2    15   11.098
    2    16   12.969
    2    17    9.600
    2    18   13.074
    2    19   13.997
    2    22    6.336
    2    23    7.237
    2    24    8.622
    2    25   11.124
    2    26   12.539
    2    27   13.289
    3     4    5.086
    3    11    6.895
    3    12    8.314
    3    13    8.145
    3    14    7.588
    3    15    8.904
    3    16   10.908
    3    17    7.854
    3    18   11.183
    3    19   11.751
    3    20    6.272
    3    22    7.140
    3    23    6.296
    3    24    6.165
    3    25    9.288
    3    26   10.150
    3    27   10.999
    4     7    7.750
    4     8    6.860
    4     9    8.442
    4    10    9.257
    4    11    8.455
    4    12    9.347
    4    13   10.330
    4    14    8.046
    4    15   10.991
    4    16   11.318
    4    17    8.037
    4    18   10.839
    4    19   12.699
    4    21    6.349
    4    24   10.470
    4    25   11.219
    4    26   12.963
    4    27   14.096
    5     7    6.722
    5     9    6.632
    5    10    8.542
    5    11    5.898
    5    12    6.934
    5    13    7.810
    5    14    5.525
    5    15    8.772
    5    16    8.904
    5    17    5.880
    5    18    8.499
    5    19   10.184
    5    20    6.337
    5    21    7.235
    5    24    8.544
    5    25    9.403
    5    26   10.658
    5    27   11.945
    6    10    6.203
    6    12    6.289
    6    13    6.426
    6    14    5.244
    6    15    7.528
    6    16    8.697
    6    17    5.800
    6    18    8.775
    6    19    9.650
    6    20    7.156
    6    21    6.282
    6    22    6.283
    6    24    6.096
    6    25    8.305
    6    26    9.031
    6    27   10.209
    7    11    7.075
    7    12    8.587
    7    13    7.709
    7    14    8.282
    7    15    8.479
    7    16   11.233
    7    17    8.674
    7    18   11.870
    7    19   11.707
    7    20    8.684
    7    21    5.228
    7    22    9.801
    7    23    8.324
    7    25    8.992
    7    26    9.084
    7    27    9.700
    8    10    6.230
    8    15    5.774
    8    16    7.200
    8    17    5.153
    8    18    7.627
    8    19    7.764
    8    20    9.656
    8    21    8.118
    8    22    8.597
    8    23    5.268
    8    25    7.161
    8    26    6.821
    8    27    8.147
    9    12    6.462
    9    13    5.102
    9    14    6.309
    9    15    6.393
    9    16    8.951
    9    17    7.078
    9    18    9.721
    9    19    9.189
    9    20   10.408
    9    21    7.691
    9    22   10.379
    9    23    7.663
    9    25    7.545
    9    26    6.733
    9    27    7.649
   10    11    8.910
   10    12   10.350
   10    13    9.321
   10    14   10.187
   10    15    9.891
   10    16   13.005
   10    17   10.482
   10    18   13.749
   10    19   13.378
   10    20    9.470
   10    21    5.283
   10    22   11.303
   10    23   10.237
   10    24    5.135
   10    25   10.193
   10    26   10.218
   10    27   10.552
   11    18    5.054
   11    19    5.050
   11    20   11.850
   11    21   10.890
   11    22    9.791
   11    23    5.482
   11    24    5.394
   11    25    6.912
   11    26    5.769
   11    27    7.509
   12    20   12.795
   12    21   12.128
   12    22   10.460
   12    23    6.242
   12    24    6.886
   12    27    6.353
   13    15    5.250
   13    16    5.233
   13    17    5.872
   13    18    5.867
   13    19    4.778
   13    20   13.550
   13    21   12.112
   13    22   11.736
   13    23    7.465
   13    24    4.934
   13    25    7.703
   13    26    5.190
   13    27    7.000
   14    15    6.613
   14    16    5.033
   14    17    4.872
   14    18    4.568
   14    19    5.543
   14    20   11.731
   14    21   11.454
   14    22    9.075
   14    23    4.587
   14    24    7.150
   14    25    8.628
   14    26    7.688
   14    27    9.491
   15    18    6.382
   15    19    5.146
   15    20   13.916
   15    21   12.476
   15    22   12.338
   15    23    8.575
   15    24    6.234
   16    20   15.036
   16    21   14.755
   16    22   12.102
   16    23    7.680
   16    24    9.118
   16    25    6.562
   16    26    5.903
   16    27    7.523
   17    18    4.564
   17    19    5.651
   17    20   11.490
   17    21   11.377
   17    22    8.968
   17    23    5.159
   17    24    7.968
   17    25    4.797
   17    26    6.424
   17    27    7.702
   18    20   14.747
   18    21   14.980
   18    22   11.364
   18    23    6.933
   18    24   10.154
   18    25    8.172
   18    26    7.725
   18    27    9.418
   19    20   16.367
   19    21   15.703
   19    22   13.613
   19    23    9.065
   19    24    8.958
   19    25    7.424
   19    26    5.448
   19    27    7.149
   20    21    4.663
   20    22    4.637
   20    23    8.029
   20    24   12.431
   20    25   13.718
   20    26   15.752
   20    27   16.590
   21    22    8.047
   21    23    9.287
   21    24    9.441
   21    25   12.326
   21    26   13.731
   21    27   14.282
   22    23    4.621
   22    24   12.378
   22    25   12.509
   22    26   14.456
   22    27   15.644
   23    24    9.351
   23    25    9.448
   23    26   10.548
   23    27   12.008
   24    25    7.619
   24    26    5.754
   24    27    6.517
   25    27    4.524
qpartial
                    27
        -0.14489   -0.10376    0.16396   -0.12229   -0.06557    0.10294
        -0.52787   -0.00792   -0.02358    0.25753   -0.27674    0.00261
         0.16665    0.16173    0.56087   -0.55591    0.14764    0.25046
         0.25693    0.13498    0.12442    0.13942   -0.01360    0.14692
        -0.51094   -0.63163    0.36764
$end
