$coord                                                                          
   -0.33921343933482      4.13984283528962     -2.95548863717410      c       
   -0.30768847801165      5.45641322014978     -0.74825370865008      c       
    0.88682453769480      4.47506448335393      1.29331388142253      c       
    0.82378297939017      1.86212412913438     -3.08533673258628      c       
    1.99786407045803      0.85457406564577     -1.04675021936798      c       
    2.04775804172401      2.18702550148330      1.15148993610843      c       
   -1.48037040447159      7.81382717763893     -0.52430116207755      o       
   -2.32639560787726      8.42110188990621     -2.13384567523481      h       
    3.01515634988043      1.44266764627132      2.80292243999683      h       
    0.89370399520896      0.54611727658581     -4.88478288062651      h       
   -1.28438905456159      4.89417235031671     -4.60954520487054      h       
    0.90754530466380      5.55050589457218      3.03811837748629      h       
    3.36205035901053     -1.66702487792597     -1.30379263678673      c       
    1.89562007906074     -3.66897900806788     -2.90554356079275      c       
    3.70926409829009     -2.45585152086958      0.61336436254736      h       
    5.24772255484745     -1.32643240150718     -2.17028623081214      h       
    1.75793860521898     -3.02825163661202     -5.74963227336011      c       
    0.94539935211678     -0.65961130777701     -6.58082260100474      o       
    2.34610322475821     -4.82054296131439     -7.56458964333436      o       
    2.07647815914203     -4.05126390158537     -9.29181202499321      h       
    3.00900626203617     -6.18423265146567     -2.47996907338482      n       
   -0.10931859477910     -3.72131651824010     -2.26569173590029      h       
    4.89459243563311     -6.19342499271392     -3.08550643793316      h       
    2.97414245347450     -6.64400549281847     -0.55671751760748      h       
$end                                                                            
