$grad          cartesian gradients
  cycle =      1    UFF energy =      0.1089471511   |dE/dxyz| =  0.278115
   -7.01729009392409      3.20319916480816      0.59970836510224      c       
   -4.71726663311957      4.97852126984908      0.45731372215944      c       
   -9.36652202301386      4.52101857507718     -0.40736826068558      c       
   -9.84541641751652      6.14695782996644      0.78298912247744      h       
  -10.99932098373551      3.24857148906042     -0.40586592841650      h       
   -9.08655909765055      5.22541398803144     -2.33354720225538      h       
   -6.44356924248771      0.85406928092912     -0.85967231888863      n       
   -7.28973190931139      2.67910252140445      2.58312333153470      h       
   -8.00121379523299      0.42306810532897     -1.92878676362178      h       
   -5.07930036407538      1.26500723426411     -2.17070950209638      h       
   -2.65326996528081      4.56790268022915      1.39463488750894      o       
   -5.26009046241832      7.09509011847493     -0.89534656866932      o       
   -4.82295901526989      8.52355299334080      0.23092642215539      h       
  -.60125911107664D-01  0.33469823317806D-01  0.95008848848242D-02
  0.19355516067370D+00  -.13579158150663D-01  0.62312912424264D-01
  0.26414757320406D-01  0.96853387262357D-02  -.36010026405213D-02
  0.17664935606938D-02  -.68938834539406D-02  -.50853924494133D-02
  0.61070626440164D-02  0.59810861990821D-02  -.10327271011616D-02
  -.72947874788886D-03  -.35831017026480D-03  0.11083145254324D-01
  0.24089359572289D-01  -.20804850528976D-01  -.26991020952755D-01
  -.23582837840076D-03  -.99074639251444D-03  -.11696584261108D-01
  0.11417911250490D-01  0.15959021588431D-01  0.11084207586856D-01
  -.15734851034649D-01  0.37562818768546D-02  0.18301493742333D-01
  -.13780553899531D+00  0.23852575213973D-01  -.67329154578090D-01
  -.36691263263829D-01  -.30458807769637D-01  0.53813927337421D-02
  -.12027873493853D-01  -.19618370456386D-01  -.19281546432934D-02
  cycle =      2    UFF energy =      0.0860303838   |dE/dxyz| =  0.169464
   -6.95727717593246      3.21446491383826      0.53919681905594      c       
   -4.68842773973630      4.99120084440813      0.29611435188499      c       
   -9.37041059566268      4.52920634862996     -0.34480228873079      c       
   -9.72180819628747      6.24431577826758      0.79611683723697      h       
  -11.03033137779370      3.27250356368605     -0.13697829566162      h       
   -9.19132622743750      5.12193527538375     -2.34134057502766      h       
   -6.51337576785742      0.83411047993182     -0.89136206403968      n       
   -7.11629103590480      2.74068857415561      2.56702115735186      h       
   -8.10392971898176      0.38819891834881     -1.93766474672702      h       
   -5.08423362495561      1.10140853139043     -2.20659953531168      h       
   -2.51754744323977      4.51922581058674      1.28753915883496      o       
   -5.16459208397721      7.19597486490412     -0.97638156031506      o       
   -5.12295901526989      8.57824134723298      0.39654004775339      h       
  -.34734401937837D-01  0.20277689424895D-01  0.49285580049019D-02
  0.11441375787438D+00  -.74374564260249D-02  0.37681491255288D-01
  0.17981355648162D-01  0.63222362995780D-02  -.21202681297365D-02
  0.13376361265413D-02  -.24872017583183D-02  -.17500823118257D-02
  0.10637835759862D-02  0.18994088523584D-02  -.38982365263232D-04
  0.75604984823910D-03  0.29024176305308D-03  0.48089721919655D-02
  0.12560589934875D-01  -.13384885220173D-01  -.14670579391355D-01
  -.99722799981213D-04  -.49448263220210D-03  -.56809589916666D-02
  0.64154804192234D-02  0.94799061499429D-02  0.64852024953487D-02
  -.72039266087502D-02  0.23948055612578D-02  0.90685480089040D-02
  -.81553554993064D-01  0.13848663652216D-01  -.39360715093720D-01
  -.24187912580870D-01  -.36974135397976D-01  -.19373863011593D-01
  -.67491345069062D-02  0.62652097313927D-02  0.20022677338752D-01
  cycle =      3    UFF energy =      0.0773869130   |dE/dxyz| =  0.136667
   -6.98033603693816      3.23025650552425      0.55135617630611      c       
   -4.72478929440203      5.01262122691076      0.27249898785601      c       
   -9.41321988287409      4.51799961014627     -0.33113675131366      c       
   -9.74606445126743      6.27077834527858      0.76402013773439      h       
  -11.06688426445150      3.26075505284811     -0.06229395934239      h       
   -9.26037348268830      5.05331661332646     -2.34973889881324      h       
   -6.55394866701418      0.82387801225400     -0.83396758443995      n       
   -7.12059559032411      2.79713883771535      2.59398938129203      h       
   -8.13858627717290      0.35219686406277     -1.88765870304677      h       
   -5.09217796919519      1.03226552647654     -2.13288564327893      h       
   -2.50169162964795      4.50872964830714      1.23841305166318      o       
   -5.16088344179082      7.21554037252845     -1.03189126919049      o       
   -4.82295901526989      8.65599863538554      0.25669438087830      h       
  -.27019971524422D-01  0.15957889149461D-01  0.38502188263867D-02
  0.88495465797015D-01  -.56295528248716D-02  0.29866323768832D-01
  0.14343499058617D-01  0.49299547779274D-02  -.15917793300934D-02
  0.11304018987147D-02  -.16561321065748D-02  -.12294888341969D-02
  0.64278326497297D-03  0.12922964575253D-02  0.14063467543391D-04
  0.66340839039148D-03  0.32468729147196D-03  0.34746525378673D-02
  0.94369449005484D-02  -.10599773898272D-01  -.11121603775813D-01
  -.73083290265450D-04  -.39794686930559D-03  -.42734070726560D-02
  0.49499705707236D-02  0.73634298302084D-02  0.49949149275700D-02
  -.52066003937281D-02  0.18093468405327D-02  0.66750797201942D-02
  -.63163915747072D-01  0.10632374669817D-01  -.30921861351394D-01
  -.20375783473097D-01  -.37325422455144D-01  -.23207510622191D-01
  -.38231194523987D-02  0.13298849137225D-01  0.23470397737951D-01
  cycle =      4    UFF energy =      0.0701313624   |dE/dxyz| =  0.100656
   -7.00723347139984      3.27129095917994      0.57746781873380      c       
   -4.74589094376195      5.03138710375606      0.21773636134674      c       
   -9.45354122915566      4.52771631460459     -0.33046021166187      c       
   -9.76107094818115      6.34110745419247      0.68016912897347      h       
  -11.10681465063199      3.28656740873811      0.02655516939920      h       
   -9.32523353055639      4.95891705182961     -2.38105240859588      h       
   -6.62209409567568      0.80056270585493     -0.70053559147688      n       
   -7.12978529492884      2.93205628878622      2.64514035100523      h       
   -8.20029858361056      0.29376976730257     -1.75813509958516      h       
   -5.11518294052522      0.89415786669842     -1.97430681278876      h       
   -2.46546930740876      4.47283953644051      1.13880902926159      o       
   -5.12693599193058      7.22892955444594     -1.12921216748007      o       
   -4.52295901526989      8.69217323893491      0.03522373917326      h       
  -.19141682210360D-01  0.11971718135569D-01  0.29085978244748D-02
  0.60662845571755D-01  -.33454135470750D-02  0.21579767010371D-01
  0.10521122876472D-01  0.32502359420691D-02  -.87378059279435D-03
  0.78433106990338D-03  -.41153097258942D-03  -.48657973534139D-03
  0.65307835007813D-04  0.48195978262469D-03  0.14686154534464D-03
  0.58617851958895D-03  0.42635525667302D-03  0.15976816854284D-02
  0.54251460767659D-02  -.85042807910149D-02  -.70929125273500D-02
  -.87901766504070D-04  -.35830232776451D-03  -.23016831049090D-02
  0.33982135784154D-02  0.50176199164300D-02  0.33494892543063D-02
  -.22835700398036D-02  0.97533055149495D-03  0.33256361589706D-02
  -.43223548030340D-01  0.71193971769729D-02  -.21975013204774D-01
  -.16207452514981D-01  -.33483104617977D-01  -.22863672902078D-01
  -.49899096591947D-03  0.16860015494587D-01  0.22685608588352D-01
  cycle =      5    UFF energy =      0.0679472679   |dE/dxyz| =  0.084924
   -7.03939881371316      3.34308013805893      0.62474676882294      c       
   -4.74397391790529      5.03689587164281      0.14496062134097      c       
   -9.46413595755127      4.55974035323735     -0.40488355966720      c       
   -9.75500510394628      6.46165843181765      0.45325660007981      h       
  -11.13655955856276      3.36936344312039      0.04143612832077      h       
   -9.31230497097427      4.81924806601388     -2.49041596802727      h       
   -6.69113675236521      0.75968288642758     -0.44203223059252      n       
   -7.18457374312782      3.18032021576311      2.72096847150357      h       
   -8.25529422891367      0.19353234498081     -1.49591377009728      h       
   -5.13741372960510      0.69209855309440     -1.67430681278876      h       
   -2.43722350863384      4.42868538681244      1.02146927984800      o       
   -5.07859329330459      7.20950582339127     -1.26212744329768      o       
   -4.34689642443298      8.67766373640358     -0.18975877914059      h       
  -.16533153161164D-01  0.12447351863756D-01  0.29085768967225D-02
  0.49569372538101D-01  -.17024233102157D-02  0.17927863819457D-01
  0.87222951138442D-02  0.24487069003212D-02  -.65429968455423D-04
  0.26831155904954D-03  0.16992375372038D-02  0.42017374453315D-03
  -.42140543928638D-03  -.20974144092513D-03  0.48472836447035D-03
  0.66840324550728D-03  0.71852442804950D-03  -.86538733610357D-03
  0.29193310700253D-02  -.10945714030455D-01  -.48748528404746D-02
  -.30979007707063D-03  -.54812214896010D-03  0.40345549168326D-03
  0.27276828229503D-02  0.35066599486216D-02  0.22238054151501D-02
  0.64571128488344D-03  -.13959148487431D-03  0.11949339426525D-03
  -.34893719906956D-01  0.58582137277310D-02  -.18204674383311D-01
  -.13683427278053D-01  -.29260206406035D-01  -.20754609166165D-01
  0.32038822816930D-03  0.16127104415782D-01  0.20276856568227D-01
  cycle =      6    UFF energy =      0.0648414760   |dE/dxyz| =  0.068892
   -7.01715079399137      3.30755019452691      0.60238286700531      c       
   -4.71820117630072      4.98367476160755      0.08628436801126      c       
   -9.48889716721779      4.61775627074645     -0.21206043865227      c       
   -9.68922389218859      6.48363985577976      0.75325660007981      h       
  -11.15332869929911      3.43530319224540      0.28368236088471      h       
   -9.46648600319693      4.97115211022193     -2.29435865249492      h       
   -6.78412846650346      0.77350924316167     -0.60845117445914      n       
   -7.04069758468363      3.04138133493739      2.69886478040291      h       
   -8.40809550449421      0.29747634900313     -1.62666025289841      h       
   -5.28461163548190      0.72850523230366     -1.90983181430709      h       
   -2.37572143204388      4.30537326821361      0.87785077792477      o       
   -5.04062369779369      7.18177289475222     -1.29034684084800      o       
   -4.11534394984085      8.60438054326458     -0.31321327434379      h       
  -.11278302671283D-01  0.10742781110710D-01  0.26283539126860D-02
  0.37245660360773D-01  -.69885789997593D-03  0.14026477085063D-01
  0.45814614386992D-02  0.22589674461615D-02  0.30089879754447D-03
  -.18799112611269D-03  0.25706609479918D-02  0.11113488597655D-02
  -.67132473966387D-03  -.55450216078639D-04  0.42966122803914D-03
  0.35548060219193D-03  0.74282447012315D-03  -.25077986892119D-02
  0.37510383022259D-02  -.10436025943596D-01  -.35293648315772D-02
  -.97368898896876D-04  -.38973989709240D-03  0.21741035265790D-02
  0.93099341189819D-03  0.19622193345769D-02  0.66089010117939D-03
  0.10890052466065D-02  -.54289086666888D-03  -.75173450545509D-03
  -.25457631686875D-01  0.39153943015952D-02  -.13834785953877D-01
  -.12792133744079D-01  -.26461221759179D-01  -.19444748627072D-01
  0.25311135045158D-02  0.16391338971432D-01  0.18736699096336D-01
  cycle =      7    UFF energy =      0.0642271021   |dE/dxyz| =  0.061198
   -7.00284641047913      3.31457441765332      0.61578091547000      c       
   -4.66229511009031      4.89067442266759     -0.03867643057900      c       
   -9.47103782149784      4.73035160869872     -0.03928174668519      c       
   -9.53728190166319      6.59838402213495      0.94649690758241      h       
  -11.15286611398591      3.61189267482489      0.55010140334418      h       
   -9.56049779920177      5.09143709781486     -2.12040594133032      h       
   -6.95420507309008      0.77427017764817     -0.60976213671745      n       
   -6.90831404828069      3.04590006036144      2.71240840838640      h       
   -8.65290153657567      0.37522453746992     -1.54600227479650      h       
   -5.52255290076772      0.65874642682318     -1.98649318331561      h       
   -2.30655932472269      4.13034958244531      0.67075598854511      o       
   -4.93713531867119      7.04798339625683     -1.49430932925540      o       
   -3.91401664401056      8.46168682596529     -0.61321327434379      h       
  -.96868507061374D-02  0.10275817687723D-01  0.34720509700962D-02
  0.32012117140260D-01  -.78235688714446D-03  0.12541209568741D-01
  0.25534371551682D-02  0.17837175694864D-02  0.22625231152855D-03
  -.28984829503586D-03  0.33014218562968D-02  0.17686132752305D-02
  -.15697147071825D-02  -.29023580038048D-03  0.51586521591362D-03
  0.18690900714077D-03  0.55524854562036D-03  -.31316409700192D-02
  0.39576052556542D-02  -.10787694019159D-01  -.25098406674294D-02
  -.99429741048790D-05  0.22572669242165D-04  0.29494154315684D-02
  -.10209855227272D-02  0.98323456746283D-03  -.52662581920782D-03
  0.22118575417458D-02  -.88082672400725D-03  -.19959351618019D-02
  -.20520892028005D-01  0.34683570304689D-02  -.12071794701772D-01
  -.10956971707733D-01  -.23597682172252D-01  -.18430865960427D-01
  0.31332798409567D-02  0.15948425676642D-01  0.17193296507579D-01
  cycle =      8    UFF energy =      0.0626870997   |dE/dxyz| =  0.057827
   -7.02697520052910      3.29668615267603      0.58627524151193      c       
   -4.69971859325566      4.94466090862868      0.05791419580861      c       
   -9.50705979436808      4.65985396207620     -0.13518349530338      c       
   -9.65092498981017      6.51218004894494      0.87353975049359      h       
  -11.18123271044738      3.49258344081795      0.38151465948649      h       
   -9.53330578711490      5.05007178074751     -2.21265924391871      h       
   -6.87340222882400      0.78043781679183     -0.68146448349954      n       
   -7.00565320588312      2.99234094403547      2.68059219526609      h       
   -8.51783970963271      0.36474268243817     -1.70879253093031      h       
   -5.37091194310770      0.71321217417436     -1.98766651818736      h       
   -2.33724976069021      4.15318800682238      0.72873352571592      o       
   -4.98966278925720      7.21863113718311     -1.22219071579404      o       
   -3.88857329011653      8.55288619542863     -0.31321327434379      h       
  -.89760240147656D-02  0.92725140850350D-02  0.37841480832638D-02
  0.30156866820503D-01  -.27715053479310D-02  0.13099973223913D-01
  0.19715803140966D-02  0.14077535947392D-02  0.27171363444767D-03
  -.28951336993068D-03  0.34154579191629D-02  0.19070493914052D-02
  -.19331194522351D-02  -.48823734474965D-03  0.58320589065907D-03
  0.19608100808721D-03  0.48877767065731D-03  -.32326364813139D-02
  0.35689455102175D-02  -.10430056220295D-01  -.12995074787747D-02
  -.53382945992635D-04  0.13883785640449D-03  0.31871774548919D-02
  -.20074122708412D-02  0.43800952246121D-03  -.12488573636788D-02
  0.31028176144628D-02  -.95940872447037D-03  -.28368616835121D-02
  -.18644263272398D-01  0.28196388580631D-02  -.10891711757369D-01
  -.10881264668510D-01  -.18861737800494D-01  -.19976728934493D-01
  0.37886887273054D-02  0.15529955931417D-01  0.16653036020561D-01
  cycle =      9    UFF energy =      0.0607222758   |dE/dxyz| =  0.050758
   -7.04056479472167      3.28461335737249      0.55646165034133      c       
   -4.73837809694802      4.99229077097509      0.10789734195969      c       
   -9.53802992461508      4.59875751015863     -0.19325489400498      c       
   -9.74251073456612      6.43153897415961      0.83833422416503      h       
  -11.19374340887959      3.38600521713879      0.27488788785626      h       
   -9.53361991691089      5.02141953775316     -2.26237751001290      h       
   -6.81368125370591      0.79187111315520     -0.73984130721071      n       
   -7.05551175327648      2.95053107103501      2.64445398225524      h       
   -8.41633727286466      0.36400738788256     -1.82761376309465      h       
   -5.26594343346003      0.75987983400365     -1.99312218879015      h       
   -2.34068871031204      4.13196291471482      0.61112183884983      o       
   -5.07767599580949      7.39996346168129     -0.92219071579404      o       
   -3.82582470696684      8.61863410073486     -0.04735724021435      h       
  -.70479649993341D-02  0.70705335535950D-02  0.33965449667886D-02
  0.24181549578424D-01  -.53498764168763D-02  0.13072788881280D-01
  0.13266351216972D-02  0.96748351414482D-03  0.22506336537523D-03
  -.23414099777025D-03  0.30549652790580D-02  0.16940849033192D-02
  -.18524100424593D-02  -.51758093455773D-03  0.53400553888682D-03
  0.22455782712730D-03  0.41587553758749D-03  -.27637346221098D-02
  0.28373824574141D-02  -.87523271748366D-02  -.55620759884408D-03
  -.78368368247041D-04  0.16728692793529D-03  0.27213468658542D-02
  -.21390400161045D-02  0.13013149329020D-03  -.14062440210593D-02
  0.30520014567114D-02  -.82381819856306D-03  -.27412293676176D-02
  -.12628986288148D-01  -.30138144911796D-03  -.79161729247728D-02
  -.13618326694343D-01  -.10698441818833D-01  -.22441150520491D-01
  0.59771109650324D-02  0.14637149687174D-01  0.16180904533390D-01
  cycle =     10    UFF energy =      0.0613502745   |dE/dxyz| =  0.048138
   -7.01084394009010      3.29746976533658      0.56343059574446      c       
   -4.73612531291161      5.02134416341143      0.02922248459664      c       
   -9.53870830690386      4.57234293272025     -0.15391067064532      c       
   -9.74470194691941      6.41507718136513      0.85940658330791      h       
  -11.17199614288765      3.34755281592238      0.36153166606208      h       
   -9.57886806871280      4.96989684571351     -2.22790840493027      h       
   -6.78941977259997      0.78478692127968     -0.69471302535343      n       
   -6.97475244320574      2.99973393809004      2.65715480837168      h       
   -8.43410228562720      0.29746563389636     -1.69680973410974      h       
   -5.30021939458853      0.76349919081959     -2.02039931839882      h       
   -2.30007401325038      4.13331879203676      0.31112183884983      o       
   -5.14238591548266      7.46372926857280     -0.89632549103948      o       
   -3.86031245985658      8.66525780160055     -0.04440202614974      h       
  -.71410527453440D-02  0.70618604737971D-02  0.32238937147545D-02
  0.20836424698027D-01  -.45643961119352D-02  0.12785558238472D-01
  0.12326651751683D-02  0.10201072780774D-02  0.23176127636001D-03
  -.20437540430388D-03  0.30205788651154D-02  0.16720501436824D-02
  -.19701429800047D-02  -.62990323472137D-03  0.56382761529983D-03
  0.19693229874477D-03  0.45706656705468D-03  -.28857189791282D-02
  0.30160161473263D-02  -.85012260955852D-02  0.76747912897494D-03
  -.34470947257521D-04  0.10623737833680D-03  0.29317545509115D-02
  -.33355620672138D-02  -.26689359078526D-03  -.21182291435819D-02
  0.38234593495698D-02  -.68630910412810D-03  -.33190056455925D-02
  -.79948125168430D-02  -.21827271098553D-02  -.71213317315406D-02
  -.14448380129454D-01  -.91575646905992D-02  -.22748493308039D-01
  0.60232991215843D-02  0.14323169375228D-01  0.16016454139427D-01
  cycle =     11    UFF energy =      0.0590639754   |dE/dxyz| =  0.041795
   -7.03147647012334      3.27707471312653      0.54819898465115      c       
   -4.76799243694138      5.04081048870139      0.11038461053653      c       
   -9.56201316699222      4.54070607896183     -0.17492000477235      c       
   -9.80123773150532      6.35734250553841      0.87628781475776      h       
  -11.18665154020885      3.28421836932104      0.28956716483463      h       
   -9.57878224075529      4.98525246330892     -2.23918452787729      h       
   -6.76095203827371      0.80131317470043     -0.77023631230914      n       
   -7.02964592579127      2.92308280612350      2.63365855236807      h       
   -8.33842887132772      0.37248047330185     -1.90958387449164      h       
   -5.17473487277130      0.79229479958459     -1.98515663461461      h       
   -2.32933962605921      4.22735175800033      0.61112183884983      o       
   -5.16692578209347      7.46307189273680     -0.86725126165466      o       
   -3.85432930019339      8.66647572735941     -0.07548704397251      h       
  -.67770142318117D-02  0.67108286832340D-02  0.28060694304082D-02
  0.14824901245376D-01  -.28171791943274D-02  0.10281889352087D-01
  0.11932952927836D-02  0.99808163421191D-03  0.27613124492920D-03
  -.18353736385527D-03  0.28694577685435D-02  0.15962619978199D-02
  -.19450977641272D-02  -.70897146783831D-03  0.57821299731691D-03
  0.19666555590153D-03  0.43157328653240D-03  -.27585535047770D-02
  0.28829685885023D-02  -.75601472916018D-02  0.37025558248928D-02
  -.58507316606171D-04  0.88306671427460D-04  0.29088543809566D-02
  -.53900669238936D-02  -.11751284837995D-02  -.37185761763443D-02
  0.54575639128555D-02  -.47547146618141D-03  -.45053953990014D-02
  -.24695635896015D-02  -.32166150452130D-02  -.52344162245651D-02
  -.13467152107462D-01  -.81331815129926D-02  -.20229872536325D-01
  0.57355447019384D-02  0.12988446418005D-01  0.14296838612603D-01
  cycle =     12    UFF energy =      0.0553260170   |dE/dxyz| =  0.034098
   -7.03739341040514      3.25004830341177      0.52762799758717      c       
   -4.83399419593550      5.10205200018450      0.17970083261273      c       
   -9.60953485079284      4.45575526933363     -0.13755229599687      c       
   -9.90804489312211      6.21690163499320      0.98720109252057      h       
  -11.18506182446960      3.12095616187573      0.27471543291184      h       
   -9.64672252763727      4.98691673599084     -2.17908592264831      h       
   -6.69289836835709      0.84072208318304     -0.88390720055756      n       
   -7.02780446504999      2.80932106383359      2.59494696187048      h       
   -8.16066868636346      0.50223291890312     -2.19977721663872      h       
   -4.98941564158444      0.84981842641354     -1.93575910260725      h       
   -2.39687231432733      4.42083862150485      0.91112183884983      o       
   -5.26126818068007      7.49650379082347     -0.84100545242051      o       
   -3.83283064431166      8.67940824031383     -0.25082765917749      h       
  -.45014236715430D-02  0.47517980078172D-02  0.16745557270324D-02
  0.44499342193324D-02  -.32449947200200D-03  0.39447592207440D-02
  0.83458692356067D-03  0.12145248540935D-02  0.42722395590826D-03
  -.29225079276105D-03  0.24882105552716D-02  0.13131358340534D-02
  -.17538492907304D-02  -.90561972182820D-03  0.65914790082391D-03
  0.25315367170361D-03  0.43287998419442D-03  -.22443670787610D-02
  0.20509082590874D-02  -.51924277760700D-02  0.80197901250603D-02
  -.19096162565350D-03  -.52286596430288D-04  0.23021852413608D-02
  -.75090646735203D-02  -.26187176874607D-02  -.62770025591473D-02
  0.72913146703282D-02  -.23732342288485D-05  -.53875813922735D-02
  0.44050548168580D-02  -.31105069057363D-02  -.11073039697219D-02
  -.13063917124544D-01  -.81130794653906D-02  -.14081793126346D-01
  0.80265146178821D-02  0.11432097457770D-01  0.10757250121266D-01
  cycle =     13    UFF energy =      0.0541134228   |dE/dxyz| =  0.027142
   -7.07597974801738      3.23941951087807      0.51758871365588      c       
   -4.84694061722926      5.08982654140606      0.34427914426960      c       
   -9.60352812882441      4.46749888855198     -0.27533846776233      c       
   -9.95055015145707      6.21694116775362      0.85015149050808      h       
  -11.20864772848747      3.14141628196848      0.04171424752088      h       
   -9.52953812297810      5.01817580329794     -2.31145754392858      h       
   -6.65376521022238      0.86613329801944     -0.92796940029230      n       
   -7.18920949815950      2.75096995108878      2.57313345789752      h       
   -8.15638661743429      0.44773405280768     -2.17509940788460      h       
   -5.00018321956803      0.97776417141980     -2.04887967833264      h       
   -2.46019162779534      4.38390465333392      1.21112183884983      o       
   -5.19647679878875      7.50654142827511     -0.64950203661718      o       
   -3.71111253407482      8.62514950196404     -0.10234305157834      h       
  -.36922390282431D-02  0.33147221249897D-02  0.90098121908261D-03
  0.29600883145642D-02  0.33042873039971D-03  0.25661716604582D-02
  -.54672705959301D-04  0.85022066443587D-03  0.49385300909921D-03
  -.25012503728038D-03  0.18741877909121D-02  0.11291066096290D-02
  -.18707551522481D-02  -.99009771694933D-03  0.59747078887805D-03
  0.16037775414924D-03  0.49344060005658D-03  -.25052886320609D-02
  0.78318847538207D-03  -.44405868713637D-02  0.69380246799390D-02
  -.18966841796302D-03  -.17560047398001D-03  0.28789917124243D-02
  -.65710739764597D-02  -.18684892465283D-02  -.53278720507441D-02
  0.70726841687025D-02  -.10972850742117D-03  -.48721494345823D-02
  0.50935331649950D-02  -.23716697251036D-02  -.25294326819160D-03
  -.98427666027305D-02  -.57520340045975D-02  -.10462703385665D-01
  0.64014290430912D-02  0.88452066351496D-02  0.79163570917333D-02
  cycle =     14    UFF energy =      0.0524591397   |dE/dxyz| =  0.017064
   -7.06715494242671      3.22505171643090      0.52208345065522      c       
   -4.87835107761163      5.11151201764081      0.36496314985598      c       
   -9.62909277208034      4.43397367122727     -0.17203031842310      c       
   -9.99047045511770      6.12603974829181      1.02923681418439      h       
  -11.19663870858984      3.06193088675501      0.11396490409432      h       
   -9.60343355500905      5.06991761149845     -2.18166444670564      h       
   -6.63896879252397      0.91366472315359     -1.00804305372827      n       
   -7.12876143270775      2.66339249991583      2.55737767063782      h       
   -8.10067251318955      0.56860057225812     -2.31103949587086      h       
   -4.96047690599846      1.04480092988996     -2.07009770198320      h       
   -2.52375770541665      4.48054278263872      1.36244940560014      o       
   -5.21130697434911      7.47276980642491     -0.75745802043275      o       
   -3.65342416801604      8.55927828463953     -0.40234305157834      h       
  -.12752174627204D-02  0.17524809538777D-02  0.30366532291283D-03
  0.72365599821060D-04  -.72631708494335D-03  0.68004956286458D-03
  -.27199818067818D-03  0.49437094716494D-03  0.48098459130731D-03
  -.28261166925496D-03  0.12904439007927D-02  0.69661464182181D-03
  -.92326468039743D-03  -.57199306195464D-03  0.39391716813842D-03
  0.15405448797000D-03  0.40746173175332D-03  -.16387699834404D-02
  0.10169167174445D-02  -.21612368600189D-02  0.33198572405245D-02
  -.15057289511375D-03  -.20522215073547D-03  0.16525952355992D-02
  -.32514661425826D-02  -.14475938812377D-02  -.27834677485681D-02
  0.30169755050544D-02  0.67908633132602D-04  -.22260489059537D-02
  0.37680396919714D-02  -.20219645689723D-02  0.74688046099520D-03
  -.78140655317505D-02  -.35616882112347D-02  -.58400533088707D-02
  0.59408445602366D-02  0.66833496523759D-02  0.42137757226691D-02
  cycle =     15    UFF energy =      0.0517199285   |dE/dxyz| =  0.014384
   -7.05959603700089      3.19484565265496      0.51801690032050      c       
   -4.88490024392890      5.09698638974261      0.43833383585475      c       
   -9.63118746716930      4.43605778663806     -0.07066064627025      c       
   -9.97748657326598      6.05938572274915      1.22595161853559      h       
  -11.19025798751366      3.04662686103586      0.16132437561714      h       
   -9.63716205981492      5.17853982369137     -2.04384191570986      h       
   -6.64190102137307      0.98242212438816     -1.15627304421370      n       
   -7.09134562102552      2.51030378076156      2.51720722230513      h       
   -8.15325543423641      0.66836581595903     -2.40281440618886      h       
   -5.02474644400420      1.21950449327342     -2.29247066802464      h       
   -2.61032758057986      4.54807454414969      1.66244940560014      o       
   -5.13033343172794      7.36636246880998     -0.89302930466057      o       
   -3.55001010139651      8.42399978691099     -0.61679406685936      h       
  -.12461483900453D-02  0.24208925820000D-02  0.19594313299522D-03
  -.22950532293458D-02  -.21335547335802D-02  0.10200697675749D-02
  -.34753955116364D-03  0.22490768292496D-04  0.39510889853284D-03
  -.26914185636051D-03  0.13021321208853D-02  0.77146271567464D-03
  -.44177931958004D-03  -.44622728167120D-03  0.22915663142391D-03
  0.30079344396943D-04  0.49456901188048D-03  -.15207767322738D-02
  -.20918692263269D-03  -.28236541318008D-02  0.18603424212492D-02
  -.36366481882027D-04  -.44544594197219D-03  0.17849421749310D-02
  -.17324828348585D-02  -.64370387216771D-03  -.16789058938989D-02
  0.30485855884884D-02  -.34278345918475D-03  -.24446946667055D-02
  0.62768095172065D-02  -.33197083807301D-02  0.31868485248646D-02
  -.54071080186766D-02  0.24134259598789D-02  -.53947999783804D-02
  0.26293321544532D-02  0.35015673581698D-02  0.15953030040123D-02
  cycle =     16    UFF energy =      0.0510938301   |dE/dxyz| =  0.008833
   -7.03370516884215      3.16436652416349      0.50235227483423      c       
   -4.87373125784169      5.07744550122128      0.42441737169999      c       
   -9.63317487852761      4.43320891569786      0.11170498439445      c       
   -9.92657934191529      5.96801409919394      1.52595161853559      h       
  -11.17632426556823      3.02500684153153      0.32329337612115      h       
   -9.73162068258136      5.29834397356803     -1.81088601987209      h       
   -6.69179829658042      1.05962923136684     -1.32245633965641      n       
   -6.96853765515286      2.36074381519047      2.45748754917240      h       
   -8.25105971733139      0.82798213687946     -2.52497062863854      h       
   -5.12895807017466      1.37034175870079     -2.50887036751800      h       
   -2.65849221369800      4.61144496668395      1.76921242391430      o       
   -5.05682115132845      7.25459740646181     -1.05200390433407      o       
   -3.45170730349540      8.28035008010555     -0.84783303234693      h       
  0.30870638828741D-03  0.20170030057568D-02  0.73913094294999D-03
  -.13132504191635D-02  -.16161856648984D-02  0.87255911900721D-03
  -.14884504908633D-02  -.16991505353778D-03  0.62645926083221D-03
  -.52118444781842D-03  0.15422009478586D-02  0.11819563653840D-02
  -.13116322059602D-03  -.16078984086475D-03  0.16221585228927D-03
  -.16741716019794D-03  0.82126338795794D-03  -.20012206545721D-02
  0.10861860474457D-02  -.26544724143888D-02  0.96625800838087D-04
  0.11555254123180D-03  -.62085761323822D-03  0.20676990037818D-02
  -.10579675104597D-02  -.63383052408264D-03  -.15050037333472D-02
  0.14603093868498D-02  -.40305365147109D-03  -.14664121087953D-02
  0.29700946961213D-02  -.19032608508364D-02  0.16003419842996D-02
  -.22196649167895D-02  0.23811123543198D-02  -.26550471473736D-02
  0.95824910595233D-03  0.14007859174248D-02  0.28069531470611D-03
  cycle =     17    UFF energy =      0.0506815863   |dE/dxyz| =  0.012404
   -7.01610486036340      3.14420795541930      0.49142119840748      c       
   -4.87151408161264      5.07114015840775      0.40285114289831      c       
   -9.62728745745312      4.42166853057573      0.25702311863357      c       
   -9.87380326476623      5.88188021765853      1.75372210972292      h       
  -11.15893629063635      2.99912440898411      0.45347949542329      h       
   -9.79626681654912      5.37557781730799     -1.61624829473015      h       
   -6.74492407862638      1.12285360400239     -1.43301828885254      n       
   -6.87458204460216      2.25860510281260      2.40466244238715      h       
   -8.32378680276534      0.98463023609551     -2.62326210541609      h       
   -5.19994369889129      1.46747941638328     -2.62868217687935      h       
   -2.75177272041542      4.75275849247174      1.94480496722639      o       
   -4.96821191076831      7.10559012126916     -1.28123296325782      o       
   -3.37537597558773      8.14595918937657     -1.07812133925713      h       
  0.55205808108372D-03  0.11569292784736D-02  0.45563356767635D-03
  -.29776920627029D-02  -.25313821317309D-02  0.85072340084171D-03
  -.12121541044144D-02  -.10511535423915D-03  0.51097518234685D-03
  -.38857112471632D-03  0.10661766730060D-02  0.86466517596599D-03
  -.56985903805009D-04  -.75007031322686D-04  0.10512901194068D-03
  -.14485627975081D-03  0.61325659707689D-03  -.14120389908409D-02
  0.15005413885483D-02  -.16468348121092D-02  -.28068071174702D-03
  0.73409779222941D-04  -.43799794217079D-03  0.14043031917015D-02
  -.89080729881379D-03  -.53937403738868D-03  -.12325200840846D-02
  0.36800701003772D-03  -.16530618295202D-03  -.49094014896805D-03
  0.53393401526657D-02  -.29160804937933D-02  0.44925309873008D-02
  -.24428286925765D-02  0.52269380687435D-02  -.53758139183801D-02
  0.28053905522129D-03  0.35379736840677D-03  0.10803333624673D-03
  cycle =     18    UFF energy =      0.0502511509   |dE/dxyz| =  0.007377
   -6.98644440595484      3.10674298352070      0.45036306789933      c       
   -4.85080874396845      5.04157918083799      0.35876378305117      c       
   -9.60225760857246      4.40172963288167      0.44321600212898      c       
   -9.76661559113799      5.75234959818207      2.05372210972292      h       
  -11.12637561597224      2.96846741266923      0.61927790524838      h       
   -9.86719711590411      5.48386593526086     -1.35064283569984      h       
   -6.83029281925464      1.21163859678291     -1.61526338066675      n       
   -6.74045687833858      2.09955434952248      2.29455220497479      h       
   -8.46212378427835      1.17848278191834     -2.74226962281039      h       
   -5.33884310467014      1.62135482801230     -2.85969333554340      h       
   -2.80632155640020      4.83060411429456      2.00160226196504      o       
   -4.89183170600526      6.98841738603866     -1.40989322920901      o       
   -3.31294107258028      8.04668845084282     -1.19633562475497      h       
  0.99051610796794D-03  0.16890538073756D-02  0.11999719494804D-02
  -.11377906389712D-02  -.91595325405923D-05  -.16713891087770D-03
  -.17175253030633D-02  -.27569887262445D-03  0.60211415268599D-03
  -.49502290818008D-03  0.14855553282504D-02  0.16235466109336D-02
  -.37436293140737D-04  -.76274019628638D-04  0.96471287907812D-04
  -.41834307644648D-03  0.11137209384491D-02  -.19827198709012D-02
  0.20241741799759D-02  -.26484216588005D-02  -.71725074350057D-03
  0.29873704622971D-03  -.85285613541355D-03  0.20102840461204D-02
  -.14348230735084D-02  -.46597511721733D-03  -.17591817940050D-02
  0.61497365038930D-03  -.18678329875804D-03  -.11579460820854D-02
  0.20082121335571D-02  -.99063437845297D-03  0.13659924336718D-02
  -.79768044269301D-03  0.12069353094185D-02  -.11790186819621D-02
  0.10200861788329D-03  0.10537629942515D-04  0.64875602531908D-04
  cycle =     19    UFF energy =      0.0500157124   |dE/dxyz| =  0.009663
   -6.98168954212128      3.10267319390447      0.44575876975526      c       
   -4.84953112080624      5.03955851285315      0.33991350155136      c       
   -9.59002565644338      4.39973501606275      0.50585067017738      c       
   -9.72311300294398      5.71799523318576      2.14096683294815      h       
  -11.11455455173834      2.96689559070994      0.68176862708003      h       
   -9.88172896764197      5.51146493482671     -1.26096332322225      h       
   -6.86997863900497      1.24072183643958     -1.64683121128915      n       
   -6.70405077992507      2.06880125034772      2.26637171401614      h       
   -8.51540553455831      1.23992917313911     -2.75033048938587      h       
   -5.39504073847715      1.66318873182100     -2.90493821025516      h       
   -2.91575657664243      4.97723922193407      2.13483098023257      o       
   -4.79840035721370      6.85704488296548     -1.56995844994400      o       
   -3.24323453552065      7.94622767257481     -1.33504010535836      h       
  0.55608855586875D-03  0.71404361499564D-03  0.63222897282135D-03
  -.28565190929327D-02  -.11391027234902D-02  -.60931747644140D-03
  -.85339581723243D-03  -.11220791165408D-03  0.27788776213288D-03
  -.24983916639872D-03  0.71731537580462D-03  0.76860743183917D-03
  -.18554338588358D-04  -.29247509957530D-04  0.40646188817816D-04
  -.17642538772388D-03  0.51250056522542D-03  -.95414495500491D-03
  0.10570602942999D-02  -.12551949878355D-02  -.33170816085389D-03
  0.95604474801161D-04  -.39841339829683D-03  0.97100834190858D-03
  -.71947461439361D-03  -.22999811413388D-03  -.86267364985765D-03
  0.28037669175791D-03  -.63502147615928D-04  -.51781649464243D-03
  0.42986202031066D-02  -.16918250188922D-02  0.46906387717307D-02
  -.17309800144120D-02  0.29114410965708D-02  -.43112802009880D-02
  0.31743821184732D-03  0.64191159279697D-04  0.20592346853776D-03
  cycle =     20    UFF energy =      0.0497590599   |dE/dxyz| =  0.006652
   -6.95616281592116      3.06876247195774      0.39482798422233      c       
   -4.81741718322512      4.99691141534275      0.27632872581987      c       
   -9.54358935382032      4.38355510419208      0.69399642681401      c       
   -9.56379491839603      5.59542159043973      2.41882577913076      h       
  -11.07147831151725      2.95444225861288      0.87137653011996      h       
   -9.93043294230666      5.60705437565946     -0.98155009294108      h       
   -6.99255642994851      1.33607696675152     -1.81440779024805      n       
   -6.57645298818895      1.92165635788933      2.13086764389037      h       
   -8.70115385570170      1.42496686111124     -2.81883841577965      h       
   -5.58940573919440      1.82273076619999     -3.13357129967625      h       
   -2.97569227601359      5.04685214167603      2.15176781795998      o       
   -4.70056427177951      6.73076395659506     -1.69488796359899      o       
   -3.16380891702539      7.84228098433667     -1.44733603940731      h       
  0.12645202721580D-02  0.14663509411731D-02  0.14960413560403D-02
  -.48491770298086D-03  0.31911284064511D-03  -.45435346153173D-03
  -.17674575610970D-02  -.18693885358165D-03  0.47653862731360D-03
  -.27316236313517D-03  0.11768379138092D-02  0.16907072251141D-02
  -.80565272787880D-04  0.19183450484685D-04  0.37114312538776D-04
  -.53929444952666D-03  0.10587242460087D-02  -.15646415862568D-02
  0.18382443319444D-02  -.26228684602412D-02  -.74789453622149D-03
  0.49598495611090D-03  -.89316456401777D-03  0.17261128827328D-02
  -.18681131344171D-02  -.15819188264096D-03  -.17154404473979D-02
  0.76056742361771D-03  -.46102201649124D-04  -.14608693689357D-02
  0.97700936447789D-03  -.39078605621067D-03  0.82840827105472D-03
  -.39938765011441D-03  0.23769959803363D-03  -.34325209940309D-03
  0.76571785750193D-04  0.20143028186913D-04  0.31528824952391D-04
  cycle =     21    UFF energy =      0.0496400099   |dE/dxyz| =  0.006474
   -6.95988840472786      3.07080582545047      0.39190648461499      c       
   -4.81844210814661      4.99586236864416      0.27248242596422      c       
   -9.53741563531615      4.38717294078763      0.71342392408224      c       
   -9.54225028636947      5.58714368802730      2.44197631284786      h       
  -11.06774782630246      2.96093772884494      0.89339733281964      h       
   -9.93046534970525      5.61853610800707     -0.94995876433527      h       
   -7.01590991318472      1.35140300931959     -1.82117616612767      n       
   -6.57372128946928      1.91472794235215      2.11582808436185      h       
   -8.72875496635333      1.44818654913444     -2.81158087763859      h       
   -5.62175563552073      1.84409525825652     -3.14518676945131      h       
   -3.08932752376030      5.17410674997982      2.25292018460626      o       
   -4.60605267571926      6.62113876371553     -1.78800354161016      o       
   -3.09077838846345      7.75735831824494     -1.51862932382803      h       
  0.53136575466580D-03  0.59409999780088D-03  0.69253308611332D-03
  -.17539370107489D-02  -.75478131226492D-03  -.91879514103993D-03
  -.72020999300742D-03  -.59559474303006D-04  0.18762049244008D-03
  -.11844193266006D-03  0.48585864134114D-03  0.69110125966162D-03
  -.32649457400173D-04  0.63698353364159D-05  0.12420458804752D-04
  -.20491683755275D-03  0.42483824879389D-03  -.64970503016692D-03
  0.77654982849070D-03  -.10909542508030D-02  -.30304057312977D-03
  0.17904188733057D-03  -.37838946278129D-03  0.70720820527105D-03
  -.76607547855567D-03  -.64028765576920D-04  -.70930742925255D-03
  0.31993692945228D-03  0.24458303081825D-04  -.58220497121484D-03
  0.24899909217365D-02  -.59461974213160D-03  0.35783768846465D-02
  -.92858277486395D-03  0.13334424420473D-02  -.28644040161093D-02
  0.22792816311314D-03  0.73265539459360D-04  0.15819677397605D-03
  cycle =     22    UFF energy =      0.0495585099   |dE/dxyz| =  0.001743
   -6.95162835681289      3.05824849315471      0.36225055025294      c       
   -4.80355139029451      4.97636810142532      0.24095130452324      c       
   -9.50825803006983      4.37507237571943      0.79728926092176      c       
   -9.45326421547633      5.52345823138112      2.55690400600376      h       
  -11.04051898606387      2.95168962875824      0.98363221135174      h       
   -9.94372885983554      5.65389962669394     -0.81571039870837      h       
   -7.08303003284818      1.40460293797591     -1.89362404712708      n       
   -6.52274096176613      1.85131331315064      2.03750834195433      h       
   -8.82637164113925      1.52891635857297     -2.82220329415706      h       
   -5.73248362126448      1.93463155327568     -3.24698848950949      h       
   -3.14127045765821      5.22405900884069      2.25630881395939      o       
   -4.53948670862011      6.55023212147639     -1.84392380304318      o       
   -3.03617674118976      7.69898350033948     -1.56499515011616      h       
  0.35572314543131D-04  0.77688100989255D-04  0.48893913716973D-04
  0.49610564318383D-03  0.31381682355646D-03  0.19592808673198D-03
  -.73031616852749D-04  0.31306040059668D-06  0.83463289091211D-05
  -.11089289232927D-04  0.49360276072544D-04  0.72662395331211D-04
  -.13271454278710D-04  0.52072463644962D-05  0.12386390846833D-05
  -.25021080323608D-04  0.35819656793884D-04  -.68330458883030D-04
  0.46838084709681D-04  -.16286873376318D-03  0.10150197961607D-03
  0.30090548456075D-04  -.33561221138697D-04  0.73637572543148D-04
  -.13594226845424D-03  0.10665633142486D-04  -.93239287570883D-04
  0.13021628878736D-03  0.10343960569240D-04  -.17462204591576D-03
  -.58687412488644D-03  0.72513948804698D-04  -.10565041354385D-02
  0.16661406497645D-03  -.35359572504990D-03  0.93713647576058D-03
  -.60207110627856D-04  -.25703026741893D-04  -.46649463885561D-04
  cycle =     23    UFF energy =      0.0495541219   |dE/dxyz| =  0.000786
   -6.94110109920910      3.04766451209202      0.34240897863940      c       
   -4.79598940407276      4.96908133095443      0.21920197990078      c       
   -9.48956297929946      4.35477825640231      0.85230602711664      c       
   -9.40130498545619      5.46783135285046      2.63370883346819      h       
  -11.01767489315675      2.92705791637617      1.03959332821610      h       
   -9.95629045694438      5.66550221608816     -0.72665282097189      h       
   -7.11500077959225      1.43884457930148     -1.94352330090882      n       
   -6.48009322359291      1.80757848474901      1.98527009313702      h       
   -8.87604863803863      1.58024518539987     -2.83596639189015      h       
   -5.79099540146966      1.99658713559251     -3.31202741540128      h       
   -3.11881262619176      5.20297953017628      2.22643439785400      o       
   -4.55166310723974      6.56227914228046     -1.85544296711888      o       
   -3.04797240877521      7.71104560850118     -1.57791143573498      h       
  0.13374692748646D-03  0.15622905586723D-03  0.12948553063617D-03
  0.11326201206224D-03  0.46881101080791D-04  0.68136077495455D-04
  -.19899455726596D-03  -.22007986023321D-04  0.95945628546123D-04
  -.23207441665824D-04  0.11184571490102D-03  0.19210965323862D-03
  -.12622380645008D-04  0.16893864346716D-05  0.13495125784821D-04
  -.73016725744230D-04  0.14626240649851D-03  -.18170954800300D-03
  0.15855563964718D-03  -.30031220359233D-03  -.52461663917855D-04
  0.71727345277877D-04  -.12743077780888D-03  0.19994358315793D-03
  -.21788179623375D-03  0.97040085494937D-06  -.17148494809367D-03
  0.13071015678867D-03  0.11791608208416D-04  -.23045760860289D-03
  -.90797655473127D-04  0.12289733649822D-05  -.17220304746442D-03
  0.18978866315203D-04  -.22937047573049D-04  0.11882615337031D-03
  -.10460390549721D-04  -.42106322129818D-05  -.96249361475793D-05
  cycle =     24    UFF energy =      0.0495525963   |dE/dxyz| =  0.000154
   -6.94258306336679      3.04942429248278      0.34383214865073      c       
   -4.79790637585752      4.97151768936822      0.22228706471908      c       
   -9.49158070768581      4.35565878768912      0.84763557754710      c       
   -9.40627770684044      5.47084727585051      2.62710892912282      h       
  -11.01942449341434      2.92760138039182      1.03447507301921      h       
   -9.95610694488849      5.66367246389754     -0.73322583865494      h       
   -7.11250336746942      1.43756676190938     -1.93929016177859      n       
   -6.48415577594168      1.81203861271932      1.98850788067159      h       
   -8.87191326601238      1.57645829038716     -2.83424248351109      h       
   -5.78689620398929      1.99411300327331     -3.30607000040170      h       
   -3.14183742259547      5.22790354637189      2.24498929247336      o       
   -4.53534813852599      6.54560813129063     -1.86514393735300      o       
   -3.03597653645117      7.69906501513251     -1.58346423819847      h       
  0.13614267669372D-04  0.17227822984881D-04  0.14301358175078D-04
  -.29780105680143D-04  -.26697056950521D-04  -.13693581941496D-04
  -.21176455728467D-04  -.20076762989802D-05  0.10263868147853D-04
  -.19806922143570D-05  0.11452310979077D-04  0.20369503933995D-04
  -.12790694323291D-05  0.15990515629991D-06  0.13562931417313D-05
  -.77147901504243D-05  0.15433467046508D-04  -.18751633368774D-04
  0.17015396597497D-04  -.32047779468481D-04  -.70436170902190D-05
  0.75967423942763D-05  -.13957079482193D-04  0.20579544298614D-04
  -.23482599152045D-04  0.55244298122182D-06  -.17849933506699D-04
  0.13505146870879D-04  0.26639330425976D-05  -.23574062616675D-04
  0.47945759506326D-04  -.53770419448321D-05  0.83013934873708D-04
  -.20105897998236D-04  0.30233495702706D-04  -.73353627944867D-04
  0.58422973176466D-05  0.23632562517143D-05  0.43819538977554D-05
  cycle =     25    UFF energy =      0.0495525692   |dE/dxyz| =  0.000000
   -6.94262236569738      3.04946542616337      0.34382563372864      c       
   -4.79792741860614      4.97153926259048      0.22225886339493      c       
   -9.49154046273421      4.35563815379655      0.84754498031197      c       
   -9.40623530746726      5.47084611128899      2.62691459054462      h       
  -11.01939012874206      2.92758939152181      1.03438904637378      h       
   -9.95600119355720      5.66358196535759     -0.73328236974866      h       
   -7.11255704249429      1.43757461503428     -1.93915290580438      n       
   -6.48426144220820      1.81216175930267      1.98847279458809      h       
   -8.87189996023251      1.57642973753742     -2.83411259164798      h       
   -5.78692182710457      1.99405543801167     -3.30585325798012      h       
   -3.14162177388814      5.22762003591614      2.24456171315375      o       
   -4.53548807137119      6.54580448815405     -1.86487467897453      o       
   -3.03604300893563      7.69916886608916     -1.58329251163400      h       
  0.17244122734014D-09  -.22115688677626D-09  0.55058400532184D-09
  -.61609926871580D-08  -.86661296923307D-08  -.14318186394337D-07
  0.91640098504389D-09  -.12721192328702D-08  0.22719001972673D-09
  0.17422272760755D-08  -.16979820891341D-08  0.22978450002140D-08
  0.78218515627178D-09  -.33804504811705D-09  0.93622200470671D-09
  -.20113536812645D-09  0.79014988307738D-09  0.22474975456827D-08
  -.10344791134820D-08  0.42620974458063D-09  -.22452221973160D-08
  0.90642124155830D-09  -.19840483972541D-08  -.17581944510318D-08
  -.21702808220263D-08  0.30094355585016D-08  0.12177932306502D-08
  -.15504099881106D-08  0.33164964524657D-08  -.20510707735098D-08
  0.30578578449458D-08  0.12073831306275D-07  0.26442072978243D-07
  0.20933867087708D-08  -.63363890861687D-08  -.17239852065452D-07
  0.14463775468391D-08  0.89974749525878D-09  0.36933210934009D-08
  cycle =     26    UFF energy =      0.0495525692   |dE/dxyz| =  0.000000
   -6.94262263054900      3.04946548975756      0.34382657451643      c       
   -4.79792698494733      4.97153841965186      0.22225871857333      c       
   -9.49154065144382      4.35563955003020      0.84754299623848      c       
   -9.40623636924427      5.47084926912111      2.62691151646827      h       
  -11.01939096128350      2.92759151144336      1.03438731088112      h       
   -9.95599976682957      5.66358205196753     -0.73328594290570      h       
   -7.11255639488886      1.43757252393432     -1.93915049106738      n       
   -6.48426313870558      1.81216333781908      1.98847528439820      h       
   -8.87189844781203      1.57642791065928     -2.83411184510950      h       
   -5.78691964076619      1.99405118773850     -3.30585021761107      h       
   -3.14161023291468      5.22760740710743      2.24455389773327      o       
   -4.53549626664510      6.54581256548261     -1.86486913431513      o       
   -3.03604851700886      7.69917402605136     -1.58328936149421      h       
  -.34962194272493D-12  0.57675140162881D-12  -.27227989285970D-13
  -.11318047193898D-10  -.69026191013011D-11  -.85251363260430D-11
  -.13149334052165D-12  0.17207481099735D-12  0.28359150965052D-12
  -.46812922462058D-13  0.13324855541869D-12  0.32291725717004D-12
  -.40979914774086D-13  -.58602699515992D-13  0.68874051427359D-13
  -.26543437586790D-13  0.29140324051338D-12  -.37937095955995D-12
  0.17443945593554D-12  -.71590823547130D-12  0.15904850136569D-12
  -.69235090750797D-13  -.54639658682992D-12  0.29991178811251D-12
  -.39252097665948D-12  0.93449662071088D-13  -.20779306552331D-12
  0.64637032705372D-12  0.71368692206031D-12  -.56740918387421D-12
  0.16042263681739D-10  -.95820140016967D-12  0.26276619768950D-10
  -.69045060467621D-11  0.61086387684317D-11  -.19362197175438D-10
  0.24166990836901D-11  0.10924750687424D-11  0.16581744657906D-11
$end
