$ufftopology
nxtnei12
    1     3
          2     4    11
    2     3
          1     3     7
    3     3
          2     6    12
    4     3
          1     5    10
    5     3
          4     6    13
    6     3
          3     5     9
    7     2
          2     8
    8     1
          7
    9     1
          6
   10     1
          4
   11     1
          1
   12     1
          3
   13     4
          5    14    15    16
   14     4
         13    17    21    22
   15     1
         13
   16     1
         13
   17     3
         14    18    19
   18     1
         17
   19     2
         17    20
   20     1
         19
   21     3
         14    23    24
   22     1
         14
   23     1
         21
   24     1
         21
nxtnei13
    1     4
          3     7     5    10
    2     5
          4    11     6    12     8
    3     4
          1     7     5     9
    4     4
          2    11     6    13
    5     7
          1    10     3     9    14    15    16
    6     4
          2    12     4    13
    7     2
          1     3
    8     1
          2
    9     2
          3     5
   10     2
          1     5
   11     2
          2     4
   12     2
          2     6
   13     5
          4     6    17    21    22
   14     7
          5    15    16    18    19    23    24
   15     3
          5    14    16
   16     3
          5    14    15
   17     4
         13    21    22    20
   18     2
         14    19
   19     2
         14    18
   20     1
         17
   21     3
         13    17    22
   22     3
         13    17    21
   23     2
         14    24
   24     2
         14    23
nxtnei14
    1     4
          6    12     8    13
    2     3
          5    10     9
    3     4
          4    11     8    13
    4     6
          3     7     9    14    15    16
    5     6
          2    11    12    17    21    22
    6     6
          1     7    10    14    15    16
    7     4
          4    11     6    12
    8     2
          1     3
    9     4
          2    12     4    13
   10     4
          2    11     6    13
   11     4
          3     7     5    10
   12     4
          1     7     5     9
   13     8
          1    10     3     9    18    19    23    24
   14     3
          4     6    20
   15     5
          4     6    17    21    22
   16     5
          4     6    17    21    22
   17     5
          5    15    16    23    24
   18     4
         13    21    22    20
   19     3
         13    21    22
   20     2
         14    18
   21     5
          5    15    16    18    19
   22     7
          5    15    16    18    19    23    24
   23     3
         13    17    22
   24     3
         13    17    22
connectivity (= bond)
                    24
     1     2   2.555395   2.000000
     1     4   2.564639   2.000000
     1    11   2.049960   1.000000
     2     3   2.568464   2.000000
     2     7   2.642775   1.000000
     3     6   2.565384   2.000000
     3    12   2.049146   1.000000
     4     5   2.573339   2.000000
     4    10   2.053526   1.000000
     5     6   2.574340   2.000000
     5    13   2.865228   1.000000
     6     9   2.057023   1.000000
     7     8   1.916338   1.000000
    13    14   2.928416   1.000000
    13    15   2.105816   1.000000
    13    16   2.102060   1.000000
    14    17   2.874542   1.000000
    14    21   2.785629   1.000000
    14    22   2.104791   1.000000
    17    18   2.622499   1.000000
    17    19   2.623730   1.000000
    19    20   1.907511   1.000000
    21    23   1.981405   1.000000
    21    24   1.977959   1.000000
angle
                    38
     1     2     3     2     119.61       1.00       4.00
     1     2     7     2     118.77       1.00       5.00
     1     4     5     2     120.20       2.00       8.00
     1     4    10     2     119.25       2.00       9.00
     2     1     4     2     120.47       1.00       2.00
     2     1    11     2     118.92       1.00       3.00
     2     3     6     2     120.19       4.00       6.00
     2     3    12     2     120.04       4.00       7.00
     2     7     8     9     114.18       5.00      13.00
     3     2     7     2     121.63       4.00       5.00
     3     6     5     2     120.28       6.00      10.00
     3     6     9     2     119.33       6.00      12.00
     4     1    11     2     120.61       2.00       3.00
     4     5     6     2     119.24       8.00      10.00
     4     5    13     2     120.29       8.00      11.00
     5     4    10     2     120.55       8.00       9.00
     5     6     9     2     120.38      10.00      12.00
     5    13    14     9     113.52      11.00      14.00
     5    13    15     9     109.23      11.00      15.00
     5    13    16     9     110.24      11.00      16.00
     6     3    12     2     119.77       6.00       7.00
     6     5    13     2     120.47      10.00      11.00
    13    14    17     9     112.11      14.00      17.00
    13    14    21     9     111.35      14.00      18.00
    13    14    22     9     107.66      14.00      19.00
    14    13    15     9     109.20      14.00      15.00
    14    13    16     9     108.96      14.00      16.00
    14    17    18     2     119.62      17.00      20.00
    14    17    19     2     121.36      17.00      21.00
    14    21    23     9     109.86      18.00      23.00
    14    21    24     9     109.69      18.00      24.00
    15    13    16     9     105.37      15.00      16.00
    17    14    21     9     112.43      17.00      18.00
    17    14    22     9     104.86      17.00      19.00
    17    19    20     9     107.98      21.00      22.00
    18    17    19     2     118.81      20.00      21.00
    21    14    22     9     108.02      18.00      19.00
    23    21    24     9     107.34      23.00      24.00
torsion
                    55
     4     1     2     3     1     3   0.05399476 120.47474094 119.60804786
     4     1     2     7     1     3 180.09193163 120.47474094 118.76501145
    11     1     2     3     1     3 179.85153370 118.91806971 119.60804786
    11     1     2     7     1     3 359.88947057 118.91806971 118.76501145
     2     1     4     5     2     3 359.78340086 120.47474094 120.20184160
     2     1     4    10     2     3 179.57928951 120.47474094 119.25061474
    11     1     4     5     2     3 179.98930367 120.60687582 120.20184160
    11     1     4    10     2     3 359.78519232 120.60687582 119.25061474
     1     2     3     6     4     3   0.13628929 119.60804786 120.19097673
     1     2     3    12     4     3 180.48617721 119.60804786 120.03978740
     7     2     3     6     4     3 180.09723322 121.62692944 120.19097673
     7     2     3    12     4     3   0.44712114 121.62692944 120.03978740
     1     2     7     8     5     3 179.09825733 118.76501145 114.17548492
     3     2     7     8     5     3 359.13699372 121.62692944 114.17548492
     2     3     6     5     6     3 359.83524212 120.19097673 120.28301120
     2     3     6     9     6     3 180.74067274 120.19097673 119.33391495
    12     3     6     5     6     3 179.48630635 119.76831496 120.28301120
    12     3     6     9     6     3   0.39173698 119.76831496 119.33391495
     1     4     5     6     8     3   0.18670086 120.20184160 119.24089542
     1     4     5    13     8     3 179.38563875 120.20184160 120.28816784
    10     4     5     6     8     3 180.39348570 120.54722533 119.24089542
    10     4     5    13     8     3 359.59242359 120.54722533 120.28816784
     4     5     6     3    10     3   0.00292464 119.24089542 120.28301120
     4     5     6     9    10     3 179.08798339 119.24089542 120.37683097
    13     5     6     3    10     3 180.80544589 120.46604148 120.28301120
    13     5     6     9    10     3 359.89050463 120.46604148 120.37683097
     4     5    13    14    11    22 260.50025994 120.28816784 113.52194139
     4     5    13    15    11    22 138.38110836 120.28816784 109.22860288
     4     5    13    16    11    22  23.05378745 120.28816784 110.23598080
     6     5    13    14    11    22  79.68930500 120.46604148 113.52194139
     6     5    13    15    11    22 317.57015342 120.46604148 109.22860288
     6     5    13    16    11    22 202.24283251 120.46604148 110.23598080
     5    13    14    17    14     1 293.24723163 113.52194139 112.10773247
     5    13    14    21    14     1  60.18465504 113.52194139 111.34934886
     5    13    14    22    14     1 178.41716907 113.52194139 107.66458843
    15    13    14    17    14     1  55.38223988 109.20003235 112.10773247
    15    13    14    21    14     1 182.31966330 109.20003235 111.34934886
    15    13    14    22    14     1 300.55217733 109.20003235 107.66458843
    16    13    14    17    14     1 169.99064564 108.95825926 112.10773247
    16    13    14    21    14     1 296.92806906 108.95825926 111.34934886
    16    13    14    22    14     1  55.16058309 108.95825926 107.66458843
    13    14    17    18    17    22 281.38970628 112.10773247 119.62034344
    13    14    17    19    17    22  95.99241403 112.10773247 121.35562890
    21    14    17    18    17    22 155.03555378 112.42926585 119.62034344
    21    14    17    19    17    22 329.63826154 112.42926585 121.35562890
    22    14    17    18    17    22  37.91975102 104.86302228 119.62034344
    22    14    17    19    17    22 212.52245877 104.86302228 121.35562890
    13    14    21    23    18     1 294.86377922 111.34934886 109.85980540
    13    14    21    24    18     1  52.62817677 111.34934886 109.69013537
    17    14    21    23    18     1  61.62552060 112.42926585 109.85980540
    17    14    21    24    18     1 179.38991815 112.42926585 109.69013537
    22    14    21    23    18     1 176.84514386 108.01976456 109.85980540
    22    14    21    24    18     1 294.60954141 108.01976456 109.69013537
    14    17    19    20    21     3  88.35768123 121.35562890 107.98100967
    18    17    19    20    21     3 263.00310755 118.80858984 107.98100967
inversion
                     8
     1     2     4    11    11    11    11    0.177    0.174    0.177
     2     1     3     7    10    11    11   -0.033   -0.033   -0.034
     3     2     6    12    11    11    11   -0.303   -0.302   -0.302
     4     1     5    10    11    11    11    0.178    0.176    0.179
     5     4     6    13    11    11    11    0.692    0.699    0.700
     6     3     5     9    11    11    11   -0.789   -0.782   -0.790
    17    14    18    19    10    10    11    4.607    4.690    4.571
    21    14    23    24     9     9     9   56.422   56.330   55.174
nonbond
                   214
    1     6    5.121
    1     8    6.132
    1     9    7.178
    1    12    6.289
    1    13    7.084
    1    14    8.736
    1    15    8.403
    1    16    7.508
    1    17    9.770
    1    18   11.758
    1    19    9.457
    1    20   10.736
    1    21    8.407
    1    22   10.596
    1    23    7.046
    1    24    8.417
    2     5    5.155
    2     9    6.307
    2    10    6.294
    2    13    8.020
    2    14    9.558
    2    15    8.948
    2    16    8.969
    2    17    9.869
    2    18   11.619
    2    19    9.163
    2    20   10.602
    2    21    9.609
    2    22   11.538
    2    23    8.111
    2    24   10.069
    3     4    5.125
    3     8    4.795
    3    10    7.178
    3    11    6.278
    3    13    7.089
    3    14    8.502
    3    15    7.591
    3    16    8.520
    3    17    8.240
    3    18    9.637
    3    19    7.584
    3    20    9.248
    3    21    9.167
    3    22   10.444
    3    23    7.878
    3    24   10.003
    4     7    6.840
    4     8    8.286
    4     9    6.316
    4    12    7.174
    4    14    6.523
    4    15    6.252
    4    16    4.968
    4    17    8.030
    4    18   10.000
    4    19    8.297
    4    20    9.573
    4    21    6.400
    4    22    8.231
    4    23    5.475
    4    24    6.254
    5     7    7.797
    5     8    8.785
    5    11    6.320
    5    12    6.312
    5    17    5.919
    5    18    7.608
    5    19    6.520
    5    20    8.056
    5    21    5.720
    5    22    6.607
    5    23    5.134
    5    24    6.148
    6     7    6.889
    6     8    7.349
    6    10    6.315
    6    11    7.171
    6    14    6.205
    6    15    5.101
    6    16    6.395
    6    17    6.072
    6    18    7.382
    6    19    6.073
    6    20    7.868
    6    21    7.375
    6    22    8.034
    6    23    6.516
    6    24    8.272
    7     9    8.544
    7    10    8.465
    7    11    4.847
    7    12    5.003
    7    13   10.662
    7    14   12.117
    7    15   11.550
    7    16   11.551
    7    17   12.263
    7    18   13.993
    7    19   11.239
    7    20   12.563
    7    21   11.970
    7    22   14.129
    7    23   10.315
    7    24   12.415
    8     9    8.660
    8    10   10.069
    8    11    6.739
    8    12    4.414
    8    13   11.612
    8    14   12.966
    8    15   12.276
    8    16   12.732
    8    17   12.711
    8    18   14.229
    8    19   11.504
    8    20   12.868
    8    21   13.036
    8    22   14.992
    8    23   11.376
    8    24   13.699
    9    10    8.030
    9    11    9.228
    9    12    4.591
    9    13    5.115
    9    14    6.186
    9    15    4.818
    9    16    7.061
    9    17    5.303
    9    18    5.975
    9    19    5.512
    9    20    7.417
    9    21    7.920
    9    22    7.775
    9    23    7.371
    9    24    9.080
   10    11    4.612
   10    12    9.227
   10    13    5.111
   10    14    6.761
   10    15    6.845
   10    16    4.533
   10    17    8.845
   10    18   10.869
   10    19    9.401
   10    20   10.443
   10    21    6.215
   10    22    8.148
   10    23    5.650
   10    24    5.440
   11    12    7.967
   11    13    8.734
   11    14   10.317
   11    15   10.169
   11    16    8.809
   11    17   11.567
   11    18   13.663
   11    19   11.190
   11    20   12.305
   11    21    9.601
   11    22   12.101
   11    23    8.211
   11    24    9.320
   12    13    8.723
   12    14    9.936
   12    15    8.928
   12    16   10.316
   12    17    9.152
   12    18   10.224
   12    19    8.212
   12    20    9.873
   12    21   10.760
   12    22   11.838
   12    23    9.455
   12    24   11.788
   13    18    6.158
   13    19    6.495
   13    20    7.816
   13    23    5.207
   13    24    5.015
   14    20    5.588
   15    17    5.210
   15    18    5.619
   15    19    7.197
   15    20    8.681
   15    21    6.518
   15    22    4.698
   15    23    7.109
   15    24    6.936
   16    17    6.595
   16    18    7.884
   16    19    8.346
   16    20    9.460
   16    21    5.235
   16    22    4.635
   16    23    5.994
   16    24    4.698
   17    23    5.156
   17    24    6.412
   18    20    5.443
   18    21    7.061
   18    22    4.920
   18    23    7.744
   18    24    8.580
   19    21    5.460
   19    22    6.300
   19    23    5.030
   19    24    7.383
   20    21    5.615
   20    22    6.787
   20    23    5.323
   20    24    7.588
   22    23    5.641
   22    24    4.605
qpartial
                    24
        -0.04931    0.24434   -0.09355   -0.14150    0.01173   -0.10553
        -0.68829    0.35098    0.19950    0.12276    0.15407    0.14501
        -0.25582   -0.03108    0.17397    0.11628    0.55922   -0.47395
        -0.63372    0.35218   -0.58606    0.13403    0.25209    0.24267
$end
