$ufftopology
nxtnei12
    1     3
          2     4    20
    2     3
          1     3    21
    3     3
          2     6     7
    4     3
          1     5    22
    5     3
          4     6    23
    6     3
          3     5     8
    7     3
          3     9    10
    8     3
          6     9    11
    9     3
          7     8    24
   10     1
          7
   11     4
          8    12    13    14
   12     4
         11    15    16    17
   13     1
         11
   14     1
         11
   15     3
         12    25    26
   16     3
         12    18    19
   17     1
         12
   18     1
         16
   19     1
         16
   20     1
          1
   21     1
          2
   22     1
          4
   23     1
          5
   24     1
          9
   25     1
         15
   26     2
         15    27
   27     1
         26
nxtnei13
    1     4
          3    21     5    22
    2     4
          4    20     6     7
    3     6
          1    21     5     8     9    10
    4     4
          2    20     6    23
    5     4
          1    22     3     8
    6     6
          2     7     4    23     9    11
    7     4
          2     6     8    24
    8     7
          3     5     7    24    12    13    14
    9     4
          3    10     6    11
   10     2
          3     9
   11     5
          6     9    15    16    17
   12     7
          8    13    14    25    26    18    19
   13     3
          8    12    14
   14     3
          8    12    13
   15     4
         11    16    17    27
   16     3
         11    15    17
   17     3
         11    15    16
   18     2
         12    19
   19     2
         12    18
   20     2
          2     4
   21     2
          1     3
   22     2
          1     5
   23     2
          4     6
   24     2
          7     8
   25     2
         12    26
   26     2
         12    25
   27     1
         15
nxtnei14
    1     3
          6     7    23
    2     5
          5    22     8     9    10
    3     7
          4    20    23     9    11     8    24
    4     3
          3    21     8
    5     5
          2    20     7     9    11
    6    10
          1    21     9    10    22     7    24    12    13    14
    7     6
          1    21     5     8     6    11
    8     9
          2     7     4    23     3    10    15    16    17
    9     7
          2     6     3     5    12    13    14
   10     4
          2     6     8    24
   11     8
          3     5     7    24    25    26    18    19
   12     3
          6     9    27
   13     5
          6     9    15    16    17
   14     5
          6     9    15    16    17
   15     5
          8    13    14    18    19
   16     5
          8    13    14    25    26
   17     7
          8    13    14    25    26    18    19
   18     3
         11    15    17
   19     3
         11    15    17
   20     4
          3    21     5    22
   21     4
          4    20     6     7
   22     4
          2    20     6    23
   23     4
          1    22     3     8
   24     4
          3    10     6    11
   25     4
         11    16    17    27
   26     3
         11    16    17
   27     2
         12    25
connectivity (= bond)
                    28
     1     2   2.576388   2.000000
     1     4   2.584387   2.000000
     1    20   2.054365   1.000000
     2     3   2.550239   2.000000
     2    21   2.049941   1.000000
     3     6   2.521202   2.000000
     3     7   2.684219   1.000000
     4     5   2.577533   2.000000
     4    22   2.054844   1.000000
     5     6   2.566436   2.000000
     5    23   2.052118   1.000000
     6     8   2.536274   2.000000
     7     9   2.709999   1.000000
     7    10   1.976124   1.000000
     8     9   2.542180   2.000000
     8    11   2.859747   1.000000
     9    24   2.058857   1.000000
    11    12   2.908167   1.000000
    11    13   2.102915   1.000000
    11    14   2.100233   1.000000
    12    15   2.884761   1.000000
    12    16   2.783549   1.000000
    12    17   2.108369   1.000000
    15    25   2.619804   1.000000
    15    26   2.628621   1.000000
    16    18   1.979496   1.000000
    16    19   1.981148   1.000000
    26    27   1.905177   1.000000
angle
                    46
     1     2     3     2     118.28       1.00       4.00
     1     2    21     2     121.20       1.00       5.00
     1     4     5     2     120.35       2.00       8.00
     1     4    22     2     119.83       2.00       9.00
     2     1     4     2     120.27       1.00       2.00
     2     1    20     2     119.83       1.00       3.00
     2     3     6     2     121.82       4.00       6.00
     2     3     7     2     127.20       4.00       7.00
     3     2    21     2     120.52       4.00       5.00
     3     6     5     2     120.94       6.00      10.00
     3     6     8     2     109.16       6.00      12.00
     3     7     9     9     101.05       7.00      13.00
     3     7    10     9     129.56       7.00      14.00
     4     1    20     2     119.90       2.00       3.00
     4     5     6     2     118.34       8.00      10.00
     4     5    23     2     120.17       8.00      11.00
     5     4    22     2     119.82       8.00       9.00
     5     6     8     2     129.90      10.00      12.00
     6     3     7     2     110.97       6.00       7.00
     6     5    23     2     121.49      10.00      11.00
     6     8     9     2     108.34      12.00      15.00
     6     8    11     2     126.83      12.00      16.00
     7     9     8     2     110.47      13.00      15.00
     7     9    24     2     124.52      13.00      17.00
     8     9    24     2     124.95      15.00      17.00
     8    11    12     9     111.62      16.00      18.00
     8    11    13     9     109.57      16.00      19.00
     8    11    14     9     109.80      16.00      20.00
     9     7    10     9     129.39      13.00      14.00
     9     8    11     2     124.74      15.00      16.00
    11    12    15     9     111.90      18.00      21.00
    11    12    16     9     108.59      18.00      22.00
    11    12    17     9     108.54      18.00      23.00
    12    11    13     9     109.75      18.00      19.00
    12    11    14     9     109.50      18.00      20.00
    12    15    25     2     120.05      21.00      24.00
    12    15    26     2     120.95      21.00      25.00
    12    16    18     9     110.12      22.00      26.00
    12    16    19     9     108.74      22.00      27.00
    13    11    14     9     106.46      19.00      20.00
    15    12    16     9     112.64      21.00      22.00
    15    12    17     9     106.48      21.00      23.00
    15    26    27     9     109.20      25.00      28.00
    16    12    17     9     108.56      22.00      23.00
    18    16    19     9     106.93      26.00      27.00
    25    15    26     2     119.00      24.00      25.00
torsion
                    69
     4     1     2     3     1     3   0.24003181 120.26859437 118.27892007
     4     1     2    21     1     3 180.50880235 120.26859437 121.19638395
    20     1     2     3     1     3 179.90137660 119.83304761 118.27892007
    20     1     2    21     1     3   0.17014714 119.83304761 121.19638395
     2     1     4     5     2     3 359.91983730 120.26859437 120.35160195
     2     1     4    22     2     3 179.62972705 120.26859437 119.82794078
    20     1     4     5     2     3 180.25871131 119.89749307 120.35160195
    20     1     4    22     2     3 359.96860106 119.89749307 119.82794078
     1     2     3     6     4     3 359.88119064 118.27892007 121.82185511
     1     2     3     7     4     3 180.98470405 118.27892007 127.19731711
    21     2     3     6     4     3 179.61429787 120.52414471 121.82185511
    21     2     3     7     4     3   0.71781128 120.52414471 127.19731711
     2     3     6     5     6     3 359.83147884 121.82185511 120.93871701
     2     3     6     8     6     3 180.52539273 121.82185511 109.15779617
     7     3     6     5     6     3 178.89011405 110.97312497 120.93871701
     7     3     6     8     6     3 359.58402794 110.97312497 109.15779617
     2     3     7     9     7    22 178.79210473 127.19731711 101.04893209
     2     3     7    10     7    22 358.23680831 127.19731711 129.55590424
     6     3     7     9     7    22 359.79626829 110.97312497 101.04893209
     6     3     7    10     7    22 179.24097187 110.97312497 129.55590424
     1     4     5     6     8     3 359.79852149 120.35160195 118.33935656
     1     4     5    23     8     3 179.42129963 120.35160195 120.16947674
    22     4     5     6     8     3 180.08860818 119.81982352 118.33935656
    22     4     5    23     8     3 359.71138632 119.81982352 120.16947674
     4     5     6     3    10     3   0.32623813 118.33935656 120.93871701
     4     5     6     8    10     3 179.47181587 118.33935656 129.89904896
    23     5     6     3    10     3 180.70868526 121.49005861 120.93871701
    23     5     6     8    10     3 359.85426301 121.49005861 129.89904896
     3     6     8     9    12     3   0.90435050 109.15779617 108.33875572
     3     6     8    11    12     3 177.67775752 109.15779617 126.83473178
     5     6     8     9    12     3 181.68016468 129.89904896 108.33875572
     5     6     8    11    12     3 358.45357170 129.89904896 126.83473178
     3     7     9     8    13     2   0.75968274 101.04893209 110.47139795
     3     7     9    24    13    22 183.52287691 101.04893209 124.51907116
    10     7     9     8    13     2 181.31367660 129.39252881 110.47139795
    10     7     9    24    13    22   4.07687077 129.39252881 124.51907116
     6     8     9     7    15     3 358.94601929 108.33875572 110.47139795
     6     8     9    24    15     3 176.16847659 108.33875572 124.94677298
    11     8     9     7    15     3 182.08867980 124.74249482 110.47139795
    11     8     9    24    15     3 359.31113710 124.74249482 124.94677298
     6     8    11    12    16    22 273.58663825 126.83473178 111.62020594
     6     8    11    13    16    22 151.80001226 126.83473178 109.57125514
     6     8    11    14    16    22  35.21348416 126.83473178 109.79766445
     9     8    11    12    16    22  89.85877489 124.74249482 111.62020594
     9     8    11    13    16    22 328.07214890 124.74249482 109.57125514
     9     8    11    14    16    22 211.48562080 124.74249482 109.79766445
     8    11    12    15    18     1 295.65629297 111.62020594 111.89875415
     8    11    12    16    18     1 170.70090766 111.62020594 108.58709980
     8    11    12    17    18     1  52.86600532 111.62020594 108.53782846
    13    11    12    15    18     1  57.33733222 109.75400039 111.89875415
    13    11    12    16    18     1 292.38194691 109.75400039 108.58709980
    13    11    12    17    18     1 174.54704457 109.75400039 108.53782846
    14    11    12    15    18     1 173.86014879 109.50472092 111.89875415
    14    11    12    16    18     1  48.90476348 109.50472092 108.58709980
    14    11    12    17    18     1 291.06986114 109.50472092 108.53782846
    11    12    15    25    21    22 133.84014797 111.89875415 120.04810818
    11    12    15    26    21    22 313.13963948 111.89875415 120.94644597
    16    12    15    25    21    22 256.51718261 112.64297960 120.04810818
    16    12    15    26    21    22  75.81667411 112.64297960 120.94644597
    17    12    15    25    21    22  15.39983795 106.47905491 120.04810818
    17    12    15    26    21    22 194.69932946 106.47905491 120.94644597
    11    12    16    18    22     1  68.27973000 108.58709980 110.11657195
    11    12    16    19    22     1 185.13790124 108.58709980 108.74154532
    15    12    16    18    22     1 303.76393355 112.64297960 110.11657195
    15    12    16    19    22     1  60.62210479 112.64297960 108.74154532
    17    12    16    18    22     1 186.10166320 108.55823235 110.11657195
    17    12    16    19    22     1 302.95983444 108.55823235 108.74154532
    12    15    26    27    25     3 285.91376269 120.94644597 109.20230596
    25    15    26    27    25     3 105.22046233 119.00181093 109.20230596
inversion
                    11
     1     2     4    20    11    11    11    0.294    0.292    0.293
     2     1     3    21    11    11    11   -0.230   -0.237   -0.235
     3     2     6     7    11    11    11   -0.879   -0.938   -0.800
     4     1     5    22    11    11    11    0.252    0.250    0.250
     5     4     6    23    11    11    11    0.326    0.332    0.337
     6     3     5     8    11    11    11   -0.655   -0.595   -0.733
     7     3     9    10     9     9     9    0.428    0.545    0.544
     8     6     9    11    11    11    11    2.582    3.063    2.983
     9     7     8    24    11    11    11   -2.276   -2.589   -2.602
    15    12    25    26    10    10    11    0.601    0.606    0.595
    16    12    18    19     9     9     9   57.653   56.898   56.020
nonbond
                   277
    1     6    5.102
    1     7    6.965
    1     8    7.605
    1     9    8.460
    1    10    8.031
    1    11    9.819
    1    12   10.961
    1    13   11.467
    1    14    9.750
    1    15   12.189
    1    16   13.170
    1    17    9.798
    1    18   14.522
    1    19   14.165
    1    23    6.339
    1    24   10.503
    1    25   12.488
    1    26   13.761
    1    27   15.312
    2     5    5.185
    2     8    6.549
    2     9    6.673
    2    10    5.508
    2    11    9.197
    2    12   10.487
    2    13   10.571
    2    14    9.606
    2    15   11.216
    2    16   12.977
    2    17    9.650
    2    18   14.099
    2    19   14.056
    2    22    6.334
    2    23    7.238
    2    24    8.622
    2    25   11.548
    2    26   12.443
    2    27   14.133
    3     4    5.087
    3    11    6.899
    3    12    8.345
    3    13    8.134
    3    14    7.601
    3    15    8.974
    3    16   10.898
    3    17    7.857
    3    18   11.844
    3    19   12.094
    3    20    6.271
    3    22    7.142
    3    23    6.297
    3    24    6.166
    3    25    9.632
    3    26   10.014
    3    27   11.685
    4     7    7.751
    4     8    6.863
    4     9    8.444
    4    10    9.260
    4    11    8.464
    4    12    9.504
    4    13   10.289
    4    14    7.999
    4    15   11.230
    4    16   11.378
    4    17    8.248
    4    18   12.843
    4    19   12.372
    4    21    6.348
    4    24   10.471
    4    25   11.744
    4    26   13.005
    4    27   14.346
    5     7    6.724
    5     9    6.635
    5    10    8.546
    5    11    5.906
    5    12    7.086
    5    13    7.769
    5    14    5.472
    5    15    8.989
    5    16    8.954
    5    17    6.085
    5    18   10.327
    5    19   10.106
    5    20    6.337
    5    21    7.235
    5    24    8.546
    5    25    9.863
    5    26   10.690
    5    27   11.929
    6    10    6.206
    6    12    6.361
    6    13    6.402
    6    14    5.234
    6    15    7.648
    6    16    8.703
    6    17    5.867
    6    18    9.762
    6    19    9.988
    6    20    7.156
    6    21    6.284
    6    22    6.288
    6    24    6.097
    6    25    8.667
    6    26    8.961
    6    27   10.409
    7    11    7.078
    7    12    8.538
    7    13    7.727
    7    14    8.328
    7    15    8.420
    7    16   11.187
    7    17    8.570
    7    18   11.765
    7    19   12.412
    7    20    8.682
    7    21    5.228
    7    22    9.804
    7    23    8.325
    7    25    9.165
    7    26    8.826
    7    27   10.602
    8    10    6.231
    8    15    5.784
    8    16    7.168
    8    17    5.109
    8    18    7.853
    8    19    8.625
    8    20    9.657
    8    21    8.120
    8    22    8.604
    8    23    5.269
    8    25    7.349
    8    26    6.670
    8    27    8.069
    9    12    6.371
    9    13    5.137
    9    14    6.365
    9    15    6.262
    9    16    8.886
    9    17    6.931
    9    18    9.236
    9    19   10.232
    9    20   10.406
    9    21    7.691
    9    22   10.384
    9    23    7.665
    9    25    7.596
    9    26    6.424
    9    27    8.090
   10    11    8.912
   10    12   10.280
   10    13    9.344
   10    14   10.240
   10    15    9.792
   10    16   12.949
   10    17   10.352
   10    18   13.420
   10    19   14.116
   10    20    9.472
   10    21    5.286
   10    22   11.306
   10    23   10.239
   10    24    5.135
   10    25   10.318
   10    26    9.915
   10    27   11.734
   11    18    5.152
   11    19    6.350
   11    20   11.855
   11    21   10.895
   11    22    9.806
   11    23    5.489
   11    24    5.392
   11    25    6.985
   11    26    5.688
   11    27    6.510
   12    20   12.918
   12    21   12.165
   12    22   10.653
   12    23    6.433
   12    24    6.714
   12    27    5.420
   13    15    5.235
   13    16    5.216
   13    17    5.847
   13    18    4.914
   13    19    7.040
   13    20   13.515
   13    21   12.101
   13    22   11.694
   13    23    7.416
   13    24    5.008
   13    25    7.748
   13    26    5.101
   13    27    5.643
   14    15    6.601
   14    16    4.923
   14    17    4.836
   14    18    5.631
   14    19    6.740
   14    20   11.705
   14    21   11.467
   14    22    9.019
   14    23    4.497
   14    24    7.224
   14    25    8.674
   14    26    7.622
   14    27    8.175
   15    18    5.096
   15    19    5.122
   15    20   14.125
   15    21   12.562
   15    22   12.621
   15    23    8.818
   15    24    5.939
   16    20   15.081
   16    21   14.753
   16    22   12.191
   16    23    7.751
   16    24    9.009
   16    25    6.497
   16    26    6.084
   16    27    5.791
   17    18    5.651
   17    19    4.491
   17    20   11.638
   17    21   11.391
   17    22    9.237
   17    23    5.439
   17    24    7.738
   17    25    4.835
   17    26    6.431
   17    27    7.242
   18    20   16.494
   18    21   15.794
   18    22   13.776
   18    23    9.222
   18    24    8.957
   18    25    7.212
   18    26    5.566
   18    27    4.768
   19    20   15.996
   19    21   15.798
   19    22   13.063
   19    23    8.895
   19    24   10.317
   19    25    6.196
   19    26    6.743
   19    27    6.301
   20    21    4.660
   20    22    4.630
   20    23    8.029
   20    24   12.430
   20    25   14.253
   20    26   15.747
   20    27   17.318
   21    22    8.043
   21    23    9.287
   21    24    9.442
   21    25   12.719
   21    26   13.599
   21    27   15.377
   22    23    4.631
   22    24   12.383
   22    25   13.072
   22    26   14.551
   22    27   15.768
   23    24    9.352
   23    25    9.884
   23    26   10.633
   23    27   11.595
   24    25    7.448
   24    26    5.277
   24    27    6.906
   25    27    5.580
qpartial
                    27
        -0.13630   -0.09777    0.17493   -0.13335   -0.13260    0.09626
        -0.52299    0.03124    0.03250    0.25467   -0.23340   -0.01860
         0.16795    0.12221    0.52681   -0.64179    0.13433    0.34166
         0.23047    0.12982    0.11963    0.13257    0.10974    0.15477
        -0.46694   -0.72757    0.35175
$end
