$coord                                                                          
   -1.95175135699066      2.19000527099813      1.17379656700879      c       
   -2.28681919763249      4.18986417169832     -0.40248156741769      c       
   -0.57358775206272      4.64877241240413     -2.24140038665818      c       
    0.09022207039618      0.66189376565549      0.90161328637576      c       
    1.81183258627254      1.11000398264972     -0.96192094653912      c       
    1.46943005315111      3.12462284069524     -2.52691597385373      c       
   -4.36778866914953      5.80230816668566     -0.17292418265069      o       
   -5.57741718780387      5.32185149411761      1.23441766106665      h       
    2.82433004153883      3.53675952610775     -4.01370573220997      h       
    0.32833485713369     -0.93336933421719      2.17977177180721      h       
   -3.31751122433082      1.80628552294463      2.65371094929196      h       
   -0.86183050910124      6.25484791038081     -3.48196257560237      h       
    4.09026819926725     -0.60566532330292     -1.27680952927579      c       
    3.49519539520736     -3.12065305204991     -2.66168689607216      c       
    4.88301801269234     -1.04021287442072      0.62546108976676      h       
    5.62800494416198      0.39326474601448     -2.30549321805238      h       
    1.50526529656634     -4.68106281634735     -1.26452199615027      c       
    2.20389298356687     -5.91689095696046      0.94263169879555      o       
   -1.02766883436848     -4.73175664852539     -1.98023638208261      o       
   -1.27901515577037     -3.76234731277979     -3.60227248773242      h       
    2.84949699124631     -2.69468813487360     -5.35378751147108      n       
    5.23380290332812     -4.31247206258474     -2.54779388344556      h       
    2.71083460100389     -0.77628446692617     -5.81338097380617      h       
    4.27702958818883     -3.43651225563575     -6.51027525406677      h       
$end                                                                            
