$coord                                                                          
   -1.06792464772920      4.46888696564057     -1.41328888239068      c       
   -1.30611371886287      4.10667970035112      1.10583666444319      c       
    0.15870485225607      2.38092166742392      2.29379351642456      c       
    0.64531477090195      3.11339557929354     -2.75335780772008      c       
    2.13359089111673      1.37532399164286     -1.57070055724677      c       
    1.88297456245777      1.02289837865218      0.96699608388117      c       
   -3.07116953553247      5.49735690762572      2.47275604778883      o       
   -2.31282617536954      7.15076586870739      3.07648896718581      h       
    3.04729541769485     -0.35864883053097      1.94944265394544      h       
    0.81108336803027      3.42568250685151     -4.77628436871443      h       
   -2.26574914124457      5.84408924913240     -2.34577099064834      h       
   -0.06557264906661      2.09042794242986      4.31114038724732      h       
    4.04502848831081     -0.15283268411741     -3.05767824778747      c       
    3.09849576728291     -2.81881636948550     -3.82440186932339      c       
    5.80287485603278     -0.35089798273481     -1.91407765170806      h       
    4.62679505630112      0.89965810770504     -4.78399184624248      h       
    2.47124548002661     -4.51430969148103     -1.56236535320242      c       
    4.38219958779098     -5.98721845128492     -0.52464552820737      o       
    0.10186647732389     -4.54636834664588     -0.40622102948074      o       
   -1.10666094706678     -3.36082821857068     -1.27322156035983      h       
    1.03028913570061     -2.65588944226712     -5.68679076357290      n       
    4.71524972559781     -3.80614013857061     -4.74978278774658      h       
   -0.38322597402227     -1.41687485352251     -5.07773242873033      h       
    1.73697923968071     -1.90514367301583     -7.37661560064351      h       
$end                                                                            
