$coord                                                                          
    0.62859490923935      4.73485918759892     -1.51821724363335      c       
    0.72802846263387      4.91827557776556      1.04301971520510      c       
    1.57217744898561      2.93723629061828      2.41946318704290      c       
    1.37416283393763      2.57660464638021     -2.68564120172794      c       
    2.23350826416489      0.58440831047377     -1.30192943842854      c       
    2.32077967033062      0.77441068803527      1.26208957469861      c       
   -0.02778671778090      7.11339886362585      2.30593917974468      o       
   -0.63331538209411      8.51310874705724      1.14476801138979      h       
    2.97781547704792     -0.80418524976438      2.40156494731400      h       
    1.27697694338441      2.45345438651619     -4.73488572237074      h       
   -0.05012816832878      6.31172374773843     -2.63818258544414      h       
    1.63546156471099      3.10661762628319      4.46106193684179      h       
    3.03627650087425     -1.83074346968399     -2.60561055221096      c       
    0.75336069716590     -3.49843065026846     -3.32231885004236      c       
    4.34395238280447     -2.93306053668873     -1.37971382173784      h       
    4.14065829412258     -1.32839116065238     -4.32821640945079      h       
    1.54599143607817     -5.50076080673679     -5.24696564020186      c       
    1.26644699878913     -4.98725944392238     -7.80447918467560      o       
    2.68654203374219     -7.75868311904125     -4.52053706280405      o       
    2.73875018350199     -7.88943282260649     -2.61786113440003      h       
   -0.31791131523802     -4.62612483896764     -1.00643835245860      n       
   -0.70540310274427     -2.32691576241532     -4.30181375982942      h       
   -1.11634004149975     -3.19408092662683      0.10693411732094      h       
   -1.84286235352366     -5.79384330148910     -1.50040058104188      h       
$end                                                                            
