    24
 Energy =       0.1442770930
c     1.6703672    2.6182922    0.2614132  0.00    0.0451271    0.0678321    0.0349659
c     0.3248649    2.9356558    0.1418766  0.00   -0.0084012    0.1014347    0.0375010
c    -0.5827484    1.9945952   -0.3219261  0.00   -0.0876835    0.0437790   -0.0020681
c     2.1038063    1.3347474   -0.0833024  0.00    0.0673639   -0.0104292    0.0081282
c     1.2047783    0.3610782   -0.5608861  0.00    0.0190400   -0.0960092   -0.0238696
c    -0.1441045    0.7159142   -0.6796715  0.00   -0.0317692   -0.0458397   -0.0217064
o    -0.1504797    4.1703171    0.4675790  0.00   -0.0615113   -0.0488910    0.0199025
h    -0.7850651    4.0755150    1.1967033  0.00    0.0569706   -0.0065728   -0.0488617
h    -0.8895274    0.0262790   -1.0546636  0.00   -0.0057274    0.0131262   -0.0000649
h     3.1621727    1.0964802    0.0165124  0.00    0.0023646   -0.0000695   -0.0006157
h     2.3926004    3.3457758    0.6178375  0.00    0.0097545   -0.0073469   -0.0006906
h    -1.6336796    2.2563998   -0.4108671  0.00   -0.0023249   -0.0011590    0.0016491
c     1.7669373   -1.0073413   -0.8964724  0.00    0.0277020   -0.0361503   -0.0212070
c     0.8861134   -2.0194266   -1.6556448  0.00    0.0623559    0.1098679    0.0500222
h     2.1212937   -1.4658931    0.0371405  0.00   -0.0026592    0.0031250   -0.0148140
h     2.6645729   -0.8285312   -1.5058794  0.00   -0.0144422    0.0004541    0.0086661
c     1.7481012   -3.2276699   -2.0845864  0.00   -0.0764700   -0.3028878   -0.2400164
o     1.5179317   -3.9787875   -3.0189800  0.00    0.0616682    0.1801782    0.2166593
o     2.8094516   -3.3865268   -1.2478409  0.00   -0.0485844    0.0637755    0.0180162
h     2.6387698   -4.2373642   -0.7696890  0.00   -0.0149280    0.0362682   -0.0111872
n    -0.2697763   -2.5678537   -0.8742070  0.00   -0.0336007   -0.0895430    0.0218681
h     0.4960411   -1.5757973   -2.5789902  0.00   -0.0013950   -0.0106858    0.0181194
h    -0.2733198   -3.5880456   -0.9878198  0.00    0.0384856    0.0407040   -0.0084854
h    -0.0861426   -2.4268019    0.1217436  0.00   -0.0013354   -0.0049607   -0.0419110
    24
 Energy =       0.1147982623
c     1.5856318    2.6225874    0.1958962  0.00    0.0298745    0.0443989    0.0232386
c     0.2464327    2.9077999    0.0771329  0.00   -0.0054616    0.0668992    0.0250247
c    -0.6315443    1.9493724   -0.3735315  0.00   -0.0576345    0.0295330   -0.0011159
c     2.0456895    1.3606256   -0.1306501  0.00    0.0444135   -0.0074024    0.0053660
c     1.1769987    0.3748321   -0.5929452  0.00    0.0121268   -0.0628269   -0.0160746
c    -0.1694471    0.6881884   -0.7155396  0.00   -0.0213169   -0.0296084   -0.0143573
o    -0.2424549    4.1489485    0.3991248  0.00   -0.0395871   -0.0316910    0.0101616
h    -0.8488073    4.0683920    1.1744104  0.00    0.0368303   -0.0048255   -0.0295634
h    -0.8914220   -0.0338451   -1.0795296  0.00   -0.0042923    0.0081548   -0.0002553
h     3.1090422    1.1484416   -0.0254493  0.00    0.0019097   -0.0002494   -0.0003932
h     2.2824135    3.3776225    0.5459604  0.00    0.0068506   -0.0044570   -0.0002452
h    -1.6868147    2.1899142   -0.4663674  0.00   -0.0017605   -0.0005951    0.0011009
c     1.7785173   -0.9823529   -0.9048435  0.00    0.0183441   -0.0230778   -0.0138232
c     0.9214627   -2.0554986   -1.6153627  0.00    0.0407473    0.0711670    0.0327512
h     2.1741848   -1.4030456    0.0374665  0.00   -0.0009474    0.0013610   -0.0086071
h     2.6612938   -0.7902027   -1.5428229  0.00   -0.0090153    0.0009573    0.0054365
c     1.8202453   -3.2407932   -1.9998945  0.00   -0.0610390   -0.2011249   -0.1575838
o     1.6049928   -4.0249672   -2.9841124  0.00    0.0436491    0.1183939    0.1423603
o     2.9499143   -3.3585124   -1.2269236  0.00   -0.0201416    0.0592071    0.0016881
h     2.7799168   -4.1398379   -0.6109359  0.00   -0.0152232    0.0083824    0.0038256
n    -0.2165487   -2.5630555   -0.7964091  0.00   -0.0231547   -0.0589627    0.0122610
h     0.5221764   -1.6585710   -2.5650668  0.00   -0.0012619   -0.0066030    0.0105244
h    -0.2440158   -3.5949221   -0.8716923  0.00    0.0268088    0.0253017   -0.0061280
h    -0.0348984   -2.3701092    0.2014645  0.00   -0.0007187   -0.0023321   -0.0255917
    24
 Energy =       0.1082498427
c     1.4795878    2.6275985    0.2041514  0.00    0.0244624    0.0358928    0.0186155
c     0.1353582    2.8675587    0.0905615  0.00   -0.0032680    0.0522248    0.0191857
c    -0.7034271    1.8921567   -0.3867764  0.00   -0.0466809    0.0237049   -0.0011830
c     1.9820813    1.3917269   -0.1383241  0.00    0.0363618   -0.0065598    0.0042952
c     1.1508933    0.3875946   -0.6140141  0.00    0.0095480   -0.0507407   -0.0130275
c    -0.2002232    0.6555894   -0.7439041  0.00   -0.0176566   -0.0242844   -0.0116721
o    -0.4012080    4.0790789    0.4716056  0.00   -0.0311681   -0.0206139    0.0058206
h    -0.9763055    3.9385977    1.2726835  0.00    0.0272726   -0.0049733   -0.0198299
h    -0.8924867   -0.0891548   -1.1222831  0.00   -0.0039619    0.0060319   -0.0004901
h     3.0515778    1.2134882   -0.0285175  0.00    0.0021715   -0.0003656   -0.0002559
h     2.1444783    3.4005104    0.5780008  0.00    0.0059997   -0.0028417    0.0001594
h    -1.7665029    2.0986140   -0.4768810  0.00   -0.0020532   -0.0002182    0.0008629
c     1.8029514   -0.9449676   -0.9328443  0.00    0.0149845   -0.0186424   -0.0108892
c     0.9857801   -2.0596261   -1.6305436  0.00    0.0318977    0.0571074    0.0262216
h     2.2259021   -1.3470427    0.0082714  0.00   -0.0004585    0.0007161   -0.0065235
h     2.6735333   -0.7179808   -1.5810040  0.00   -0.0065569    0.0011619    0.0040603
c     1.9326345   -3.2088240   -2.0026046  0.00   -0.0505269   -0.1617716   -0.1261800
o     1.7428778   -4.0160312   -3.0020326  0.00    0.0358130    0.0942629    0.1137048
o     3.0816175   -3.2892696   -1.2448935  0.00   -0.0126802    0.0547160   -0.0047739
h     2.9086071   -4.0038070   -0.5443379  0.00   -0.0140709   -0.0003562    0.0095149
n    -0.1342572   -2.5849303   -0.8012983  0.00   -0.0194529   -0.0471332    0.0087567
h     0.5734704   -1.6864742   -2.5872918  0.00   -0.0013163   -0.0050956    0.0081547
h    -0.1361035   -3.6223236   -0.8548791  0.00    0.0217072    0.0192236   -0.0049005
h     0.0321225   -2.3610710    0.1965351  0.00   -0.0003673   -0.0014458   -0.0196266
    24
 Energy =       0.1080159654
c     1.3802533    2.6314406    0.2289870  0.00    0.0236929    0.0349078    0.0179946
c     0.0303390    2.8340701    0.1148117  0.00   -0.0027517    0.0495475    0.0181453
c    -0.7771221    1.8444702   -0.3868714  0.00   -0.0452555    0.0227668   -0.0012420
c     1.9187574    1.4169975   -0.1319658  0.00    0.0354511   -0.0064712    0.0041360
c     1.1187816    0.3975024   -0.6263629  0.00    0.0086227   -0.0482742   -0.0129235
c    -0.2377688    0.6282981   -0.7617866  0.00   -0.0171866   -0.0238263   -0.0114054
o    -0.5463018    4.0178965    0.5302696  0.00   -0.0297514   -0.0173790    0.0048034
h    -1.1070511    3.8331494    1.3353172  0.00    0.0251247   -0.0051233   -0.0174579
h    -0.9040300   -0.1316312   -1.1581838  0.00   -0.0041620    0.0052579   -0.0007213
h     2.9931693    1.2682447   -0.0218584  0.00    0.0025703   -0.0004615   -0.0002054
h     2.0202227    3.4160515    0.6224005  0.00    0.0060378   -0.0022384    0.0003773
h    -1.8457135    2.0220544   -0.4773819  0.00   -0.0024232   -0.0000794    0.0008022
c     1.8193135   -0.9025462   -0.9763983  0.00    0.0140128   -0.0175998   -0.0106331
c     1.0345238   -2.0647154   -1.6363572  0.00    0.0302391    0.0553042    0.0248056
h     2.3036676   -1.2801082   -0.0516805  0.00    0.0007031   -0.0005721   -0.0046223
h     2.6502799   -0.6305086   -1.6626341  0.00   -0.0043251    0.0021636    0.0026277
c     2.0279248   -3.1756391   -2.0063552  0.00   -0.0502483   -0.1550790   -0.1209763
o     1.8790481   -3.9940390   -3.0095046  0.00    0.0347454    0.0895175    0.1079719
o     3.1935312   -3.1949515   -1.2640637  0.00   -0.0091571    0.0532538   -0.0047963
h     3.0673602   -3.9136906   -0.5570718  0.00   -0.0137825   -0.0016395    0.0104014
n    -0.0454340   -2.6206524   -0.7737262  0.00   -0.0203713   -0.0457157    0.0083509
h     0.5854627   -1.7266158   -2.5915038  0.00   -0.0020182   -0.0042931    0.0068835
h    -0.0175333   -3.6588426   -0.8280231  0.00    0.0206672    0.0176205   -0.0044291
h     0.1512788   -2.3952237    0.2193230  0.00   -0.0004340   -0.0015871   -0.0178872
    24
 Energy =       0.1055890926
c     1.4380515    2.6376355    0.1768081  0.00    0.0213161    0.0321334    0.0165042
c     0.0932844    2.8583267    0.0561965  0.00   -0.0019031    0.0437023    0.0162941
c    -0.7291416    1.8658005   -0.4097972  0.00   -0.0413004    0.0205136   -0.0011208
c     1.9584186    1.4065175   -0.1482025  0.00    0.0324907   -0.0060235    0.0037629
c     1.1441657    0.3873568   -0.6141465  0.00    0.0063802   -0.0424585   -0.0124985
c    -0.2087468    0.6329504   -0.7495610  0.00   -0.0154074   -0.0224153   -0.0106103
o    -0.4584800    4.0743267    0.4167218  0.00   -0.0258952   -0.0126268    0.0022084
h    -1.0089778    3.9499011    1.2441582  0.00    0.0208578   -0.0050127   -0.0129389
h    -0.8887996   -0.1292826   -1.1180062  0.00   -0.0039573    0.0040763   -0.0008319
h     3.0298027    1.2436852   -0.0301387  0.00    0.0025086   -0.0005598   -0.0001928
h     2.0893127    3.4268166    0.5425048  0.00    0.0056188   -0.0015513    0.0005209
h    -1.7947081    2.0576048   -0.5059333  0.00   -0.0023324    0.0000272    0.0007447
c     1.8142992   -0.9476628   -0.8992726  0.00    0.0108239   -0.0156623   -0.0104785
c     1.0200230   -2.0652644   -1.6262715  0.00    0.0284994    0.0503333    0.0212218
h     2.2044759   -1.3524020    0.0632637  0.00    0.0027825   -0.0030949    0.0000874
h     2.7163617   -0.7194102   -1.5178780  0.00    0.0007099    0.0033444   -0.0004449
c     1.9876345   -3.2014818   -1.9861986  0.00   -0.0469690   -0.1407743   -0.1094779
o     1.8032193   -4.0269497   -2.9878815  0.00    0.0315228    0.0805862    0.0975290
o     3.1410548   -3.2752275   -1.2264270  0.00   -0.0030770    0.0565756   -0.0124671
h     2.9378789   -3.9225611   -0.4603316  0.00   -0.0157702   -0.0093417    0.0181098
n    -0.1181130   -2.6026823   -0.8239750  0.00   -0.0225189   -0.0437230    0.0033385
h     0.6267698   -1.6840565   -2.5928251  0.00   -0.0028222   -0.0029309    0.0041989
h    -0.0973521   -3.6431716   -0.8540810  0.00    0.0189127    0.0154325   -0.0039514
h    -0.0074743   -2.3497583    0.1806535  0.00   -0.0004703   -0.0005499   -0.0095077
    24
 Energy =       0.1047353032
c     1.4388745    2.6341421    0.2103737  0.00    0.0211023    0.0318121    0.0163380
c     0.0953080    2.8592919    0.0867524  0.00   -0.0018861    0.0432518    0.0161271
c    -0.7295743    1.8687197   -0.3783050  0.00   -0.0408889    0.0203104   -0.0011077
c     1.9556897    1.4007535   -0.1110928  0.00    0.0321992   -0.0060193    0.0037388
c     1.1392072    0.3841205   -0.5784571  0.00    0.0061498   -0.0419491   -0.0125714
c    -0.2127634    0.6338159   -0.7149617  0.00   -0.0152671   -0.0221611   -0.0104726
o    -0.4524682    4.0784665    0.4429277  0.00   -0.0256317   -0.0124729    0.0021697
h    -1.0028930    3.9596098    1.2713587  0.00    0.0206317   -0.0049637   -0.0127853
h    -0.8950740   -0.1266263   -1.0827183  0.00   -0.0039503    0.0040586   -0.0008259
h     3.0259459    1.2340991    0.0114557  0.00    0.0024997   -0.0006021   -0.0002003
h     2.0919827    3.4217552    0.5761186  0.00    0.0055643   -0.0015334    0.0005172
h    -1.7943178    2.0639176   -0.4765135  0.00   -0.0023173    0.0000294    0.0007369
c     1.8016430   -0.9574047   -0.8534294  0.00    0.0103153   -0.0137847   -0.0099960
c     1.0255916   -2.0416179   -1.6512107  0.00    0.0291325    0.0493705    0.0198252
h     2.1371700   -1.3937403    0.1179513  0.00    0.0033481   -0.0037497    0.0019432
h     2.7391705   -0.7305006   -1.4212125  0.00    0.0022938    0.0040130   -0.0012711
c     1.9979950   -3.1684116   -2.0275231  0.00   -0.0468100   -0.1400665   -0.1077064
o     1.8225178   -3.9703552   -3.0515297  0.00    0.0311684    0.0793037    0.0961210
o     3.1536934   -3.2486235   -1.2725404  0.00    0.0026116    0.0816875   -0.0326637
h     3.0125083   -4.0472871   -0.6190847  0.00   -0.0210199   -0.0341304    0.0377580
n    -0.1392416   -2.6072001   -0.9034207  0.00   -0.0244614   -0.0448299    0.0023900
h     0.6636476   -1.6187884   -2.6138445  0.00   -0.0030303   -0.0024637    0.0029005
h    -0.0985705   -3.6472917   -0.9403238  0.00    0.0187313    0.0149060   -0.0040318
h    -0.0830829   -2.3598333    0.1086093  0.00   -0.0004850   -0.0000166   -0.0069333
    24
 Energy =       0.1043389154
c     1.5153609    2.6366344    0.1793616  0.00    0.0221546    0.0333072    0.0170911
c     0.1740517    2.8858995    0.0653662  0.00   -0.0019813    0.0450648    0.0168427
c    -0.6719364    1.9105534   -0.3965925  0.00   -0.0428389    0.0212141   -0.0011710
c     2.0088375    1.3937658   -0.1489248  0.00    0.0338190   -0.0063711    0.0039441
c     1.1704051    0.3916586   -0.6116096  0.00    0.0062394   -0.0438531   -0.0129943
c    -0.1786342    0.6671917   -0.7401173  0.00   -0.0161257   -0.0231509   -0.0109189
o    -0.3494135    4.1140972    0.4264411  0.00   -0.0267551   -0.0124663    0.0021968
h    -0.9103820    4.0013173    1.2480099  0.00    0.0214026   -0.0052637   -0.0131665
h    -0.8783665   -0.0782751   -1.1063871  0.00   -0.0043452    0.0041003   -0.0009268
h     3.0772523    1.2074330   -0.0365572  0.00    0.0028616   -0.0007262   -0.0002003
h     2.1854276    3.4119727    0.5417012  0.00    0.0059448   -0.0014339    0.0006160
h    -1.7339369    2.1246090   -0.4878031  0.00   -0.0026277    0.0000759    0.0007485
c     1.8072959   -0.9597495   -0.9020480  0.00    0.0103405   -0.0115308   -0.0089886
c     0.9675311   -2.0560880   -1.6215807  0.00    0.0311344    0.0516226    0.0174032
h     2.1956471   -1.3763988    0.0606006  0.00    0.0040180   -0.0037455    0.0037895
h     2.7128246   -0.7565236   -1.5311195  0.00    0.0045905    0.0045701   -0.0027996
c     1.8895168   -3.2300647   -1.9844847  0.00   -0.0490396   -0.1465440   -0.1135001
o     1.6878047   -4.0196147   -3.0096453  0.00    0.0325548    0.0822358    0.0996435
o     3.0284378   -3.3604857   -1.2119708  0.00    0.0051105    0.0848501   -0.0339088
h     2.8537552   -4.1645852   -0.5700030  0.00   -0.0221047   -0.0363765    0.0399344
n    -0.1855462   -2.5555060   -0.8070709  0.00   -0.0306206   -0.0473508    0.0017747
h     0.5813895   -1.6654647   -2.5893354  0.00   -0.0030316   -0.0025300    0.0020442
h    -0.2002111   -3.5970274   -0.8366583  0.00    0.0192849    0.0128790   -0.0046559
h    -0.0541515   -2.3043382    0.1998073  0.00    0.0000146    0.0014230   -0.0027976
    24
 Energy =       0.1019969149
c     1.5863476    2.6368075    0.1426979  0.00    0.0217255    0.0326099    0.0167213
c     0.2492272    2.9085404    0.0331114  0.00   -0.0019197    0.0438764    0.0163933
c    -0.6144854    1.9469218   -0.4232393  0.00   -0.0419619    0.0206880   -0.0011690
c     2.0583530    1.3853287   -0.1849093  0.00    0.0331941   -0.0062579    0.0038773
c     1.2013728    0.3965803   -0.6409594  0.00    0.0060431   -0.0428498   -0.0125095
c    -0.1431009    0.6959608   -0.7666765  0.00   -0.0158850   -0.0226228   -0.0106520
o    -0.2501604    4.1483370    0.3898902  0.00   -0.0261038   -0.0117366    0.0020491
h    -0.8096246    4.0526256    1.2151466  0.00    0.0207187   -0.0051210   -0.0126063
h    -0.8580015   -0.0361582   -1.1306260  0.00   -0.0044195    0.0039026   -0.0009485
h     3.1240931    1.1811298   -0.0778278  0.00    0.0029744   -0.0007721   -0.0001884
h     2.2704982    3.4024998    0.4996567  0.00    0.0058977   -0.0012721    0.0006570
h    -1.6729991    2.1788900   -0.5122466  0.00   -0.0027367    0.0001101    0.0007128
c     1.8118502   -0.9668934   -0.9371253  0.00    0.0102155   -0.0090497   -0.0077823
c     0.9170433   -2.0660957   -1.5881383  0.00    0.0308019    0.0509108    0.0140821
h     2.2376614   -1.3686994    0.0170649  0.00    0.0042063   -0.0032826    0.0047496
h     2.6904838   -0.7906095   -1.6120476  0.00    0.0058904    0.0046180   -0.0037255
c     1.7871462   -3.2845965   -1.9334979  0.00   -0.0488299   -0.1432721   -0.1123178
o     1.5617274   -4.0583979   -2.9686159  0.00    0.0316646    0.0799218    0.0965671
o     2.8996546   -3.4772545   -1.1349685  0.00    0.0082978    0.0827749   -0.0328515
h     2.6950021   -4.3011732   -0.5273338  0.00   -0.0218772   -0.0370502    0.0401566
n    -0.2271408   -2.4959130   -0.7209918  0.00   -0.0336462   -0.0457752    0.0024219
h     0.5143838   -1.7010396   -2.5598456  0.00   -0.0028116   -0.0024959    0.0013717
h    -0.2920311   -3.5369720   -0.7245487  0.00    0.0182476    0.0099458   -0.0046281
h    -0.0443416   -2.2288077    0.2754097  0.00    0.0003138    0.0021996   -0.0003808
    24
 Energy =       0.0981167427
c     1.6498409    2.6344669    0.0988999  0.00    0.0197833    0.0296786    0.0152070
c     0.3186000    2.9267654   -0.0104443  0.00   -0.0017424    0.0396406    0.0148088
c    -0.5593771    1.9780663   -0.4608336  0.00   -0.0382116    0.0187410   -0.0010565
c     2.1024179    1.3760065   -0.2232396  0.00    0.0302828   -0.0056998    0.0035321
c     1.2302953    0.4000646   -0.6721233  0.00    0.0054877   -0.0389235   -0.0111642
c    -0.1080961    0.7209973   -0.7998737  0.00   -0.0145251   -0.0205455   -0.0096458
o    -0.1575071    4.1792201    0.3370338  0.00   -0.0233817   -0.0102221    0.0012707
h    -0.7018026    4.1073653    1.1767578  0.00    0.0183389   -0.0046246   -0.0106994
h    -0.8355167    0.0006962   -1.1622408  0.00   -0.0041623    0.0035138   -0.0008852
h     3.1649611    1.1557880   -0.1177767  0.00    0.0028364   -0.0007543   -0.0001678
h     2.3452365    3.3925488    0.4501085  0.00    0.0054100   -0.0010557    0.0006357
h    -1.6138232    2.2269145   -0.5515708  0.00   -0.0026368    0.0001363    0.0006353
c     1.8156116   -0.9753254   -0.9693279  0.00    0.0096862   -0.0060451   -0.0062180
c     0.8703202   -2.0759951   -1.5474299  0.00    0.0284826    0.0467304    0.0094016
h     2.2784586   -1.3621356   -0.0255936  0.00    0.0041733   -0.0025464    0.0053430
h     2.6643146   -0.8264310   -1.6880738  0.00    0.0066944    0.0043737   -0.0043898
c     1.6891249   -3.3345129   -1.8717162  0.00   -0.0458992   -0.1302005   -0.1040087
o     1.4479629   -4.0895129   -2.9264795  0.00    0.0284295    0.0724499    0.0868608
o     2.7645787   -3.5963305   -1.0399272  0.00    0.0120617    0.0765063   -0.0300175
h     2.5362489   -4.4537833   -0.4915944  0.00   -0.0207330   -0.0369257    0.0388702
n    -0.2592034   -2.4313739   -0.6278487  0.00   -0.0340366   -0.0403968    0.0026207
h     0.4488661   -1.7377318   -2.5217150  0.00   -0.0024256   -0.0023179    0.0005337
h    -0.3598598   -3.4703412   -0.5767779  0.00    0.0155931    0.0056863   -0.0037792
h    -0.0386929   -2.1244152    0.3511666  0.00    0.0004945    0.0028012    0.0023126
    24
 Energy =       0.0944190896
c     1.6881514    2.6307461    0.0594410  0.00    0.0171885    0.0257881    0.0132037
c     0.3626320    2.9369483   -0.0546737  0.00   -0.0015447    0.0342393    0.0128253
c    -0.5229764    1.9970060   -0.5010261  0.00   -0.0332228    0.0162571   -0.0008640
c     2.1279841    1.3680309   -0.2537309  0.00    0.0263531   -0.0049653    0.0030482
c     1.2474711    0.4009596   -0.6971596  0.00    0.0048097   -0.0338097   -0.0095792
c    -0.0850883    0.7360727   -0.8320440  0.00   -0.0126555   -0.0178259   -0.0083393
o    -0.0972897    4.1996133    0.2812096  0.00   -0.0197488   -0.0085597    0.0000899
h    -0.6179131    4.1509233    1.1400503  0.00    0.0152964   -0.0040484   -0.0082094
h    -0.8193182    0.0226902   -1.1939351  0.00   -0.0036846    0.0030998   -0.0007787
h     3.1876885    1.1372043   -0.1453600  0.00    0.0025254   -0.0006868   -0.0001480
h     2.3895742    3.3848193    0.4065042  0.00    0.0047055   -0.0008747    0.0005648
h    -1.5738481    2.2576986   -0.5973910  0.00   -0.0023782    0.0001488    0.0005520
c     1.8155626   -0.9831898   -0.9898839  0.00    0.0087631   -0.0040377   -0.0049613
c     0.8375934   -2.0856806   -1.5084386  0.00    0.0251532    0.0406585    0.0060390
h     2.3064411   -1.3573735   -0.0553275  0.00    0.0038734   -0.0020032    0.0052169
h     2.6391302   -0.8554643   -1.7403725  0.00    0.0065729    0.0039638   -0.0044030
c     1.6225644   -3.3678487   -1.8163792  0.00   -0.0408761   -0.1131516   -0.0915496
o     1.3816454   -4.1062472   -2.8945417  0.00    0.0243735    0.0629666    0.0747289
o     2.6625388   -3.6820402   -0.9559121  0.00    0.0141839    0.0699081   -0.0272002
h     2.4296611   -4.5785856   -0.4798958  0.00   -0.0194330   -0.0364832    0.0365001
n    -0.2738413   -2.3849089   -0.5483327  0.00   -0.0316694   -0.0324564   -0.0005091
h     0.3976136   -1.7692455   -2.4824659  0.00   -0.0020765   -0.0020399   -0.0000542
h    -0.3703609   -3.4206264   -0.4180248  0.00    0.0124190    0.0000876   -0.0021918
h    -0.0426566   -2.0104911    0.4070693  0.00    0.0010719    0.0038247    0.0060189
    24
 Energy =       0.0926920004
c     1.7046166    2.6298953    0.0215554  0.00    0.0156894    0.0235325    0.0120454
c     0.3829945    2.9437382   -0.1021659  0.00   -0.0014352    0.0311306    0.0116971
c    -0.5051692    2.0072715   -0.5464602  0.00   -0.0303290    0.0148648   -0.0007410
c     2.1381258    1.3635368   -0.2794678  0.00    0.0240674   -0.0045811    0.0027497
c     1.2544926    0.3998774   -0.7191588  0.00    0.0044613   -0.0308641   -0.0086776
c    -0.0738213    0.7428009   -0.8660744  0.00   -0.0115921   -0.0162671   -0.0075583
o    -0.0689927    4.2134858    0.2197974  0.00   -0.0178169   -0.0076041   -0.0003421
h    -0.5756977    4.1824262    1.0889904  0.00    0.0136908   -0.0037178   -0.0070397
h    -0.8101715    0.0316333   -1.2280496  0.00   -0.0033935    0.0028832   -0.0007003
h     3.1956054    1.1268700   -0.1636921  0.00    0.0023474   -0.0006578   -0.0001391
h     2.4082028    3.3829135    0.3660132  0.00    0.0042881   -0.0007849    0.0005172
h    -1.5533987    2.2746222   -0.6517862  0.00   -0.0022306    0.0001672    0.0005070
c     1.8135216   -0.9910033   -0.9985841  0.00    0.0082117   -0.0030624   -0.0044231
c     0.8198922   -2.0991624   -1.4740170  0.00    0.0231802    0.0368881    0.0047528
h     2.3200695   -1.3512508   -0.0669964  0.00    0.0036360   -0.0017616    0.0050153
h     2.6220396   -0.8801401   -1.7671145  0.00    0.0062864    0.0037267   -0.0042699
c     1.5902925   -3.3940601   -1.7611318  0.00   -0.0375812   -0.1033673   -0.0842581
o     1.3641610   -4.1307837   -2.8502732  0.00    0.0221242    0.0573759    0.0679417
o     2.6011849   -3.7298105   -0.8734104  0.00    0.0149599    0.0661246   -0.0252898
h     2.3757498   -4.6536779   -0.4522542  0.00   -0.0187163   -0.0358907    0.0344848
n    -0.2799405   -2.3620454   -0.4901806  0.00   -0.0310829   -0.0240801   -0.0091552
h     0.3686051   -1.8041036   -2.4498805  0.00   -0.0018899   -0.0018382   -0.0004019
h    -0.3281090   -3.3897279   -0.2592716  0.00    0.0103831   -0.0096005    0.0003221
h    -0.0712938   -1.8922943    0.4329923  0.00    0.0027418    0.0073845    0.0129628
    24
 Energy =       0.0870872711
c     1.7560203    2.6136759    0.0289690  0.00    0.0117985    0.0176888    0.0090080
c     0.4427509    2.9486582   -0.0937012  0.00   -0.0011736    0.0230971    0.0086500
c    -0.4583961    2.0285909   -0.5351666  0.00   -0.0228442    0.0110629   -0.0005189
c     2.1692843    1.3442343   -0.2716651  0.00    0.0181479   -0.0033389    0.0020931
c     1.2718395    0.3980748   -0.7091640  0.00    0.0032804   -0.0229935   -0.0063546
c    -0.0487548    0.7610329   -0.8533351  0.00   -0.0087069   -0.0123274   -0.0057075
o     0.0155861    4.2291724    0.2258098  0.00   -0.0119408   -0.0053739   -0.0031529
h    -0.4433785    4.2241744    1.1261787  0.00    0.0087873   -0.0027050   -0.0022294
h    -0.7970254    0.0616666   -1.2131697  0.00   -0.0025935    0.0019266   -0.0005955
h     3.2229221    1.0915194   -0.1588687  0.00    0.0019050   -0.0005005   -0.0000802
h     2.4698130    3.3574918    0.3712688  0.00    0.0032579   -0.0004891    0.0004226
h    -1.5017248    2.3133166   -0.6403652  0.00   -0.0018332    0.0001575    0.0003644
c     1.8045156   -1.0006395   -1.0034778  0.00    0.0066397   -0.0020893   -0.0029041
c     0.7751233   -2.0832061   -1.4535420  0.00    0.0176009    0.0281465    0.0027418
h     2.3275170   -1.3756514   -0.0881500  0.00    0.0030009   -0.0014150    0.0040379
h     2.5920109   -0.9035803   -1.7931252  0.00    0.0051032    0.0027381   -0.0034844
c     1.5006291   -3.3917241   -1.7815840  0.00   -0.0298448   -0.0760124   -0.0615768
o     1.2571811   -4.0615131   -2.9295063  0.00    0.0151010    0.0417686    0.0454411
o     2.4837450   -3.8221708   -0.8999092  0.00    0.0185821    0.0630258   -0.0211684
h     2.2767424   -4.8008946   -0.6110073  0.00   -0.0173868   -0.0418486    0.0317401
n    -0.2953002   -2.3150041   -0.4346004  0.00   -0.0257624   -0.0165990   -0.0090114
h     0.2989572   -1.7679512   -2.4118282  0.00   -0.0019243   -0.0013001   -0.0007977
h    -0.3965976   -3.3451795   -0.2333468  0.00    0.0079518   -0.0101149    0.0003360
h    -0.0305012   -1.8830825    0.4926660  0.00    0.0028539    0.0074957    0.0127468
    24
 Energy =       0.0852924525
c     1.7886412    2.5957916    0.0556667  0.00    0.0100868    0.0151416    0.0076786
c     0.4799744    2.9457714   -0.0592357  0.00   -0.0010236    0.0196279    0.0072879
c    -0.4319916    2.0391926   -0.5015692  0.00   -0.0195372    0.0094050   -0.0004647
c     2.1870887    1.3256094   -0.2550701  0.00    0.0155361   -0.0028203    0.0018156
c     1.2784402    0.3935558   -0.6943693  0.00    0.0027329   -0.0194956   -0.0053216
c    -0.0381233    0.7708176   -0.8283214  0.00   -0.0074685   -0.0105672   -0.0048974
o     0.0696153    4.2301279    0.2695314  0.00   -0.0097449   -0.0044322   -0.0035796
h    -0.3584501    4.2329581    1.1864060  0.00    0.0070028   -0.0022299   -0.0008928
h    -0.7960402    0.0815603   -1.1874093  0.00   -0.0022559    0.0015032   -0.0005730
h     3.2385694    1.0614007   -0.1503950  0.00    0.0017272   -0.0004431   -0.0000520
h     2.5110533    3.3305659    0.3989900  0.00    0.0028200   -0.0003487    0.0003881
h    -1.4724424    2.3360702   -0.6002665  0.00   -0.0016603    0.0001573    0.0002974
c     1.7934028   -1.0073017   -1.0112008  0.00    0.0057465   -0.0017673   -0.0022993
c     0.7422347   -2.0696381   -1.4550350  0.00    0.0150638    0.0246533    0.0024696
h     2.3274443   -1.4003450   -0.1104371  0.00    0.0027467   -0.0013032    0.0036862
h     2.5666944   -0.9103928   -1.8138162  0.00    0.0044684    0.0022637   -0.0030974
c     1.4426811   -3.3758953   -1.8403440  0.00   -0.0254421   -0.0635804   -0.0511729
o     1.1883649   -3.9810759   -3.0306691  0.00    0.0120440    0.0341732    0.0349214
o     2.4198762   -3.8692903   -0.9843737  0.00    0.0184432    0.0568743   -0.0178357
h     2.2190520   -4.8654687   -0.7697604  0.00   -0.0155052   -0.0398653    0.0285727
n    -0.2985102   -2.3089238   -0.4087319  0.00   -0.0225712   -0.0137745   -0.0072648
h     0.2407785   -1.7266969   -2.3915270  0.00   -0.0021471   -0.0007992   -0.0013937
h    -0.3847110   -3.3379868   -0.1984133  0.00    0.0064379   -0.0087859    0.0006569
h    -0.0206833   -1.8693949    0.5097305  0.00    0.0024995    0.0064135    0.0110703
    24
 Energy =       0.0842318217
c     1.8236854    2.5759825    0.0778973  0.00    0.0087564    0.0131340    0.0066385
c     0.5199602    2.9425867   -0.0289779  0.00   -0.0009044    0.0168872    0.0062113
c    -0.4043091    2.0503168   -0.4711400  0.00   -0.0169426    0.0080982   -0.0004238
c     2.2053664    1.3041365   -0.2420578  0.00    0.0134981   -0.0024225    0.0015949
c     1.2840376    0.3868769   -0.6819499  0.00    0.0023087   -0.0167881   -0.0045123
c    -0.0280416    0.7801995   -0.8056850  0.00   -0.0065151   -0.0092241   -0.0042457
o     0.1280440    4.2311593    0.3079671  0.00   -0.0081100   -0.0036570   -0.0037429
h    -0.2724930    4.2415289    1.2381052  0.00    0.0056791   -0.0018369    0.0000090
h    -0.7966939    0.1018779   -1.1629246  0.00   -0.0020064    0.0011165   -0.0005495
h     3.2541867    1.0270431   -0.1453819  0.00    0.0016109   -0.0004031   -0.0000278
h     2.5559868    3.3007386    0.4213315  0.00    0.0024927   -0.0002209    0.0003693
h    -1.4413906    2.3606361   -0.5631219  0.00   -0.0015498    0.0001649    0.0002420
c     1.7792267   -1.0172513   -1.0173723  0.00    0.0050698   -0.0014918   -0.0018263
c     0.7068907   -2.0595804   -1.4552704  0.00    0.0132434    0.0220176    0.0024230
h     2.3208382   -1.4271892   -0.1292183  0.00    0.0025281   -0.0012038    0.0033566
h     2.5406030   -0.9222850   -1.8307941  0.00    0.0039382    0.0018957   -0.0027620
c     1.3829848   -3.3607631   -1.8970638  0.00   -0.0216032   -0.0537139   -0.0428441
o     1.1298945   -3.8961391   -3.1283469  0.00    0.0095036    0.0281276    0.0260021
o     2.3470822   -3.9162210   -1.0634079  0.00    0.0185997    0.0529416   -0.0147939
h     2.1520999   -4.9257187   -0.9285136  0.00   -0.0142125   -0.0392536    0.0257839
n    -0.3040931   -2.3116797   -0.3834239  0.00   -0.0210343   -0.0087640   -0.0089566
h     0.1812537   -1.6899260   -2.3687277  0.00   -0.0023568   -0.0003524   -0.0018819
h    -0.3303972   -3.3355943   -0.1258728  0.00    0.0047133   -0.0119801    0.0022203
h    -0.0417628   -1.8197241    0.5133288  0.00    0.0032932    0.0069289    0.0117158
    24
 Energy =       0.0837208120
c     1.8594158    2.5546727    0.1022961  0.00    0.0078374    0.0117209    0.0059108
c     0.5607456    2.9386092    0.0039483  0.00   -0.0008183    0.0149421    0.0054442
c    -0.3766544    2.0610148   -0.4373344  0.00   -0.0151249    0.0071790   -0.0003973
c     2.2232674    1.2806500   -0.2264907  0.00    0.0120810   -0.0021561    0.0014369
c     1.2885231    0.3784519   -0.6664326  0.00    0.0020377   -0.0148903   -0.0039741
c    -0.0188909    0.7886959   -0.7795419  0.00   -0.0058732   -0.0083235   -0.0037714
o     0.1880029    4.2312198    0.3488115  0.00   -0.0070374   -0.0030540   -0.0036802
h    -0.1904279    4.2474480    1.2886354  0.00    0.0048107   -0.0015467    0.0004950
h    -0.7988557    0.1220137   -1.1343537  0.00   -0.0018545    0.0007923   -0.0005200
h     3.2690588    0.9899593   -0.1376847  0.00    0.0015584   -0.0003833   -0.0000087
h     2.6023073    3.2687359    0.4453355  0.00    0.0022828   -0.0001094    0.0003660
h    -1.4100658    2.3853103   -0.5221615  0.00   -0.0015028    0.0001812    0.0001998
c     1.7631382   -1.0295843   -1.0170797  0.00    0.0046136   -0.0012226   -0.0015034
c     0.6726708   -2.0498690   -1.4603271  0.00    0.0121336    0.0202688    0.0026526
h     2.3030739   -1.4579717   -0.1370686  0.00    0.0023582   -0.0011677    0.0031138
h     2.5204466   -0.9367151   -1.8340223  0.00    0.0035015    0.0016644   -0.0024623
c     1.3268665   -3.3416160   -1.9598320  0.00   -0.0187433   -0.0464707   -0.0359445
o     1.0888681   -3.7982402   -3.2319778  0.00    0.0074096    0.0235041    0.0179838
o     2.2733064   -3.9580015   -1.1477232  0.00    0.0190105    0.0501191   -0.0118898
h     2.0789727   -4.9735350   -1.0872667  0.00   -0.0133162   -0.0389901    0.0234221
n    -0.3130180   -2.3249689   -0.3709812  0.00   -0.0214644   -0.0032920   -0.0132356
h     0.1283263   -1.6500063   -2.3503924  0.00   -0.0025489    0.0000898   -0.0023301
h    -0.2567080   -3.3368041   -0.0593410  0.00    0.0039902   -0.0181007    0.0045732
h    -0.0894102   -1.7684582    0.5003642  0.00    0.0046587    0.0092453    0.0141192
    24
 Energy =       0.0834472918
c     1.8469595    2.5503860    0.1206640  0.00    0.0070824    0.0105858    0.0053392
c     0.5487578    2.9326741    0.0191448  0.00   -0.0006933    0.0134507    0.0049250
c    -0.3845491    2.0571180   -0.4330695  0.00   -0.0136291    0.0064470   -0.0003401
c     2.2143314    1.2802196   -0.2154234  0.00    0.0109079   -0.0019398    0.0013062
c     1.2835401    0.3801583   -0.6656072  0.00    0.0018059   -0.0134172   -0.0035722
c    -0.0233194    0.7883948   -0.7823870  0.00   -0.0052971   -0.0075284   -0.0033836
o     0.1724346    4.2222110    0.3725973  0.00   -0.0062615   -0.0026821   -0.0033644
h    -0.1966788    4.2334604    1.3163828  0.00    0.0043188   -0.0014057    0.0005808
h    -0.7996359    0.1221504   -1.1458018  0.00   -0.0016969    0.0006839   -0.0004658
h     3.2601415    0.9908162   -0.1239875  0.00    0.0014165   -0.0003567   -0.0000022
h     2.5867005    3.2633529    0.4724011  0.00    0.0021021   -0.0000795    0.0003590
h    -1.4179198    2.3804195   -0.5203436  0.00   -0.0013457    0.0001681    0.0002096
c     1.7628501   -1.0234640   -1.0252970  0.00    0.0041700   -0.0011391   -0.0013784
c     0.6777943   -2.0482733   -1.4689656  0.00    0.0108657    0.0183846    0.0021891
h     2.3076506   -1.4535609   -0.1493545  0.00    0.0021132   -0.0011002    0.0028058
h     2.5161858   -0.9225883   -1.8445804  0.00    0.0031600    0.0014891   -0.0022298
c     1.3450510   -3.3339143   -1.9636648  0.00   -0.0179990   -0.0381855   -0.0194677
o     1.2440368   -3.7069798   -3.2939743  0.00    0.0041854    0.0179941   -0.0019163
o     2.2201167   -3.9933381   -1.1020145  0.00    0.0225029    0.0489075   -0.0049925
h     2.0369518   -5.0119458   -1.1176527  0.00   -0.0138078   -0.0395349    0.0205424
n    -0.3072040   -2.3259521   -0.3807088  0.00   -0.0193624   -0.0030250   -0.0118899
h     0.1327406   -1.6523210   -2.3600037  0.00   -0.0023936    0.0002425   -0.0020345
h    -0.2490433   -3.3368091   -0.0698222  0.00    0.0036719   -0.0162909    0.0040921
h    -0.0849334   -1.7712033    0.4908480  0.00    0.0041839    0.0083317    0.0126882
    24
 Energy =       0.0805801120
c     1.8469120    2.5661895    0.0692036  0.00    0.0066241    0.0098529    0.0049721
c     0.5509231    2.9492565   -0.0521496  0.00   -0.0007076    0.0124138    0.0045513
c    -0.3781283    2.0699186   -0.5045152  0.00   -0.0127257    0.0061330   -0.0002638
c     2.2159914    1.2917148   -0.2464188  0.00    0.0101842   -0.0019486    0.0011683
c     1.2889118    0.3875628   -0.6943990  0.00    0.0019086   -0.0124162   -0.0033009
c    -0.0150472    0.7966465   -0.8335092  0.00   -0.0050299   -0.0069441   -0.0031317
o     0.1728035    4.2442575    0.2801726  0.00   -0.0058610   -0.0022061   -0.0032380
h    -0.1961773    4.2707704    1.2238610  0.00    0.0039224   -0.0013022    0.0007157
h    -0.7874734    0.1265290   -1.1979020  0.00   -0.0016277    0.0006769   -0.0004007
h     3.2601290    1.0017399   -0.1390080  0.00    0.0014320   -0.0004145   -0.0000069
h     2.5835299    3.2826145    0.4201524  0.00    0.0019538   -0.0000615    0.0003359
h    -1.4097870    2.3938677   -0.6082997  0.00   -0.0013751    0.0002306    0.0001932
c     1.7690990   -1.0220470   -1.0279606  0.00    0.0038215   -0.0003889   -0.0010289
c     0.6825879   -2.0629565   -1.4292288  0.00    0.0112176    0.0182806    0.0015697
h     2.3261929   -1.4281824   -0.1479135  0.00    0.0020988   -0.0010997    0.0029630
h     2.5108893   -0.9389032   -1.8592454  0.00    0.0030938    0.0015085   -0.0023086
c     1.3451000   -3.3788401   -1.8499448  0.00   -0.0166962   -0.0339411   -0.0149581
o     1.2219339   -3.8453700   -3.1518603  0.00    0.0036588    0.0137140   -0.0072873
o     2.1951660   -4.0120231   -0.9432614  0.00    0.0228262    0.0467403   -0.0024385
h     2.0607526   -5.0368234   -0.9890816  0.00   -0.0133898   -0.0391453    0.0180105
n    -0.3170367   -2.2750431   -0.3381086  0.00   -0.0213510    0.0007171   -0.0127236
h     0.1500728   -1.7073529   -2.3456441  0.00   -0.0024702    0.0007832   -0.0029643
h    -0.3459581   -3.2961633   -0.0470001  0.00    0.0031494   -0.0214189    0.0053334
h    -0.0384278   -1.7563517    0.5414402  0.00    0.0053429    0.0102363    0.0142381
    24
 Energy =       0.0766935478
c     1.8472078    2.5771091    0.0196134  0.00    0.0054535    0.0078324    0.0039843
c     0.5559940    2.9637133   -0.1290054  0.00   -0.0007081    0.0098059    0.0036309
c    -0.3677795    2.0831456   -0.5863123  0.00   -0.0103207    0.0051102   -0.0001116
c     2.2164457    1.2985866   -0.2732994  0.00    0.0082575   -0.0017710    0.0008563
c     1.2937829    0.3930795   -0.7234467  0.00    0.0019313   -0.0099390   -0.0026121
c    -0.0046550    0.8052901   -0.8920041  0.00   -0.0042319   -0.0054313   -0.0024898
o     0.1779399    4.2652986    0.1793612  0.00   -0.0046992   -0.0013811   -0.0029644
h    -0.1807932    4.3124023    1.1265820  0.00    0.0029475   -0.0010570    0.0009895
h    -0.7725105    0.1326596   -1.2608666  0.00   -0.0014072    0.0006789   -0.0002853
h     3.2574546    1.0062089   -0.1448112  0.00    0.0013548   -0.0004582   -0.0000063
h     2.5800918    3.2956090    0.3733684  0.00    0.0015790   -0.0000484    0.0002664
h    -1.3959628    2.4100821   -0.7125635  0.00   -0.0013430    0.0003046    0.0001440
c     1.7731969   -1.0221049   -1.0317388  0.00    0.0030612    0.0006290   -0.0005342
c     0.6835789   -2.0778988   -1.3808826  0.00    0.0101497    0.0154631    0.0005195
h     2.3479333   -1.4030673   -0.1518241  0.00    0.0018672   -0.0009313    0.0028271
h     2.4974386   -0.9582713   -1.8791822  0.00    0.0027394    0.0013846   -0.0021916
c     1.3370303   -3.4190892   -1.7292597  0.00   -0.0127536   -0.0247322   -0.0082445
o     1.1769443   -3.9784085   -2.9938018  0.00    0.0024304    0.0069590   -0.0114700
o     2.1598589   -4.0315857   -0.7845083  0.00    0.0199269    0.0422488    0.0008090
h     2.0965330   -5.0578624   -0.8840366  0.00   -0.0115888   -0.0370938    0.0125353
n    -0.3205738   -2.2210627   -0.2834926  0.00   -0.0203670    0.0039715   -0.0117740
h     0.1571746   -1.7659895   -2.3169020  0.00   -0.0021355    0.0010621   -0.0034695
h    -0.4369366   -3.2425501   -0.0123074  0.00    0.0019655   -0.0233180    0.0055675
h     0.0135654   -1.7442833    0.6006999  0.00    0.0058910    0.0107114    0.0140236
    24
 Energy =       0.0731255706
c     1.8211005    2.5895666   -0.0213498  0.00    0.0041391    0.0053313    0.0027835
c     0.5338645    2.9708865   -0.2049031  0.00   -0.0006619    0.0067104    0.0025239
c    -0.3752699    2.0840333   -0.6755152  0.00   -0.0074270    0.0036989   -0.0000039
c     2.2006861    1.3110513   -0.2927028  0.00    0.0059677   -0.0014260    0.0005260
c     1.2917068    0.3993081   -0.7532195  0.00    0.0018101   -0.0070172   -0.0017823
c    -0.0020117    0.8053717   -0.9583998  0.00   -0.0033171   -0.0036422   -0.0017136
o     0.1454832    4.2753712    0.0805175  0.00   -0.0033113   -0.0005127   -0.0023242
h    -0.2039894    4.3397811    1.0304149  0.00    0.0018858   -0.0007820    0.0009844
h    -0.7576830    0.1252443   -1.3382008  0.00   -0.0012279    0.0005824   -0.0002013
h     3.2394877    1.0238032   -0.1382059  0.00    0.0012720   -0.0004632    0.0000165
h     2.5428436    3.3143186    0.3417817  0.00    0.0012141    0.0000169    0.0002151
h    -1.4008149    2.4069429   -0.8301814  0.00   -0.0013260    0.0003507    0.0000563
c     1.7822316   -1.0149641   -1.0436532  0.00    0.0021368    0.0019596   -0.0001996
c     0.6976181   -2.0942421   -1.3281472  0.00    0.0080336    0.0106406   -0.0000688
h     2.3888353   -1.3659996   -0.1725613  0.00    0.0017875   -0.0008037    0.0028075
h     2.4777667   -0.9623834   -1.9147086  0.00    0.0023587    0.0012858   -0.0020363
c     1.3527474   -3.4492608   -1.6053009  0.00   -0.0082942   -0.0164303   -0.0045518
o     1.1794677   -4.0797341   -2.8352888  0.00    0.0012703    0.0025039   -0.0108674
o     2.1523884   -4.0352680   -0.6257552  0.00    0.0150530    0.0350000    0.0034827
h     2.1717303   -5.0547335   -0.7712381  0.00   -0.0087029   -0.0320655    0.0068094
n    -0.2980257   -2.1733183   -0.2199873  0.00   -0.0184621    0.0080309   -0.0137188
h     0.1658986   -1.8350440   -2.2772590  0.00   -0.0017474    0.0010534   -0.0038123
h    -0.5187843   -3.1891657    0.0093951  0.00   -0.0002198   -0.0257736    0.0053074
h     0.1056818   -1.7705541    0.6738480  0.00    0.0077690    0.0117515    0.0157673
    24
 Energy =       0.0699564664
c     1.7661095    2.6045129   -0.0539072  0.00    0.0032688    0.0032008    0.0018223
c     0.4826828    2.9712270   -0.2836277  0.00   -0.0006222    0.0041079    0.0015046
c    -0.4007172    2.0721411   -0.7771838  0.00   -0.0051399    0.0023624   -0.0000459
c     2.1673049    1.3293647   -0.3023587  0.00    0.0042155   -0.0010379    0.0003262
c     1.2829981    0.4054652   -0.7830083  0.00    0.0017075   -0.0046175   -0.0009832
c    -0.0059902    0.7960543   -1.0357961  0.00   -0.0027587   -0.0020801   -0.0011890
o     0.0724450    4.2748810   -0.0226178  0.00   -0.0022251    0.0003423   -0.0014110
h    -0.2818832    4.3519399    0.9245593  0.00    0.0010257   -0.0004719    0.0007181
h    -0.7404349    0.1030825   -1.4339818  0.00   -0.0012890    0.0003176   -0.0002558
h     3.2039994    1.0550326   -0.1134765  0.00    0.0014313   -0.0004713    0.0001003
h     2.4678861    3.3400750    0.3262953  0.00    0.0010867    0.0002154    0.0002609
h    -1.4237344    2.3834932   -0.9689942  0.00   -0.0015401    0.0004077   -0.0000939
c     1.7965824   -1.0029148   -1.0581237  0.00    0.0013268    0.0030123   -0.0002139
c     0.7263824   -2.1119305   -1.2698433  0.00    0.0054776    0.0056161   -0.0000669
h     2.4428190   -1.3184615   -0.2017296  0.00    0.0019083   -0.0007771    0.0028903
h     2.4566466   -0.9571016   -1.9559937  0.00    0.0020356    0.0012452   -0.0019251
c     1.3950113   -3.4698176   -1.4792467  0.00   -0.0046576   -0.0098675   -0.0019273
o     1.2224003   -4.1604437   -2.6765356  0.00    0.0003428    0.0000418   -0.0087234
o     2.1868334   -4.0164286   -0.4722756  0.00    0.0096998    0.0271556    0.0048834
h     2.2977597   -5.0218243   -0.6475228  0.00   -0.0053399   -0.0260022    0.0024406
n    -0.2494057   -2.1361713   -0.1469606  0.00   -0.0155742    0.0104498   -0.0153380
h     0.1793403   -1.9119279   -2.2245496  0.00   -0.0015443    0.0008526   -0.0040111
h    -0.5731202   -3.1336070    0.0339416  0.00   -0.0024818   -0.0253091    0.0040804
h     0.2210440   -1.8256294    0.7523165  0.00    0.0096467    0.0113070    0.0171572
    24
 Energy =       0.0674038719
c     1.6935850    2.6194389   -0.0792310  0.00    0.0027988    0.0018670    0.0012729
c     0.4149402    2.9654793   -0.3604243  0.00   -0.0005826    0.0024342    0.0007553
c    -0.4353879    2.0505239   -0.8812225  0.00   -0.0037471    0.0013712   -0.0002177
c     2.1228354    1.3498775   -0.3039505  0.00    0.0031891   -0.0006681    0.0003044
c     1.2705690    0.4102006   -0.8098427  0.00    0.0015814   -0.0030960   -0.0003812
c    -0.0126738    0.7794178   -1.1149217  0.00   -0.0024728   -0.0010883   -0.0010096
o    -0.0236979    4.2652963   -0.1246868  0.00   -0.0014303    0.0009230   -0.0009201
h    -0.3979345    4.3496834    0.8143492  0.00    0.0003349   -0.0001330    0.0007511
h    -0.7200167    0.0708597   -1.5346479  0.00   -0.0014160   -0.0000669   -0.0003610
h     3.1563832    1.0933268   -0.0760651  0.00    0.0016884   -0.0004462    0.0002259
h     2.3694685    3.3683177    0.3218008  0.00    0.0011198    0.0004696    0.0003738
h    -1.4549765    2.3453576   -1.1141034  0.00   -0.0017936    0.0004355   -0.0002601
c     1.8131904   -0.9899846   -1.0683956  0.00    0.0008287    0.0030953   -0.0003987
c     0.7636795   -2.1278204   -1.2108887  0.00    0.0032736    0.0020640    0.0001377
h     2.4957797   -1.2680684   -0.2275338  0.00    0.0018633   -0.0007209    0.0026667
h     2.4394977   -0.9510238   -1.9895545  0.00    0.0015929    0.0011200   -0.0016436
c     1.4534469   -3.4799356   -1.3639060  0.00   -0.0027291   -0.0050084   -0.0002707
o     1.2830896   -4.2229093   -2.5292084  0.00   -0.0002482   -0.0009874   -0.0066198
o     2.2577415   -3.9768536   -0.3418957  0.00    0.0054872    0.0196620    0.0050845
h     2.4565129   -4.9626936   -0.5306630  0.00   -0.0022947   -0.0198890    0.0002398
n    -0.1867248   -2.1107025   -0.0719997  0.00   -0.0118954    0.0102353   -0.0142560
h     0.1969141   -1.9841605   -2.1637517  0.00   -0.0014093    0.0005684   -0.0037044
h    -0.5985931   -3.0793875    0.0651320  0.00   -0.0035526   -0.0210934    0.0024445
h     0.3353308   -1.8932288    0.8249904  0.00    0.0098136    0.0089521    0.0157863
    24
 Energy =       0.0655827325
c     1.6188155    2.6294658   -0.0937141  0.00    0.0024345    0.0011369    0.0009884
c     0.3471797    2.9550058   -0.4254362  0.00   -0.0004931    0.0015207    0.0003166
c    -0.4679659    2.0260644   -0.9764451  0.00   -0.0028661    0.0006321   -0.0004091
c     2.0760526    1.3668850   -0.2985914  0.00    0.0025307   -0.0002696    0.0003711
c     1.2580145    0.4132767   -0.8336130  0.00    0.0013041   -0.0021634   -0.0000235
c    -0.0172528    0.7615873   -1.1895431  0.00   -0.0022087   -0.0005720   -0.0009634
o    -0.1197788    4.2488248   -0.2108298  0.00   -0.0007203    0.0009945   -0.0009734
h    -0.5234024    4.3332663    0.7163042  0.00   -0.0002118    0.0001393    0.0011008
h    -0.6957108    0.0397226   -1.6335522  0.00   -0.0014359   -0.0003837   -0.0004153
h     3.1043622    1.1277835   -0.0315821  0.00    0.0017630   -0.0003440    0.0003267
h     2.2670450    3.3898718    0.3309056  0.00    0.0011391    0.0006447    0.0004688
h    -1.4821553    2.3045314   -1.2495463  0.00   -0.0018238    0.0003725   -0.0003739
c     1.8285984   -0.9780202   -1.0777215  0.00    0.0005344    0.0026020   -0.0005128
c     0.8002777   -2.1391783   -1.1566390  0.00    0.0018801    0.0000567    0.0001183
h     2.5433138   -1.2214395   -0.2535671  0.00    0.0016399   -0.0006120    0.0022372
h     2.4231275   -0.9469250   -2.0192103  0.00    0.0011850    0.0009299   -0.0013558
c     1.5116695   -3.4817250   -1.2695271  0.00   -0.0021567   -0.0017816    0.0003317
o     1.3358731   -4.2693800   -2.4035427  0.00   -0.0005774   -0.0011975   -0.0049536
o     2.3442596   -3.9270329   -0.2465955  0.00    0.0030797    0.0128747    0.0046560
h     2.6152660   -4.8910369   -0.4405959  0.00   -0.0002912   -0.0139078   -0.0003309
n    -0.1204940   -2.0914347    0.0009756  0.00   -0.0086219    0.0086751   -0.0114161
h     0.2108641   -2.0435469   -2.1008858  0.00   -0.0012161    0.0002974   -0.0030486
h    -0.6054314   -3.0263690    0.1036285  0.00   -0.0035960   -0.0157725    0.0010278
h     0.4404314   -1.9591859    0.8887037  0.00    0.0087284    0.0061275    0.0128329
    24
 Energy =       0.0643158296
c     1.5348183    2.6288428   -0.0801654  0.00    0.0026110    0.0008629    0.0010863
c     0.2763720    2.9379547   -0.4727131  0.00   -0.0003290    0.0012930    0.0001782
c    -0.4955684    2.0023907   -1.0737527  0.00   -0.0026472   -0.0003791   -0.0008814
c     2.0217092    1.3761453   -0.2745760  0.00    0.0024464    0.0005940    0.0007192
c     1.2456658    0.4158355   -0.8593327  0.00    0.0008208   -0.0018754    0.0002270
c    -0.0149460    0.7477785   -1.2762714  0.00   -0.0023943   -0.0004053   -0.0012322
o    -0.2206404    4.2223444   -0.2695075  0.00    0.0004341    0.0007266   -0.0020161
h    -0.6696668    4.2925318    0.6387244  0.00   -0.0010661    0.0004097    0.0023440
h    -0.6573208    0.0191003   -1.7617874  0.00   -0.0018208   -0.0009312   -0.0006800
h     3.0395771    1.1512191    0.0407677  0.00    0.0020378   -0.0000908    0.0005480
h     2.1491326    3.3949565    0.3841143  0.00    0.0014976    0.0010702    0.0007849
h    -1.4991049    2.2679267   -1.3953449  0.00   -0.0020277    0.0001846   -0.0006059
c     1.8440332   -0.9641056   -1.0986512  0.00    0.0002276    0.0022018   -0.0006988
c     0.8374709   -2.1453349   -1.1057132  0.00    0.0011953   -0.0013127   -0.0001961
h     2.5981364   -1.1749857   -0.3012906  0.00    0.0016404   -0.0006197    0.0020721
h     2.3966066   -0.9400665   -2.0653668  0.00    0.0010802    0.0008455   -0.0014792
c     1.5699098   -3.4765786   -1.1938760  0.00   -0.0022203    0.0002678    0.0002881
o     1.3777651   -4.3036569   -2.2960023  0.00   -0.0008066   -0.0010600   -0.0036411
o     2.4441761   -3.8706785   -0.1847430  0.00    0.0020074    0.0069268    0.0041262
h     2.7740191   -4.8116910   -0.3843545  0.00    0.0007982   -0.0082954   -0.0002012
n    -0.0408650   -2.0705030    0.0801782  0.00   -0.0064201    0.0065219   -0.0074393
h     0.2153605   -2.0946237   -2.0315875  0.00   -0.0011375    0.0000029   -0.0026232
h    -0.5907625   -2.9670209    0.1614836  0.00   -0.0030364   -0.0104349   -0.0001526
h     0.5570813   -2.0167700    0.9491476  0.00    0.0071091    0.0034968    0.0094729
    24
 Energy =       0.0635465474
c     1.4574379    2.6112120   -0.0396069  0.00    0.0031942    0.0009870    0.0015602
c     0.2209644    2.9187656   -0.4988592  0.00   -0.0001188    0.0016222    0.0004582
c    -0.5051453    1.9919854   -1.1693175  0.00   -0.0029416   -0.0015861   -0.0016184
c     1.9674897    1.3684505   -0.2365483  0.00    0.0028648    0.0019287    0.0013806
c     1.2359460    0.4170078   -0.8918942  0.00   -0.0000040   -0.0023037    0.0003675
c    -0.0005635    0.7478399   -1.3755255  0.00   -0.0028730   -0.0004932   -0.0017616
o    -0.2995312    4.1932154   -0.2932064  0.00    0.0022087    0.0005082   -0.0040657
h    -0.8068034    4.2347763    0.5873641  0.00   -0.0023771    0.0004636    0.0044723
h    -0.6029369    0.0256022   -1.9205405  0.00   -0.0025909   -0.0016030   -0.0013485
h     2.9674024    1.1454882    0.1336201  0.00    0.0024880    0.0003271    0.0009138
h     2.0359363    3.3708811    0.4801317  0.00    0.0021351    0.0017445    0.0013723
h    -1.4905234    2.2567409   -1.5442125  0.00   -0.0023655   -0.0001012   -0.0009620
c     1.8517520   -0.9529686   -1.1388366  0.00   -0.0001237    0.0025766   -0.0009887
c     0.8617274   -2.1451991   -1.0541643  0.00    0.0017470   -0.0024259   -0.0013220
h     2.6589650   -1.1362298   -0.3867660  0.00    0.0024971   -0.0008091    0.0026825
h     2.3420553   -0.9408866   -2.1400038  0.00    0.0015605    0.0009239   -0.0027147
c     1.6058285   -3.4688908   -1.1430463  0.00   -0.0021141    0.0008916   -0.0002617
o     1.3827249   -4.3200433   -2.2201534  0.00   -0.0008726   -0.0008068   -0.0027300
o     2.5285243   -3.8283461   -0.1646342  0.00    0.0020736    0.0028221    0.0035818
h     2.8881377   -4.7533007   -0.3751645  0.00    0.0007412   -0.0040193    0.0001135
n     0.0524645   -2.0416637    0.1783052  0.00   -0.0066913    0.0041529   -0.0022266
h     0.1865787   -2.1318795   -1.9439597  0.00   -0.0016565   -0.0004627   -0.0032115
h    -0.5420023   -2.9045758    0.2732285  0.00   -0.0022138   -0.0062165   -0.0006858
h     0.6965304   -2.0369704    1.0131694  0.00    0.0054326    0.0018790    0.0069945
    24
 Energy =       0.0629210932
c     1.4008749    2.5909756   -0.0188648  0.00    0.0036031    0.0006882    0.0018234
c     0.1915622    2.9072652   -0.5417934  0.00   -0.0003916    0.0017040    0.0004572
c    -0.4947359    1.9938225   -1.2707008  0.00   -0.0031399   -0.0018653   -0.0019803
c     1.9226257    1.3523464   -0.2099434  0.00    0.0031676    0.0022991    0.0017673
c     1.2303208    0.4152947   -0.9264153  0.00   -0.0000720   -0.0023216    0.0004994
c     0.0228871    0.7546499   -1.4729916  0.00   -0.0032347   -0.0001703   -0.0019635
o    -0.3410185    4.1773362   -0.3412570  0.00    0.0032085    0.0003510   -0.0054856
h    -0.9059917    4.1986008    0.5053186  0.00   -0.0033179    0.0003576    0.0057263
h    -0.5432210    0.0429269   -2.0693155  0.00   -0.0028582   -0.0014244   -0.0017870
h     2.8995583    1.1219708    0.2142221  0.00    0.0030004    0.0004029    0.0012819
h     1.9482003    3.3402100    0.5480517  0.00    0.0023455    0.0017996    0.0015979
h    -1.4576674    2.2659342   -1.6963079  0.00   -0.0027363   -0.0001001   -0.0012617
c     1.8498180   -0.9527743   -1.1669441  0.00    0.0003530    0.0032094   -0.0008646
c     0.8695948   -2.1426615   -0.9864436  0.00    0.0028594   -0.0033443   -0.0028477
h     2.7025549   -1.1100552   -0.4602194  0.00    0.0029728   -0.0006793    0.0029169
h     2.2801913   -0.9682479   -2.1961534  0.00    0.0017750    0.0008962   -0.0036060
c     1.6104094   -3.4666483   -1.0914994  0.00   -0.0017455    0.0011448   -0.0007445
o     1.3433063   -4.3300175   -2.1489068  0.00   -0.0010616   -0.0010506   -0.0028203
o     2.5791399   -3.8107613   -0.1526870  0.00    0.0025370    0.0012709    0.0036949
h     2.9413462   -4.7305520   -0.3758899  0.00    0.0005175   -0.0022047    0.0001586
n     0.1442831   -2.0066751    0.2961116  0.00   -0.0079246    0.0038112    0.0013120
h     0.1347055   -2.1533303   -1.8287247  0.00   -0.0025053   -0.0010137   -0.0039996
h    -0.4748015   -2.8456149    0.4319816  0.00   -0.0025633   -0.0049895   -0.0004761
h     0.8390165   -2.0229838    1.0887520  0.00    0.0052112    0.0012291    0.0066010
    24
 Energy =       0.0621853873
c     1.3350793    2.5705051    0.0043502  0.00    0.0040129    0.0005388    0.0022182
c     0.1578740    2.8950027   -0.5844318  0.00   -0.0006261    0.0018656    0.0004512
c    -0.4817268    1.9947210   -1.3710481  0.00   -0.0034492   -0.0021098   -0.0024787
c     1.8704225    1.3364490   -0.1782230  0.00    0.0035184    0.0026328    0.0023563
c     1.2253389    0.4144774   -0.9562809  0.00   -0.0002432   -0.0024917    0.0001435
c     0.0511688    0.7610048   -1.5666458  0.00   -0.0035992   -0.0000861   -0.0022406
o    -0.3890539    4.1600721   -0.3913754  0.00    0.0043206    0.0003836   -0.0066545
h    -1.0131791    4.1608507    0.4140180  0.00   -0.0044418    0.0002696    0.0068485
h    -0.4732250    0.0586744   -2.2118149  0.00   -0.0029780   -0.0014425   -0.0023630
h     2.8193010    1.0979111    0.3025725  0.00    0.0035301    0.0004690    0.0017840
h     1.8452933    3.3090584    0.6185964  0.00    0.0026034    0.0019740    0.0019749
h    -1.4185878    2.2735132   -1.8483298  0.00   -0.0030732   -0.0000813   -0.0016044
c     1.8498678   -0.9518925   -1.1835487  0.00    0.0008312    0.0030943   -0.0007738
c     0.8825895   -2.1348301   -0.9169940  0.00    0.0035957   -0.0034965   -0.0039561
h     2.7390665   -1.0835794   -0.5183365  0.00    0.0029498   -0.0006673    0.0026446
h     2.2281830   -0.9976776   -2.2322609  0.00    0.0016049    0.0007997   -0.0037061
c     1.6141638   -3.4612401   -1.0510080  0.00   -0.0014079    0.0014236   -0.0011658
o     1.2972362   -4.3270755   -2.0928124  0.00   -0.0012570   -0.0013469   -0.0030175
o     2.6278199   -3.8022817   -0.1593295  0.00    0.0030409    0.0006096    0.0039584
h     2.9830825   -4.7197010   -0.4008207  0.00    0.0004717   -0.0014870    0.0001050
n     0.2473203   -1.9744798    0.4109707  0.00   -0.0088142    0.0037348    0.0033326
h     0.0898932   -2.1562279   -1.7057128  0.00   -0.0032457   -0.0012111   -0.0042013
h    -0.3861283   -2.7936619    0.5907347  0.00   -0.0027727   -0.0042056   -0.0001769
h     0.9911597   -2.0085815    1.1571100  0.00    0.0054287    0.0008303    0.0065214
    24
 Energy =       0.0613286489
c     1.2650598    2.5519615    0.0186661  0.00    0.0038420    0.0003723    0.0023010
c     0.1228974    2.8825198   -0.6329361  0.00   -0.0007589    0.0017590    0.0003037
c    -0.4666446    1.9928370   -1.4692622  0.00   -0.0033181   -0.0019460   -0.0026093
c     1.8147451    1.3223996   -0.1512039  0.00    0.0033481    0.0024504    0.0025866
c     1.2213738    0.4136474   -0.9832556  0.00   -0.0003260   -0.0022812   -0.0003563
c     0.0820736    0.7642138   -1.6529853  0.00   -0.0034307   -0.0000810   -0.0022368
o    -0.4393768    4.1426370   -0.4519140  0.00    0.0044210    0.0004249   -0.0063293
h    -1.1154578    4.1266599    0.3100625  0.00   -0.0046295    0.0002039    0.0065049
h    -0.3992702    0.0678457   -2.3376015  0.00   -0.0025587   -0.0013358   -0.0024376
h     2.7323456    1.0763911    0.3836189  0.00    0.0035233    0.0004093    0.0020289
h     1.7348563    3.2813901    0.6744578  0.00    0.0024725    0.0018774    0.0020657
h    -1.3756866    2.2761877   -1.9950766  0.00   -0.0029505   -0.0000179   -0.0016923
c     1.8514885   -0.9515305   -1.1903427  0.00    0.0011960    0.0026177   -0.0005364
c     0.8991330   -2.1232131   -0.8430743  0.00    0.0038506   -0.0032909   -0.0046471
h     2.7703701   -1.0563809   -0.5630183  0.00    0.0025936   -0.0005655    0.0021143
h     2.1840184   -1.0317465   -2.2521919  0.00    0.0012508    0.0006273   -0.0033794
c     1.6134941   -3.4550987   -1.0111292  0.00   -0.0010925    0.0017148   -0.0013578
o     1.2395020   -4.3194904   -2.0354969  0.00   -0.0015229   -0.0017586   -0.0033492
o     2.6707203   -3.8003907   -0.1730096  0.00    0.0034641    0.0003874    0.0041663
h     3.0109794   -4.7178627   -0.4344549  0.00    0.0004742   -0.0012141   -0.0000161
n     0.3591685   -1.9409167    0.5241597  0.00   -0.0088653    0.0037886    0.0045756
h     0.0522428   -2.1463810   -1.5737308  0.00   -0.0037154   -0.0010951   -0.0039333
h    -0.2844027   -2.7402590    0.7494878  0.00   -0.0028433   -0.0035810    0.0001060
h     1.1493294   -1.9944092    1.2196104  0.00    0.0055759    0.0005342    0.0061282
    24
 Energy =       0.0604522180
c     1.1870224    2.5337929    0.0295239  0.00    0.0035953    0.0002919    0.0024155
c     0.0842311    2.8685630   -0.6850707  0.00   -0.0008117    0.0016425    0.0001516
c    -0.4493580    1.9881113   -1.5675606  0.00   -0.0031298   -0.0017560   -0.0027456
c     1.7531313    1.3095912   -0.1248413  0.00    0.0030550    0.0021917    0.0027914
c     1.2181791    0.4130015   -1.0071958  0.00   -0.0003066   -0.0021013   -0.0008928
c     0.1166743    0.7650040   -1.7354080  0.00   -0.0031736   -0.0001762   -0.0022791
o    -0.4955576    4.1229402   -0.5196849  0.00    0.0039624    0.0005004   -0.0052365
h    -1.2166413    4.0920625    0.1984537  0.00   -0.0042812    0.0001738    0.0054393
h    -0.3188551    0.0725030   -2.4542555  0.00   -0.0020874   -0.0013546   -0.0023483
h     2.6354732    1.0569410    0.4634577  0.00    0.0033432    0.0003186    0.0022200
h     1.6111550    3.2548029    0.7243913  0.00    0.0022777    0.0017967    0.0021674
h    -1.3277524    2.2741949   -2.1415548  0.00   -0.0027413    0.0000418   -0.0017597
c     1.8562694   -0.9501385   -1.1899120  0.00    0.0013368    0.0019910   -0.0003289
c     0.9211868   -2.1084281   -0.7683365  0.00    0.0035658   -0.0028692   -0.0047468
h     2.7989589   -1.0267457   -0.5961681  0.00    0.0021241   -0.0004572    0.0015460
h     2.1499911   -1.0664479   -2.2594399  0.00    0.0008468    0.0004454   -0.0028189
c     1.6125302   -3.4476862   -0.9701439  0.00   -0.0008319    0.0018610   -0.0012924
o     1.1788986   -4.3089738   -1.9736779  0.00   -0.0017348   -0.0020433   -0.0034971
o     2.7094795   -3.8012292   -0.1885079  0.00    0.0036076    0.0003860    0.0040677
h     3.0292917   -4.7205729   -0.4683599  0.00    0.0004575   -0.0011241   -0.0001453
n     0.4768735   -1.9062622    0.6298957  0.00   -0.0079752    0.0037361    0.0049976
h     0.0264971   -2.1280164   -1.4397470  0.00   -0.0037598   -0.0007996   -0.0033434
h    -0.1728020   -2.6859168    0.9005078  0.00   -0.0027121   -0.0030025    0.0003279
h     1.3080826   -1.9800796    1.2730142  0.00    0.0053731    0.0003069    0.0053104
    24
 Energy =       0.0596448947
c     1.1037859    2.5157273    0.0351698  0.00    0.0031341    0.0002555    0.0023919
c     0.0437285    2.8536691   -0.7398841  0.00   -0.0007599    0.0014439    0.0000339
c    -0.4303919    1.9816683   -1.6635195  0.00   -0.0027343   -0.0014991   -0.0026980
c     1.6870395    1.2974701   -0.1018084  0.00    0.0025493    0.0018166    0.0027669
c     1.2144289    0.4121603   -1.0287336  0.00   -0.0001359   -0.0018165   -0.0012302
c     0.1529083    0.7642134   -1.8127001  0.00   -0.0027291   -0.0002823   -0.0022056
o    -0.5541539    4.1018637   -0.5928007  0.00    0.0030938    0.0005493   -0.0037570
h    -1.3128441    4.0578185    0.0832907  0.00   -0.0034850    0.0001488    0.0039769
h    -0.2358734    0.0748370   -2.5608404  0.00   -0.0016020   -0.0013334   -0.0020544
h     2.5313526    1.0387589    0.5369835  0.00    0.0028862    0.0002095    0.0022033
h     1.4790558    3.2286991    0.7651090  0.00    0.0019357    0.0016284    0.0021258
h    -1.2759093    2.2694593   -2.2836788  0.00   -0.0023714    0.0000829   -0.0017129
c     1.8621424   -0.9481095   -1.1850961  0.00    0.0012700    0.0014356   -0.0002144
c     0.9470648   -2.0917574   -0.6929730  0.00    0.0029731   -0.0024176   -0.0044878
h     2.8247278   -0.9950676   -0.6222967  0.00    0.0016985   -0.0003168    0.0010855
h     2.1220746   -1.1016573   -2.2583012  0.00    0.0005038    0.0002698   -0.0022453
c     1.6107731   -3.4396917   -0.9266318  0.00   -0.0006814    0.0019697   -0.0010555
o     1.1139811   -4.2985505   -1.9028445  0.00   -0.0020039   -0.0022614   -0.0035999
o     2.7455435   -3.8026765   -0.2058823  0.00    0.0037131    0.0004545    0.0038696
h     3.0405327   -4.7254218   -0.5012970  0.00    0.0004068   -0.0010892   -0.0002555
n     0.5991977   -1.8708419    0.7288988  0.00   -0.0066092    0.0036095    0.0049375
h     0.0100226   -2.1051702   -1.3038207  0.00   -0.0035274   -0.0004850   -0.0026876
h    -0.0530635   -2.6304983    1.0450900  0.00   -0.0024813   -0.0024981    0.0005012
h     1.4668357   -1.9658914    1.3179467  0.00    0.0049566    0.0001252    0.0043117
    24
 Energy =       0.0589630181
c     1.0137575    2.4967822    0.0371253  0.00    0.0026128    0.0002468    0.0023201
c     0.0010597    2.8378476   -0.7972451  0.00   -0.0006557    0.0012450   -0.0000236
c    -0.4088872    1.9746695   -1.7587629  0.00   -0.0022489   -0.0012674   -0.0025723
c     1.6146454    1.2850716   -0.0805226  0.00    0.0019958    0.0014492    0.0026246
c     1.2090630    0.4109999   -1.0477444  0.00    0.0001676   -0.0015122   -0.0013040
c     0.1915247    0.7631384   -1.8869187  0.00   -0.0022699   -0.0003591   -0.0020991
o    -0.6151453    4.0794019   -0.6709318  0.00    0.0024438    0.0005809   -0.0025954
h    -1.4085936    4.0223606   -0.0382427  0.00   -0.0028637    0.0001047    0.0028109
h    -0.1479142    0.0778494   -2.6622580  0.00   -0.0012298   -0.0012617   -0.0017688
h     2.4174256    1.0203695    0.6069258  0.00    0.0023271    0.0001008    0.0020790
h     1.3362262    3.2013319    0.7992739  0.00    0.0015477    0.0014304    0.0020212
h    -1.2179693    2.2641303   -2.4245887  0.00   -0.0019810    0.0001035   -0.0016458
c     1.8684711   -0.9452752   -1.1764653  0.00    0.0010438    0.0009637   -0.0002122
c     0.9768996   -2.0739236   -0.6165293  0.00    0.0022107   -0.0019555   -0.0039108
h     2.8478242   -0.9607701   -0.6427273  0.00    0.0013294   -0.0001749    0.0007430
h     2.0991341   -1.1368086   -2.2499177  0.00    0.0002465    0.0001184   -0.0016850
c     1.6098335   -3.4311176   -0.8793941  0.00   -0.0006205    0.0020416   -0.0007009
o     1.0466842   -4.2895901   -1.8194222  0.00   -0.0023135   -0.0023716   -0.0035961
o     2.7814876   -3.8027166   -0.2254195  0.00    0.0038080    0.0004937    0.0035678
h     3.0485096   -4.7300013   -0.5328027  0.00    0.0003145   -0.0010146   -0.0003209
n     0.7260537   -1.8353854    0.8219352  0.00   -0.0049592    0.0033077    0.0044630
h     0.0024848   -2.0803093   -1.1653584  0.00   -0.0030544   -0.0002465   -0.0020172
h     0.0747956   -2.5747156    1.1839488  0.00   -0.0021367   -0.0020037    0.0006109
h     1.6255888   -1.9523283    1.3554218  0.00    0.0042856   -0.0000193    0.0032117
    24
 Energy =       0.0584430522
c     0.9173534    2.4765342    0.0359825  0.00    0.0019526    0.0002251    0.0020564
c    -0.0427794    2.8216468   -0.8561035  0.00   -0.0004939    0.0009969   -0.0000216
c    -0.3838633    1.9685388   -1.8522414  0.00   -0.0016157   -0.0010034   -0.0022204
c     1.5355386    1.2717152   -0.0604578  0.00    0.0013830    0.0010512    0.0022208
c     1.2011014    0.4093721   -1.0634023  0.00    0.0005046   -0.0011155   -0.0009977
c     0.2328325    0.7630551   -1.9574764  0.00   -0.0017411   -0.0003466   -0.0018303
o    -0.6766428    4.0563520   -0.7526850  0.00    0.0020399    0.0005443   -0.0017907
h    -1.5039288    3.9858800   -0.1673139  0.00   -0.0024186    0.0000344    0.0019633
h    -0.0538255    0.0840434   -2.7588943  0.00   -0.0009128   -0.0010468   -0.0014793
h     2.2932418    1.0006943    0.6733631  0.00    0.0016288   -0.0000077    0.0017424
h     1.1833913    3.1717794    0.8271986  0.00    0.0010815    0.0011270    0.0017304
h    -1.1521052    2.2606125   -2.5631663  0.00   -0.0015105    0.0001010   -0.0014706
c     1.8741128   -0.9417513   -1.1639926  0.00    0.0006911    0.0005482   -0.0002812
c     1.0098247   -2.0555578   -0.5388008  0.00    0.0013932   -0.0014123   -0.0030207
h     2.8675724   -0.9242489   -0.6582085  0.00    0.0009586   -0.0000437    0.0004812
h     2.0795907   -1.1714291   -2.2347074  0.00    0.0000844   -0.0000012   -0.0011069
c     1.6091223   -3.4222809   -0.8290404  0.00   -0.0006454    0.0021993   -0.0002296
o     0.9738462   -4.2841677   -1.7189165  0.00   -0.0028196   -0.0024918   -0.0036219
o     2.8190927   -3.7998604   -0.2529630  0.00    0.0041238    0.0004760    0.0032970
h     3.0548706   -4.7328795   -0.5681617  0.00    0.0001887   -0.0008901   -0.0003428
n     0.8571411   -1.8014462    0.9096114  0.00   -0.0032112    0.0027292    0.0035597
h     0.0024434   -2.0542254   -1.0234485  0.00   -0.0023609   -0.0001121   -0.0013318
h     0.2106867   -2.5202517    1.3174805  0.00   -0.0016244   -0.0014379    0.0006141
h     1.7843419   -1.9411136    1.3857240  0.00    0.0033239   -0.0001235    0.0020802
    24
 Energy =       0.0581235724
c     0.8179120    2.4557263    0.0353405  0.00    0.0011495    0.0001622    0.0014851
c    -0.0842033    2.8066610   -0.9121119  0.00   -0.0002894    0.0006630    0.0000200
c    -0.3520628    1.9655528   -1.9393013  0.00   -0.0008732   -0.0006553   -0.0015359
c     1.4521514    1.2577647   -0.0381170  0.00    0.0007714    0.0006226    0.0014704
c     1.1919035    0.4079237   -1.0717522  0.00    0.0006168   -0.0006855   -0.0002884
c     0.2793913    0.7659934   -2.0201555  0.00   -0.0011070   -0.0001917   -0.0013227
o    -0.7341456    4.0346633   -0.8333409  0.00    0.0016267    0.0003987   -0.0011644
h    -1.5945466    3.9503291   -0.3008011  0.00   -0.0018824   -0.0000411    0.0012535
h     0.0496015    0.0961528   -2.8466149  0.00   -0.0005838   -0.0006632   -0.0011134
h     2.1618057    0.9801748    0.7390274  0.00    0.0008446   -0.0000852    0.0011247
h     1.0246382    3.1405707    0.8519369  0.00    0.0005630    0.0006819    0.0011609
h    -1.0744444    2.2620704   -2.6942665  0.00   -0.0009322    0.0000757   -0.0010920
c     1.8801388   -0.9369520   -1.1447228  0.00    0.0002268    0.0000008   -0.0002007
c     1.0428289   -2.0382606   -0.4655772  0.00    0.0004896   -0.0004571   -0.0013380
h     2.8826430   -0.8878062   -0.6609681  0.00    0.0003483   -0.0000081    0.0001728
h     2.0697561   -1.2007491   -2.2098673  0.00    0.0000025   -0.0000537   -0.0003202
c     1.6077549   -3.4137215   -0.7813455  0.00   -0.0006431    0.0023037    0.0004324
o     0.8954058   -4.2855466   -1.6004347  0.00   -0.0033094   -0.0024322   -0.0033701
o     2.8578554   -3.7915519   -0.2990411  0.00    0.0043469    0.0003343    0.0027850
h     3.0605096   -4.7314815   -0.6161482  0.00    0.0000293   -0.0006072   -0.0002755
n     0.9798780   -1.7753612    0.9859683  0.00   -0.0012645    0.0012750    0.0015680
h     0.0099104   -2.0272371   -0.8901246  0.00   -0.0010353   -0.0000162   -0.0004802
h     0.3405201   -2.4755879    1.4334496  0.00   -0.0006119   -0.0005048    0.0002640
h     1.9277575   -1.9383161    1.4083475  0.00    0.0015169   -0.0001168    0.0007650
    24
 Energy =       0.0580013732
c     0.7529807    2.4390708    0.0510952  0.00    0.0002825   -0.0001054    0.0003215
c    -0.0938956    2.8033799   -0.9396669  0.00   -0.0001389    0.0001138   -0.0000545
c    -0.3001984    1.9782286   -1.9919052  0.00   -0.0001430   -0.0001017   -0.0002941
c     1.3936645    1.2438314   -0.0045398  0.00    0.0001624    0.0001013    0.0002743
c     1.1944090    0.4094319   -1.0622653  0.00    0.0000631   -0.0002194    0.0003408
c     0.3368727    0.7808694   -2.0544240  0.00   -0.0002915    0.0001768   -0.0003442
o    -0.7501313    4.0287859   -0.8796863  0.00    0.0003993   -0.0000111   -0.0003250
h    -1.6371116    3.9352129   -0.3966367  0.00   -0.0003712   -0.0000800    0.0002328
h     0.1560277    0.1241985   -2.9020230  0.00   -0.0001318   -0.0000309   -0.0002273
h     2.0593460    0.9556085    0.8057551  0.00    0.0001916    0.0000002    0.0002350
h     0.9108529    3.1112248    0.8874387  0.00    0.0000876    0.0000217    0.0001461
h    -0.9781417    2.2856239   -2.7816471  0.00   -0.0002135    0.0000309   -0.0002831
c     1.8894615   -0.9326903   -1.1161285  0.00   -0.0001429   -0.0001860    0.0003175
c     1.0528231   -2.0300545   -0.4309499  0.00   -0.0004695    0.0005315    0.0008415
h     2.8876003   -0.8717240   -0.6262876  0.00   -0.0002430   -0.0000700   -0.0001310
h     2.0911033   -1.2082638   -2.1755950  0.00    0.0000318    0.0000005    0.0001772
c     1.5926450   -3.4106291   -0.7657740  0.00   -0.0000522    0.0019781    0.0013384
o     0.8094976   -4.3066605   -1.4876074  0.00   -0.0032115   -0.0020280   -0.0025351
o     2.8814039   -3.7746775   -0.3884481  0.00    0.0033398    0.0002654    0.0016719
h     3.0566826   -4.7229181   -0.6961479  0.00   -0.0001272   -0.0001657   -0.0001196
n     1.0227883   -1.7790742    1.0212146  0.00    0.0005769   -0.0007485   -0.0011937
h     0.0134802   -2.0025889   -0.8344901  0.00    0.0007085    0.0000732    0.0003133
h     0.3774881   -2.4688610    1.4745540  0.00    0.0004903    0.0003860   -0.0002933
h     1.9733107   -1.9663135    1.4235450  0.00   -0.0007976    0.0000674   -0.0004096
    24
 Energy =       0.0579626525
c     0.7544431    2.4389818    0.0495564  0.00   -0.0002745    0.0001087   -0.0003327
c    -0.0919067    2.8033208   -0.9406489  0.00    0.0001343   -0.0001159    0.0000533
c    -0.2984806    1.9776024   -1.9919126  0.00    0.0001260    0.0000955    0.0002994
c     1.3943258    1.2431885   -0.0057277  0.00   -0.0001560   -0.0000973   -0.0002893
c     1.1950640    0.4084158   -1.0626861  0.00   -0.0000703    0.0002176   -0.0003482
c     0.3378762    0.7796772   -2.0540522  0.00    0.0002729   -0.0001830    0.0003456
o    -0.7473831    4.0292946   -0.8810392  0.00   -0.0004005    0.0000128    0.0003257
h    -1.6335166    3.9371193   -0.3972636  0.00    0.0003715    0.0000796   -0.0002194
h     0.1567073    0.1223996   -2.9005923  0.00    0.0001010    0.0000205    0.0002357
h     2.0593212    0.9546854    0.8043274  0.00   -0.0001736    0.0000049   -0.0002563
h     0.9125374    3.1115283    0.8852254  0.00   -0.0000687   -0.0000151   -0.0001620
h    -0.9761649    2.2849709   -2.7810502  0.00    0.0001854   -0.0000407    0.0002952
c     1.8886660   -0.9345681   -1.1153024  0.00    0.0001599    0.0001537   -0.0003459
c     1.0501975   -2.0316611   -0.4294125  0.00    0.0004931   -0.0005117   -0.0008728
h     2.8870802   -0.8742072   -0.6247666  0.00    0.0002403    0.0000535    0.0001121
h     2.0906964   -1.2112045   -2.1746659  0.00   -0.0000591   -0.0000106   -0.0001793
c     1.5920333   -3.4127639   -0.7589537  0.00    0.0004881    0.0013231    0.0003974
o     0.7765090   -4.3489098   -1.3861881  0.00   -0.0020476   -0.0016318   -0.0014410
o     2.9084519   -3.7435104   -0.4575921  0.00    0.0016666    0.0006475    0.0009060
h     3.0789020   -4.7000706   -0.7419449  0.00   -0.0000852   -0.0003912   -0.0001707
n     1.0152715   -1.7775976    1.0240917  0.00   -0.0005610    0.0007526    0.0012346
h     0.0108948   -2.0062014   -0.8370471  0.00   -0.0007320   -0.0000217   -0.0002794
h     0.3660577   -2.4655038    1.4766496  0.00   -0.0004665   -0.0003691    0.0003134
h     1.9653758   -1.9639751    1.4303748  0.00    0.0008560   -0.0000818    0.0003785
    24
 Energy =       0.0579453168
c     0.7523504    2.4385442    0.0500199  0.00    0.0001461   -0.0000529    0.0001653
c    -0.0912597    2.8035143   -0.9430362  0.00   -0.0000691    0.0000581   -0.0000296
c    -0.2958616    1.9780230   -1.9952253  0.00   -0.0000735   -0.0000501   -0.0001491
c     1.3914587    1.2423330   -0.0033150  0.00    0.0000859    0.0000499    0.0001404
c     1.1939223    0.4076041   -1.0609842  0.00    0.0000373   -0.0001124    0.0001766
c     0.3396429    0.7796623   -2.0554096  0.00   -0.0001483    0.0000889   -0.0001758
o    -0.7458377    4.0299603   -0.8854914  0.00    0.0002088   -0.0000029   -0.0001667
h    -1.6340686    3.9381399   -0.4046746  0.00   -0.0001928   -0.0000389    0.0001208
h     0.1603224    0.1228471   -2.9030455  0.00   -0.0000686   -0.0000174   -0.0001140
h     2.0546140    0.9536042    0.8087007  0.00    0.0001011    0.0000001    0.0001193
h     0.9089692    3.1109855    0.8862912  0.00    0.0000487    0.0000128    0.0000729
h    -0.9711231    2.2860090   -2.7868264  0.00   -0.0001111    0.0000161   -0.0001448
c     1.8874402   -0.9354040   -1.1121810  0.00   -0.0000709   -0.0000829    0.0001596
c     1.0504430   -2.0311355   -0.4235544  0.00   -0.0002562    0.0002486    0.0004292
h     2.8862534   -0.8741824   -0.6234379  0.00   -0.0001205   -0.0000336   -0.0000626
h     2.0891967   -1.2141586   -2.1707678  0.00    0.0000192    0.0000007    0.0000880
c     1.5870513   -3.4140738   -0.7539236  0.00   -0.0001963    0.0010029    0.0005003
o     0.7470379   -4.3707915   -1.3130314  0.00   -0.0017029   -0.0010687   -0.0009335
o     2.9198504   -3.7292270   -0.5129685  0.00    0.0019622    0.0001279    0.0006242
h     3.0831718   -4.6907327   -0.7837811  0.00   -0.0000528   -0.0000391   -0.0000334
n     1.0226701   -1.7772991    1.0285132  0.00    0.0002592   -0.0003620   -0.0005819
h     0.0104713   -2.0033879   -0.8264197  0.00    0.0003500    0.0000279    0.0001433
h     0.3732515   -2.4627338    1.4833505  0.00    0.0002372    0.0001859   -0.0001560
h     1.9729926   -1.9670895    1.4305774  0.00   -0.0003927    0.0000410   -0.0001926
    24
 Energy =       0.0579360085
c     0.7472565    2.4366126    0.0514470  0.00   -0.0001314    0.0000541   -0.0001546
c    -0.0911470    2.8033561   -0.9448716  0.00    0.0000638   -0.0000527    0.0000294
c    -0.2903151    1.9796336   -1.9992560  0.00    0.0000600    0.0000415    0.0001357
c     1.3865751    1.2404147   -0.0008896  0.00   -0.0000763   -0.0000422   -0.0001307
c     1.1945251    0.4074930   -1.0607645  0.00   -0.0000334    0.0001059   -0.0001825
c     0.3453483    0.7812252   -2.0583644  0.00    0.0001306   -0.0000907    0.0001637
o    -0.7460037    4.0297704   -0.8883749  0.00   -0.0001958    0.0000052    0.0001565
h    -1.6361815    3.9374437   -0.4118266  0.00    0.0001788    0.0000380   -0.0001057
h     0.1702514    0.1257678   -2.9076843  0.00    0.0000531    0.0000090    0.0001074
h     2.0453680    0.9500699    0.8137669  0.00   -0.0000856    0.0000002   -0.0001139
h     0.8995210    3.1075870    0.8895530  0.00   -0.0000370   -0.0000050   -0.0000668
h    -0.9614489    2.2890414   -2.7933955  0.00    0.0000930   -0.0000187    0.0001386
c     1.8876384   -0.9358394   -1.1102303  0.00    0.0000775    0.0000765   -0.0001705
c     1.0509209   -2.0304952   -0.4181591  0.00    0.0002227   -0.0002595   -0.0004401
h     2.8872585   -0.8735743   -0.6227641  0.00    0.0001216    0.0000300    0.0000564
h     2.0883728   -1.2170241   -2.1685133  0.00   -0.0000261   -0.0000057   -0.0000896
c     1.5829872   -3.4149080   -0.7500103  0.00    0.0002846    0.0003881   -0.0000128
o     0.7252201   -4.3894578   -1.2459134  0.00   -0.0005806   -0.0005011   -0.0002919
o     2.9268235   -3.7168071   -0.5647524  0.00    0.0003433    0.0002545    0.0002034
h     3.0843831   -4.6828558   -0.8228834  0.00   -0.0000328   -0.0001606   -0.0000494
n     1.0286613   -1.7765485    1.0349727  0.00   -0.0002534    0.0003758    0.0006118
h     0.0089808   -2.0010786   -0.8177339  0.00   -0.0003622   -0.0000118   -0.0001350
h     0.3777636   -2.4598608    1.4918990  0.00   -0.0002347   -0.0001832    0.0001611
h     1.9802000   -1.9689546    1.4341286  0.00    0.0004203   -0.0000475    0.0001795
    24
 Energy =       0.0579341244
c     0.7466389    2.4367692    0.0517152  0.00    0.0000271   -0.0000106    0.0000312
c    -0.0906675    2.8034716   -0.9458210  0.00   -0.0000130    0.0000105   -0.0000065
c    -0.2890125    1.9795497   -2.0003316  0.00   -0.0000131   -0.0000083   -0.0000274
c     1.3856843    1.2404102    0.0004834  0.00    0.0000161    0.0000084    0.0000260
c     1.1943884    0.4072362   -1.0594505  0.00    0.0000070   -0.0000220    0.0000372
c     0.3463789    0.7809896   -2.0583544  0.00   -0.0000272    0.0000178   -0.0000335
o    -0.7451819    4.0300805   -0.8904873  0.00    0.0000402   -0.0000003   -0.0000320
h    -1.6361696    3.9380214   -0.4150809  0.00   -0.0000372   -0.0000075    0.0000222
h     0.1720983    0.1254908   -2.9079349  0.00   -0.0000122   -0.0000025   -0.0000213
h     2.0437610    0.9502380    0.8159717  0.00    0.0000184    0.0000001    0.0000223
h     0.8983069    3.1079480    0.8898452  0.00    0.0000086    0.0000015    0.0000127
h    -0.9591853    2.2889638   -2.7955178  0.00   -0.0000204    0.0000035   -0.0000280
c     1.8876575   -0.9360060   -1.1081149  0.00   -0.0000146   -0.0000166    0.0000322
c     1.0507516   -2.0306278   -0.4167044  0.00   -0.0000468    0.0000507    0.0000924
h     2.8867928   -0.8736166   -0.6200324  0.00   -0.0000241   -0.0000071   -0.0000119
h     2.0896850   -1.2174216   -2.1659851  0.00    0.0000044    0.0000003    0.0000179
c     1.5818838   -3.4155188   -0.7481352  0.00   -0.0000549    0.0001938    0.0000912
o     0.7179063   -4.3981597   -1.2158195  0.00   -0.0003398   -0.0002167   -0.0001450
o     2.9304563   -3.7107215   -0.5876661  0.00    0.0004019    0.0000316    0.0000882
h     3.0866232   -4.6784117   -0.8400921  0.00   -0.0000096   -0.0000031   -0.0000055
n     1.0283453   -1.7769990    1.0358268  0.00    0.0000512   -0.0000764   -0.0001195
h     0.0093267   -2.0007569   -0.8163824  0.00    0.0000716    0.0000058    0.0000281
h     0.3771434   -2.4600087    1.4923146  0.00    0.0000481    0.0000377   -0.0000322
h     1.9793475   -1.9699097    1.4351332  0.00   -0.0000817    0.0000092   -0.0000388
    24
 Energy =       0.0579339203
c     0.7458645    2.4364736    0.0520177  0.00   -0.0000051    0.0000022   -0.0000060
c    -0.0906506    2.8034426   -0.9460269  0.00    0.0000025   -0.0000020    0.0000013
c    -0.2881339    1.9798098   -2.0008995  0.00    0.0000023    0.0000014    0.0000051
c     1.3849743    1.2401372    0.0009256  0.00   -0.0000030   -0.0000015   -0.0000050
c     1.1945431    0.4072541   -1.0593680  0.00   -0.0000013    0.0000042   -0.0000076
c     0.3473163    0.7812643   -2.0587735  0.00    0.0000050   -0.0000036    0.0000064
o    -0.7452444    4.0300231   -0.8908355  0.00   -0.0000077    0.0000001    0.0000062
h    -1.6365512    3.9378344   -0.4161190  0.00    0.0000070    0.0000015   -0.0000040
h     0.1737094    0.1259888   -2.9086356  0.00    0.0000021    0.0000003    0.0000041
h     2.0423864    0.9497242    0.8168262  0.00   -0.0000033    0.0000000   -0.0000043
h     0.8968411    3.1074136    0.8904480  0.00   -0.0000014   -0.0000001   -0.0000024
h    -0.9576779    2.2894384   -2.7964832  0.00    0.0000036   -0.0000008    0.0000055
c     1.8877863   -0.9360173   -1.1077889  0.00    0.0000030    0.0000032   -0.0000066
c     1.0508321   -2.0305460   -0.4161170  0.00    0.0000088   -0.0000103   -0.0000183
h     2.8869516   -0.8735062   -0.6197267  0.00    0.0000048    0.0000014    0.0000022
h     2.0898345   -1.2176908   -2.1656044  0.00   -0.0000010   -0.0000002   -0.0000036
c     1.5814442   -3.4156252   -0.7476585  0.00    0.0000127   -0.0000155   -0.0000110
o     0.7158135   -4.4003817   -1.2070105  0.00    0.0000295    0.0000167    0.0000106
o     2.9309681   -3.7092631   -0.5944552  0.00   -0.0000418    0.0000006   -0.0000051
h     3.0865373   -4.6775081   -0.8451353  0.00    0.0000004   -0.0000028   -0.0000003
n     1.0288429   -1.7769252    1.0365429  0.00   -0.0000100    0.0000154    0.0000243
h     0.0092355   -2.0004887   -0.8155646  0.00   -0.0000144   -0.0000009   -0.0000055
h     0.3774107   -2.4597125    1.4931604  0.00   -0.0000095   -0.0000074    0.0000065
h     1.9799256   -1.9701283    1.4356610  0.00    0.0000167   -0.0000019    0.0000075
    24
 Energy =       0.0579339167
c     0.7457639    2.4364576    0.0520725  0.00    0.0000000   -0.0000000    0.0000000
c    -0.0906272    2.8034500   -0.9460765  0.00   -0.0000000    0.0000000   -0.0000000
c    -0.2879928    1.9798355   -2.0009892  0.00   -0.0000000    0.0000000   -0.0000000
c     1.3848674    1.2401161    0.0010446  0.00    0.0000000    0.0000000    0.0000000
c     1.1945518    0.4072495   -1.0592862  0.00    0.0000000   -0.0000000    0.0000000
c     0.3474510    0.7812850   -2.0587995  0.00   -0.0000000    0.0000000   -0.0000000
o    -0.7452115    4.0300374   -0.8909530  0.00    0.0000000    0.0000000   -0.0000000
h    -1.6365853    3.9378499   -0.4163518  0.00   -0.0000000   -0.0000000    0.0000000
h     0.1739449    0.1260292   -2.9087011  0.00    0.0000000   -0.0000000   -0.0000000
h     2.0421861    0.9496894    0.8170218  0.00    0.0000000   -0.0000000    0.0000000
h     0.8966495    3.1073850    0.8905317  0.00   -0.0000000    0.0000000    0.0000000
h    -0.9574342    2.2894845   -2.7966590  0.00   -0.0000000    0.0000000   -0.0000000
c     1.8878067   -0.9360163   -1.1076540  0.00    0.0000000   -0.0000000   -0.0000000
c     1.0508240   -2.0305508   -0.4160387  0.00   -0.0000000   -0.0000000    0.0000000
h     2.8869367   -0.8734962   -0.6195333  0.00    0.0000000   -0.0000000    0.0000000
h     2.0899464   -1.2176975   -2.1654465  0.00    0.0000000   -0.0000000    0.0000000
c     1.5813800   -3.4156508   -0.7475883  0.00   -0.0000000    0.0000007    0.0000002
o     0.7154275   -4.4008054   -1.2055360  0.00   -0.0000012   -0.0000008   -0.0000004
o     2.9311427   -3.7089581   -0.5956450  0.00    0.0000012    0.0000002    0.0000002
h     3.0866354   -4.6772826   -0.8460595  0.00   -0.0000000   -0.0000001   -0.0000000
n     1.0288184   -1.7769749    1.0366065  0.00   -0.0000000   -0.0000000    0.0000000
h     0.0092497   -2.0004546   -0.8155010  0.00   -0.0000000    0.0000000   -0.0000000
h     0.3773539   -2.4597486    1.4931841  0.00   -0.0000000   -0.0000000   -0.0000000
h     1.9798741   -1.9702220    1.4357370  0.00    0.0000000   -0.0000000   -0.0000000
