$coord                                                                          
   -6.94262263055306      3.04946548976389      0.34382657452915      c       
   -4.79792698494003      4.97153841964461      0.22225871856860      c       
   -9.49154065144841      4.35563955005261      0.84754299620064      c       
   -9.40623636926260      5.47084926917854      2.62691151640737      h       
  -11.01939096129517      2.92759151147520      1.03438731085411      h       
   -9.95599976681248      5.66358205196163     -0.73328594297148      h       
   -7.11255639487714      1.43757252389767     -1.93915049102355      n       
   -6.48426313873153      1.81216333785717      1.98847528443887      h       
   -8.87189844779412      1.57642791060028     -2.83411184507944      h       
   -5.78691964074483      1.99405118767231     -3.30585021756656      h       
   -3.14161023273642      5.22760740689509      2.24455389753536      o       
   -4.53549626676146      6.54581256562493     -1.86486913417800      o       
   -3.03604851708153      7.69917402614026     -1.58328936140899      h       
$end                                                                            
