$ufftopology
nxtnei12
    1     3
          2     4    11
    2     3
          1     3     7
    3     3
          2     6    12
    4     3
          1     5    10
    5     3
          4     6    13
    6     3
          3     5     9
    7     2
          2     8
    8     1
          7
    9     1
          6
   10     1
          4
   11     1
          1
   12     1
          3
   13     4
          5    14    15    16
   14     4
         13    17    21    22
   15     1
         13
   16     1
         13
   17     3
         14    18    19
   18     1
         17
   19     2
         17    20
   20     1
         19
   21     3
         14    23    24
   22     1
         14
   23     1
         21
   24     1
         21
nxtnei13
    1     4
          3     7     5    10
    2     5
          4    11     6    12     8
    3     4
          1     7     5     9
    4     4
          2    11     6    13
    5     7
          1    10     3     9    14    15    16
    6     4
          2    12     4    13
    7     2
          1     3
    8     1
          2
    9     2
          3     5
   10     2
          1     5
   11     2
          2     4
   12     2
          2     6
   13     5
          4     6    17    21    22
   14     7
          5    15    16    18    19    23    24
   15     3
          5    14    16
   16     3
          5    14    15
   17     4
         13    21    22    20
   18     2
         14    19
   19     2
         14    18
   20     1
         17
   21     3
         13    17    22
   22     3
         13    17    21
   23     2
         14    24
   24     2
         14    23
nxtnei14
    1     4
          6    12     8    13
    2     3
          5    10     9
    3     4
          4    11     8    13
    4     6
          3     7     9    14    15    16
    5     6
          2    11    12    17    21    22
    6     6
          1     7    10    14    15    16
    7     4
          4    11     6    12
    8     2
          1     3
    9     4
          2    12     4    13
   10     4
          2    11     6    13
   11     4
          3     7     5    10
   12     4
          1     7     5     9
   13     8
          1    10     3     9    18    19    23    24
   14     3
          4     6    20
   15     5
          4     6    17    21    22
   16     5
          4     6    17    21    22
   17     5
          5    15    16    23    24
   18     4
         13    21    22    20
   19     3
         13    21    22
   20     2
         14    18
   21     5
          5    15    16    18    19
   22     7
          5    15    16    18    19    23    24
   23     3
         13    17    22
   24     3
         13    17    22
connectivity (= bond)
                    24
     1     2   2.556493   2.000000
     1     4   2.564684   2.000000
     1    11   2.049991   1.000000
     2     3   2.556784   2.000000
     2     7   2.628442   1.000000
     3     6   2.565388   2.000000
     3    12   2.050530   1.000000
     4     5   2.574991   2.000000
     4    10   2.056419   1.000000
     5     6   2.573693   2.000000
     5    13   2.858413   1.000000
     6     9   2.054500   1.000000
     7     8   1.916316   1.000000
    13    14   2.923344   1.000000
    13    15   2.102403   1.000000
    13    16   2.106740   1.000000
    14    17   2.876087   1.000000
    14    21   2.784255   1.000000
    14    22   2.106693   1.000000
    17    18   2.627117   1.000000
    17    19   2.625517   1.000000
    19    20   1.908072   1.000000
    21    23   1.983081   1.000000
    21    24   1.978632   1.000000
angle
                    38
     1     2     3     2     120.03       1.00       4.00
     1     2     7     2     120.00       1.00       5.00
     1     4     5     2     120.15       2.00       8.00
     1     4    10     2     119.33       2.00       9.00
     2     1     4     2     120.16       1.00       2.00
     2     1    11     2     119.25       1.00       3.00
     2     3     6     2     120.16       4.00       6.00
     2     3    12     2     119.27       4.00       7.00
     2     7     8     9     110.73       5.00      13.00
     3     2     7     2     119.96       4.00       5.00
     3     6     5     2     120.14       6.00      10.00
     3     6     9     2     119.39       6.00      12.00
     4     1    11     2     120.59       2.00       3.00
     4     5     6     2     119.36       8.00      10.00
     4     5    13     2     120.37       8.00      11.00
     5     4    10     2     120.52       8.00       9.00
     5     6     9     2     120.47      10.00      12.00
     5    13    14     9     111.75      11.00      14.00
     5    13    15     9     109.25      11.00      15.00
     5    13    16     9     110.27      11.00      16.00
     6     3    12     2     120.57       6.00       7.00
     6     5    13     2     120.23      10.00      11.00
    13    14    17     9     111.95      14.00      17.00
    13    14    21     9     109.65      14.00      18.00
    13    14    22     9     109.76      14.00      19.00
    14    13    15     9     109.78      14.00      15.00
    14    13    16     9     109.56      14.00      16.00
    14    17    18     2     120.38      17.00      20.00
    14    17    19     2     120.28      17.00      21.00
    14    21    23     9     109.95      18.00      23.00
    14    21    24     9     110.33      18.00      24.00
    15    13    16     9     106.06      15.00      16.00
    17    14    21     9     111.28      17.00      18.00
    17    14    22     9     105.43      17.00      19.00
    17    19    20     9     109.11      21.00      22.00
    18    17    19     2     119.17      20.00      21.00
    21    14    22     9     108.64      18.00      19.00
    23    21    24     9     107.76      23.00      24.00
torsion
                    55
     4     1     2     3     1     3 359.45338436 120.15787481 120.02954100
     4     1     2     7     1     3 180.07498593 120.15787481 120.00347336
    11     1     2     3     1     3 178.92840818 119.25121538 120.02954100
    11     1     2     7     1     3 359.55000975 119.25121538 120.00347336
     2     1     4     5     2     3 359.95900046 120.15787481 120.14556064
     2     1     4    10     2     3 179.34368966 120.15787481 119.33378462
    11     1     4     5     2     3 180.49107792 120.58880214 120.14556064
    11     1     4    10     2     3 359.87576711 120.58880214 119.33378462
     1     2     3     6     4     3   0.45502459 120.02954100 120.15935724
     1     2     3    12     4     3 180.90371651 120.02954100 119.26772492
     7     2     3     6     4     3 179.83366965 119.96406753 120.15935724
     7     2     3    12     4     3   0.28236157 119.96406753 119.26772492
     1     2     7     8     5     3 270.18428675 120.00347336 110.72903659
     3     2     7     8     5     3  90.80547839 119.96406753 110.72903659
     2     3     6     5     6     3   0.22445250 120.15935724 120.13889073
     2     3     6     9     6     3 180.42019128 120.15935724 119.39120295
    12     3     6     5     6     3 179.76984634 120.57137875 120.13889073
    12     3     6     9     6     3 359.96558512 120.57137875 119.39120295
     1     4     5     6     8     3   0.71315683 120.14556064 119.36240247
     1     4     5    13     8     3 178.50097783 120.14556064 120.36960610
    10     4     5     6     8     3 181.33583103 120.51776342 119.36240247
    10     4     5    13     8     3 359.12365203 120.51776342 120.36960610
     4     5     6     3    10     3 359.19563271 119.36240247 120.13889073
     4     5     6     9    10     3 178.99776122 119.36240247 120.46961402
    13     5     6     3    10     3 181.40468113 120.23082195 120.13889073
    13     5     6     9    10     3   1.20680964 120.23082195 120.46961402
     4     5    13    14    11    22 266.10430072 120.36960610 111.74672003
     4     5    13    15    11    22 144.41536683 120.36960610 109.25474050
     4     5    13    16    11    22  28.22222106 120.36960610 110.27134128
     6     5    13    14    11    22  83.87282805 120.23082195 111.74672003
     6     5    13    15    11    22 322.18389417 120.23082195 109.25474050
     6     5    13    16    11    22 205.99074840 120.23082195 110.27134128
     5    13    14    17    14     1  61.36946356 111.74672003 111.95015707
     5    13    14    21    14     1 185.38852612 111.74672003 109.64932526
     5    13    14    22    14     1 304.65505220 111.74672003 109.76482064
    15    13    14    17    14     1 182.75365437 109.78230824 111.95015707
    15    13    14    21    14     1 306.77271693 109.78230824 109.64932526
    15    13    14    22    14     1  66.03924301 109.78230824 109.76482064
    16    13    14    17    14     1 298.84684388 109.56473777 111.95015707
    16    13    14    21    14     1  62.86590644 109.56473777 109.64932526
    16    13    14    22    14     1 182.13243252 109.56473777 109.76482064
    13    14    17    18    17    22  62.01931522 111.95015707 120.38311319
    13    14    17    19    17    22 246.74193191 111.95015707 120.27740726
    21    14    17    18    17    22 298.92032997 111.28457918 120.38311319
    21    14    17    19    17    22 123.64294665 111.28457918 120.27740726
    22    14    17    18    17    22 181.32160472 105.42568567 120.38311319
    22    14    17    19    17    22   6.04422140 105.42568567 120.27740726
    13    14    21    23    18     1 298.18947669 109.64932526 109.95218636
    13    14    21    24    18     1  56.91824822 109.64932526 110.33066973
    17    14    21    23    18     1  62.59645521 111.28457918 109.95218636
    17    14    21    24    18     1 181.32522674 111.28457918 110.33066973
    22    14    21    23    18     1 178.23187828 108.63700155 109.95218636
    22    14    21    24    18     1 296.96064981 108.63700155 110.33066973
    14    17    19    20    21     3  78.81722501 120.27740726 109.10651850
    18    17    19    20    21     3 263.48299985 119.17337492 109.10651850
inversion
                     8
     1     2     4    11    11    11    11    0.458    0.454    0.460
     2     1     3     7    10    11    11   -0.538   -0.538   -0.538
     3     2     6    12    11    11    11   -0.391   -0.388   -0.393
     4     1     5    10    11    11    11    0.536    0.532    0.538
     5     4     6    13    11    11    11    1.909    1.928    1.925
     6     3     5     9    11    11    11   -0.171   -0.169   -0.171
    17    14    18    19    10    10    11   -4.077   -4.073   -4.028
    21    14    23    24     9     9     9   55.313   55.515   54.255
nonbond
                   214
    1     6    5.125
    1     8    5.395
    1     9    7.179
    1    12    6.279
    1    13    7.079
    1    14    8.586
    1    15    8.434
    1    16    7.535
    1    17    8.222
    1    18    8.849
    1    19    8.342
    1    20    6.781
    1    21   11.194
    1    22    8.900
    1    23   11.532
    1    24   11.948
    2     5    5.142
    2     9    6.293
    2    10    6.294
    2    13    8.000
    2    14    9.447
    2    15    8.932
    2    16    8.964
    2    17    9.529
    2    18   10.689
    2    19    9.322
    2    20    7.622
    2    21   12.117
    2    22    9.224
    2    23   12.797
    2    24   12.600
    3     4    5.125
    3     8    5.407
    3    10    7.181
    3    11    6.279
    3    13    7.076
    3    14    8.461
    3    15    7.549
    3    16    8.503
    3    17    9.220
    3    18   10.836
    3    19    9.141
    3    20    7.660
    3    21   11.002
    3    22    7.866
    3    23   11.964
    3    24   11.170
    4     7    6.842
    4     8    7.697
    4     9    6.318
    4    12    7.175
    4    14    6.373
    4    15    6.293
    4    16    5.002
    4    17    6.219
    4    18    6.749
    4    19    7.011
    4    20    5.888
    4    21    8.830
    4    22    7.090
    4    23    9.029
    4    24    9.629
    5     7    7.771
    5     8    8.638
    5    11    6.321
    5    12    6.320
    5    17    5.741
    5    18    6.984
    5    19    6.785
    5    20    5.960
    5    21    7.210
    5    22    5.199
    5    23    7.787
    5    24    7.643
    6     7    6.842
    6     8    7.707
    6    10    6.320
    6    11    7.175
    6    14    6.201
    6    15    5.041
    6    16    6.372
    6    17    7.491
    6    18    9.207
    6    19    7.944
    6    20    6.882
    6    21    8.583
    6    22    5.730
    6    23    9.574
    6    24    8.639
    7     9    8.484
    7    10    8.485
    7    11    4.897
    7    12    4.896
    7    13   10.629
    7    14   11.981
    7    15   11.512
    7    16   11.544
    7    17   11.865
    7    18   12.967
    7    19   11.322
    7    20    9.489
    7    21   14.688
    7    22   11.625
    7    23   15.391
    7    24   15.181
    8     9    9.277
    8    10    9.265
    8    11    5.616
    8    12    5.635
    8    13   11.459
    8    14   13.156
    8    15   12.153
    8    16   12.224
    8    17   13.230
    8    18   14.185
    8    19   12.938
    8    20   11.153
    8    21   15.774
    8    22   12.919
    8    23   16.375
    8    24   16.136
    9    10    8.033
    9    11    9.229
    9    12    4.617
    9    13    5.103
    9    14    6.268
    9    15    4.706
    9    16    7.020
    9    17    8.151
    9    18   10.120
    9    19    8.675
    9    20    7.912
    9    21    8.251
    9    22    5.392
    9    23    9.503
    9    24    7.903
   10    11    4.615
   10    12    9.231
   10    13    5.112
   10    14    6.569
   10    15    6.917
   10    16    4.598
   10    17    5.903
   10    18    5.610
   10    19    7.065
   10    20    6.288
   10    21    8.707
   10    22    7.780
   10    23    8.483
   10    24    9.752
   11    12    7.952
   11    13    8.731
   11    14   10.133
   11    15   10.219
   11    16    8.849
   11    17    9.325
   11    18    9.520
   11    19    9.316
   11    20    7.744
   11    21   12.685
   11    22   10.605
   11    23   12.830
   11    24   13.601
   12    13    8.727
   12    14    9.944
   12    15    8.889
   12    16   10.305
   12    17   10.876
   12    18   12.685
   12    19   10.579
   12    20    9.101
   12    21   12.382
   12    22    9.021
   12    23   13.521
   12    24   12.358
   13    18    5.898
   13    19    6.735
   13    20    6.716
   13    23    5.095
   13    24    5.029
   14    20    5.457
   15    17    6.615
   15    18    7.798
   15    19    8.475
   15    20    8.491
   15    21    5.047
   15    22    4.854
   15    23    5.639
   15    24    4.549
   16    17    5.298
   16    18    5.384
   16    19    7.598
   16    20    7.711
   16    21    5.187
   16    22    5.881
   16    23    4.769
   16    24    5.754
   17    23    5.134
   17    24    6.400
   18    20    5.475
   18    21    5.778
   18    22    6.416
   18    23    5.272
   18    24    7.616
   19    21    6.748
   19    22    4.771
   19    23    7.563
   19    24    8.346
   20    21    7.890
   20    22    5.258
   20    23    8.727
   20    24    9.291
   22    23    5.656
   22    24    4.610
qpartial
                    24
        -0.05568    0.24731   -0.08227   -0.11554    0.00935   -0.12474
        -0.68409    0.35355    0.12874    0.11749    0.16045    0.14209
        -0.28394   -0.03178    0.12813    0.16801    0.59211   -0.43011
        -0.66656    0.32604   -0.59343    0.19570    0.25608    0.24311
$end
